8.899641224696953554e-03	2.091276198022965764e+04	3.343790385349495864e+02	-3.139616295129006539e+04
1.507912216506557788e-02	3.345140455470635789e+04	2.153116735338886792e+04	1.876367069841406192e+04
2.144790186456836667e-02	2.008748197451769738e+04	1.758639639666563380e+04	-9.717664486843281111e+02
2.783660776489276650e-02	1.414939789020832904e+04	1.676299372913273692e+04	6.806822203206702397e+03
3.435099785803411021e-02	1.105986271592478806e+04	7.205681982077758221e+03	6.378740933356947380e+02
4.047886761425745911e-02	8.315717167497683477e+03	4.031707991091826443e+03	4.531563699557429572e+03
4.676716683575679601e-02	9.177747325183276189e+03	4.399156579225410496e+03	-1.440595387965385726e+03
5.308225101765951665e-02	8.685503787619270952e+03	9.737205671183246523e+03	3.600163378937760172e+03
5.945362440940590160e-02	7.176007100233476194e+03	6.297441997493046074e+03	2.388147926441862694e+02
6.576224814588792211e-02	6.187523454473478523e+03	5.887071917904016118e+03	1.324023036874704530e+03
7.196632906698736953e-02	4.376689689095627728e+03	3.589904350958015584e+03	-1.119454865346831127e+02
7.827860915688347743e-02	3.529973048502106849e+03	2.639728416076011399e+03	1.380033723069499274e+02
8.470398945834539672e-02	3.304318150018811139e+03	2.803824270744261867e+03	7.797245994240279288e+02
9.096854620527369817e-02	3.081010031532431640e+03	2.277912158298132454e+03	3.747347474102424769e+01
9.720789776830213169e-02	3.030361185002413094e+03	2.307946515617010846e+03	-4.698459163360844855e+02
1.034763038959366499e-01	2.876841758088899951e+03	2.132738838566724553e+03	3.960260124829820825e+02
1.097576444254559219e-01	2.630908110416017735e+03	2.028430097392509651e+03	-1.670388317985579647e+02
1.160543084780093354e-01	2.081008445342783034e+03	1.507213840942198885e+03	1.772923584561359860e+02
1.223669666537485351e-01	1.888785966082396499e+03	1.615898348237011987e+03	3.736787725751838707e+02
1.286817263090294094e-01	1.625124977189832407e+03	1.283900508334197866e+03	5.632693263010324358e+01
1.349500801664080818e-01	1.604198806912864256e+03	1.310501232023246303e+03	1.918302192107056214e+02
1.411949558842147678e-01	1.508496120870614504e+03	1.196420039748369391e+03	1.047953060838606945e+02
1.475133575747468451e-01	1.462260440178254839e+03	1.102858057527662822e+03	9.232475467830089144e+01
1.537865074252268427e-01	1.318131532533129302e+03	1.049682833929497519e+03	1.404747671647924676e+02
1.600657544051110326e-01	1.233331730217609675e+03	9.604157074938649430e+02	2.614873257556924386e+02
1.663991168687080635e-01	1.164858670522979992e+03	1.000255299062755512e+03	3.350861431203334746e+02
1.727195645776442856e-01	1.030282488537672634e+03	7.965878437467857793e+02	4.359400166749494332e+01
1.789765213377084718e-01	9.992750799911541435e+02	8.136740049015938894e+02	2.121296815591078087e+02
1.852353690647852158e-01	9.160280568626827744e+02	6.750056924587556750e+02	6.890172202007669000e+01
1.914806787341157279e-01	8.829147674937120200e+02	7.114449694400951785e+02	1.669125448642263336e+02
1.977889868651535599e-01	8.502085059554691497e+02	6.213421355864653606e+02	1.647706547020187031e+02
2.040937735447724277e-01	8.079364221137806226e+02	6.170209903832412692e+02	1.574041636219156999e+02
2.103939302609846018e-01	7.674409425596526262e+02	5.860603668689161623e+02	1.011447534481782640e+02
2.166909709822301688e-01	7.177328294739628518e+02	5.294051652405455570e+02	5.996947334220653403e+01
2.229700281216152047e-01	6.785499892239017754e+02	5.132744114844106207e+02	8.511677261143162809e+01
2.292620027086341994e-01	6.261499754162916815e+02	4.586812012662300049e+02	8.183487660861322865e+01
2.355141508366812297e-01	6.245795758413014482e+02	4.804068843191047335e+02	1.163241098140744612e+02
2.417910583817859116e-01	5.859480455445341249e+02	4.352478497383345371e+02	6.667054183988727800e+01
2.480856539439619257e-01	5.558524882361824666e+02	4.192925511456023742e+02	1.060197651962068477e+02
2.543492256872954549e-01	5.385510039090202099e+02	3.980637842852704011e+02	7.244077258824164289e+01
2.606334251884805386e-01	5.004938977765171444e+02	3.768824470413742347e+02	9.754530065197634769e+01
2.669257370896960802e-01	4.837545337033242276e+02	3.462471954471476465e+02	5.205793367330383603e+01
2.732423343141155980e-01	4.542373760663473945e+02	3.092420932643726701e+02	5.010063509267911996e+01
2.795529680084415936e-01	4.393446142930387168e+02	3.132080363815935584e+02	7.911810720326053570e+01
2.858366292314493129e-01	4.197770031163161093e+02	3.045908337902555445e+02	6.774451674272283697e+01
2.920876271394311496e-01	4.049404559874286065e+02	2.736356915432497772e+02	6.624455828852806860e+01
2.983449844439822751e-01	3.933973611492933173e+02	2.625781288837386001e+02	4.305718334729677821e+01
3.046382639407197446e-01	3.749944681915731053e+02	2.600619334689380935e+02	5.351875693949670421e+01
3.109279127003197196e-01	3.576378868626147778e+02	2.468751300784537364e+02	4.366062928091746187e+01
3.172168171618398036e-01	3.410563903902763627e+02	2.351012941196437680e+02	6.277442979502378506e+01
3.235187567944423082e-01	3.338618747170256711e+02	2.259014571133805021e+02	5.402117372105492166e+01
3.298168217550395687e-01	3.248077347557120333e+02	2.171548205417280144e+02	6.721618026915641053e+01
3.361176429457156667e-01	3.053413367207550095e+02	1.939458811984284807e+02	4.016860727265977005e+01
3.423700375709273769e-01	2.982810526276156224e+02	1.972994542796847384e+02	6.137120742572547982e+01
3.486478192666269682e-01	2.850889325303961073e+02	1.870529874344971404e+02	5.046224100951078384e+01
3.549411614411318028e-01	2.769899391930405272e+02	1.737580938490277731e+02	4.860521240636868612e+01
3.611916935421040642e-01	2.688678227173467121e+02	1.696907247854167053e+02	5.705113111257113445e+01
3.674767089563572564e-01	2.562111307556270390e+02	1.590109306586438151e+02	3.958420410650952448e+01
3.737647795277591056e-01	2.495864573004727163e+02	1.541229943413858336e+02	5.193226235899334142e+01
3.800654031475132477e-01	2.431284873332290033e+02	1.474631264856395774e+02	5.727231810305612925e+01
3.863539861259823738e-01	2.319505497805051561e+02	1.499802717141622566e+02	5.853184040487762019e+01
3.926140181364449755e-01	2.279920103510454226e+02	1.414796564018926119e+02	5.297432658148542828e+01
3.989264500321934581e-01	2.194866372390604852e+02	1.365103141481185105e+02	4.725389230460836387e+01
4.052073244576828714e-01	2.106302194013305780e+02	1.277547395821352723e+02	5.175236248274148920e+01
4.114916477570477182e-01	2.053952237769039755e+02	1.135478272493911760e+02	3.605763475477237279e+01
4.177814272116491257e-01	1.981341672757457957e+02	1.155589617923995434e+02	5.319221317236109314e+01
4.240400648725131116e-01	1.917868098738519791e+02	1.083552982299462144e+02	3.843260781052810415e+01
4.303425690270192283e-01	1.877105510859780395e+02	1.073613060025032269e+02	3.934421675341141622e+01
4.366358560255625965e-01	1.806477401241245389e+02	9.683969365811665853e+01	4.130705274339663902e+01
4.428996183220763605e-01	1.757011706194676037e+02	9.381296771725924089e+01	3.189691018004651113e+01
4.491634418529859563e-01	1.712136913881326450e+02	9.246247379390752030e+01	4.108832117626091929e+01
4.554414146254732731e-01	1.651349159972018299e+02	8.597454663861000768e+01	4.271992115568663451e+01
4.617634470301058558e-01	1.627836167516682906e+02	8.547226598949009713e+01	4.606533431504458775e+01
4.680644242023710433e-01	1.558779184680816456e+02	7.979881210703780425e+01	4.414189854441635674e+01
4.743485242764365895e-01	1.512308498150568710e+02	7.423285251790923667e+01	3.485926378994502528e+01
4.806356136815400082e-01	1.480069734501622349e+02	6.957586751787322044e+01	3.690350005360358665e+01
4.869019258388697646e-01	1.424323454218888969e+02	6.769366672754389924e+01	3.893329713845528062e+01
4.931697099599955947e-01	1.391883039550775720e+02	6.378832515196661745e+01	2.930436756935574039e+01
4.994506747144535908e-01	1.362223129198176821e+02	6.128016752459588190e+01	3.720030046556814085e+01
5.057159051335421429e-01	1.338839666518075546e+02	6.545061166942589637e+01	3.799057902248436136e+01
5.119923996268095356e-01	1.284653093919149853e+02	5.460963157100567855e+01	3.243028163055791424e+01
5.183126097768406826e-01	1.262880825073356590e+02	5.738955164527150998e+01	3.566569132330139524e+01
5.246089638029100000e-01	1.222470440447084030e+02	5.307026190143582056e+01	3.226016034157201773e+01
5.308757308483337267e-01	1.189811666666531380e+02	4.779436439620823052e+01	3.184990489998165231e+01
5.371573527946726934e-01	1.174802027653982464e+02	4.863047752006470859e+01	3.698561142375474731e+01
5.434579563783791256e-01	1.128650106218636893e+02	4.518608814235828675e+01	3.171954791737639212e+01
5.497430652392217842e-01	1.110602047956052445e+02	4.543761944116716478e+01	3.211778236454058799e+01
5.559937427501778773e-01	1.070890260537085936e+02	4.358247294366334046e+01	3.073645045928686415e+01
5.622854676609657654e-01	1.051749854732246092e+02	3.973756566441553417e+01	3.017430904600804098e+01
5.686011537227265711e-01	1.025933563039810821e+02	3.833544166678674969e+01	3.062461884930025136e+01
5.748804589422079614e-01	9.939711673363483158e+01	3.464676080457645924e+01	3.231603996936531331e+01
5.811550210340560296e-01	9.780180918147964064e+01	3.477962243330966174e+01	3.195355587411634701e+01
5.874394496660968468e-01	9.462747256264464113e+01	3.158770380615806772e+01	2.872280252563433223e+01
5.937176220296899176e-01	9.343152191526588979e+01	3.115239838684399842e+01	2.949940766065138575e+01
5.999971954793682505e-01	9.046879203304300177e+01	2.943038392871571673e+01	2.765533218529317239e+01
6.062679115124277596e-01	8.953597190926851113e+01	2.909165461493408955e+01	2.919412311007889471e+01
6.125469576444534381e-01	8.681312064752044932e+01	2.830211422474607730e+01	3.007974224714618572e+01
6.188477733041515272e-01	8.493201451291280080e+01	2.528263235436870460e+01	3.025745586827090250e+01
6.251310567437898813e-01	8.318833213318933417e+01	2.588414782045938978e+01	2.866988548683631421e+01
6.314027450383210560e-01	8.092291958466920221e+01	2.261523736918010030e+01	2.712115673501587310e+01
6.377003562732055375e-01	7.905896847796060456e+01	2.219280002171268151e+01	2.780583887757295969e+01
6.439857783314556494e-01	7.844649282713616856e+01	2.240162692078899909e+01	2.662653865042613432e+01
6.502685417166111925e-01	7.612496627154111195e+01	1.969224490868876742e+01	2.816019229360565745e+01
6.565586117699038216e-01	7.426265263423239560e+01	1.863639572552702717e+01	2.485615868728314837e+01
6.628369282359254377e-01	7.266117043407717802e+01	1.693633377895280390e+01	2.538045287467602762e+01
6.691185444962194362e-01	7.104368408082065400e+01	1.631676449188890032e+01	2.442503204452563637e+01
6.754070198575605755e-01	6.999832920057954766e+01	1.637837398856166615e+01	2.673755346976547642e+01
6.816835514593204692e-01	6.853882915888526384e+01	1.556889735831149935e+01	2.526385577477893563e+01
6.879592533861698112e-01	6.675443294712205500e+01	1.382053165825387175e+01	2.490786399873704582e+01
6.942344317039531587e-01	6.531755622309071896e+01	1.270392681176004501e+01	2.430342963255182909e+01
7.005175402434737908e-01	6.444115897723189335e+01	1.235766132278289220e+01	2.531052407557918116e+01
7.068124956608716758e-01	6.299140109946465316e+01	1.220323760409162794e+01	2.491783025366529714e+01
7.131019009674921527e-01	6.171037100997439495e+01	1.088893618114251538e+01	2.480355356727224247e+01
7.193918251171427247e-01	6.042634842553310648e+01	1.085152947067498452e+01	2.346483839910293767e+01
7.256833807598113140e-01	5.916625926341263408e+01	9.155110968374454927e+00	2.436312130471469217e+01
7.319652682709349989e-01	5.774428480960854415e+01	9.371289224845110510e+00	2.182338158769048420e+01
7.382507990484923344e-01	5.715226715950381475e+01	8.697752946025659071e+00	2.437166889763114952e+01
7.445265842115937893e-01	5.573136059264940201e+01	5.781461006455316465e+00	2.361588194289405607e+01
7.507871101942712455e-01	5.478052417063965862e+01	6.971467827701009590e+00	2.360858724161063193e+01
7.570758465316046459e-01	5.359358460282157210e+01	6.275192241605521026e+00	2.081803757617116091e+01
7.633641233600957365e-01	5.280553988060964343e+01	6.063608422232483974e+00	2.269067232947998392e+01
7.696462959862266917e-01	5.155973625312020658e+01	5.745414970279728806e+00	2.183685554904734971e+01
7.759394865175414102e-01	5.059243150621656326e+01	3.706636534375325809e+00	2.131987684529484639e+01
7.822329141989586843e-01	4.973073103797424466e+01	4.305485834558123948e+00	2.195428417121243925e+01
7.885314936520240181e-01	4.905445004737946846e+01	4.320150458018803263e+00	2.126229783131482876e+01
7.947896566979522071e-01	4.799460935260597694e+01	3.549913375524957893e+00	2.119896094575954137e+01
8.010491096592354809e-01	4.686296647268574844e+01	3.402562587256452442e+00	2.080064455556696856e+01
8.073364061727361651e-01	4.613971009982365246e+01	2.206929858227767216e+00	2.130076573500338100e+01
8.136229488373866170e-01	4.540701457232639626e+01	2.422215637156448942e+00	2.003251782842666273e+01
8.199152998961036776e-01	4.481448032033392792e+01	1.534525831961578657e+00	2.162026347163356732e+01
8.261952636392789762e-01	4.349765709461910035e+01	1.265687403552448798e+00	2.007110612058192700e+01
8.324897070080405914e-01	4.291306014777760680e+01	1.038722189647206529e+00	2.060408827871092541e+01
8.387959309210778480e-01	4.239766907151235387e+01	6.865419260851026717e-01	2.082838641370646471e+01
8.450634639703045181e-01	4.157912903218431921e+01	4.070012155946166055e-01	2.023792864146414416e+01
8.513282867562648182e-01	4.069946358860077140e+01	2.484195095753611027e-01	1.977138319652844345e+01
8.576198263902009566e-01	4.016339471991462062e+01	4.347398981713894717e-01	2.004457887925929782e+01
8.639058477062415697e-01	3.932535785954580376e+01	-4.488878296555930958e-01	2.025811859538222848e+01
8.701838745487597837e-01	3.887724578215125604e+01	-1.305273215710476720e+00	1.992285413647731929e+01
8.764641096075268534e-01	3.823231786578591596e+01	-1.117129333092721222e+00	1.987783076419999162e+01
8.827503873399735745e-01	3.769196408122355990e+01	-1.102554354964045080e+00	1.963568626959829189e+01
8.890332768393869323e-01	3.688488544905614930e+01	-1.826578846987929383e+00	1.882569021602886394e+01
8.953084247113127780e-01	3.646440843799592813e+01	-2.217664593995598121e+00	1.909618180543100507e+01
9.015956521667095602e-01	3.577369613573933549e+01	-1.691760302770333846e+00	1.839515251654491834e+01
9.078833328094829680e-01	3.518694367054823147e+01	-1.972494216884359552e+00	1.849564505289527361e+01
9.141744106319863450e-01	3.459644907067052344e+01	-2.337806049685656973e+00	1.864697676968761542e+01
9.204630817717615043e-01	3.396796520691851384e+01	-2.200168359485981551e+00	1.878846018313931765e+01
9.267434415264711456e-01	3.355491536372144168e+01	-2.844262125658376661e+00	1.833631813146909550e+01
9.330324197354928906e-01	3.304202222134679090e+01	-2.948609432430869148e+00	1.847921894242709584e+01
9.393265785573878812e-01	3.259393675661628720e+01	-3.075574673043055096e+00	1.840526531987018899e+01
9.455974810398196650e-01	3.193935322534013466e+01	-3.453193412094351711e+00	1.739410954762078632e+01
9.518660018545171964e-01	3.145296581995954099e+01	-3.522934734980910587e+00	1.778695863088079321e+01
9.581413255531838757e-01	3.108110121377446688e+01	-3.574273236027922795e+00	1.778682253202991603e+01
9.644350945109106954e-01	3.055804751269903718e+01	-3.678593701797800097e+00	1.759995085651985036e+01
9.707355633568249820e-01	3.019646222746618136e+01	-3.885507212676891253e+00	1.776167526743953928e+01
9.770080768450029041e-01	2.960363411966783076e+01	-3.756728906907742971e+00	1.701593120069259513e+01
9.832823325363413414e-01	2.940768893451889809e+01	-4.178183980712974588e+00	1.775335689068299772e+01
9.895569691966674686e-01	2.892639811220696089e+01	-4.338293177590685445e+00	1.732780860668140477e+01
9.958456301921106979e-01	2.837924938165443933e+01	-4.356199701719440043e+00	1.702981074828439034e+01
1.002136210743837408e+00	2.783301733073672679e+01	-4.499297211571650301e+00	1.661578162468959619e+01
1.008404825335135424e+00	2.769728836250089898e+01	-4.513212767465355491e+00	1.670174631003570553e+01
1.014694149836243398e+00	2.721724766426259734e+01	-4.656359532604095186e+00	1.684843879471253913e+01
1.020992555437297167e+00	2.679413356232018373e+01	-4.613250932870929688e+00	1.647824724147937303e+01
1.027273980437394485e+00	2.642434226622335203e+01	-4.679236594933827043e+00	1.627854547697083021e+01
1.033559181896017254e+00	2.601047726772553759e+01	-4.586898062390114106e+00	1.612663723233388069e+01
1.039847557392594934e+00	2.583207770151135563e+01	-4.844489555490621768e+00	1.641078121776675047e+01
1.046126974943305088e+00	2.537423588893967619e+01	-4.962198564416168800e+00	1.642197029443668654e+01
1.052403436811028659e+00	2.503695141196622131e+01	-5.024247120264069721e+00	1.610440267602976405e+01
1.058680704651608684e+00	2.458953067741186871e+01	-5.002618798917114695e+00	1.589369131440935057e+01
1.064964333065789193e+00	2.430288899712107664e+01	-5.167349615412534014e+00	1.590682036439914349e+01
1.071256777440835473e+00	2.396291959956292317e+01	-5.092478250512425753e+00	1.610159610831608390e+01
1.077544048801078125e+00	2.378506197277540224e+01	-5.148547650621430272e+00	1.585683348411403237e+01
1.083824820188043603e+00	2.354189710654129186e+01	-5.143037658162019632e+00	1.592459327572620253e+01
1.090108023942816695e+00	2.300533936490155540e+01	-5.296562657129415541e+00	1.554474363723976360e+01
1.096389665956643222e+00	2.279338553774689302e+01	-5.294284882619110455e+00	1.564408611670450533e+01
1.102681132058841440e+00	2.252748753510084256e+01	-5.440791496193071453e+00	1.554247538345806312e+01
1.108963047594879958e+00	2.220467801348409509e+01	-5.265830861578330691e+00	1.537383278605353176e+01
1.115225428463759272e+00	2.198984408746190056e+01	-5.194338522247447187e+00	1.561687637812129736e+01
1.121502127614767863e+00	2.162844653225370806e+01	-5.141416066032409304e+00	1.516365078346466255e+01
1.127792573824792033e+00	2.144971427514264306e+01	-5.347065276637630760e+00	1.514098830546726049e+01
1.134089552668382961e+00	2.109925402596298483e+01	-5.554621378191264114e+00	1.505180682843963424e+01
1.140364049650405942e+00	2.090120307959610813e+01	-5.656187097478475145e+00	1.495719409507484166e+01
1.146639180320979445e+00	2.064917781355208959e+01	-5.398646808218235726e+00	1.509803694747522762e+01
1.152942412991649901e+00	2.033474133221272595e+01	-5.497602370397224547e+00	1.507984575546808337e+01
1.159228906751078814e+00	2.008246017614380818e+01	-5.469018211711737187e+00	1.463376128283786137e+01
1.165508721887268173e+00	1.982969495037944085e+01	-5.484429474941950211e+00	1.477681809079831154e+01
1.171793076256210320e+00	1.971746230317168269e+01	-5.367344769989009556e+00	1.495157654602518882e+01
1.178087436369658958e+00	1.942854631775631447e+01	-5.550067085304110748e+00	1.474127939300633194e+01
1.184367654251526902e+00	1.916840328797631443e+01	-5.235249520219179331e+00	1.464466097416479506e+01
1.190634642299266632e+00	1.897793635548363511e+01	-5.444903362834543792e+00	1.491426342438286667e+01
1.196912208834400859e+00	1.883510044411202244e+01	-5.356126020258103360e+00	1.431550906146842017e+01
1.203201577354146234e+00	1.855741010471593455e+01	-5.341620067148647344e+00	1.434227892018036421e+01
1.209486844441705733e+00	1.843883403556177214e+01	-5.389906469252068177e+00	1.460205877632326654e+01
1.215763902074809888e+00	1.823831204471401080e+01	-5.431367304750176039e+00	1.470824005615298802e+01
1.222049755171146668e+00	1.794073060357012750e+01	-5.226706353507279523e+00	1.427363573639646788e+01
1.228340616621486969e+00	1.783543028664827190e+01	-5.493371517666728820e+00	1.447721466918040534e+01
1.234632986576932767e+00	1.758803023061825854e+01	-5.372119052800709227e+00	1.407661229524752855e+01
1.240902247176856488e+00	1.740079015759208048e+01	-5.212565561148633009e+00	1.442049419517544884e+01
1.247174839144687519e+00	1.724221114248582865e+01	-5.318918450388153474e+00	1.436433086159740746e+01
1.253465459933442272e+00	1.704385618235174249e+01	-5.166467116293327777e+00	1.408715915021071474e+01
1.259749951892178421e+00	1.684358731586390334e+01	-5.276293345812312907e+00	1.412351440481128151e+01
1.266032143127253873e+00	1.666748780469542623e+01	-5.130605087510905271e+00	1.404350260976632470e+01
1.272316288472006507e+00	1.652093011486268281e+01	-5.116967616618453896e+00	1.415892709643455660e+01
1.278604155058621350e+00	1.641149763854155097e+01	-5.072239538356522637e+00	1.412576974639761929e+01
1.284886588933593865e+00	1.623874021552080293e+01	-5.131119916784748547e+00	1.430171880428763309e+01
1.291175420066583257e+00	1.605024375452984486e+01	-4.778020771967403491e+00	1.413226734782815441e+01
1.297465726373772332e+00	1.595804558790014838e+01	-5.033085773867079560e+00	1.411836746369119489e+01
1.303741827011944299e+00	1.571150313455745007e+01	-4.813509092256842870e+00	1.384449014590577676e+01
1.310017322922761851e+00	1.558669154967346770e+01	-4.854143061681842397e+00	1.402560485123347078e+01
1.316301447662886703e+00	1.542899119837238864e+01	-4.811526791117567647e+00	1.371155602861863088e+01
1.322586760363303249e+00	1.538342979974615155e+01	-4.743210069171635013e+00	1.387867134161326632e+01
1.328865492452874664e+00	1.512902739452278489e+01	-4.769385115262044117e+00	1.387532533493416942e+01
1.335144804954555564e+00	1.498912517408334644e+01	-4.533362190113823686e+00	1.382978775241230984e+01
1.341440516272275119e+00	1.488124598067717486e+01	-4.798192143908714513e+00	1.373207435186058589e+01
1.347730868417094552e+00	1.476573847441674125e+01	-4.660984782709011398e+00	1.364277115894233283e+01
1.354001589994877630e+00	1.461705890453823464e+01	-4.641255258262931171e+00	1.375966145011727448e+01
1.360282609297778444e+00	1.449392825577680988e+01	-4.436122050449056609e+00	1.361511248433088106e+01
1.366565686457597906e+00	1.437185693226857808e+01	-4.517256090466029050e+00	1.361732764393496709e+01
1.372851498482432708e+00	1.426829849213885915e+01	-4.530242764197498495e+00	1.363376311295427001e+01
1.379135372929401804e+00	1.417483684606663985e+01	-4.344097519372363436e+00	1.374749379775815861e+01
1.385409567149057164e+00	1.403095728322093017e+01	-4.412224902601558973e+00	1.370660036551817740e+01
1.391698641219299315e+00	1.392361569637605889e+01	-4.317287198187462316e+00	1.355996614353668761e+01
1.397984451439470810e+00	1.381892060096776653e+01	-4.450691045709319837e+00	1.361515184765911535e+01
1.404267883409181961e+00	1.367531481950856076e+01	-4.323927217232436782e+00	1.365264583329313197e+01
1.410554779484869181e+00	1.358017352517180854e+01	-4.286388236409988117e+00	1.375395231995993406e+01
1.416837833547465397e+00	1.350925818573911208e+01	-4.131090536331958774e+00	1.370323203996978201e+01
1.423118177187137068e+00	1.336500963964793876e+01	-4.054442714342864740e+00	1.358376938269200629e+01
1.429397801164240089e+00	1.327931107028514113e+01	-3.934138027456736797e+00	1.365513164455083661e+01
1.435686921822787232e+00	1.320895544062698868e+01	-4.052295801085397109e+00	1.352965267039173725e+01
1.441977121769299597e+00	1.306724579255804564e+01	-3.932844335469336094e+00	1.351894884165075794e+01
1.448253667853332427e+00	1.302698690949257987e+01	-4.031656056700889224e+00	1.355845685487536834e+01
1.454532348972172651e+00	1.283143194945778198e+01	-3.907293723542087260e+00	1.332433727274504598e+01
1.460819319151879903e+00	1.279462139332723680e+01	-3.797545496518573316e+00	1.353564968917981659e+01
1.467110364402026468e+00	1.271737644345579632e+01	-3.847711699591020995e+00	1.343147696396196800e+01
1.473392908948962132e+00	1.265330420411652135e+01	-3.858647046706341399e+00	1.364749278114143038e+01
1.479669965243598950e+00	1.255588672724028498e+01	-3.747271902764994334e+00	1.342747700174447445e+01
1.485956144602843532e+00	1.244512278419905194e+01	-3.586524380209770602e+00	1.338298674808321032e+01
1.492233610763115115e+00	1.241617564181549049e+01	-3.591433417480562884e+00	1.349443456192047464e+01
1.498502470379980078e+00	1.228156113267961480e+01	-3.560775721817201589e+00	1.334416032176318900e+01
1.504785752051182701e+00	1.222350211543333565e+01	-3.657478117155615660e+00	1.334080071745096241e+01
1.511075991894575976e+00	1.212635320559064844e+01	-3.554196739124414250e+00	1.332548574408464148e+01
1.517361634985162189e+00	1.208317805617882001e+01	-3.497882893000949345e+00	1.352683264252117645e+01
1.523648570969130533e+00	1.204815581707600458e+01	-3.451951522625434254e+00	1.362156833750310270e+01
1.529938035715892264e+00	1.193665207630787073e+01	-3.414920580467371014e+00	1.345420621748270840e+01
1.536230176913891965e+00	1.185947043695485625e+01	-3.308041674832278289e+00	1.344533247561297529e+01
1.542510718779388279e+00	1.181429529224021735e+01	-3.398106357796859545e+00	1.344280722833238784e+01
1.548783963082980275e+00	1.173705661502430431e+01	-3.355801508681950818e+00	1.341151784537959024e+01
1.555073069779651318e+00	1.166541674918389404e+01	-3.308291096837754797e+00	1.352626318073313705e+01
1.561357324927233892e+00	1.164222787240239221e+01	-3.329891343618286204e+00	1.357063321673869538e+01
1.567629121053141006e+00	1.153052809963748970e+01	-3.090680527380627929e+00	1.340271559091586973e+01
1.573913697404382583e+00	1.146665545522149543e+01	-3.068498618497824015e+00	1.352659249504025318e+01
1.580203545230874029e+00	1.140567032185551710e+01	-3.126930833393561926e+00	1.335146731311257540e+01
1.586485393434537983e+00	1.136037443335031938e+01	-3.054611075089938677e+00	1.347590827441988282e+01
1.592760014263005841e+00	1.127987672783201489e+01	-3.010034484279137779e+00	1.344110399422574176e+01
1.599046436394670812e+00	1.126355848406293703e+01	-3.033627818388993092e+00	1.341350322192463729e+01
1.605342136637478934e+00	1.120251222074231912e+01	-3.077050765155285195e+00	1.352592134310324390e+01
1.611619860919608627e+00	1.111576089879491747e+01	-2.949155813447025487e+00	1.329190231071894779e+01
1.617897597081673799e+00	1.109117736086392902e+01	-2.871203371463853404e+00	1.339326733811679482e+01
1.624183235481122756e+00	1.105054942397140394e+01	-2.957101165651845776e+00	1.335123124473477141e+01
1.630464598531913722e+00	1.101146584116624894e+01	-2.951686410459529064e+00	1.340845828527047701e+01
1.636748985747638274e+00	1.096168107514351675e+01	-2.907184617236821644e+00	1.343345998072945413e+01
1.643030923698886259e+00	1.087625295993135843e+01	-2.847577984498243620e+00	1.332482473886434704e+01
1.649309176648513064e+00	1.084477397783329522e+01	-2.807647902362657266e+00	1.350751255983319332e+01
1.655593633940351861e+00	1.080050491637382493e+01	-2.767616793979435830e+00	1.335705504601912530e+01
1.661879571405086464e+00	1.078068178755661322e+01	-2.740334889712211730e+00	1.349967713472664421e+01
1.668169361685170271e+00	1.070761776456208914e+01	-2.736763898131750139e+00	1.336966498506690826e+01
1.674450151530487485e+00	1.072094606979697140e+01	-2.783938834663245210e+00	1.348853347871287589e+01
1.680722718978495900e+00	1.066013349788135933e+01	-2.684486737643115628e+00	1.340968895923908200e+01
1.687013891340952476e+00	1.062635308591199745e+01	-2.726916971768523545e+00	1.344942211261349740e+01
1.693308984907921033e+00	1.059107004328828516e+01	-2.664028530491703073e+00	1.338118306920489786e+01
1.699582147428448486e+00	1.055437511040043042e+01	-2.666481994165393665e+00	1.344363860998641336e+01
1.705863747055134105e+00	1.051603576791428551e+01	-2.613898932288934773e+00	1.348657266305653302e+01
1.712154434283889470e+00	1.049478866991098158e+01	-2.689836628287847642e+00	1.352974988339481044e+01
1.718438381579399321e+00	1.044245764019368927e+01	-2.647748305330381413e+00	1.345094749008359969e+01
1.724721264464063930e+00	1.038879496913019373e+01	-2.701947091195935347e+00	1.340434833624165023e+01
1.730997441276920679e+00	1.038852520746711861e+01	-2.582877185145043608e+00	1.353377201368480520e+01
1.737287073528269499e+00	1.032560565207011472e+01	-2.491903208886824483e+00	1.334524564906661581e+01
1.743567991878527401e+00	1.031359932506802934e+01	-2.642488770903250739e+00	1.341521833930949548e+01
1.749840680212231048e+00	1.030346024861902521e+01	-2.629836527337523489e+00	1.340273792271017861e+01
1.756128549091961144e+00	1.025525976805836059e+01	-2.525226816647821337e+00	1.338066571446992192e+01
1.762413535324792502e+00	1.019978665563747633e+01	-2.479432046398649447e+00	1.334775342556058852e+01
1.768696187669963837e+00	1.019249792271218702e+01	-2.652814780605682987e+00	1.332521243173989589e+01
1.774979359379055266e+00	1.016641302518621082e+01	-2.541239073726978326e+00	1.341380259891469606e+01
1.781265555576432957e+00	1.017823201176705972e+01	-2.574437824845512868e+00	1.343185590289977860e+01
1.787549427830244619e+00	1.017510541442934802e+01	-2.581481699058608470e+00	1.347718841315545291e+01
1.793834120011633004e+00	1.010314882375002554e+01	-2.546169647113697643e+00	1.325165806596155704e+01
1.800115051552487300e+00	1.009471004296858609e+01	-2.564183442166778182e+00	1.342394434685196991e+01
1.806393904854530330e+00	1.006898538920962594e+01	-2.550065251417851453e+00	1.329053790537112967e+01
1.812674089667083432e+00	1.004892426225479696e+01	-2.497583841280376138e+00	1.339344641050312390e+01
1.818956920109354058e+00	1.006405948955104890e+01	-2.672229368580787856e+00	1.347310425204270956e+01
1.825244164118212220e+00	1.001466817040287260e+01	-2.598844482539920175e+00	1.332191795263336331e+01
1.831527256642196955e+00	9.999964283601849857e+00	-2.598427268360165243e+00	1.332189551665702254e+01
1.837811294935716599e+00	9.994279757488634175e+00	-2.660127516969052586e+00	1.335470271985086477e+01
1.844100717411196744e+00	1.000164348479854048e+01	-2.580508468003462230e+00	1.347337338140747320e+01
1.850384816792487230e+00	9.952954931340009637e+00	-2.665718300119065631e+00	1.329212897520933012e+01
1.856666059735203822e+00	9.956337298917251388e+00	-2.706619370935210878e+00	1.342472901468031488e+01
1.862947728675613979e+00	9.948763461899760685e+00	-2.627391869326851648e+00	1.349308148112425343e+01
1.869229324466858078e+00	9.912676025850181816e+00	-2.648941189422178599e+00	1.334171364990607778e+01
1.875517616802973686e+00	9.891441218778160405e+00	-2.636211806997538432e+00	1.334833787876346811e+01
1.881800769033795229e+00	9.895436973954716109e+00	-2.683074032138114351e+00	1.321778689669649154e+01
1.888078863416442710e+00	9.873675190079021391e+00	-2.659481402620719859e+00	1.331793558044816450e+01
1.894353975182237582e+00	9.902245637220422836e+00	-2.785226213578547494e+00	1.339661420189245788e+01
1.900642716154182565e+00	9.893205211733929971e+00	-2.698986501870559440e+00	1.339966629389469510e+01
1.906933494748685121e+00	9.832858653903388202e+00	-2.749556088181742464e+00	1.325610445247527380e+01
1.913207568676573933e+00	9.844671860995473978e+00	-2.755138184842312210e+00	1.334969568004538942e+01
1.919490884732178992e+00	9.848798427836108260e+00	-2.740373107044320022e+00	1.340221034700166847e+01
1.925776855684274480e+00	9.793240971904905834e+00	-2.763630585566305697e+00	1.322461420240598429e+01
1.932064452961978152e+00	9.832565008241704874e+00	-2.804982575705288195e+00	1.328081377077091396e+01
1.938342610030488800e+00	9.832916019948916286e+00	-2.756304379589238351e+00	1.330403914811162203e+01
1.944618341543410178e+00	9.837927635051178399e+00	-2.916519658988711239e+00	1.329887282584427766e+01
1.950906260203513876e+00	9.829868597921958440e+00	-2.906949249698822957e+00	1.333303876860762927e+01
1.957194556613796488e+00	9.805717665549307682e+00	-3.018348050115908343e+00	1.320756933432743985e+01
1.963479614559011432e+00	9.802844935351808786e+00	-2.992265618366972024e+00	1.319869247219873465e+01
1.969760361532916226e+00	9.789567664817079518e+00	-2.905007074342396134e+00	1.330104654219721638e+01
1.976048367034604736e+00	9.771616375755126427e+00	-2.934790252813379574e+00	1.312487100046202393e+01
1.982337990217652335e+00	9.793197999207070126e+00	-2.973854748985420127e+00	1.329620336649944790e+01
1.988617489259562721e+00	9.781251442932855866e+00	-3.039609606599231295e+00	1.318143479324105982e+01
1.994896320665194178e+00	9.773638844249340707e+00	-3.054306927116003934e+00	1.328167826974633847e+01
2.001179596222827151e+00	9.776086290711084814e+00	-3.074977480667641316e+00	1.314784221767290084e+01
2.007459756923499761e+00	9.806605088690195871e+00	-3.082769465374716855e+00	1.321311421617689241e+01
2.013737397779169935e+00	9.764169085944066850e+00	-3.117138238943362172e+00	1.320799788477299685e+01
2.020017234677497164e+00	9.807908667427712501e+00	-3.212475986682110207e+00	1.323423985572793882e+01
2.026310251015072783e+00	9.800911786438746276e+00	-3.251174912161508779e+00	1.323328502379824378e+01
2.032600542948020284e+00	9.778838598105366486e+00	-3.183608660690168346e+00	1.316597917771997395e+01
2.038873863192099289e+00	9.774980290477666145e+00	-3.250423816428324564e+00	1.315598155920263501e+01
2.045154087821675404e+00	9.773730305006674612e+00	-3.226810013738968586e+00	1.305959701471823386e+01
2.051444704514288730e+00	9.813462206932685561e+00	-3.330675866673514562e+00	1.316100777601545779e+01
2.057730430280644729e+00	9.784113902483241532e+00	-3.275552579382299268e+00	1.316431200617362762e+01
2.064013940455224461e+00	9.821225381522149078e+00	-3.330618498671781946e+00	1.315389151886825836e+01
2.070299891179459895e+00	9.811517126008039824e+00	-3.394366686585387871e+00	1.312972704165037285e+01
2.076589719964883951e+00	9.804031433683320529e+00	-3.420669080881917345e+00	1.301862750054849016e+01
2.082865483794470673e+00	9.837833796446581403e+00	-3.498185697952105322e+00	1.313949821932323481e+01
2.089134494859368640e+00	9.787536520100571735e+00	-3.453360889917730603e+00	1.306178118140663180e+01
2.095424211360070288e+00	9.801920249919049866e+00	-3.464376739810433481e+00	1.299733509005021048e+01
2.101707116664804254e+00	9.826709133918377859e+00	-3.521164598150653191e+00	1.300083674208411821e+01
2.107986473933564309e+00	9.813651037436059710e+00	-3.471828815834721915e+00	1.299744521648054985e+01
2.114271806543862375e+00	9.825839162663065451e+00	-3.579087715190290897e+00	1.295564544460312106e+01
2.120552717288892275e+00	9.790873922375332938e+00	-3.582405150005704364e+00	1.281999624244504865e+01
2.126836933207161717e+00	9.855006802977811731e+00	-3.619698992674666549e+00	1.298381400390512042e+01
2.133122044791171845e+00	9.844073557730812496e+00	-3.691579715520618254e+00	1.297725530202526478e+01
2.139411711910842673e+00	9.844585916651658053e+00	-3.680051769088626745e+00	1.293035294312556793e+01
2.145697076775292089e+00	9.860526835583529603e+00	-3.703232918882262137e+00	1.289013776749843565e+01
2.151973548606471276e+00	9.875716614835202023e+00	-3.754692355707773821e+00	1.290437503083595416e+01
2.158259913555724108e+00	9.853906809420912793e+00	-3.735524441792146710e+00	1.284758359294677277e+01
2.164545396699105506e+00	9.886500855613771677e+00	-3.797123739748248461e+00	1.289117154320211966e+01
2.170830700377734068e+00	9.857582258836391276e+00	-3.811422139275744581e+00	1.281130358001185066e+01
2.177114138849150393e+00	9.869959719502002571e+00	-3.883984730164526944e+00	1.270157116254035223e+01
2.183387647576827018e+00	9.857332854219617246e+00	-3.880666364744789210e+00	1.268737566456406540e+01
2.189670273687676971e+00	9.865974483081716429e+00	-3.842344393092450794e+00	1.269105960852465032e+01
2.195960147934207463e+00	9.909047001741791760e+00	-3.912270741004002073e+00	1.276350130249891635e+01
2.202242556317716371e+00	9.897321489975771769e+00	-3.962436297595079537e+00	1.266538345633483331e+01
2.208521655981037668e+00	9.896073232930474362e+00	-3.912240119966041707e+00	1.271433832831799471e+01
2.214804637081333016e+00	9.932301445857556033e+00	-4.045348515305528636e+00	1.268337509179411526e+01
2.221092583349425276e+00	9.927697613116015063e+00	-4.009527264074458586e+00	1.261421271214785023e+01
2.227372893591468728e+00	9.912626352770173455e+00	-4.038197131184663391e+00	1.255654050522725740e+01
2.233657161144248171e+00	9.939916631224541277e+00	-4.115516512386437675e+00	1.259527136482149956e+01
2.239943485394438660e+00	9.940382110829965256e+00	-4.142878483007495838e+00	1.253872318623515802e+01
2.246224175264620815e+00	9.935711599630300483e+00	-4.133400170447379729e+00	1.244053239953603729e+01
2.252506378421252009e+00	9.954750372904021205e+00	-4.115300466864327156e+00	1.252826070550103132e+01
2.258783417054270437e+00	1.001419443863508185e+01	-4.242112931735206871e+00	1.262071921042428890e+01
2.265069077371457684e+00	9.961956152900235395e+00	-4.155764816790811444e+00	1.240398867662492144e+01
2.271350377044131452e+00	9.967982924958134205e+00	-4.224291403094793118e+00	1.240913214393522424e+01
2.277633995145353918e+00	9.976351021030836819e+00	-4.215100741731910183e+00	1.235895664606658961e+01
2.283922419579920149e+00	9.982256470692657757e+00	-4.271570148251854881e+00	1.235712719687021277e+01
2.290202874392252674e+00	1.000202459383989861e+01	-4.251988240581302314e+00	1.235031919513169285e+01
2.296490779970905560e+00	1.002272640069087117e+01	-4.321145783625850001e+00	1.238858194569082016e+01
2.302771769934229162e+00	1.004621164260174382e+01	-4.365314180215654538e+00	1.236036769454925199e+01
2.309051364164305564e+00	1.003467125818329997e+01	-4.404439518649215124e+00	1.233672699298543840e+01
2.315338502539088239e+00	1.005995615582908442e+01	-4.385112044168588241e+00	1.227973662368738239e+01
2.321627336503874428e+00	1.002682011180196398e+01	-4.379367313476024037e+00	1.214317777131147658e+01
2.327911878297218795e+00	1.008681451162499876e+01	-4.436661459521444861e+00	1.218759917864417197e+01
2.334186238580297168e+00	1.007392997966503323e+01	-4.440341465328240034e+00	1.219104303834846625e+01
2.340467971862688401e+00	1.009148119624366835e+01	-4.473023268117155560e+00	1.218694802407957667e+01
2.346756940970738725e+00	1.012076633401610515e+01	-4.507900785761501439e+00	1.223497184520262060e+01
2.353044444556199988e+00	1.009044892059324994e+01	-4.467746278862035680e+00	1.201417703197742171e+01
2.359327653314069906e+00	1.012378600948683882e+01	-4.489805499189531091e+00	1.207514247840517285e+01
2.365603048789861607e+00	1.014864999450427874e+01	-4.581914633031595407e+00	1.206960337696024688e+01
2.371885911737665165e+00	1.014645664289299276e+01	-4.590189874103907997e+00	1.209297281268116109e+01
2.378173303594019572e+00	1.015107760306453777e+01	-4.597765112552965050e+00	1.206939632704118459e+01
2.384454016539381271e+00	1.013156711760415440e+01	-4.547240193430774013e+00	1.193975128809396580e+01
2.390736447344785187e+00	1.017556646440508672e+01	-4.584543733313465985e+00	1.200628267906969171e+01
2.397014133897952259e+00	1.017496478910917190e+01	-4.571565335767816762e+00	1.186163940430158448e+01
2.403295490074321972e+00	1.019773333126516235e+01	-4.658362772713898536e+00	1.193008132710365032e+01
2.409585049672506862e+00	1.018730370974816779e+01	-4.538990225903864584e+00	1.184369194769965716e+01
2.415871703165322071e+00	1.019403431974996010e+01	-4.636969696833414645e+00	1.180227764659285583e+01
2.422160652369088840e+00	1.018983928186844956e+01	-4.630117975895209348e+00	1.179335033509565100e+01
2.428440167222748691e+00	1.024334324258577844e+01	-4.711523806387513780e+00	1.179142513649177282e+01
2.434717472383889803e+00	1.020274693967273372e+01	-4.697232197743496762e+00	1.164747820359148278e+01
2.441002456202044257e+00	1.023811829060705669e+01	-4.673863732088265444e+00	1.167244327601858700e+01
2.447289980304530488e+00	1.025076898492894628e+01	-4.715881579882617025e+00	1.162630525084059663e+01
2.453571844729242279e+00	1.027194377515284707e+01	-4.732784701062635158e+00	1.167819380764725601e+01
2.459852705114058846e+00	1.025040440824133370e+01	-4.707980054821550908e+00	1.152878898406521380e+01
2.466139233225018934e+00	1.024668669851705083e+01	-4.657914681412249180e+00	1.153707731741086917e+01
2.472421963421291391e+00	1.029788490909998622e+01	-4.790218774273199642e+00	1.154532837666754297e+01
2.478698519174224568e+00	1.029270896581361150e+01	-4.737726615943926411e+00	1.148554051185135094e+01
2.484980841400355800e+00	1.029306791493271689e+01	-4.736809235452152045e+00	1.147554436363292041e+01
2.491269319409339822e+00	1.032345708213290081e+01	-4.781947282296169277e+00	1.146282785294811823e+01
2.497548505139029373e+00	1.031221483872100819e+01	-4.753907694597225841e+00	1.143325775864531124e+01
2.503831667172610853e+00	1.032772941679484902e+01	-4.775471700577328171e+00	1.136318928690479702e+01
2.510117938323931153e+00	1.033486570342920352e+01	-4.789634639605449884e+00	1.135039790402319504e+01
2.516400733681277480e+00	1.036017260319644251e+01	-4.766726222984966732e+00	1.139466814611544976e+01
2.522688226833368130e+00	1.039092290014871800e+01	-4.799035506773547510e+00	1.131438957422296454e+01
2.528971695852665569e+00	1.036107286926607074e+01	-4.791043840693706812e+00	1.127801535121748877e+01
2.535252039407670299e+00	1.037759429922888899e+01	-4.821486639380329287e+00	1.112292836427548970e+01
2.541537514142774512e+00	1.039559869004744463e+01	-4.810689426023254889e+00	1.120394481934269493e+01
2.547823008847572179e+00	1.041009455094346592e+01	-4.840627924146028604e+00	1.117114554170038332e+01
2.554100666580690238e+00	1.041891294461149187e+01	-4.831904274128635102e+00	1.116452318200654403e+01
2.560376788884177301e+00	1.042992543437767772e+01	-4.854819396702369616e+00	1.109731318934318978e+01
2.566667521601497359e+00	1.042278610866838129e+01	-4.817123521100975303e+00	1.105100744918161126e+01
2.572955062237090473e+00	1.045233690365020962e+01	-4.861339054322611375e+00	1.105550708609287369e+01
2.579233771797999175e+00	1.046542709364841528e+01	-4.879211749194573677e+00	1.104598268561454688e+01
2.585520164300948220e+00	1.046205064239265603e+01	-4.840019623610387178e+00	1.095175019431317764e+01
2.591805130332431872e+00	1.048371829506620401e+01	-4.871117096294096172e+00	1.093913305325397900e+01
2.598084074692260881e+00	1.049474668254589815e+01	-4.874019640756759308e+00	1.092407404392711001e+01
2.604360404197643586e+00	1.048830853349528169e+01	-4.798943724454559856e+00	1.090426148431151177e+01
2.610647185140439142e+00	1.050633817882376064e+01	-4.877926190384456184e+00	1.081620613157022959e+01
2.616931864059273138e+00	1.052801610544003275e+01	-4.829639584203659020e+00	1.087030700996491817e+01
2.623206107911065565e+00	1.051122110713875379e+01	-4.790127628946701854e+00	1.078884713754993108e+01
2.629491626543270844e+00	1.053910943372479281e+01	-4.864220823042902708e+00	1.070550278866510752e+01
2.635778507982642349e+00	1.056855973877597243e+01	-4.809220138880591300e+00	1.081947843018516409e+01
2.642061039325260818e+00	1.057428392018685415e+01	-4.830210170908782352e+00	1.071489020043070539e+01
2.648343840729305843e+00	1.055515362599685858e+01	-4.790006328670753710e+00	1.066005181330245755e+01
2.654631838974855551e+00	1.058468941631334381e+01	-4.854730961410301582e+00	1.065809163957417383e+01
2.660919001246303761e+00	1.059650391406518466e+01	-4.831201544542354398e+00	1.058664570091621293e+01
2.667198525130066056e+00	1.062470648496726966e+01	-4.871852252071501077e+00	1.068906910140843181e+01
2.673484307038032526e+00	1.060753892103877050e+01	-4.827748343625844818e+00	1.061516449755068869e+01
2.679773388053849459e+00	1.062094778377262649e+01	-4.793203639935430971e+00	1.049039815817077148e+01
2.686058217632288692e+00	1.061045381551690703e+01	-4.804592741048011817e+00	1.045669374162899246e+01
2.692338738200057868e+00	1.065251611576202961e+01	-4.824433482444163701e+00	1.053818649450782807e+01
2.698618022887226964e+00	1.066586829652922752e+01	-4.825808584971108317e+00	1.046568366066143163e+01
2.704895450708277860e+00	1.070194812956770747e+01	-4.868202396379289532e+00	1.054147276285540435e+01
2.711175674923682166e+00	1.068289857709795498e+01	-4.805570151317619221e+00	1.046133670679932059e+01
2.717459832966957922e+00	1.070729041210845978e+01	-4.813175300339441520e+00	1.046421280106709162e+01
2.723745731959044569e+00	1.072280679213713306e+01	-4.838918208222958484e+00	1.048677052401743204e+01
2.730038414850594730e+00	1.071595756935352561e+01	-4.834890162219962484e+00	1.039109181051482800e+01
2.736317989800789441e+00	1.074969973323846695e+01	-4.831106996290154498e+00	1.043028490344605608e+01
2.742591858549239703e+00	1.074832631594314236e+01	-4.791840356944266688e+00	1.030676717834426626e+01
2.748879749010778362e+00	1.079887715918722968e+01	-4.885152339466506177e+00	1.038944040199539387e+01
2.755163403825859447e+00	1.077875929086225426e+01	-4.891899136276421700e+00	1.031389710043737828e+01
2.761446955625852073e+00	1.078887141413260942e+01	-4.792105818868624745e+00	1.031094649542116670e+01
2.767732088935374701e+00	1.080172803023605965e+01	-4.814833602586030992e+00	1.029501597564277127e+01
2.774015452421743966e+00	1.082311460268561198e+01	-4.803298251663641771e+00	1.021423670741974910e+01
2.780298635700591436e+00	1.085448763297553931e+01	-4.799410562388768398e+00	1.027711610039450818e+01
2.786577474762241380e+00	1.086940900163306800e+01	-4.747232186538836274e+00	1.023735198480282449e+01
2.792857983210164541e+00	1.089272328898039177e+01	-4.807806322174326574e+00	1.028849182614086821e+01
2.799143790920211483e+00	1.088336914726954419e+01	-4.746761439596838272e+00	1.024841531627967761e+01
2.805430058399325244e+00	1.090667364977865716e+01	-4.785812617045266393e+00	1.026031252203884137e+01
2.811715058209780072e+00	1.094359827580060163e+01	-4.819949568830822706e+00	1.027589010946610237e+01
2.817989272498773623e+00	1.094030847907382231e+01	-4.825375644702360134e+00	1.027219695899464114e+01
2.824269171595737760e+00	1.096828332958648566e+01	-4.771187122534480629e+00	1.017795046441381679e+01
2.830563016441804081e+00	1.099198293306463370e+01	-4.839474439094093583e+00	1.023880672071058129e+01
2.836848750951622034e+00	1.099473047666395331e+01	-4.768881838818127328e+00	1.024192512020922585e+01
2.843130027866129783e+00	1.101997124920991133e+01	-4.800455751898295098e+00	1.017543660502237834e+01
2.849413896912404986e+00	1.104019322977554474e+01	-4.793938194703866174e+00	1.023565329218583742e+01
2.855697464522425566e+00	1.105750323245740852e+01	-4.738721967685462388e+00	1.020119419316038467e+01
2.861978799810683594e+00	1.105758831208858162e+01	-4.753586277725017517e+00	1.019919246040010385e+01
2.868262469415629567e+00	1.109222685801816155e+01	-4.739225507993867659e+00	1.018158776858373216e+01
2.874547359206753860e+00	1.111756561813559330e+01	-4.780093930105175026e+00	1.022215071983802304e+01
2.880831111471525041e+00	1.111832475452182400e+01	-4.765620371358240348e+00	1.020220896691826695e+01
2.887113216972382546e+00	1.113297852625689188e+01	-4.744432925710178495e+00	1.019013694074556753e+01
2.893394504725182781e+00	1.116942043676086982e+01	-4.787414263215342913e+00	1.020730169560481215e+01
2.899673662137033592e+00	1.117287972014620046e+01	-4.708162222807431796e+00	1.018667491091974142e+01
2.905953958587380814e+00	1.121661862164257961e+01	-4.763183343840321271e+00	1.030210629938506806e+01
2.912241118105161064e+00	1.121817083022568795e+01	-4.727074203378513140e+00	1.021551829870262651e+01
2.918525996366671205e+00	1.124886355932536830e+01	-4.779652369013441593e+00	1.027954111128049952e+01
2.924809035425688819e+00	1.126662731860747257e+01	-4.770117451849968937e+00	1.023657702427973426e+01
2.931095916293684933e+00	1.130385969077389596e+01	-4.776062023592419159e+00	1.021363386262513551e+01
2.937378182606774413e+00	1.129555444467059822e+01	-4.721046193520842316e+00	1.021191392026766032e+01
2.943659980254369923e+00	1.133801554875235595e+01	-4.757264333617595931e+00	1.025037726420678297e+01
2.949946454403890250e+00	1.134839911852247951e+01	-4.688696246575867477e+00	1.030187042740205250e+01
2.956227653702202307e+00	1.137190297238104542e+01	-4.711021363518160143e+00	1.025802690423973651e+01
2.962510478867462993e+00	1.139766014524248305e+01	-4.711780813764045561e+00	1.024247356122968533e+01
2.968796535179442309e+00	1.144236190325049840e+01	-4.716023701424094661e+00	1.033157467371938587e+01
2.975077657376874907e+00	1.145765096903163283e+01	-4.764953745034890886e+00	1.029631945769076573e+01
2.981359866759223376e+00	1.149959085670690939e+01	-4.760650225304975613e+00	1.037814230032658536e+01
2.987646761575656562e+00	1.149806297901933938e+01	-4.748657456440798619e+00	1.036459739726838158e+01
2.993929038370399365e+00	1.152038821163437454e+01	-4.726658581434872275e+00	1.040060630240983386e+01
3.000206214840962726e+00	1.155327042969412155e+01	-4.784363257063819042e+00	1.045469729512199741e+01
3.006486172402415669e+00	1.157747111573639742e+01	-4.763061182280729611e+00	1.043362675588169708e+01
3.012769812211594456e+00	1.161471223577680512e+01	-4.737765820089959057e+00	1.045422957513684281e+01
3.019053144326170113e+00	1.163302054866365332e+01	-4.719638517914003017e+00	1.046981445336123251e+01
3.025337405144251424e+00	1.165569046595347835e+01	-4.716519385941537301e+00	1.052495107026760301e+01
3.031623734799107961e+00	1.170570923410468112e+01	-4.749193688100118216e+00	1.056875782009412745e+01
3.037908962055872575e+00	1.174100597286147796e+01	-4.760180059772265437e+00	1.061589106857001319e+01
3.044195067146031608e+00	1.176540346018809480e+01	-4.749895617006508530e+00	1.062508029415986677e+01
3.050475543482170426e+00	1.182335750355171911e+01	-4.835517968178956849e+00	1.066940510184118551e+01
3.056754954538277502e+00	1.181780636644383620e+01	-4.737683893398292767e+00	1.068570726373622470e+01
3.063040539557494668e+00	1.187194887082999806e+01	-4.802142467393156089e+00	1.081065756221655505e+01
3.069323699454357346e+00	1.188828488835706843e+01	-4.808969147664450716e+00	1.084869881954079496e+01
3.075610692642898769e+00	1.192856574955903248e+01	-4.791728230600145189e+00	1.084066347453298818e+01
3.081893798009918584e+00	1.196124648041340421e+01	-4.793512156916278855e+00	1.088396782753173753e+01
3.088174549548037717e+00	1.199759642230278267e+01	-4.800105192297104750e+00	1.097514223176511727e+01
3.094458635632868493e+00	1.203566749748818054e+01	-4.816757512900053939e+00	1.098331284527201923e+01
3.100743982931558840e+00	1.207408886390483538e+01	-4.802958303020218089e+00	1.102316241334214375e+01
3.107028111748448396e+00	1.210089766540014899e+01	-4.810822580882274657e+00	1.106132334111458171e+01
3.113309299655494300e+00	1.216406339862757946e+01	-4.893281704150396649e+00	1.118899817273603148e+01
3.119590662867241626e+00	1.219997119626872717e+01	-4.861034909118299829e+00	1.121473598833626006e+01
3.125874006820172912e+00	1.222086598819475967e+01	-4.893094564108203315e+00	1.121747930179044594e+01
3.132159251154602586e+00	1.227491251315758802e+01	-4.895036808375750503e+00	1.140190048332931028e+01
3.138439172765940643e+00	1.230379613137646722e+01	-4.869468717294131110e+00	1.140868397674025658e+01
3.144723867719826593e+00	1.233794199061011909e+01	-4.807658099946912955e+00	1.140724498225794292e+01
3.151003951258561031e+00	1.239349589995476464e+01	-4.859646459075897873e+00	1.155231265733716839e+01
3.157283664131563139e+00	1.242211897921656316e+01	-4.899127047972472226e+00	1.155005955193419709e+01
3.163569317183839935e+00	1.246011742064763084e+01	-4.921228472555780442e+00	1.161350983803043135e+01
3.169851661717792091e+00	1.251554236777388240e+01	-4.981628409928696932e+00	1.171875411529801347e+01
3.176137704316093657e+00	1.254070023273100531e+01	-4.942230032590815725e+00	1.172189529129111563e+01
3.182420924828643916e+00	1.260440376301314558e+01	-4.976821993199810557e+00	1.187887226502264859e+01
3.188702811875577581e+00	1.265696691315085687e+01	-4.995509957030667358e+00	1.191568035190409702e+01
3.194990520008989865e+00	1.269729220098479239e+01	-4.930000683077593315e+00	1.200908606003672574e+01
3.201275324656983834e+00	1.276606788404859394e+01	-5.071430603277722327e+00	1.218600024471290766e+01
3.207551352179861759e+00	1.277782736012254361e+01	-4.992707836423955214e+00	1.222999431483624910e+01
3.213835216737041645e+00	1.283240899155448389e+01	-5.045464904591478117e+00	1.228961535213449174e+01
3.220122579819103770e+00	1.279565506133930342e+01	-4.907951048194425070e+00	1.182511549351702307e+01
3.226406606618656525e+00	1.268539170224179813e+01	-4.542216722406398510e+00	1.101410872126819918e+01
3.232687390085645429e+00	1.257309459345668579e+01	-4.247646256296788714e+00	1.013071784719738133e+01
3.238969121280456331e+00	1.246676863596858276e+01	-4.060054849742848582e+00	9.415522014315643062e+00
3.245254751548589667e+00	1.238419494908472451e+01	-3.839631701596375013e+00	8.729239933559293618e+00
3.251534499036136783e+00	1.228633756394436638e+01	-3.635508420627393988e+00	7.963069333484721568e+00
3.257817780791052442e+00	1.222050213871920832e+01	-3.401081628024918313e+00	7.332223302516618801e+00
3.264102164154097263e+00	1.215930348690615936e+01	-3.248600151248075996e+00	6.701394813778008164e+00
3.270384152138468892e+00	1.207152448558852065e+01	-3.039303102519972821e+00	6.149969306512360845e+00
3.276669427476867735e+00	1.201425304698294738e+01	-2.918958957159758061e+00	5.533406349151665182e+00
3.282954688864507808e+00	1.195316472270916464e+01	-2.817921424041751166e+00	4.900921298900563272e+00
3.289237200334947264e+00	1.190331498547493361e+01	-2.683052327741703991e+00	4.384955929157975163e+00
3.295519587088236779e+00	1.187463577952516580e+01	-2.507277533057668872e+00	3.880658479862247212e+00
3.301805977329951958e+00	1.184051030831986040e+01	-2.458110282566388083e+00	3.417588333210202389e+00
3.308087486222440088e+00	1.178688418658720671e+01	-2.364105978712239597e+00	2.943162619885755671e+00
3.314367630234227313e+00	1.175609446505031563e+01	-2.271922079277064022e+00	2.471783612992065393e+00
3.320651909732194262e+00	1.171673292635324160e+01	-2.174247255703422255e+00	1.987571766813326146e+00
3.326931260376857047e+00	1.171226908125965060e+01	-2.091384151443478778e+00	1.547096184572576361e+00
3.333216512447217728e+00	1.168762203555292700e+01	-2.052611057793879645e+00	1.140535764835952648e+00
3.339504489419978128e+00	1.166268562653790930e+01	-1.936880510583426585e+00	6.889883766569538937e-01
3.345786804809928405e+00	1.164147316200612003e+01	-1.868858237318671511e+00	2.766205957835933260e-01
3.352071130016277767e+00	1.162063329812058576e+01	-1.795441171696439797e+00	-1.147703108935812233e-01
3.358351496304225581e+00	1.159238364275964983e+01	-1.783524126043104729e+00	-5.446568018212608608e-01
3.364630591073392019e+00	1.161555092629242658e+01	-1.728954689777544518e+00	-8.788446615179356103e-01
3.370916305215045483e+00	1.159335873738085354e+01	-1.688919257729098566e+00	-1.221675042003527167e+00
3.377197952029413752e+00	1.158436830691096198e+01	-1.594203675730130110e+00	-1.637466427686964376e+00
3.383483063818085501e+00	1.156516316304179703e+01	-1.631762953403170346e+00	-1.970111932789136544e+00
3.389769992424469969e+00	1.157553984145834391e+01	-1.528142177290862547e+00	-2.318240733486252481e+00
3.396051330885982100e+00	1.156009758693733858e+01	-1.507254734523195250e+00	-2.672113497990198816e+00
3.402330879139463971e+00	1.156204129782767964e+01	-1.475451725469015818e+00	-2.971848698268892974e+00
3.408610488352048495e+00	1.155214602635605381e+01	-1.452770276668808425e+00	-3.332491632370049306e+00
3.414897837696641236e+00	1.157836133558118519e+01	-1.431593603353245703e+00	-3.646698074549749258e+00
3.421180484052105619e+00	1.157499334732447771e+01	-1.422105143493948676e+00	-4.019717714951954513e+00
3.427461639653846870e+00	1.154587668336672834e+01	-1.399930531226063923e+00	-4.287750129185960546e+00
3.433749159643459059e+00	1.157021523725001622e+01	-1.363526984594140679e+00	-4.568076466887966980e+00
3.440032646656798310e+00	1.155363905279447323e+01	-1.331542108628267940e+00	-4.930963322482292632e+00
3.446313366033385339e+00	1.159009888031851432e+01	-1.371322408724232167e+00	-5.208003787515631089e+00
3.452600135384134905e+00	1.157880446570345434e+01	-1.316725782220699470e+00	-5.519075399977722896e+00
3.458883152815406703e+00	1.160210341409967327e+01	-1.318659842470365273e+00	-5.761137867599219753e+00
3.465163834403715448e+00	1.162546642606537439e+01	-1.344788472907249677e+00	-5.960023138237096951e+00
3.471449329786229221e+00	1.162501627954700822e+01	-1.360972365841505161e+00	-6.325078413332223093e+00
3.477734476754053894e+00	1.163841705482101041e+01	-1.301028558345407538e+00	-6.633764917891875612e+00
3.484019652467224226e+00	1.163484263375726080e+01	-1.313991201963732758e+00	-6.882254086622276112e+00
3.490297019369712928e+00	1.166471599176660945e+01	-1.279739592556675243e+00	-7.174996270044385227e+00
3.496582486484379970e+00	1.165688510633098929e+01	-1.274309919979870642e+00	-7.427570009690155572e+00
3.502868048046865024e+00	1.168281077942794433e+01	-1.286051450683602049e+00	-7.726340867185310657e+00
3.509144649545451244e+00	1.169756545884705190e+01	-1.254289358542646893e+00	-7.915621718655423855e+00
3.515428082003116295e+00	1.172029909524846936e+01	-1.251478248375161417e+00	-8.191341911300494161e+00
3.521711031624695565e+00	1.175419410901334061e+01	-1.299181778330333437e+00	-8.429565883892694345e+00
3.527991850954735664e+00	1.173902233277956064e+01	-1.257612366993034358e+00	-8.737414702960352386e+00
3.534275545726699885e+00	1.177938923165629248e+01	-1.234702698059248593e+00	-8.990089569294795524e+00
3.540562632020772149e+00	1.179509291500899337e+01	-1.276354128413023092e+00	-9.243623662010895359e+00
3.546844410757220789e+00	1.181874307450205919e+01	-1.224488292050190053e+00	-9.528575310490811745e+00
3.553131386753758836e+00	1.181319776554672707e+01	-1.263423331643516168e+00	-9.701951922109332216e+00
3.559419203211965144e+00	1.184203958905995790e+01	-1.248929208406243552e+00	-1.000287268454463074e+01
3.565697971577579839e+00	1.186310127675640302e+01	-1.265949007285219752e+00	-1.018174235930297122e+01
3.571979559134798254e+00	1.188173246244613424e+01	-1.281638544037544403e+00	-1.039654395559182198e+01
3.578265774595833726e+00	1.191430636424174949e+01	-1.257922385856112157e+00	-1.067972411720214865e+01
3.584548309769353125e+00	1.192132933527353522e+01	-1.278339154783708853e+00	-1.088344077518804909e+01
3.590826843920031486e+00	1.196195702911872694e+01	-1.265213549294061490e+00	-1.118657316554325654e+01
3.597107306745233934e+00	1.195230401149428978e+01	-1.294680555168859604e+00	-1.134958444953561063e+01
3.603392831792229245e+00	1.199685002197651151e+01	-1.294949205254922742e+00	-1.156622275507348618e+01
3.609673209822572559e+00	1.201107346240084794e+01	-1.255867231993807120e+00	-1.187454536198807986e+01
3.615955412133016189e+00	1.205898721127591955e+01	-1.274164308705156845e+00	-1.212497204828652286e+01
3.622241607772384686e+00	1.207947123088610475e+01	-1.268014330006989265e+00	-1.226568062717998586e+01
3.628520252736676444e+00	1.210371080406038402e+01	-1.281600886761412816e+00	-1.251806651140030446e+01
3.634804827569451113e+00	1.212254191539574322e+01	-1.250738525088318509e+00	-1.275521131704329747e+01
3.641094981788862928e+00	1.216763413316328091e+01	-1.307453356696917313e+00	-1.294425177977582386e+01
3.647383514928639325e+00	1.216916650169669012e+01	-1.277467127648946432e+00	-1.317141598713681461e+01
3.653663283927725658e+00	1.219790294002414655e+01	-1.313533560621127361e+00	-1.336235768836511539e+01
3.659943504072155296e+00	1.221150834325918488e+01	-1.295179485710339140e+00	-1.356460166585886284e+01
3.666232000281138603e+00	1.224253666045950162e+01	-1.298873650606949370e+00	-1.379349153037540177e+01
3.672514211678317597e+00	1.229395909174611390e+01	-1.335751354334400620e+00	-1.403578003038655986e+01
3.678794154686042539e+00	1.230988125651048115e+01	-1.318295431435618337e+00	-1.421718163461017248e+01
3.685078621861909820e+00	1.232317402970974918e+01	-1.304934632376594017e+00	-1.449522910271149279e+01
3.691359210097977961e+00	1.234385481584508071e+01	-1.323674472625199439e+00	-1.463559723765278342e+01
3.697642368173791105e+00	1.237531939221560684e+01	-1.310561834774608192e+00	-1.486447661860659331e+01
3.703925796735277665e+00	1.242321302097833957e+01	-1.371930600474038586e+00	-1.500295437060470860e+01
3.710208240364660348e+00	1.245008722589598626e+01	-1.331260398124831879e+00	-1.529370322167114793e+01
3.716494593122387169e+00	1.246287611256261485e+01	-1.347085356741672069e+00	-1.547136335740225377e+01
3.722775386659595398e+00	1.250852681502037811e+01	-1.335051171845720974e+00	-1.569893188367994874e+01
3.729058392883481510e+00	1.252487205795046421e+01	-1.375159251673035987e+00	-1.584293792900505160e+01
3.735339748210807720e+00	1.257318863749924454e+01	-1.373755863300236468e+00	-1.609704204512485504e+01
3.741620776392969638e+00	1.257597276244329798e+01	-1.351596344099501135e+00	-1.630134749675415407e+01
3.747904795418762980e+00	1.263056841822941756e+01	-1.377857901451774891e+00	-1.652845336982067792e+01
3.754190633281219380e+00	1.265658427516810924e+01	-1.391746939362776825e+00	-1.669299800038250936e+01
3.760478208018912749e+00	1.267641957313014167e+01	-1.351464204197926122e+00	-1.697470227195159254e+01
3.766755538573464346e+00	1.273010563986371224e+01	-1.417062106455761583e+00	-1.706870317137878956e+01
3.773032090135151506e+00	1.274551215397757176e+01	-1.377900026071599671e+00	-1.732497000174752699e+01
3.779322553012896879e+00	1.278110770291324449e+01	-1.414564098762621125e+00	-1.746532094876967989e+01
3.785609109731308930e+00	1.282456675231083842e+01	-1.378570812780366861e+00	-1.778118951679627813e+01
3.791889825936295200e+00	1.284777935985355413e+01	-1.387460322381500744e+00	-1.794345430590702151e+01
3.798174822702435893e+00	1.289143480463011926e+01	-1.410919870819182798e+00	-1.811055488407508207e+01
3.804458658753491651e+00	1.289130193695388904e+01	-1.369528843625627657e+00	-1.836020130742649314e+01
3.810738438095723435e+00	1.294117643513297189e+01	-1.454739965393354817e+00	-1.845862017515938902e+01
3.817018850285747167e+00	1.297727235966770643e+01	-1.383881955535087638e+00	-1.874196145488040699e+01
3.823305314209427763e+00	1.301932763241135937e+01	-1.439195697025009046e+00	-1.889667079765883528e+01
3.829591295197792178e+00	1.305837016581085486e+01	-1.429498464880407660e+00	-1.911405884712662839e+01
3.835872296070849341e+00	1.307223368872966951e+01	-1.421289575944079342e+00	-1.933039854476016117e+01
3.842156279590906109e+00	1.312856576471556913e+01	-1.438691084803549458e+00	-1.952604312747460469e+01
3.848441511099312429e+00	1.314692025148924159e+01	-1.410591950040110287e+00	-1.973935384014329131e+01
3.854723334376886079e+00	1.319430051498069822e+01	-1.431424271947069116e+00	-1.989267602167320348e+01
3.861004740704794713e+00	1.324287650037812014e+01	-1.444298662213417073e+00	-2.012144560785957381e+01
3.867284336650660848e+00	1.326307277594337641e+01	-1.431316037980501887e+00	-2.030180751233011804e+01
3.873567367678779849e+00	1.330384900522752467e+01	-1.446865535187649598e+00	-2.046173677326159890e+01
3.879850662830422792e+00	1.331801396749472666e+01	-1.424968172882691286e+00	-2.069414945640598091e+01
3.886137063198143338e+00	1.336475391046729477e+01	-1.393263810333740471e+00	-2.097481370094309128e+01
3.892419463049126005e+00	1.342420354264289806e+01	-1.490522202344688907e+00	-2.103230074634909030e+01
3.898703740328622658e+00	1.345630749989616426e+01	-1.455195507461267468e+00	-2.130833628173787275e+01
3.904991458788179326e+00	1.350005332281476988e+01	-1.463879836732987716e+00	-2.148147771574116760e+01
3.911270842222104083e+00	1.353193300721751591e+01	-1.412806564717049795e+00	-2.177125466308073598e+01
3.917549806479573071e+00	1.360049792127202650e+01	-1.482788167923795752e+00	-2.188256491427749140e+01
3.923836006203090587e+00	1.361308470917611757e+01	-1.435969423746024098e+00	-2.216091002691341316e+01
3.930121452497870926e+00	1.363831620928908350e+01	-1.462918615941060541e+00	-2.225990316037458783e+01
3.936398172858230460e+00	1.370713583070231856e+01	-1.452741199049530030e+00	-2.255340644553985996e+01
3.942683040425962293e+00	1.372428857719723183e+01	-1.453311696901873562e+00	-2.269016384581743395e+01
3.948974759704379611e+00	1.379952966579527107e+01	-1.489043371986731090e+00	-2.294207308311878535e+01
3.955259227995065352e+00	1.381465078630219701e+01	-1.452102134703402658e+00	-2.316918617551674231e+01
3.961537174921395454e+00	1.384795936816964002e+01	-1.473815036387207567e+00	-2.325548043457041558e+01
3.967820217617139544e+00	1.389244932722423442e+01	-1.448885208938897273e+00	-2.351843673737155527e+01
3.974105559832568968e+00	1.393844320188719799e+01	-1.495365939621375651e+00	-2.367301309869824166e+01
3.980384727931198352e+00	1.400165812271164256e+01	-1.485526121940464961e+00	-2.394000112648883416e+01
3.986664590839849698e+00	1.401217417846391555e+01	-1.437884057253375980e+00	-2.417576177751385913e+01
3.992949619150675034e+00	1.410034714212867968e+01	-1.491006210222445727e+00	-2.434113473834108277e+01
3.999235075769965952e+00	1.414511493995688163e+01	-1.441276462252605972e+00	-2.465090879792765222e+01
4.005515715515433506e+00	1.414715703100558919e+01	-1.453680796016600718e+00	-2.476028529755788554e+01
4.011798434346478537e+00	1.419853577837428560e+01	-1.445485205859013300e+00	-2.500758736173613883e+01
4.018083716245132386e+00	1.424640453151619113e+01	-1.472226481312065127e+00	-2.516407323564894938e+01
4.024365700052603856e+00	1.430989501160713573e+01	-1.440581293586020495e+00	-2.547144572893023096e+01
4.030643960839860540e+00	1.437541924937415772e+01	-1.438850052576943650e+00	-2.568791957232386736e+01
4.036928708926215137e+00	1.442045400495875640e+01	-1.479537371863498763e+00	-2.584712971065093257e+01
4.043218157412017177e+00	1.446187879970160139e+01	-1.421161115198087632e+00	-2.613580228448218890e+01
4.049503019487663558e+00	1.447604863851376678e+01	-1.426822020512981570e+00	-2.629722713252373723e+01
4.055781898960511000e+00	1.454977790215561129e+01	-1.439136652457493115e+00	-2.650962382177007015e+01
4.062060795621602161e+00	1.457465527234031910e+01	-1.426038257035010526e+00	-2.672689038452994126e+01
4.068347865354716042e+00	1.466598818771766233e+01	-1.462753706049526370e+00	-2.689095859444250181e+01
4.074631027173265529e+00	1.469383478016677813e+01	-1.455148514531032111e+00	-2.713619970804258585e+01
4.080910837526078971e+00	1.474144744672987528e+01	-1.444486180312863022e+00	-2.737593251800059591e+01
4.087201203341442657e+00	1.481687506152092659e+01	-1.411877147959692547e+00	-2.764097038928779426e+01
4.093486818591942189e+00	1.483489409761854994e+01	-1.402014712846349154e+00	-2.783601831399345272e+01
4.099764387336505500e+00	1.490479316358064032e+01	-1.445576760680556960e+00	-2.797384773739754493e+01
4.106049166937662420e+00	1.494056042017412800e+01	-1.356314584491744579e+00	-2.840748687017513419e+01
4.112334559041358695e+00	1.503408285384580978e+01	-1.430247599975090322e+00	-2.847999089920706695e+01
4.118618926059533614e+00	1.505424324399026048e+01	-1.408365008558013276e+00	-2.869423517674754009e+01
4.124898942031112625e+00	1.512283364218669313e+01	-1.404560407481582729e+00	-2.895770089308097894e+01
4.131175432561665417e+00	1.518205944685141340e+01	-1.416054424512537047e+00	-2.914199626398016818e+01
4.137461563786142271e+00	1.521475346839061338e+01	-1.419141971763395738e+00	-2.940461624106437810e+01
4.143746006210170307e+00	1.530879663292098769e+01	-1.445698450792569201e+00	-2.958400884363998529e+01
4.150029800482964326e+00	1.533460151090620194e+01	-1.409434933953295666e+00	-2.990714117973147879e+01
4.156313390684649001e+00	1.540947856811569139e+01	-1.411392906199921082e+00	-3.010623697755150019e+01
4.162596105843763716e+00	1.545375801470142463e+01	-1.392046586933175512e+00	-3.036509630680966509e+01
4.168881843141768684e+00	1.551692060726698053e+01	-1.311894925886199825e+00	-3.076249417710174328e+01
4.175162111073220217e+00	1.557113315490350658e+01	-1.368468368467333995e+00	-3.085173656285597232e+01
4.181448573417560155e+00	1.560522924623959895e+01	-1.351111577520468288e+00	-3.109287152166796631e+01
4.187738782464171194e+00	1.570344835690642427e+01	-1.347395738998406145e+00	-3.139454483651357819e+01
4.194017437180169061e+00	1.577745141828133768e+01	-1.341107979661221750e+00	-3.172576214753203061e+01
4.200293572701767175e+00	1.580637420261803605e+01	-1.374595910021000122e+00	-3.181323073859255501e+01
4.206580195481546269e+00	1.586871900451216533e+01	-1.368481324835530089e+00	-3.206568059722123820e+01
4.212860644652220543e+00	1.592803040637976153e+01	-1.324215431704257595e+00	-3.243510934212319796e+01
4.219138153430114002e+00	1.601113547629310574e+01	-1.321802723115304445e+00	-3.264269370126299918e+01
4.225426162098283811e+00	1.607522439875312159e+01	-1.353511430290792017e+00	-3.291979656950266531e+01
4.231713506719782636e+00	1.610666349801925534e+01	-1.310355749805486747e+00	-3.313520434254352409e+01
4.237990056577191744e+00	1.619849102556430154e+01	-1.300268912077116923e+00	-3.343548028769950520e+01
4.244267783646744618e+00	1.619545684472112157e+01	-1.237241504750803855e+00	-3.374186842060117186e+01
4.250560660182562955e+00	1.632028185369314599e+01	-1.305649647616849984e+00	-3.397266154804225380e+01
4.256847734842668096e+00	1.636849075963744227e+01	-1.283017725965956979e+00	-3.429653619715343638e+01
4.263127100734456221e+00	1.647851202749530586e+01	-1.277968768264550192e+00	-3.458806179717308993e+01
4.269406860432507500e+00	1.651132294823807811e+01	-1.334422582919052802e+00	-3.469761701420973310e+01
4.275691671482192646e+00	1.659016580305927846e+01	-1.263343560709914604e+00	-3.512707531268637950e+01
4.281972414189518794e+00	1.667116220708911101e+01	-1.272495013367727079e+00	-3.538405104904889953e+01
4.288253516806755705e+00	1.669279219982114881e+01	-1.247316728066737879e+00	-3.566215399062955527e+01
4.294540520160492925e+00	1.676165696807185768e+01	-1.251170917605066046e+00	-3.588742669216766501e+01
4.300825742921731809e+00	1.682573951523302824e+01	-1.212029667706377323e+00	-3.620425703927101324e+01
4.307109835491901961e+00	1.689961055608021567e+01	-1.210584493305693954e+00	-3.653708612460536642e+01
4.313390926478413157e+00	1.698320208462035552e+01	-1.247596140738827630e+00	-3.672946362445475188e+01
4.319667979480563247e+00	1.702433004120380033e+01	-1.115079241784532771e+00	-3.735695222125946913e+01
4.325952598143786076e+00	1.713909639608192492e+01	-1.229104204276036727e+00	-3.737451738290950942e+01
4.332241647035422361e+00	1.715607780840533891e+01	-1.097104872465749725e+00	-3.787101235677194211e+01
4.338524445619096781e+00	1.725240706504591159e+01	-1.166987499481974666e+00	-3.808436396003860125e+01
4.344809348131129845e+00	1.731221318829066647e+01	-1.151763632419301908e+00	-3.841502415419868299e+01
4.351090699193166600e+00	1.735005385647064102e+01	-1.062580038777420244e+00	-3.885276269382579528e+01
4.357369710808320029e+00	1.747230856688580758e+01	-1.147454931651200827e+00	-3.898131671778325824e+01
4.363659348967174445e+00	1.748808075676019413e+01	-1.128940669062564739e+00	-3.935282309045724247e+01
4.369947418280990981e+00	1.759204333417249799e+01	-1.156519081281228711e+00	-3.961529139184914072e+01
4.376226569265827315e+00	1.759887364729634385e+01	-1.057437196524805723e+00	-3.994568972633867077e+01
4.382499356631129217e+00	1.764873217286176654e+01	-1.083319652135478428e+00	-4.023840651221438947e+01
4.388784975178015024e+00	1.777155010284962344e+01	-1.027410365118838875e+00	-4.075214828103060682e+01
4.395068696309480494e+00	1.776220543493268167e+01	-9.579460012490262910e-01	-4.113891596158241271e+01
4.401347962382031298e+00	1.793462321200424370e+01	-9.905374645622517793e-01	-4.145294628553111949e+01
4.407628405096517099e+00	1.799473789809566071e+01	-9.780165883436274799e-01	-4.191938351690268405e+01
4.413915862185140426e+00	1.798833401214967154e+01	-9.107559353824344894e-01	-4.220191487088521143e+01
4.420203163534264235e+00	1.805861757067645001e+01	-9.115338091617901650e-01	-4.251882885560842595e+01
4.426480311003382795e+00	1.801376160360973699e+01	-8.075556184019082595e-01	-4.293644640132495738e+01
4.432765973643649104e+00	1.824805970780964870e+01	-9.082752358755203925e-01	-4.327050199685816523e+01
4.439053392023870614e+00	1.815823602773915013e+01	-7.942582488643307181e-01	-4.370273765856376258e+01
4.445336141335588742e+00	1.832201044774310361e+01	-8.495279053341717734e-01	-4.400675979641931690e+01
4.451617241414883352e+00	1.829948813362810967e+01	-7.616083168852078034e-01	-4.445086227856965166e+01
4.457901500730311106e+00	1.835207091783545863e+01	-6.656394827777499801e-01	-4.498407122433198424e+01
4.464189501093017043e+00	1.847248073756447084e+01	-8.181152969387390783e-01	-4.510430493536328811e+01
4.470470197548729985e+00	1.844367569044686306e+01	-7.573177849421651731e-01	-4.565465267157917850e+01
4.476748044268524573e+00	1.857536145126455907e+01	-7.292672849506937061e-01	-4.600721447083247284e+01
4.483035990164653484e+00	1.849343495604689380e+01	-6.423524840524041934e-01	-4.640114882973248456e+01
4.489323331650528104e+00	1.857993192595913712e+01	-5.998456237302624006e-01	-4.683957351407181591e+01
4.495599111667934800e+00	1.860700227504229076e+01	-5.857582669170948719e-01	-4.728421346419293769e+01
4.501870922878794090e+00	1.861311989176813242e+01	-5.013737501540086461e-01	-4.786510963159042120e+01
4.508155162877705457e+00	1.872623472392040256e+01	-4.999978560595058630e-01	-4.828802488165212736e+01
4.514446451153479423e+00	1.858919159103858831e+01	-3.991952467475659017e-01	-4.862966978861583556e+01
4.520723894043856994e+00	1.870383014379986975e+01	-3.434924358939468458e-01	-4.927922101484612938e+01
4.527003782460155890e+00	1.865421710497804852e+01	-4.054354887252659134e-01	-4.955360197181680348e+01
4.533293086610313161e+00	1.868921431533082966e+01	-3.003620265545012269e-01	-5.012713409266770270e+01
4.539578989864040182e+00	1.871096091502336733e+01	-2.038780643600921205e-01	-5.078157863890695012e+01
4.545857164866476730e+00	1.863977304661817058e+01	-1.672971123630382362e-01	-5.106384501825755962e+01
4.552138955546025656e+00	1.859706609187609772e+01	-1.233023663954952304e-01	-5.154312033076337229e+01
4.558432046889146605e+00	1.861575709525655142e+01	-1.053039465488919968e-01	-5.197930156828600445e+01
4.564713463378488711e+00	1.868830916541071474e+01	-9.216955151276172431e-02	-5.253394393174173160e+01
4.570987274133244682e+00	1.864522551979697695e+01	-3.213912120502368519e-02	-5.285361083627295642e+01
4.577274818151045643e+00	1.865497099008929283e+01	-2.471657337218388650e-02	-5.314156736378176760e+01
4.583563263889338657e+00	1.876810740681012746e+01	-6.872944245634735050e-02	-5.373624958619092240e+01
4.589844917004465508e+00	1.886300272994182592e+01	-4.890028891019772977e-02	-5.424495823705947828e+01
4.596126259982004747e+00	1.886853737202779158e+01	-1.241983553277618141e-02	-5.464613908433760514e+01
4.602409075598298926e+00	1.885431205571454072e+01	3.072489601557242683e-02	-5.492508472140121967e+01
4.608696634867644804e+00	1.889038397037566597e+01	-4.951798457456141854e-03	-5.518547199064663289e+01
4.614977646498861219e+00	1.898441360813917456e+01	5.537138314405749134e-02	-5.582186088195537366e+01
4.621258953029527383e+00	1.901989736100439288e+01	-2.728571185701401253e-02	-5.603892296173623322e+01
4.627547993978874175e+00	1.903619807401288355e+01	-5.483303927072037329e-03	-5.632308940987969947e+01
4.633830152730579854e+00	1.916139190699584915e+01	-2.477030861492594480e-02	-5.693239246255554065e+01
4.640104005367354567e+00	1.925643576078262598e+01	-2.675228081134774574e-02	-5.733367593732108247e+01
4.646382060386754276e+00	1.928449050873100390e+01	2.802112845861750093e-02	-5.778793828715488701e+01
4.652674213731970987e+00	1.932017399460514895e+01	-1.854362015222204424e-02	-5.802818308669775149e+01
4.658958291796220230e+00	1.939559394128082914e+01	4.341408754737013237e-02	-5.850334124991527318e+01
4.665233615070169648e+00	1.945749589530748480e+01	5.123448158522497103e-02	-5.896447639798835638e+01
4.671520675710307380e+00	1.953499798929744102e+01	2.471770186868198910e-02	-5.934935453193200772e+01
4.677814351732177300e+00	1.962205767649028942e+01	-2.259896788825764211e-02	-5.971101962561702692e+01
4.684093699744638073e+00	1.966021216676706018e+01	-7.284158671567685789e-03	-6.004480252951787378e+01
4.690368661472568590e+00	1.975341409128557757e+01	-4.955688916076347178e-02	-6.046246142396732637e+01
4.696663270746453733e+00	1.981643145495992897e+01	1.989230222459002773e-02	-6.092878869465435798e+01
4.702945459248681459e+00	1.991258863807843582e+01	2.137062778589980151e-03	-6.137984967294909922e+01
4.709209170841929470e+00	2.004959822347629839e+01	2.321534221685847901e-02	-6.200696299762892494e+01
4.715491634753063543e+00	2.004226767815406873e+01	4.563943785382620216e-02	-6.220129217359365015e+01
4.721784316284933780e+00	2.000887475495111545e+01	-4.539203431882745152e-05	-6.221172623797783530e+01
4.728063062331094635e+00	2.016704610788253049e+01	-2.975468475911738613e-03	-6.283633583059749839e+01
4.734337423381671073e+00	2.029359079316890302e+01	-1.160685083987426664e-03	-6.335616717274932341e+01
4.740627024094544062e+00	2.040662109481349873e+01	-4.361220102906649201e-03	-6.393545933362339895e+01
4.746914995664547554e+00	2.048200829790904720e+01	-5.047079196252762107e-02	-6.425518291519333047e+01
4.753194740071086777e+00	2.056518718045303729e+01	-3.910532268063380418e-02	-6.465679636799629293e+01
4.759478891864783456e+00	2.069556061744541253e+01	3.069364866541069575e-02	-6.534735484217648604e+01
4.765762396877359031e+00	2.077364100431398697e+01	-1.088276976612524705e-02	-6.567507543565169215e+01
4.772049481246195768e+00	2.087253579910121459e+01	9.349011760093794282e-03	-6.618071063739196802e+01
4.778335091022592351e+00	2.089985686204710902e+01	-8.506348636620385262e-03	-6.636929397121569707e+01
4.784610831402393849e+00	2.103452931397904990e+01	-2.259259622872490658e-02	-6.694881664659108367e+01
4.790907306208476157e+00	2.110586967062121388e+01	-7.503265556002011727e-02	-6.725276893669622780e+01
4.797204047706418173e+00	2.115355006093869505e+01	-3.029406433748619600e-03	-6.758891011189409426e+01
4.803470827697504220e+00	2.131162593628565460e+01	-3.578340178965940671e-02	-6.822082466993909122e+01
4.809748850577324042e+00	2.141139045946894015e+01	-3.682957414331113760e-02	-6.869790298814110940e+01
4.816045316586602176e+00	2.152980653373788655e+01	-3.365283105852121676e-02	-6.922614425049054887e+01
4.822329240673497885e+00	2.159942815332465926e+01	-4.425338045772819057e-02	-6.958561872929628578e+01
4.828596758226470165e+00	2.181895475641787741e+01	1.525051189217967694e-02	-7.048141760023607105e+01
4.834890332961369275e+00	2.186443158698304856e+01	-2.307970354001236471e-02	-7.075027291923025530e+01
4.841191655056394261e+00	2.193430253208504510e+01	5.741908167905847987e-02	-7.119060792045851827e+01
4.847460407468000554e+00	2.204455480524408273e+01	-4.776373776457040754e-02	-7.154949205021237901e+01
4.853732128521334843e+00	2.220156052519169165e+01	-5.692045027823314229e-02	-7.214022086673467982e+01
4.860029138783373170e+00	2.226995099275162815e+01	-7.095560760443947457e-02	-7.252495885772107442e+01
4.866314601732018019e+00	2.238727518248063930e+01	1.020050791378236850e-02	-7.314107686262073571e+01
4.872587026269203925e+00	2.253953617585639080e+01	-4.190954311412756900e-02	-7.365840643797901066e+01
4.878874221748241702e+00	2.264775898331156512e+01	-6.827936667675579829e-02	-7.412956134394126195e+01
4.885171078138658807e+00	2.270347172314626860e+01	-6.607983102057705949e-02	-7.443033426131297858e+01
4.891450629931857641e+00	2.293636051314873114e+01	3.643314340678870458e-03	-7.537892736291844642e+01
4.897716482750221978e+00	2.298765895844056217e+01	-3.254955172144116671e-02	-7.561144192152973176e+01
4.904002834596266069e+00	2.316026050303636197e+01	-3.354527089507959581e-02	-7.634369500212348214e+01
4.910295858205786068e+00	2.320315272850398003e+01	-6.246612607970931236e-02	-7.656270712175829374e+01
4.916575188115905881e+00	2.347290931728347019e+01	-2.016655902307545965e-03	-7.758747994508465240e+01
4.922847946197084212e+00	2.348965432260000341e+01	-8.265496388487744359e-03	-7.778615049727919484e+01
4.929131667457151700e+00	2.370474895459320663e+01	-4.611394402581817098e-02	-7.854786309013042001e+01
4.935434460144239033e+00	2.398683154879007162e+01	-4.280225328471096158e-03	-7.962312282135820851e+01
4.941718513303545279e+00	2.386603742763321634e+01	-1.449186468235993258e-02	-7.931971120347802184e+01
4.947978624761803168e+00	2.391444215899146997e+01	-1.794248039963209154e-02	-7.963596098643638754e+01
4.954274999209829389e+00	2.428326598384066415e+01	-5.791568215738085446e-02	-8.088089474416749169e+01
4.960571094729937514e+00	2.436546102400137315e+01	-7.367909491103669106e-02	-8.122729620747375634e+01
4.966823207626954506e+00	2.454283247149198743e+01	-2.005592026150819496e-02	-8.199733965705206629e+01
4.973097418390337587e+00	2.471628363439478449e+01	-3.733737615451437203e-03	-8.272717220410883954e+01
4.979415129936382023e+00	2.479399862834429413e+01	-4.736529483266873480e-02	-8.301453452556165757e+01
4.985702082330368157e+00	2.500475840731188981e+01	-3.816894316093624728e-02	-8.383702864160899537e+01
4.991949985828016523e+00	2.510871950966956945e+01	-2.308934269327296562e-02	-8.428936910091452717e+01
4.998241586316924057e+00	2.515510147236804528e+01	-6.953768870840665306e-02	-8.450535313877114163e+01
5.004556635606089543e+00	2.553167364322904120e+01	3.928015648867609795e-03	-8.591511066715376899e+01
5.010828655701208945e+00	2.562248520758597436e+01	2.107533681892833494e-02	-8.635707822433707292e+01
5.017077229702536556e+00	2.580195485640890141e+01	-1.794334681912543306e-02	-8.700778973204866418e+01
5.023374414758113637e+00	2.594695923028394446e+01	-1.449944590926627308e-02	-8.760116176694079115e+01
5.029688873569548413e+00	2.625227619172324012e+01	-4.032649356923796724e-02	-8.868103854563493371e+01
5.035958413584124216e+00	2.630959829849189546e+01	-6.210195101505413401e-02	-8.889178230986773599e+01
5.042232667658486989e+00	2.645386292921192606e+01	-9.321498444591012900e-02	-8.948501183803065828e+01
5.048528755870775875e+00	2.680492425890719232e+01	5.760807944305915834e-02	-9.094532778890527425e+01
5.054821121427484520e+00	2.696327633060186102e+01	2.341704805147246105e-02	-9.149516832990285309e+01
5.061069509814582368e+00	2.701120314497160280e+01	9.893354757418969248e-02	-9.185283728350253796e+01
5.067347812754101177e+00	2.732409304470055389e+01	6.929990581848931470e-03	-9.289192923127399126e+01
5.073675050630431116e+00	2.762084944760818317e+01	-3.132431359868231846e-02	-9.394728803344160895e+01
5.079945928388977627e+00	2.765784119497462257e+01	-7.065576963264424970e-02	-9.410200943262103124e+01
5.086192992546071601e+00	2.797345065254026863e+01	-2.560574733368324585e-02	-9.527170101211180508e+01
5.092484128970163226e+00	2.820043872573070942e+01	-9.395506941227498021e-02	-9.611665209390609732e+01
5.098802924706086870e+00	2.853237423702078956e+01	1.998539236275594794e-02	-9.742484649096670069e+01
5.105078217426394005e+00	2.868821232455938386e+01	2.120114550834311523e-02	-9.801994842484592141e+01
5.111325076574067872e+00	2.888547656412873010e+01	1.124751690797433923e-01	-9.887172947714752524e+01
5.117628358851224135e+00	2.899694968908325166e+01	6.682432173794460029e-02	-9.928869686199233513e+01
5.123935939383525984e+00	2.910290093681897261e+01	7.348016611279480081e-02	-9.974725523324919152e+01
5.130199176325612065e+00	2.939132393956029077e+01	1.261504025523333327e-03	-1.006866330171613555e+02
5.136469985878846956e+00	2.983096047632023939e+01	1.987275524411438385e-02	-1.023129132547945943e+02
5.142797788696348071e+00	2.970610640543228342e+01	-2.350712121908140467e-02	-1.019017736073493552e+02
5.149090378043822192e+00	3.015632820197579989e+01	-4.138069399270594140e-02	-1.034971289881141132e+02
5.155289879840074363e+00	3.056174940573447429e+01	-2.813005293793268205e-02	-1.049287905444354436e+02
5.161564521234301317e+00	3.049504699565854082e+01	-1.071212224595761119e-02	-1.048602666409522186e+02
5.167916673496016244e+00	3.093031632005376252e+01	2.260701577700668236e-02	-1.064406729238104106e+02
5.174205974602950064e+00	3.138090227595348480e+01	-2.018677396736754878e-02	-1.079776089304073281e+02
5.180434820793812456e+00	3.174136751401367817e+01	-7.360397517049228899e-02	-1.092271144086265053e+02
5.186729096569634656e+00	3.152982730924268751e+01	-4.934711387486278439e-02	-1.086296186495699487e+02
5.193058481037780894e+00	3.226461986842753760e+01	-1.961106731362960778e-02	-1.112494733150879824e+02
5.199319511444338460e+00	3.215226220145127201e+01	5.196987278179948655e-02	-1.109645942776225382e+02
5.205574295584361799e+00	3.241925602901168446e+01	1.625621315246805060e-02	-1.119279163144765334e+02
5.211894977074066126e+00	3.287758923610617501e+01	3.697740208580008875e-02	-1.136231544393755684e+02
5.218201708336958511e+00	3.287370277740543401e+01	-6.978066675863130001e-03	-1.135926074541455222e+02
5.224411911780083351e+00	3.344746866705719412e+01	-2.217058621465372442e-02	-1.155989524045154013e+02
5.230677632666463239e+00	3.361690026721626623e+01	3.751358899805562735e-03	-1.162945094260031880e+02
5.237056729559757429e+00	3.431910669334050112e+01	-5.829766215036691346e-02	-1.187463163351219464e+02
5.243336785035660697e+00	3.405735009247106149e+01	-6.668569512759046913e-02	-1.178551104255515725e+02
5.249493476178225038e+00	3.491506137783800057e+01	-4.632978337577382116e-02	-1.208766376936556668e+02
5.255787017738318134e+00	3.463854189140285200e+01	1.825045294802222703e-02	-1.200898351935601198e+02
5.262205327426889845e+00	3.537382395937065382e+01	-6.506037036378681249e-02	-1.225838464261349259e+02
5.268477758348532269e+00	3.545555959814119262e+01	8.318035375063577430e-02	-1.230818081301376452e+02
5.274632213654732560e+00	3.598325440017320886e+01	-7.762163768214107307e-02	-1.247617799052087690e+02
5.280950543314659740e+00	3.592179508148386446e+01	-6.838724236648167920e-02	-1.246429137071791189e+02
5.287327645024750389e+00	3.662646111212520594e+01	-9.355684796369131626e-03	-1.271878499192862364e+02
5.293582359180156516e+00	3.700644427298279027e+01	3.645344814585391169e-02	-1.285808246789874261e+02
5.299789992649893478e+00	3.711175441874949854e+01	1.000055913202754498e-01	-1.290908721267969668e+02
5.306111460381987222e+00	3.751687877371702484e+01	-1.596948292632500987e-02	-1.304313341315615276e+02
5.312452717892129250e+00	3.796086873240462012e+01	-2.133646123630133021e-02	-1.319797469545033834e+02
5.318650122853046724e+00	3.862586188511654939e+01	2.015687557293105794e-02	-1.343691906117103940e+02
5.324923043129819789e+00	3.955984418035200179e+01	-3.847268779917132481e-02	-1.376402168409674118e+02
5.331330237158205421e+00	3.857694621118720590e+01	6.119638317513934056e-02	-1.343752599661249576e+02
5.337586726886338617e+00	3.973458653395814366e+01	-1.315172440412595324e-02	-1.383471424650805091e+02
5.343685192440848830e+00	4.078045142343051310e+01	-7.665258670416275760e-03	-1.420169251565984041e+02
5.350070659715249199e+00	4.057219122401767208e+01	-6.296586591269515143e-02	-1.413249370731961108e+02
5.356556762554878226e+00	4.079689288126889579e+01	3.761126866011194232e-03	-1.421935919190277104e+02
5.362691868684501095e+00	4.210831153155194073e+01	-4.537022673265903722e-02	-1.467324966399050936e+02
5.368769208912516966e+00	4.168843747963710911e+01	-1.627662181987815301e-02	-1.453140089699627140e+02
5.375270137997677722e+00	4.288548460053191747e+01	6.657173396073668391e-03	-1.496043544367666698e+02
5.381769983045385786e+00	4.265987279741305827e+01	2.686843575823866844e-03	-1.488542596722245719e+02
5.387701030372958222e+00	4.328387071908326078e+01	-1.738536132670266340e-02	-1.509823409665708596e+02
5.393786668001271600e+00	4.374162736558955089e+01	-3.826596337363018848e-03	-1.526496487949329151e+02
5.400446161099396569e+00	4.436691061290400029e+01	-2.078413741249027225e-02	-1.548752018802344139e+02
5.406957063684501463e+00	4.422955768378365349e+01	-1.205684655681620900e-02	-1.544295456027001592e+02
5.412655672453426270e+00	4.542263626435842383e+01	-1.722606129094491831e-02	-1.585629402622863040e+02
5.418821279260546575e+00	4.575457894218811106e+01	-9.677281981848846748e-02	-1.597175738238595102e+02
5.425690594366304076e+00	4.753388832833066147e+01	2.875920436436333119e-02	-1.661057681302498281e+02
5.432217487502165376e+00	4.618554057143268210e+01	1.225547050522120436e-02	-1.614005716863547946e+02
5.437649811577258241e+00	4.832750156184788182e+01	3.464982599452907236e-02	-1.688621031691167786e+02
5.443914404015878006e+00	4.778179345904526087e+01	8.048373825518767566e-02	-1.670916945949640251e+02
5.450953501686320202e+00	4.857241356198240823e+01	-7.612171750219068334e-02	-1.697294869090015652e+02
5.457483690405861232e+00	4.869828218849427515e+01	4.230603229729050507e-02	-1.703108759607417255e+02
5.462715250135157241e+00	5.037040431087191195e+01	-4.207948304700936774e-03	-1.760696218192682920e+02
5.469033575551323523e+00	5.048619580907249826e+01	9.206050746519785222e-02	-1.766361750008670981e+02
5.476177730420278778e+00	5.034539598341102362e+01	-1.113659483636737224e-01	-1.759611154539531412e+02
5.482708935702562236e+00	5.397637521176558550e+01	-1.306348980787637726e-01	-1.886710429973500993e+02
5.487722405008360838e+00	5.185717996804882546e+01	9.054955764267201557e-02	-1.814563966267243984e+02
5.494194284996126498e+00	5.366030410672537698e+01	-7.497177264275843578e-02	-1.876429767166050055e+02
5.501391471009256406e+00	5.546918508055865260e+01	8.511572166637010328e-02	-1.941465845870034741e+02
5.507128202673079009e+00	5.419598638735987350e+01	-5.855604224842420047e-02	-1.895661992590887621e+02
5.512278020050448646e+00	5.582541835647838013e+01	5.894551937845595585e-02	-1.953873475491654688e+02
5.519395563377015534e+00	5.673558928225395448e+01	8.795070360488436295e-03	-1.985371269722964769e+02
5.526598678609708770e+00	5.717591352447807651e+01	5.882873858366346326e-02	-2.001380152106041805e+02
5.532162682462509196e+00	6.173676067071740903e+01	1.243973313324195917e-01	-2.161745185246294625e+02
5.537397124017139127e+00	5.684859537006396835e+01	-1.313047795430684339e-02	-1.989362259747565815e+02
5.544582756485218589e+00	6.066371910627560027e+01	8.804029762227121025e-02	-2.123982145097471914e+02
5.551739327507637434e+00	5.777672467875842699e+01	-2.254935438487305072e-02	-2.021880859307133278e+02
5.557493306674907707e+00	5.307964353192809170e+01	7.396814993801946458e-02	-1.858490889500593539e+02
5.562281709102816940e+00	6.758066246595262783e+01	7.314691003691126125e-02	-2.366026101116850384e+02
5.569272720323164449e+00	1.790997116668075151e+01	2.211959312309296280e-02	-6.270680371398362496e+01
