8.899641224696953554e-03	1.282192697640132974e+04	8.601557373858418941e+03	-1.364548743208666565e+04
1.507912216506557788e-02	2.063126484082832030e+04	2.508795894132125250e+04	9.311403664217279584e+03
2.144790186456836667e-02	1.173727406405134207e+04	1.352245615310866560e+04	3.588890033850645978e+03
2.783660776489276650e-02	7.059768991644114976e+03	3.372383417509375704e+03	2.034656004813077743e+03
3.435099785803411021e-02	6.588844154784747843e+03	6.400245167181416036e+03	-2.356497814180142996e+03
4.047886761425745911e-02	5.152339200619229814e+03	5.130197331429079895e+03	-1.067228312037706019e+03
4.676716683575679601e-02	5.453540355231762078e+03	4.648285816409965264e+03	1.286733825390266475e+02
5.308225101765951665e-02	4.616040859440306122e+03	3.333519699867965755e+03	2.553718802921894451e+02
5.945362440940590160e-02	4.095105978838807459e+03	4.009685561467741081e+03	9.738579592338145403e+02
6.576224814588792211e-02	3.446630666525294146e+03	2.869226129960137769e+03	2.173777093773129252e+02
7.196632906698736953e-02	2.471732930434532591e+03	2.293402757004022988e+03	3.534972787076991807e+01
7.827860915688347743e-02	1.960946086636272412e+03	1.615396979643355053e+03	-2.233568668818687684e+02
8.470398945834539672e-02	1.813379255585510464e+03	1.582637317107764829e+03	4.219639740677095006e+02
9.096854620527369817e-02	1.779075574319053658e+03	1.663458508446104133e+03	2.631195545562389952e+02
9.720789776830213169e-02	1.697253949926947143e+03	1.302506969296117859e+03	-3.538823577852504059e+02
1.034763038959366499e-01	1.651288885357159415e+03	1.543425274319087066e+03	2.477419339075337916e+02
1.097576444254559219e-01	1.503731831507202969e+03	1.342904384860792106e+03	-7.172957400437259423e+01
1.160543084780093354e-01	1.206332833661976338e+03	1.178612563349099673e+03	2.561958454409394790e+02
1.223669666537485351e-01	1.044354284111495645e+03	1.029338862618498979e+03	2.023647574982487072e+02
1.286817263090294094e-01	9.106520690389997981e+02	8.587374621341978127e+02	5.661696675435669590e+01
1.349500801664080818e-01	8.989710187188042028e+02	8.677433818304153874e+02	1.942126142512668423e+02
1.411949558842147678e-01	8.452927962909317330e+02	7.515280316288047970e+02	1.423483608615711944e+02
1.475133575747468451e-01	8.253547440041841128e+02	7.571290861629663596e+02	9.692778311512215339e+01
1.537865074252268427e-01	7.469542244295153068e+02	6.798545968266076898e+02	9.609993484058648505e+01
1.600657544051110326e-01	7.038974297443438672e+02	6.606675813788619962e+02	6.202473265888025367e+01
1.663991168687080635e-01	6.469374198378079655e+02	6.319470774029859967e+02	2.595866590240775622e+02
1.727195645776442856e-01	5.720548917378231408e+02	5.308061512823426256e+02	7.494095251584448647e+01
1.789765213377084718e-01	5.536648294908738990e+02	5.496829666866777870e+02	1.247202563454475666e+02
1.852353690647852158e-01	5.130964555591585849e+02	4.781502256647049762e+02	4.639467474169658345e+01
1.914806787341157279e-01	4.884219986404982023e+02	4.139450074633082863e+02	8.910429913858293105e+01
1.977889868651535599e-01	4.828898684235206815e+02	4.742072255343367146e+02	9.937796374425478518e+01
2.040937735447724277e-01	4.551024079525523121e+02	4.261844507417484920e+02	8.009403372307758673e+01
2.103939302609846018e-01	4.328654303973972333e+02	4.180444961124807151e+02	1.062805192073060141e+02
2.166909709822301688e-01	4.021961484399208757e+02	3.762522792674498646e+02	6.292460348745677123e+01
2.229700281216152047e-01	3.790537379613471671e+02	3.601792119365879330e+02	8.409776548162597010e+01
2.292620027086341994e-01	3.479145835742327222e+02	3.094568530546628722e+02	4.796478169876318276e+01
2.355141508366812297e-01	3.456568795998902601e+02	3.259706259076157266e+02	5.787550656678737937e+01
2.417910583817859116e-01	3.275990686438817079e+02	3.063367938235000452e+02	4.565680429238573623e+01
2.480856539439619257e-01	3.076573628642506151e+02	2.865357499481462469e+02	4.952311803871349838e+01
2.543492256872954549e-01	2.992819042021224050e+02	2.888935138535939018e+02	6.341184670073836571e+01
2.606334251884805386e-01	2.818122120261351142e+02	2.813697469509920097e+02	7.190400478539952189e+01
2.669257370896960802e-01	2.691248406974590353e+02	2.708397039869661853e+02	5.566963734666099128e+01
2.732423343141155980e-01	2.553794087465184361e+02	2.473736285585131895e+02	4.778043435434442898e+01
2.795529680084415936e-01	2.447465300085044930e+02	2.362327951376151134e+02	3.961086216249029235e+01
2.858366292314493129e-01	2.345093083207804341e+02	2.237702898247903249e+02	5.169314672574108727e+01
2.920876271394311496e-01	2.272711915024639779e+02	2.158091975036755628e+02	4.019015103531079802e+01
2.983449844439822751e-01	2.204557304984319330e+02	2.086965131991319140e+02	3.381050449331782914e+01
3.046382639407197446e-01	2.069602895372910041e+02	1.933666739699891366e+02	4.543384769874646878e+01
3.109279127003197196e-01	1.999283389947649709e+02	1.944635876342072152e+02	4.466885246382499730e+01
3.172168171618398036e-01	1.916151075003306801e+02	1.833159947050618541e+02	5.045830263858752573e+01
3.235187567944423082e-01	1.852264108759070211e+02	1.748104282632314437e+02	3.468131582457824180e+01
3.298168217550395687e-01	1.800722700669913365e+02	1.700010368803358745e+02	4.682977217907374268e+01
3.361176429457156667e-01	1.738836021421082023e+02	1.664617000293820297e+02	3.472465551059199385e+01
3.423700375709273769e-01	1.669815678220327300e+02	1.595605328016750093e+02	4.334651731349627823e+01
3.486478192666269682e-01	1.609046199999694693e+02	1.558839437292227217e+02	4.526676358971314329e+01
3.549411614411318028e-01	1.556858868792922692e+02	1.450570715212204220e+02	3.148088535270221300e+01
3.611916935421040642e-01	1.498274076011684883e+02	1.443933014632684433e+02	4.232139552302746210e+01
3.674767089563572564e-01	1.422142332634691115e+02	1.325226320895610002e+02	2.731703113889058798e+01
3.737647795277591056e-01	1.415572519674671810e+02	1.393102695482955085e+02	4.146606392818929265e+01
3.800654031475132477e-01	1.370795237543513849e+02	1.295242682535632355e+02	3.340781273527331763e+01
3.863539861259823738e-01	1.300560471699298262e+02	1.241403416972816700e+02	3.262987456635134720e+01
3.926140181364449755e-01	1.277548096756151494e+02	1.209793769832843111e+02	3.795812444666999141e+01
3.989264500321934581e-01	1.226818791722136837e+02	1.180586122071998290e+02	3.623595888141097277e+01
4.052073244576828714e-01	1.177504940615343116e+02	1.066524980076523121e+02	2.814485385687428476e+01
4.114916477570477182e-01	1.167537239746248048e+02	1.132902059939431325e+02	3.444910093581392374e+01
4.177814272116491257e-01	1.117238445418321930e+02	1.042995365201176696e+02	3.371984373958842696e+01
4.240400648725131116e-01	1.099407745481686050e+02	1.053863238398516557e+02	3.302353317085403717e+01
4.303425690270192283e-01	1.055823009156820547e+02	9.885803263114001993e+01	2.444159495558240636e+01
4.366358560255625965e-01	1.028473375417517559e+02	9.800568435469011774e+01	3.464642756473487850e+01
4.428996183220763605e-01	9.836882658496993770e+01	8.885435681453471091e+01	2.479313825224416590e+01
4.491634418529859563e-01	9.711246460337883946e+01	8.951299106410149875e+01	2.441378651407831057e+01
4.554414146254732731e-01	9.429044039641222241e+01	8.938852910289634224e+01	3.232202291758464696e+01
4.617634470301058558e-01	9.235139998923261828e+01	8.752989504512005681e+01	3.044677875109110943e+01
4.680644242023710433e-01	8.957824840715777270e+01	8.452133050687399418e+01	2.766617626768146465e+01
4.743485242764365895e-01	8.595328829146491501e+01	7.874755997831837817e+01	2.429940383474774634e+01
4.806356136815400082e-01	8.425465324718030047e+01	7.637811477481106692e+01	2.368088921340729769e+01
4.869019258388697646e-01	8.214155734155865218e+01	7.558892619084322462e+01	2.622680371096751273e+01
4.931697099599955947e-01	7.940152999713900783e+01	7.372111133460830956e+01	2.542363816573180202e+01
4.994506747144535908e-01	7.782501636479634044e+01	7.136854862397275667e+01	2.420366789892100812e+01
5.057159051335421429e-01	7.707045171987834919e+01	7.107104718826199985e+01	2.562983252723746119e+01
5.119923996268095356e-01	7.402964144079767550e+01	6.842845136652121596e+01	2.463680535054120213e+01
5.183126097768406826e-01	7.195536077765174809e+01	6.457788778445119249e+01	2.201658640538615330e+01
5.246089638029100000e-01	7.023433635019401322e+01	6.469200803835629188e+01	2.470769412245032370e+01
5.308757308483337267e-01	6.855557583735546245e+01	6.187206162447458979e+01	2.330173197457284573e+01
5.371573527946726934e-01	6.699629418460956742e+01	6.019319909725695084e+01	2.312056532324947611e+01
5.434579563783791256e-01	6.533669808255667988e+01	5.815648942635371554e+01	2.256439258988046248e+01
5.497430652392217842e-01	6.346332040165995636e+01	5.772699899610390872e+01	2.330973124656208739e+01
5.559937427501778773e-01	6.195623714460617038e+01	5.485762372954268073e+01	2.130241184493172923e+01
5.622854676609657654e-01	6.045224456140229563e+01	5.270923833244173551e+01	1.911704922973002851e+01
5.686011537227265711e-01	5.906010842553339302e+01	5.230781726787282082e+01	2.002896522608180518e+01
5.748804589422079614e-01	5.787590554516199859e+01	5.145156985691751572e+01	2.076244570454186089e+01
5.811550210340560296e-01	5.640165417813266657e+01	5.029440777224677817e+01	1.990529482884592483e+01
5.874394496660968468e-01	5.452239679916682746e+01	4.794193326169951064e+01	1.957103117253113211e+01
5.937176220296899176e-01	5.413668443278531583e+01	4.682934938709824024e+01	1.910062153229726434e+01
5.999971954793682505e-01	5.246029274090501104e+01	4.513327150792085973e+01	1.869313760205479369e+01
6.062679115124277596e-01	5.157232109424165145e+01	4.510481194409494776e+01	1.936681158269513148e+01
6.125469576444534381e-01	5.033703716107314818e+01	4.395173454194826235e+01	1.775531227052940153e+01
6.188477733041515272e-01	4.927333713330473586e+01	4.287108703426382306e+01	1.846324132125960560e+01
6.251310567437898813e-01	4.835839355317607868e+01	4.295382550667803656e+01	2.012839890157157896e+01
6.314027450383210560e-01	4.711946349930924072e+01	4.039558126630419110e+01	1.778436519903802449e+01
6.377003562732055375e-01	4.550646922233411118e+01	3.791545730739280629e+01	1.768115685949035054e+01
6.439857783314556494e-01	4.536606662942477186e+01	3.923902027826883199e+01	1.805202372009567213e+01
6.502685417166111925e-01	4.394180591692038718e+01	3.705970583919064154e+01	1.739461595768307589e+01
6.565586117699038216e-01	4.325873123306350720e+01	3.643995566134615416e+01	1.648436321782506297e+01
6.628369282359254377e-01	4.244130292614750033e+01	3.595075673772225144e+01	1.612571716839093128e+01
6.691185444962194362e-01	4.150974792733608609e+01	3.527811896964212224e+01	1.642138696188438018e+01
6.754070198575605755e-01	4.073566513202136719e+01	3.435617911778509637e+01	1.651395282424951105e+01
6.816835514593204692e-01	3.991819872923191070e+01	3.276749806348362171e+01	1.597527239002577915e+01
6.879592533861698112e-01	3.888456956935895903e+01	3.214559122724099183e+01	1.616100287562199256e+01
6.942344317039531587e-01	3.839427179313402405e+01	3.203751316735517918e+01	1.666397316096215420e+01
7.005175402434737908e-01	3.743639913658956431e+01	3.168892015508708226e+01	1.662707001297273379e+01
7.068124956608716758e-01	3.662227743343649422e+01	2.987245813889722967e+01	1.424398125157075867e+01
7.131019009674921527e-01	3.603484906785565300e+01	2.994412045730478766e+01	1.492321481979236353e+01
7.193918251171427247e-01	3.527473121435442494e+01	2.838312816151699280e+01	1.461513453711652133e+01
7.256833807598113140e-01	3.463039901633742801e+01	2.800394085768924768e+01	1.492180570006110685e+01
7.319652682709349989e-01	3.389421832092958198e+01	2.673249921688452346e+01	1.338949806418954758e+01
7.382507990484923344e-01	3.331860794961197314e+01	2.700909876963378053e+01	1.489941517792820314e+01
7.445265842115937893e-01	3.288617069476164545e+01	2.634450716309740415e+01	1.429094303539070410e+01
7.507871101942712455e-01	3.196973489869088070e+01	2.593113395897468720e+01	1.403002528983788011e+01
7.570758465316046459e-01	3.133990073858627667e+01	2.461181615022420388e+01	1.357783737051668105e+01
7.633641233600957365e-01	3.069910838389347418e+01	2.438259990927472387e+01	1.369481420185289622e+01
7.696462959862266917e-01	3.004942945971179924e+01	2.285374226817471666e+01	1.320958265098212436e+01
7.759394865175414102e-01	2.983388000315194333e+01	2.385134386624469371e+01	1.368115170375918588e+01
7.822329141989586843e-01	2.904694097448595613e+01	2.240715266909303693e+01	1.236441529516989313e+01
7.885314936520240181e-01	2.854146921001332160e+01	2.259253867740727628e+01	1.293855305391113575e+01
7.947896566979522071e-01	2.809821765492469936e+01	2.167084022534658772e+01	1.262718906194593238e+01
8.010491096592354809e-01	2.746540257521301598e+01	2.105094934150629626e+01	1.270378922854742854e+01
8.073364061727361651e-01	2.721849465876382723e+01	2.068138673902129909e+01	1.248610935837664648e+01
8.136229488373866170e-01	2.661003173769675811e+01	2.026706042088831339e+01	1.205564387051025044e+01
8.199152998961036776e-01	2.633161808841250107e+01	2.033567972532781809e+01	1.323283621319990111e+01
8.261952636392789762e-01	2.560108489753618244e+01	1.953342295018871866e+01	1.208167724063999593e+01
8.324897070080405914e-01	2.523247459557738281e+01	1.932212639486414574e+01	1.193086191091446935e+01
8.387959309210778480e-01	2.479521133129930277e+01	1.837413114740370190e+01	1.159666699101208209e+01
8.450634639703045181e-01	2.439444074197050227e+01	1.813535414462608841e+01	1.150732839450473399e+01
8.513282867562648182e-01	2.400135431807148478e+01	1.818733901708351652e+01	1.168625889391139694e+01
8.576198263902009566e-01	2.364734627000457579e+01	1.729824186354431959e+01	1.135020347695546405e+01
8.639058477062415697e-01	2.318803640948305400e+01	1.683134942714432825e+01	1.077914328125156906e+01
8.701838745487597837e-01	2.270462537091704291e+01	1.628230568452840288e+01	1.095733070789840546e+01
8.764641096075268534e-01	2.243997021981556372e+01	1.665608805368791323e+01	1.150783575364202171e+01
8.827503873399735745e-01	2.204141454505884568e+01	1.596310548798064310e+01	1.100811782385710202e+01
8.890332768393869323e-01	2.168260155657018018e+01	1.580555509600712050e+01	1.083103989340119355e+01
8.953084247113127780e-01	2.138682221895424362e+01	1.565371235654795434e+01	1.064510310572910612e+01
9.015956521667095602e-01	2.091267874710582575e+01	1.517716528381050978e+01	1.066863737033034276e+01
9.078833328094829680e-01	2.060966275089028699e+01	1.466065321904855523e+01	1.063712120283036633e+01
9.141744106319863450e-01	2.023347812815236324e+01	1.430824072525238932e+01	9.971262020531584724e+00
9.204630817717615043e-01	1.997627027307599334e+01	1.409994621587768648e+01	9.956080411021876131e+00
9.267434415264711456e-01	1.971946364596285761e+01	1.381686311418791036e+01	9.988156952608035155e+00
9.330324197354928906e-01	1.937794136856654958e+01	1.372851862436135484e+01	9.834298212655543381e+00
9.393265785573878812e-01	1.902842600858154753e+01	1.306261077608182930e+01	9.932637596575165873e+00
9.455974810398196650e-01	1.887159189531320536e+01	1.318267082600443807e+01	1.001636721115644590e+01
9.518660018545171964e-01	1.845705920108262887e+01	1.285637127986382389e+01	9.726128362053493959e+00
9.581413255531838757e-01	1.812403298151876996e+01	1.231238902665683810e+01	9.352668263747956345e+00
9.644350945109106954e-01	1.797281983624028001e+01	1.240268439637030973e+01	9.493071045026820087e+00
9.707355633568249820e-01	1.761471139157723798e+01	1.209015809605420166e+01	9.110186968567971277e+00
9.770080768450029041e-01	1.736740059930076185e+01	1.163841158642937934e+01	9.329695150290870487e+00
9.832823325363413414e-01	1.710590625669842879e+01	1.178403169156685237e+01	9.202722321401452632e+00
9.895569691966674686e-01	1.691228830484281787e+01	1.140754550529239353e+01	9.252007210359005640e+00
9.958456301921106979e-01	1.662004495652132618e+01	1.121556942683172586e+01	9.180279805726977216e+00
1.002136210743837408e+00	1.631160378738063699e+01	1.074078667428766209e+01	8.670021698419411393e+00
1.008404825335135424e+00	1.605871078661069973e+01	1.073818044352695367e+01	8.484633598133934029e+00
1.014694149836243398e+00	1.587050554326049046e+01	1.060793951319089778e+01	8.863810046470197435e+00
1.020992555437297167e+00	1.565814090739750064e+01	1.024286407141829969e+01	8.371163841524195348e+00
1.027273980437394485e+00	1.542763509290351642e+01	1.007947731421577409e+01	8.551786953838998784e+00
1.033559181896017254e+00	1.517637747458366704e+01	9.825039469820527671e+00	8.481546522023499790e+00
1.039847557392594934e+00	1.497336332565361339e+01	9.778263240533329181e+00	8.557606149041941279e+00
1.046126974943305088e+00	1.475686135630256146e+01	9.554554270115451331e+00	8.371722013648845717e+00
1.052403436811028659e+00	1.456429774039947134e+01	9.452429588441379593e+00	8.269945579965252591e+00
1.058680704651608684e+00	1.433264524404432372e+01	9.160059512133582160e+00	8.179894654102856322e+00
1.064964333065789193e+00	1.412962740855993715e+01	8.986948890626239361e+00	8.076738034871683070e+00
1.071256777440835473e+00	1.395606901119816357e+01	8.963803953871396502e+00	8.376701608328687598e+00
1.077544048801078125e+00	1.375780015966784831e+01	8.584210126001654118e+00	7.760000210869217874e+00
1.083824820188043603e+00	1.360254766076822897e+01	8.560727892599915734e+00	8.122720419300964778e+00
1.090108023942816695e+00	1.339601106878203041e+01	8.480962683397201829e+00	7.793297146723722868e+00
1.096389665956643222e+00	1.316766271043022307e+01	8.282229869196026328e+00	7.837590937226466714e+00
1.102681132058841440e+00	1.304771361704608523e+01	8.147235423032725521e+00	7.667420435821541425e+00
1.108963047594879958e+00	1.292348881517606607e+01	8.009007778183949711e+00	7.525193635162291450e+00
1.115225428463759272e+00	1.272406325844107755e+01	7.870611133483887301e+00	7.649643494655130382e+00
1.121502127614767863e+00	1.255094253293935935e+01	7.818666289586021279e+00	7.725014511385098537e+00
1.127792573824792033e+00	1.239257288423441494e+01	7.734187058007154114e+00	7.619450692292326188e+00
1.134089552668382961e+00	1.218945509737502952e+01	7.411896864399130536e+00	7.254264783596586774e+00
1.140364049650405942e+00	1.205638408534245976e+01	7.453954413612989605e+00	7.383644165321117114e+00
1.146639180320979445e+00	1.188915945434893828e+01	7.307261176785382339e+00	7.445525119907784095e+00
1.152942412991649901e+00	1.172312716541632227e+01	7.308255813915900845e+00	7.258348611864025912e+00
1.159228906751078814e+00	1.158807319425118187e+01	7.099463114274303877e+00	7.229291136811728080e+00
1.165508721887268173e+00	1.148895778241438670e+01	6.973481758092732186e+00	7.287440836728896087e+00
1.171793076256210320e+00	1.129631541751274781e+01	6.792951575285712806e+00	7.081546157516357631e+00
1.178087436369658958e+00	1.115918703927811251e+01	6.732756972346230384e+00	7.278509803287012581e+00
1.184367654251526902e+00	1.102441688853762258e+01	6.662495737515009786e+00	7.088863517580430873e+00
1.190634642299266632e+00	1.089006729665514506e+01	6.576292510562210758e+00	6.986958413311420202e+00
1.196912208834400859e+00	1.077155603479906532e+01	6.561622110695818577e+00	7.139265804998084164e+00
1.203201577354146234e+00	1.068990674838030408e+01	6.434941109492401168e+00	7.150318679907505803e+00
1.209486844441705733e+00	1.052772663178491719e+01	6.281448604280589265e+00	6.907131596226657066e+00
1.215763902074809888e+00	1.034556886326018166e+01	6.191046013197952114e+00	6.754499199026088085e+00
1.222049755171146668e+00	1.026867574584004572e+01	6.120357446852233707e+00	6.868975908080009241e+00
1.228340616621486969e+00	1.019749113463254986e+01	6.204056265917257562e+00	6.926843017774452882e+00
1.234632986576932767e+00	1.004601453760500362e+01	5.991121348869079100e+00	6.831063664998657359e+00
1.240902247176856488e+00	9.907799567043451106e+00	5.982097016013685042e+00	6.899728195791192675e+00
1.247174839144687519e+00	9.801004215881464532e+00	5.795717596860813892e+00	6.669722648201291904e+00
1.253465459933442272e+00	9.753839218557228463e+00	5.786392928290193360e+00	6.871609760432235703e+00
1.259749951892178421e+00	9.587258040348645594e+00	5.684817134190002008e+00	6.705596979624348641e+00
1.266032143127253873e+00	9.532287607429191567e+00	5.696898979843918021e+00	6.713633981537175721e+00
1.272316288472006507e+00	9.415658444206050248e+00	5.658318849204780676e+00	6.820411155497263955e+00
1.278604155058621350e+00	9.352823220321111464e+00	5.615330658421592958e+00	6.670740594556423986e+00
1.284886588933593865e+00	9.187069492771289703e+00	5.562800597343103171e+00	6.907707511904037645e+00
1.291175420066583257e+00	9.137475863779489060e+00	5.505114843585830364e+00	6.893309862060309712e+00
1.297465726373772332e+00	9.031347996617334672e+00	5.466951620910616150e+00	6.605455641965822799e+00
1.303741827011944299e+00	8.905204258399416872e+00	5.371472695578173528e+00	6.576304678169355711e+00
1.310017322922761851e+00	8.837490711959027578e+00	5.361772548182306863e+00	6.668830574417614621e+00
1.316301447662886703e+00	8.749431484885231924e+00	5.290803175412940540e+00	6.707980727688140909e+00
1.322586760363303249e+00	8.638746810157062583e+00	5.250077825395276676e+00	6.547506340478177478e+00
1.328865492452874664e+00	8.560045261730433452e+00	5.172172738241858525e+00	6.680808928554299975e+00
1.335144804954555564e+00	8.476161636800762622e+00	5.094339093643394101e+00	6.632253972342639692e+00
1.341440516272275119e+00	8.427954485277576069e+00	5.126054725783282251e+00	6.609387383987713527e+00
1.347730868417094552e+00	8.350171090937557494e+00	5.175995299743033407e+00	6.698056013041233214e+00
1.354001589994877630e+00	8.257210100150084386e+00	5.060650630185822507e+00	6.673583023259467062e+00
1.360282609297778444e+00	8.130255230963966184e+00	4.992917153632682847e+00	6.525032862175010884e+00
1.366565686457597906e+00	8.100671037348261549e+00	4.985583459354319125e+00	6.585513018737934487e+00
1.372851498482432708e+00	8.021454597564741107e+00	4.893513435211254148e+00	6.551563603465188734e+00
1.379135372929401804e+00	7.937255522744979253e+00	4.960462439171505977e+00	6.693693824796473457e+00
1.385409567149057164e+00	7.878579750413318372e+00	4.897911695367024087e+00	6.544809174138976005e+00
1.391698641219299315e+00	7.828185390963507295e+00	4.951523795712204468e+00	6.728990691346813158e+00
1.397984451439470810e+00	7.756407311562968587e+00	4.896684335151666900e+00	6.701973971116087725e+00
1.404267883409181961e+00	7.688701416704539326e+00	4.779529896546552692e+00	6.643397189404577574e+00
1.410554779484869181e+00	7.626393523289686449e+00	4.871206443437428923e+00	6.770898839524387647e+00
1.416837833547465397e+00	7.565824601033108721e+00	4.845403920433000167e+00	6.677960140373109255e+00
1.423118177187137068e+00	7.498584066006619864e+00	4.730509894249995462e+00	6.700524972353001374e+00
1.429397801164240089e+00	7.399450182265194798e+00	4.715836124890268266e+00	6.542110612524393076e+00
1.435686921822787232e+00	7.371672940724195655e+00	4.767479158569132736e+00	6.715154427323080988e+00
1.441977121769299597e+00	7.324809143417282620e+00	4.817499140026598070e+00	6.777029349749468246e+00
1.448253667853332427e+00	7.260586992079872459e+00	4.784152666765248973e+00	6.869344108853862707e+00
1.454532348972172651e+00	7.199621810911392750e+00	4.741602042967957509e+00	6.798630854174813720e+00
1.460819319151879903e+00	7.147061306620607901e+00	4.726951782480489861e+00	6.873055292239443226e+00
1.467110364402026468e+00	7.120602651947267603e+00	4.730034607127681312e+00	6.909008186768780924e+00
1.473392908948962132e+00	7.033318296067696984e+00	4.682869640831349045e+00	6.814521723660633690e+00
1.479669965243598950e+00	7.004975693032020168e+00	4.726747118409290849e+00	6.891916338010688037e+00
1.485956144602843532e+00	6.951291567800351956e+00	4.654361687826106930e+00	6.860429536025251629e+00
1.492233610763115115e+00	6.914072218537335779e+00	4.644637712435073063e+00	6.913421820250006178e+00
1.498502470379980078e+00	6.864224442025348871e+00	4.707221789631505615e+00	7.025385953783293225e+00
1.504785752051182701e+00	6.812442988970714985e+00	4.668780558198231567e+00	6.940066956229963502e+00
1.511075991894575976e+00	6.769656725595030622e+00	4.642920285658789226e+00	6.983188028771269984e+00
1.517361634985162189e+00	6.709736137594966898e+00	4.635504644570221267e+00	7.107091875929195446e+00
1.523648570969130533e+00	6.694809741710416873e+00	4.653320684128101625e+00	7.075393341917681767e+00
1.529938035715892264e+00	6.638180928665697422e+00	4.636994472363989317e+00	7.034104975826790174e+00
1.536230176913891965e+00	6.617635094749962477e+00	4.658353635384302471e+00	7.109038020005377767e+00
1.542510718779388279e+00	6.580332720800047497e+00	4.718377802115733211e+00	7.241829585859232310e+00
1.548783963082980275e+00	6.552935929514102753e+00	4.714740255957087456e+00	7.291903050197348968e+00
1.555073069779651318e+00	6.508476131343139848e+00	4.674221067596014301e+00	7.296908692880660574e+00
1.561357324927233892e+00	6.465918112190654377e+00	4.677749072555636545e+00	7.316184244862210306e+00
1.567629121053141006e+00	6.423080404288470824e+00	4.618805403298202883e+00	7.275732261320686511e+00
1.573913697404382583e+00	6.388958424942048353e+00	4.654835727300850934e+00	7.411037128376770866e+00
1.580203545230874029e+00	6.351819009795780069e+00	4.685202167130036344e+00	7.337912004648228681e+00
1.586485393434537983e+00	6.335351525429301134e+00	4.757831212607148252e+00	7.542804833899948491e+00
1.592760014263005841e+00	6.285449237689057611e+00	4.671734850993367161e+00	7.468264303200714771e+00
1.599046436394670812e+00	6.295303562841914058e+00	4.725430938750942111e+00	7.550441570241494205e+00
1.605342136637478934e+00	6.260174023509576635e+00	4.773048862495832267e+00	7.697439938099480017e+00
1.611619860919608627e+00	6.217039622592476000e+00	4.687695823506512482e+00	7.591071667502681919e+00
1.617897597081673799e+00	6.209709802323828853e+00	4.768742279838685150e+00	7.776249203318473135e+00
1.624183235481122756e+00	6.164460881246650814e+00	4.697633770422348753e+00	7.673807485618708846e+00
1.630464598531913722e+00	6.158081851803555828e+00	4.829637417310475023e+00	7.820275595350348219e+00
1.636748985747638274e+00	6.125385911144511475e+00	4.755775833363678373e+00	7.824327494432635532e+00
1.643030923698886259e+00	6.100928415393218174e+00	4.745266916767850951e+00	7.891788456400035123e+00
1.649309176648513064e+00	6.076495353395992893e+00	4.791156911031201560e+00	7.980831685967795686e+00
1.655593633940351861e+00	6.049088242639182766e+00	4.784342456776355057e+00	7.933736512330145096e+00
1.661879571405086464e+00	6.023409156413255694e+00	4.752531498417380540e+00	7.961682939151843108e+00
1.668169361685170271e+00	6.030119528222926739e+00	4.829565207779800140e+00	8.101517947191238633e+00
1.674450151530487485e+00	6.002872340883741664e+00	4.759701999696646091e+00	8.174155483832013402e+00
1.680722718978495900e+00	5.993665535870851713e+00	4.800968071746583909e+00	8.165664327946627665e+00
1.687013891340952476e+00	5.953094676393142493e+00	4.743793300449501871e+00	8.133112703889560535e+00
1.693308984907921033e+00	5.930125297181016109e+00	4.758249758917243000e+00	8.132929749633017735e+00
1.699582147428448486e+00	5.926585533559181940e+00	4.778868929886851191e+00	8.299102946342271636e+00
1.705863747055134105e+00	5.902581779022238351e+00	4.792678654488176093e+00	8.289960211087295860e+00
1.712154434283889470e+00	5.903658644817729950e+00	4.781884752548944739e+00	8.372400189039522544e+00
1.718438381579399321e+00	5.887518579798632246e+00	4.808559317643076980e+00	8.410739572138647091e+00
1.724721264464063930e+00	5.893959968717596531e+00	4.810504760529847879e+00	8.490101984049394090e+00
1.730997441276920679e+00	5.855852346580869394e+00	4.813498595040272221e+00	8.496830543964460247e+00
1.737287073528269499e+00	5.851496495564274980e+00	4.896782944026259798e+00	8.623135816189591907e+00
1.743567991878527401e+00	5.852493550296346214e+00	4.875361909612067279e+00	8.708684705498063394e+00
1.749840680212231048e+00	5.813319880498545089e+00	4.840505709871334439e+00	8.656812401788684497e+00
1.756128549091961144e+00	5.823314433830696579e+00	4.839112443905411176e+00	8.717681579280341708e+00
1.762413535324792502e+00	5.790733308641085486e+00	4.771451097456840706e+00	8.611713011267804418e+00
1.768696187669963837e+00	5.820874591902194695e+00	4.861132670188225369e+00	8.843756993641745723e+00
1.774979359379055266e+00	5.794699958925108696e+00	4.854027220843313728e+00	8.887734087560577478e+00
1.781265555576432957e+00	5.796504016729516984e+00	4.906315437731809226e+00	8.966828709970952715e+00
1.787549427830244619e+00	5.782660315689654773e+00	4.851388904839910587e+00	9.051215647188666225e+00
1.793834120011633004e+00	5.762325361048438843e+00	4.859579214798903202e+00	9.015357486644415275e+00
1.800115051552487300e+00	5.766861377835581060e+00	4.856558552599627099e+00	9.082368142827746738e+00
1.806393904854530330e+00	5.777845943716351407e+00	4.953371730452426291e+00	9.223489534541268853e+00
1.812674089667083432e+00	5.760452375069053055e+00	4.835047904819973041e+00	9.200298153349272923e+00
1.818956920109354058e+00	5.754988444955801086e+00	4.811059253784174317e+00	9.250647350362244836e+00
1.825244164118212220e+00	5.740957380554912781e+00	4.789923232238765038e+00	9.296757863797489918e+00
1.831527256642196955e+00	5.720527387325336832e+00	4.817741885675876468e+00	9.259865270765287093e+00
1.837811294935716599e+00	5.747553915844956229e+00	4.806218750230368819e+00	9.395006425543302342e+00
1.844100717411196744e+00	5.749050470052235795e+00	4.882815733513092837e+00	9.535256066496781813e+00
1.850384816792487230e+00	5.726494734276951881e+00	4.787851721528724624e+00	9.414858869368355698e+00
1.856666059735203822e+00	5.751909185988118622e+00	4.851243554430039850e+00	9.575119132725173898e+00
1.862947728675613979e+00	5.744765766082107206e+00	4.806601913045970953e+00	9.619755395539622000e+00
1.869229324466858078e+00	5.754228436827486526e+00	4.828042195045261664e+00	9.684866958891898747e+00
1.875517616802973686e+00	5.727867234400669361e+00	4.699328600750402707e+00	9.610525145227603261e+00
1.881800769033795229e+00	5.750434144980310691e+00	4.756471605407104342e+00	9.765256176111853037e+00
1.888078863416442710e+00	5.735239760648386920e+00	4.708416400213330633e+00	9.671708558211891571e+00
1.894353975182237582e+00	5.760582211114214424e+00	4.754391501435037526e+00	9.873116334022714824e+00
1.900642716154182565e+00	5.762958077521786571e+00	4.700896986302188552e+00	9.833465536586510680e+00
1.906933494748685121e+00	5.775605938704760689e+00	4.784750839062931860e+00	1.004655441317567721e+01
1.913207568676573933e+00	5.785887532411700285e+00	4.687701366705372408e+00	1.007345883847218282e+01
1.919490884732178992e+00	5.790751446411446679e+00	4.751515021431890418e+00	1.017385426901782175e+01
1.925776855684274480e+00	5.782081281099102910e+00	4.649868613620575353e+00	1.010357140141161736e+01
1.932064452961978152e+00	5.766534021752834249e+00	4.668421150571960609e+00	1.012140301781346174e+01
1.938342610030488800e+00	5.785061270009528300e+00	4.572107031616037709e+00	1.010838247185697014e+01
1.944618341543410178e+00	5.788280252294141448e+00	4.537211279428920108e+00	1.014582111178606283e+01
1.950906260203513876e+00	5.808333270207443277e+00	4.574063827644438973e+00	1.027651085964108191e+01
1.957194556613796488e+00	5.832966198121684265e+00	4.590959822506119892e+00	1.040827928157563598e+01
1.963479614559011432e+00	5.830674552268805044e+00	4.531808558074963855e+00	1.037687202699429534e+01
1.969760361532916226e+00	5.833435016090819047e+00	4.512255719402245013e+00	1.042076806439198400e+01
1.976048367034604736e+00	5.823358873982814821e+00	4.481724075527177220e+00	1.039747099045674794e+01
1.982337990217652335e+00	5.845484860811777317e+00	4.424687140199689672e+00	1.055636021244431433e+01
1.988617489259562721e+00	5.877464749507812947e+00	4.434560927507368078e+00	1.060479061877583717e+01
1.994896320665194178e+00	5.877769529402864457e+00	4.397873134859244360e+00	1.060378807237603382e+01
2.001179596222827151e+00	5.869161420744267055e+00	4.354968907053714311e+00	1.055455263411566236e+01
2.007459756923499761e+00	5.898375973289271990e+00	4.350076948617161321e+00	1.073204324280752076e+01
2.013737397779169935e+00	5.926907037602810568e+00	4.335020103348874443e+00	1.080926869217866937e+01
2.020017234677497164e+00	5.920841578206539779e+00	4.147515201149765574e+00	1.071047491231542104e+01
2.026310251015072783e+00	5.938862214948471774e+00	4.221111018643588508e+00	1.079733300655578709e+01
2.032600542948020284e+00	5.943590321779633534e+00	4.212410926371725317e+00	1.085015001452124039e+01
2.038873863192099289e+00	5.960185074304387598e+00	4.111274794470770821e+00	1.086988287570657441e+01
2.045154087821675404e+00	5.981175406871509281e+00	4.129350394798329660e+00	1.101213657391763334e+01
2.051444704514288730e+00	6.002687706104398835e+00	4.015587812192441319e+00	1.103368517528090464e+01
2.057730430280644729e+00	6.002986294511605259e+00	3.955780003483198914e+00	1.098584394360804950e+01
2.064013940455224461e+00	6.041837761256184436e+00	4.000299919379556535e+00	1.112590190439748028e+01
2.070299891179459895e+00	6.035105844316369428e+00	3.898897796612483369e+00	1.111000483384529502e+01
2.076589719964883951e+00	6.036175069729218912e+00	3.784984485731967219e+00	1.106670372520012435e+01
2.082865483794470673e+00	6.063077594444613361e+00	3.790851124772720571e+00	1.115880752283766775e+01
2.089134494859368640e+00	6.086631036962603325e+00	3.735108355449308526e+00	1.121302110029933274e+01
2.095424211360070288e+00	6.104959653921532059e+00	3.771847136487724850e+00	1.126385262088415296e+01
2.101707116664804254e+00	6.126403161860868529e+00	3.703103219430306847e+00	1.130339471801004869e+01
2.107986473933564309e+00	6.153981184812101546e+00	3.620386922658267448e+00	1.132956240162047479e+01
2.114271806543862375e+00	6.151230718215188631e+00	3.601517374090156487e+00	1.133275858259577795e+01
2.120552717288892275e+00	6.176148283257376193e+00	3.468149726144871270e+00	1.137170421084508298e+01
2.126836933207161717e+00	6.203985572400728898e+00	3.425905912348767401e+00	1.142749522800058593e+01
2.133122044791171845e+00	6.225470674299306673e+00	3.425527223343197925e+00	1.151435810034725193e+01
2.139411711910842673e+00	6.265570323427845700e+00	3.314696438187176408e+00	1.159897516692641695e+01
2.145697076775292089e+00	6.253562866271566989e+00	3.274362260437311711e+00	1.146885045863879071e+01
2.151973548606471276e+00	6.299904442995992504e+00	3.234875981705167103e+00	1.164404956336338337e+01
2.158259913555724108e+00	6.316610798208811772e+00	3.104375820758535465e+00	1.160036402741178208e+01
2.164545396699105506e+00	6.351130498769588684e+00	3.112420361883698305e+00	1.173719774018762685e+01
2.170830700377734068e+00	6.369929094987957008e+00	3.042779065520691884e+00	1.175687417249211819e+01
2.177114138849150393e+00	6.382783399887810738e+00	2.970607492515567660e+00	1.174114720484689833e+01
2.183387647576827018e+00	6.403228436917759225e+00	2.944303111974131415e+00	1.179297743729495629e+01
2.189670273687676971e+00	6.422641823215812451e+00	2.820773964991604821e+00	1.177034144666607851e+01
2.195960147934207463e+00	6.456519106749862402e+00	2.819118790602508806e+00	1.192327179326144027e+01
2.202242556317716371e+00	6.491848019359307109e+00	2.745043278019115629e+00	1.193242944459789534e+01
2.208521655981037668e+00	6.519596910015859059e+00	2.664945697962380233e+00	1.198805406930257256e+01
2.214804637081333016e+00	6.540051378134064564e+00	2.585892477533636491e+00	1.199888206358208187e+01
2.221092583349425276e+00	6.562108828878132627e+00	2.535377112617967388e+00	1.200229197218999744e+01
2.227372893591468728e+00	6.599431471569142005e+00	2.463114545161264601e+00	1.207609628846546634e+01
2.233657161144248171e+00	6.635879756422490949e+00	2.419654088099914446e+00	1.218196939603119944e+01
2.239943485394438660e+00	6.649899214419235705e+00	2.245708816931104135e+00	1.214006511683749601e+01
2.246224175264620815e+00	6.674045991297289149e+00	2.242391818687794913e+00	1.213296701914706155e+01
2.252506378421252009e+00	6.710967680013653514e+00	2.116439499589063189e+00	1.222007514280249474e+01
2.258783417054270437e+00	6.726325839055451006e+00	2.066473360081808597e+00	1.226277937502433524e+01
2.265069077371457684e+00	6.760635353183671370e+00	2.033415569922337962e+00	1.227422313509832108e+01
2.271350377044131452e+00	6.811748547255942476e+00	1.961667695258059396e+00	1.241811190854067704e+01
2.277633995145353918e+00	6.810875317044997601e+00	1.890591272242502230e+00	1.228546022163292228e+01
2.283922419579920149e+00	6.856530487091525572e+00	1.850847187372620439e+00	1.240531269783408064e+01
2.290202874392252674e+00	6.892007152373608392e+00	1.774059688646903110e+00	1.248246936443104538e+01
2.296490779970905560e+00	6.921139942086512953e+00	1.612091638985769348e+00	1.242540188116475619e+01
2.302771769934229162e+00	6.955583474507985642e+00	1.538431289774020438e+00	1.253568457711547168e+01
2.309051364164305564e+00	6.990307797828568148e+00	1.434237540911029063e+00	1.253600889058408541e+01
2.315338502539088239e+00	7.005712310113844765e+00	1.403402142106510375e+00	1.252141099392955148e+01
2.321627336503874428e+00	7.051582927581454996e+00	1.349676994720556023e+00	1.262473460837426664e+01
2.327911878297218795e+00	7.094824274349916138e+00	1.262079352066223237e+00	1.273297189389414719e+01
2.334186238580297168e+00	7.138831089481598724e+00	1.118348373168381205e+00	1.279581713812243038e+01
2.340467971862688401e+00	7.146205105059970641e+00	1.085589447274817321e+00	1.270886201589361875e+01
2.346756940970738725e+00	7.187770274192399000e+00	1.045682646141721683e+00	1.276328979709190392e+01
2.353044444556199988e+00	7.223483999458219174e+00	9.080090909599541904e-01	1.283822605326537136e+01
2.359327653314069906e+00	7.249424857848915771e+00	8.682424085226109201e-01	1.283489821797623343e+01
2.365603048789861607e+00	7.298776310023375125e+00	7.495846949546162152e-01	1.292158505172628224e+01
2.371885911737665165e+00	7.313637052381175785e+00	6.450105625237595453e-01	1.287300589205385926e+01
2.378173303594019572e+00	7.367659296242736744e+00	5.535220508452542987e-01	1.298335819315713735e+01
2.384454016539381271e+00	7.377215837967491474e+00	5.485596895153017627e-01	1.294171966952055897e+01
2.390736447344785187e+00	7.457458514022583529e+00	4.234825948575153265e-01	1.311929782548135570e+01
2.397014133897952259e+00	7.468255494494594693e+00	3.334447574136826797e-01	1.300508583290843312e+01
2.403295490074321972e+00	7.501487205502238353e+00	3.182401235117949811e-01	1.309664243783184112e+01
2.409585049672506862e+00	7.546674730627118244e+00	2.335423514832540848e-01	1.314922909834706566e+01
2.415871703165322071e+00	7.585515066823971253e+00	1.089103044461603859e-01	1.313515302983624622e+01
2.422160652369088840e+00	7.618756151786008068e+00	8.006350200515865989e-02	1.319605025664926146e+01
2.428440167222748691e+00	7.668417072044966254e+00	-2.885458492450529086e-02	1.329686188144709647e+01
2.434717472383889803e+00	7.679479480541659520e+00	-1.151275967467255135e-01	1.321161022517415873e+01
2.441002456202044257e+00	7.769922056285846423e+00	-2.094499008877662438e-01	1.349786200972237182e+01
2.447289980304530488e+00	7.754831968477331472e+00	-3.205418817476026749e-01	1.328010051440656980e+01
2.453571844729242279e+00	7.799139976329908741e+00	-3.439201086630544468e-01	1.338180535817012817e+01
2.459852705114058846e+00	7.835338320094979103e+00	-4.588584132355781331e-01	1.333645285816914772e+01
2.466139233225018934e+00	7.866249110638785957e+00	-4.810918617949504483e-01	1.341977372911408750e+01
2.472421963421291391e+00	7.896459537644593851e+00	-5.453269484620141272e-01	1.338536947033465552e+01
2.478698519174224568e+00	7.948635839250163926e+00	-6.670599172627060813e-01	1.342571851078501766e+01
2.484980841400355800e+00	8.009930956805192181e+00	-7.588950995437809821e-01	1.354768827229696093e+01
2.491269319409339822e+00	8.018569040014234872e+00	-8.011033227332754469e-01	1.344222250640524408e+01
2.497548505139029373e+00	8.072090059194414025e+00	-9.307112138605340146e-01	1.357503594589544171e+01
2.503831667172610853e+00	8.112152717529630408e+00	-9.746799717363727744e-01	1.358652597598637257e+01
2.510117938323931153e+00	8.138666643745740004e+00	-1.039109724259425604e+00	1.356257674799503476e+01
2.516400733681277480e+00	8.177595622970775580e+00	-1.082370345590468741e+00	1.362124712571357499e+01
2.522688226833368130e+00	8.226025328507381218e+00	-1.182519221705773838e+00	1.365931758488742531e+01
2.528971695852665569e+00	8.270950906260253532e+00	-1.298417018713379667e+00	1.378982406780563785e+01
2.535252039407670299e+00	8.265621890632834479e+00	-1.355593180333912295e+00	1.355116704591036481e+01
2.541537514142774512e+00	8.340959923635749007e+00	-1.389254506000197509e+00	1.373419766365119266e+01
2.547823008847572179e+00	8.364219855951700922e+00	-1.471153427756151100e+00	1.372826053847132322e+01
2.554100666580690238e+00	8.420313070266953304e+00	-1.572453155006564796e+00	1.373660504681154215e+01
2.560376788884177301e+00	8.483989360140711256e+00	-1.719387429444612536e+00	1.389474552117172301e+01
2.566667521601497359e+00	8.497861649991774513e+00	-1.714429409276958527e+00	1.384085443504634583e+01
2.572955062237090473e+00	8.544186554181742110e+00	-1.861034435360041650e+00	1.387101289615303656e+01
2.579233771797999175e+00	8.581573671345498866e+00	-1.853848154838017681e+00	1.387550838996484259e+01
2.585520164300948220e+00	8.627519162493678451e+00	-1.934288396691549616e+00	1.396716714938834158e+01
2.591805130332431872e+00	8.674715689784852302e+00	-2.006852989342192917e+00	1.399770345954813777e+01
2.598084074692260881e+00	8.683499714538735148e+00	-2.118575051134166998e+00	1.389461072548232856e+01
2.604360404197643586e+00	8.727641996450790529e+00	-2.123963496686757324e+00	1.392519180496308095e+01
2.610647185140439142e+00	8.750536431996581044e+00	-2.166370346118925205e+00	1.386173141469762804e+01
2.616931864059273138e+00	8.801456037528756937e+00	-2.294961460819014754e+00	1.389435249682126639e+01
2.623206107911065565e+00	8.850347140514177369e+00	-2.350974693275825089e+00	1.403509037650685620e+01
2.629491626543270844e+00	8.856795545706305006e+00	-2.363814170323815578e+00	1.384938711578270087e+01
2.635778507982642349e+00	8.905793646394458918e+00	-2.406569909454066902e+00	1.394862306682288100e+01
2.642061039325260818e+00	8.958576286663703314e+00	-2.476750192332356271e+00	1.397905011310755796e+01
2.648343840729305843e+00	8.994417451856516976e+00	-2.589467742181895016e+00	1.403773134515066090e+01
2.654631838974855551e+00	9.043610793107394130e+00	-2.668547220082445381e+00	1.406393685233836877e+01
2.660919001246303761e+00	9.067659513110129410e+00	-2.764855629475462262e+00	1.408050813763821907e+01
2.667198525130066056e+00	9.145387204943869364e+00	-2.806651560889711572e+00	1.418146038061679093e+01
2.673484307038032526e+00	9.164201634999585622e+00	-2.848003095021998110e+00	1.415200869147864360e+01
2.679773388053849459e+00	9.179029935801555240e+00	-2.850779645495159720e+00	1.408076009645312432e+01
2.686058217632288692e+00	9.241606926815206791e+00	-3.023542592718727384e+00	1.413357586095779617e+01
2.692338738200057868e+00	9.263461162480201239e+00	-2.987227601852655567e+00	1.411043821731137626e+01
2.698618022887226964e+00	9.276824601992382568e+00	-3.017106928632799168e+00	1.405521090611443036e+01
2.704895450708277860e+00	9.341573749121900860e+00	-3.141373529932394160e+00	1.407716613879724399e+01
2.711175674923682166e+00	9.359403772854104631e+00	-3.159147611912891396e+00	1.408393896688827063e+01
2.717459832966957922e+00	9.418254981737140596e+00	-3.233914779810510343e+00	1.418072202873585574e+01
2.723745731959044569e+00	9.489071033102394637e+00	-3.304920429443564789e+00	1.426962800928930797e+01
2.730038414850594730e+00	9.483677917170135530e+00	-3.264396371714982870e+00	1.409983874263298809e+01
2.736317989800789441e+00	9.553117856662442620e+00	-3.364552822805067844e+00	1.418367678167600765e+01
2.742591858549239703e+00	9.559239223404604857e+00	-3.421167032801156527e+00	1.415586794894154998e+01
2.748879749010778362e+00	9.589012828969845970e+00	-3.435344438160861547e+00	1.410393178379983325e+01
2.755163403825859447e+00	9.647573233965209383e+00	-3.567120899182255389e+00	1.418901281831695549e+01
2.761446955625852073e+00	9.680401709570723767e+00	-3.623130381706104686e+00	1.421785614274685017e+01
2.767732088935374701e+00	9.718922738674912409e+00	-3.583283580958379400e+00	1.424720536780401936e+01
2.774015452421743966e+00	9.748558374162280771e+00	-3.646580732397300739e+00	1.421387958032515364e+01
2.780298635700591436e+00	9.790228059562300800e+00	-3.669865075629289208e+00	1.419021506346163974e+01
2.786577474762241380e+00	9.825252839021544560e+00	-3.732801305610996767e+00	1.417761148546398431e+01
2.792857983210164541e+00	9.875776603951740285e+00	-3.866092544217467619e+00	1.423480259410541393e+01
2.799143790920211483e+00	9.903770197799675046e+00	-3.785554798601281856e+00	1.425960510295483985e+01
2.805430058399325244e+00	9.948602571432113351e+00	-3.863586411950308275e+00	1.422411162164546106e+01
2.811715058209780072e+00	9.969914135096573204e+00	-3.904282975937198419e+00	1.411041262377056604e+01
2.817989272498773623e+00	1.001697704448601733e+01	-3.952541080857184586e+00	1.423677289862274442e+01
2.824269171595737760e+00	1.003849691340703210e+01	-3.964422147983295286e+00	1.415983170122462553e+01
2.830563016441804081e+00	1.009478331391528627e+01	-4.000117519343088901e+00	1.422111468611689844e+01
2.836848750951622034e+00	1.015573016593913103e+01	-4.103621409371630335e+00	1.438400454954612862e+01
2.843130027866129783e+00	1.017008416517770364e+01	-4.102745545692158657e+00	1.423453697861660316e+01
2.849413896912404986e+00	1.026435617239064158e+01	-4.233170925523971562e+00	1.443014291327422782e+01
2.855697464522425566e+00	1.025395334854823126e+01	-4.179597707218666969e+00	1.428715714661339398e+01
2.861978799810683594e+00	1.031983560943814560e+01	-4.266281858348661693e+00	1.438241032904292993e+01
2.868262469415629567e+00	1.033296687383892198e+01	-4.274699086131327874e+00	1.434701157505791436e+01
2.874547359206753860e+00	1.037265272277095640e+01	-4.279897828945568250e+00	1.435073613242525070e+01
2.880831111471525041e+00	1.039581891423036986e+01	-4.302671623363234943e+00	1.429834210427464569e+01
2.887113216972382546e+00	1.046734571414112125e+01	-4.400817726073745106e+00	1.435742835628404812e+01
2.893394504725182781e+00	1.051777470430564598e+01	-4.469841904016672807e+00	1.442887254322708834e+01
2.899673662137033592e+00	1.052361850651950803e+01	-4.411396647397342718e+00	1.436228720140706905e+01
2.905953958587380814e+00	1.060164178308337313e+01	-4.549562977693249799e+00	1.450041823640240324e+01
2.912241118105161064e+00	1.064633664660700596e+01	-4.582436502420676128e+00	1.454247331646879715e+01
2.918525996366671205e+00	1.067799947698433805e+01	-4.608409003182513786e+00	1.452547725080997942e+01
2.924809035425688819e+00	1.071243744710600154e+01	-4.618932835124525127e+00	1.451883554655274722e+01
2.931095916293684933e+00	1.072872202073489234e+01	-4.634771476016765313e+00	1.440187007312189671e+01
2.937378182606774413e+00	1.079184591360189494e+01	-4.649204789181001551e+00	1.450036903159164048e+01
2.943659980254369923e+00	1.082146895645269957e+01	-4.727729321409796626e+00	1.446092897898067697e+01
2.949946454403890250e+00	1.085643484443582985e+01	-4.749195074761142443e+00	1.449758149133937302e+01
2.956227653702202307e+00	1.089307801192941305e+01	-4.714505984761922619e+00	1.452898721132430104e+01
2.962510478867462993e+00	1.096501772314027789e+01	-4.851641542813879937e+00	1.454319540417407630e+01
2.968796535179442309e+00	1.099182979706302810e+01	-4.831684315509574112e+00	1.459603872471831743e+01
2.975077657376874907e+00	1.105820709268675728e+01	-4.864321373500457568e+00	1.466200754290150954e+01
2.981359866759223376e+00	1.106973475340060098e+01	-4.889391609673761074e+00	1.452376635486698042e+01
2.987646761575656562e+00	1.114825254604635596e+01	-4.995414204572859340e+00	1.473543998956674095e+01
2.993929038370399365e+00	1.117695317696079904e+01	-4.985467051883810008e+00	1.465914987067907305e+01
3.000206214840962726e+00	1.122852704494986931e+01	-5.052903477697766377e+00	1.483998146901351589e+01
3.006486172402415669e+00	1.126222829141463500e+01	-5.017696797012772159e+00	1.472003037271260695e+01
3.012769812211594456e+00	1.129730278059709292e+01	-5.025518449513641350e+00	1.476179758756703464e+01
3.019053144326170113e+00	1.141169702494448401e+01	-5.171842831536901386e+00	1.498842432203788810e+01
3.025337405144251424e+00	1.139555417623698297e+01	-5.098930353640808377e+00	1.486839805732085296e+01
3.031623734799107961e+00	1.146175673179147303e+01	-5.206191955489741119e+00	1.495369671230850095e+01
3.037908962055872575e+00	1.148928587594235395e+01	-5.206076598423479140e+00	1.488558868341822361e+01
3.044195067146031608e+00	1.156086897063171115e+01	-5.310661383945261882e+00	1.507594773827892176e+01
3.050475543482170426e+00	1.161131377841136469e+01	-5.299723759955853986e+00	1.511701521431192852e+01
3.056754954538277502e+00	1.164826091766372151e+01	-5.317631007700600598e+00	1.513902335784546516e+01
3.063040539557494668e+00	1.168480524841918999e+01	-5.294821513807800528e+00	1.511684052856968563e+01
3.069323699454357346e+00	1.174179653162549819e+01	-5.400206556676939940e+00	1.517799694977723313e+01
3.075610692642898769e+00	1.182158401744894860e+01	-5.442551233771858676e+00	1.535895210338630079e+01
3.081893798009918584e+00	1.183635632610136135e+01	-5.442393179083891752e+00	1.529008994755434259e+01
3.088174549548037717e+00	1.194253052378401136e+01	-5.605132189629594031e+00	1.550083285871823691e+01
3.094458635632868493e+00	1.195419403505676037e+01	-5.516546978020687497e+00	1.542741725147166854e+01
3.100743982931558840e+00	1.203492447225453432e+01	-5.558663898710851647e+00	1.553451131496576920e+01
3.107028111748448396e+00	1.206840243345645902e+01	-5.615171550388608601e+00	1.559905960470483599e+01
3.113309299655494300e+00	1.214861925446648527e+01	-5.610282650224737822e+00	1.570485293918379632e+01
3.119590662867241626e+00	1.221030923018148506e+01	-5.683729236761498882e+00	1.580586921478496443e+01
3.125874006820172912e+00	1.223738864000672422e+01	-5.805627667919526225e+00	1.575387335018574930e+01
3.132159251154602586e+00	1.232405604577703251e+01	-5.774090873433217475e+00	1.591797463887976427e+01
3.138439172765940643e+00	1.237718866227544368e+01	-5.775905737546954910e+00	1.601553672962408825e+01
3.144723867719826593e+00	1.239120168088342311e+01	-5.815798324690409693e+00	1.600651045988022503e+01
3.151003951258561031e+00	1.250235933404266575e+01	-5.927069314871883599e+00	1.624644695049276777e+01
3.157283664131563139e+00	1.252057162078085817e+01	-5.921251513196193805e+00	1.614118912073403678e+01
3.163569317183839935e+00	1.258135341693643561e+01	-5.927773065904727190e+00	1.626671237664269043e+01
3.169851661717792091e+00	1.268060561769198813e+01	-6.021165339338365285e+00	1.642431780658061413e+01
3.176137704316093657e+00	1.271104856835492747e+01	-6.045530657414807330e+00	1.641916249257026550e+01
3.182420924828643916e+00	1.279797332627900275e+01	-6.104327080579775355e+00	1.664013041049017261e+01
3.188702811875577581e+00	1.282861182752443163e+01	-6.047763173378098323e+00	1.655770483205015609e+01
3.194990520008989865e+00	1.293091816281579831e+01	-6.262271810491226276e+00	1.684938066380654575e+01
3.201275324656983834e+00	1.299593097635560746e+01	-6.238040755998884634e+00	1.689122062339135866e+01
3.207551352179861759e+00	1.306540222702078502e+01	-6.351158068558875769e+00	1.702538390067062934e+01
3.213835216737041645e+00	1.308675677755779709e+01	-6.266575203768451452e+00	1.704229393382315294e+01
3.220122579819103770e+00	1.296674351781575218e+01	-5.931872707795784017e+00	1.624460525273233813e+01
3.226406606618656525e+00	1.259258300613383241e+01	-5.038865533100795879e+00	1.452305555681225968e+01
3.232687390085645429e+00	1.222454138635238330e+01	-4.219422588155908649e+00	1.271278572744920687e+01
3.238969121280456331e+00	1.195429637456572358e+01	-3.587850273437082294e+00	1.140519481636514776e+01
3.245254751548589667e+00	1.169560791283334744e+01	-3.061000351951418619e+00	1.011600657050433227e+01
3.251534499036136783e+00	1.149274093774764438e+01	-2.575253838113775728e+00	8.997584259350427160e+00
3.257817780791052442e+00	1.129594919636813088e+01	-2.128086513113667699e+00	7.909540574981766881e+00
3.264102164154097263e+00	1.113344712631685951e+01	-1.830199505335615262e+00	6.975403734666060451e+00
3.270384152138468892e+00	1.095913671723761773e+01	-1.408164902181882727e+00	5.992121309276163821e+00
3.276669427476867735e+00	1.080871274141689042e+01	-1.141156840740920275e+00	5.203993212916405930e+00
3.282954688864507808e+00	1.070259729440599017e+01	-8.987171685587863612e-01	4.390574150363569572e+00
3.289237200334947264e+00	1.056614225921568107e+01	-6.541981097015018287e-01	3.695313057680203794e+00
3.295519587088236779e+00	1.048172226799927209e+01	-4.191966398414501138e-01	2.961096527043829862e+00
3.301805977329951958e+00	1.040502745917221361e+01	-2.619605351975229368e-01	2.318538757604976741e+00
3.308087486222440088e+00	1.034656116047402108e+01	-8.090235251582582332e-02	1.726783997952479055e+00
3.314367630234227313e+00	1.024426344252149867e+01	3.305339159210515798e-02	1.070589124829468775e+00
3.320651909732194262e+00	1.020899913216069876e+01	1.377544692014721073e-01	6.672048791121065747e-01
3.326931260376857047e+00	1.015374048133181617e+01	2.380074789415594638e-01	5.254574484681302782e-02
3.333216512447217728e+00	1.010054381174680138e+01	3.581185843798543322e-01	-4.435233498594628454e-01
3.339504489419978128e+00	1.006822395933648195e+01	4.203351835061808761e-01	-8.738613205676352136e-01
3.345786804809928405e+00	1.002556595130635664e+01	5.171911752746269908e-01	-1.364875726141462797e+00
3.352071130016277767e+00	9.998672904343036905e+00	6.081198673116240405e-01	-1.786483550318016977e+00
3.358351496304225581e+00	9.982677199417020475e+00	6.250076283751698769e-01	-2.109790397256714023e+00
3.364630591073392019e+00	9.930568793653151261e+00	6.939135359692685245e-01	-2.677034057525720101e+00
3.370916305215045483e+00	9.943134695007332269e+00	7.383553149979151797e-01	-2.944235794285148256e+00
3.377197952029413752e+00	9.919748486789350395e+00	7.890041414226555139e-01	-3.384890909781752555e+00
3.383483063818085501e+00	9.914485948534855098e+00	7.648769169540327040e-01	-3.688971096626777246e+00
3.389769992424469969e+00	9.916725776036397377e+00	7.971477696462129225e-01	-4.067029165868855323e+00
3.396051330885982100e+00	9.911027459564568431e+00	8.766418981317596337e-01	-4.396280044044296176e+00
3.402330879139463971e+00	9.924834663801151535e+00	8.548273602051633668e-01	-4.732054568415440698e+00
3.408610488352048495e+00	9.910546017928357543e+00	8.749484448553476179e-01	-5.078235585726795343e+00
3.414897837696641236e+00	9.939531232762204738e+00	8.637669438357621354e-01	-5.344769637536492368e+00
3.421180484052105619e+00	9.943888512619919240e+00	8.487650458670443765e-01	-5.645516203016082812e+00
3.427461639653846870e+00	9.938019977357191337e+00	8.476262309493297620e-01	-5.981796791210319597e+00
3.433749159643459059e+00	9.962597643063386244e+00	8.664567736924448926e-01	-6.256396456541289730e+00
3.440032646656798310e+00	9.958558019106169112e+00	8.452719135880232271e-01	-6.542700302876031770e+00
3.446313366033385339e+00	9.978539831562860840e+00	8.279814403542199441e-01	-6.786151099960328281e+00
3.452600135384134905e+00	1.000944991699381603e+01	8.104473036724364476e-01	-7.098524529478775769e+00
3.458883152815406703e+00	9.991646309747679311e+00	7.989763760054806596e-01	-7.338753881530659662e+00
3.465163834403715448e+00	1.005217309480624799e+01	7.747711003325654655e-01	-7.525497136834894185e+00
3.471449329786229221e+00	1.004930749841128979e+01	7.760431144227278866e-01	-7.831009029387210774e+00
3.477734476754053894e+00	1.009792837827601275e+01	7.484641315851318089e-01	-8.099842410841155527e+00
3.484019652467224226e+00	1.011716153501376247e+01	7.622216398558806505e-01	-8.393420248655566240e+00
3.490297019369712928e+00	1.015152270395970646e+01	6.944061828184964202e-01	-8.564526889177921376e+00
3.496582486484379970e+00	1.016683163901219800e+01	6.843511632802976585e-01	-8.801405159036848502e+00
3.502868048046865024e+00	1.019470815607721370e+01	7.196468432838907248e-01	-9.045885351294682408e+00
3.509144649545451244e+00	1.023353257928063442e+01	6.137608780339322001e-01	-9.250871612587474146e+00
3.515428082003116295e+00	1.027020860835107285e+01	6.392515017296236390e-01	-9.516936684028063809e+00
3.521711031624695565e+00	1.032235726948931287e+01	5.385676506722827384e-01	-9.673149600290024352e+00
3.527991850954735664e+00	1.034924305296109637e+01	5.468986299346267899e-01	-9.916668531453538549e+00
3.534275545726699885e+00	1.036874396225346828e+01	5.414979866386990803e-01	-1.015855843210080600e+01
3.540562632020772149e+00	1.042779009855056316e+01	4.788545181926478489e-01	-1.033983218729161635e+01
3.546844410757220789e+00	1.044496662549783217e+01	4.492615271026297319e-01	-1.057228626504737967e+01
3.553131386753758836e+00	1.051338196993864216e+01	3.870472658069175065e-01	-1.073209852776901130e+01
3.559419203211965144e+00	1.052100798395778369e+01	3.897980486182339166e-01	-1.095751118237460631e+01
3.565697971577579839e+00	1.057531498875754394e+01	3.207219932704587495e-01	-1.114166559765521747e+01
3.571979559134798254e+00	1.061599373614462039e+01	3.283599571133725692e-01	-1.136339060297518877e+01
3.578265774595833726e+00	1.064793859670163201e+01	2.458668546415166134e-01	-1.151731808261699186e+01
3.584548309769353125e+00	1.072109127240957172e+01	2.165734049002300821e-01	-1.173788455290123167e+01
3.590826843920031486e+00	1.073152985140671589e+01	1.935632723266322575e-01	-1.198422818259518685e+01
3.597107306745233934e+00	1.079806087263557401e+01	1.570871697518826104e-01	-1.215457840907809839e+01
3.603392831792229245e+00	1.083185421441630680e+01	1.529499548149514665e-01	-1.232890897886794335e+01
3.609673209822572559e+00	1.086945062219613156e+01	7.465821262278027337e-02	-1.249366815472752279e+01
3.615955412133016189e+00	1.091917952865776975e+01	4.545773655696289106e-02	-1.269426814107864487e+01
3.622241607772384686e+00	1.095375123845765231e+01	2.095211864302809132e-02	-1.290127968305402106e+01
3.628520252736676444e+00	1.101453634842679641e+01	-2.295684769328133409e-02	-1.307634350386050670e+01
3.634804827569451113e+00	1.104749001037706968e+01	-9.498893824131426911e-02	-1.323607504039538441e+01
3.641094981788862928e+00	1.110953519734386497e+01	-9.967379449073184017e-02	-1.339250863544958214e+01
3.647383514928639325e+00	1.116385344016170578e+01	-1.605859260787848575e-01	-1.362480835796081635e+01
3.653663283927725658e+00	1.118899175715592875e+01	-1.926082019281529223e-01	-1.377337409343485675e+01
3.659943504072155296e+00	1.126042120542422253e+01	-1.917925780201951425e-01	-1.401976975568156192e+01
3.666232000281138603e+00	1.131207083446145489e+01	-2.546471211961832681e-01	-1.419464205911489962e+01
3.672514211678317597e+00	1.135069245129963988e+01	-3.195233699744607359e-01	-1.430792765392233257e+01
3.678794154686042539e+00	1.139383474345336644e+01	-3.356913989025660516e-01	-1.451858738317203823e+01
3.685078621861909820e+00	1.146189748068619707e+01	-3.986733011797543580e-01	-1.467065854809849057e+01
3.691359210097977961e+00	1.149899623725114495e+01	-4.244085652675808618e-01	-1.484124879490428128e+01
3.697642368173791105e+00	1.154376216645275299e+01	-4.849355386488824471e-01	-1.496712227437276255e+01
3.703925796735277665e+00	1.162662231573447080e+01	-5.305668722845563456e-01	-1.514874352198022578e+01
3.710208240364660348e+00	1.166237556678559883e+01	-5.648852822666681206e-01	-1.533371594761335643e+01
3.716494593122387169e+00	1.171513672223259128e+01	-6.144980849205244899e-01	-1.547285268943653058e+01
3.722775386659595398e+00	1.179902948614273228e+01	-6.374513422645217142e-01	-1.565239544697477392e+01
3.729058392883481510e+00	1.181116024036560397e+01	-6.454775101659161463e-01	-1.587218104678659181e+01
3.735339748210807720e+00	1.188709973262647424e+01	-7.145208612327851316e-01	-1.600135137654238093e+01
3.741620776392969638e+00	1.192498820269313597e+01	-7.489579987737110534e-01	-1.616208655119353566e+01
3.747904795418762980e+00	1.199075276206006357e+01	-8.024332308060060370e-01	-1.631492952855222711e+01
3.754190633281219380e+00	1.204806847868909792e+01	-8.252375587250688760e-01	-1.651140632645541828e+01
3.760478208018912749e+00	1.210760714399122051e+01	-8.700587701690545295e-01	-1.665891770389689697e+01
3.766755538573464346e+00	1.215152163050644063e+01	-9.162337932344808422e-01	-1.680147896212566039e+01
3.773032090135151506e+00	1.218795050329552865e+01	-9.211309538033036759e-01	-1.696422677044684946e+01
3.779322553012896879e+00	1.226905970889140995e+01	-1.027371544233540046e+00	-1.708456871655441489e+01
3.785609109731308930e+00	1.233511807017385564e+01	-1.079811961276172294e+00	-1.728268259777397020e+01
3.791889825936295200e+00	1.237734050481063974e+01	-1.073851238056920065e+00	-1.742516961464331615e+01
3.798174822702435893e+00	1.244513781384531725e+01	-1.195836620215721569e+00	-1.750647651042297781e+01
3.804458658753491651e+00	1.246741826534225517e+01	-1.145490899179291366e+00	-1.777888950069580787e+01
3.810738438095723435e+00	1.254960113484211881e+01	-1.251946451810619587e+00	-1.780272166117813981e+01
3.817018850285747167e+00	1.257659951234393780e+01	-1.237603999731976323e+00	-1.810179418345851943e+01
3.823305314209427763e+00	1.266332892426285284e+01	-1.312735038046271674e+00	-1.822250742075556573e+01
3.829591295197792178e+00	1.272872219972848740e+01	-1.385292879939896249e+00	-1.833044224233385222e+01
3.835872296070849341e+00	1.276829583082245989e+01	-1.390585456980323764e+00	-1.857062891216284939e+01
3.842156279590906109e+00	1.285475385037460327e+01	-1.471657410251187459e+00	-1.861814805589924404e+01
3.848441511099312429e+00	1.288390274600001462e+01	-1.463049002619588146e+00	-1.885553879263071053e+01
3.854723334376886079e+00	1.297182440098598200e+01	-1.475592665922970781e+00	-1.909221100935298665e+01
3.861004740704794713e+00	1.300316886068191202e+01	-1.555666603042327178e+00	-1.912490708102809833e+01
3.867284336650660848e+00	1.305019488186937338e+01	-1.586872089667389130e+00	-1.929014399501036436e+01
3.873567367678779849e+00	1.313178921658322018e+01	-1.633252006881793061e+00	-1.946535618548867674e+01
3.879850662830422792e+00	1.317321215499012688e+01	-1.644417126769104343e+00	-1.966867035730407309e+01
3.886137063198143338e+00	1.328785929471926686e+01	-1.738598692431740478e+00	-1.974496069838404111e+01
3.892419463049126005e+00	1.331630087880005142e+01	-1.720888979707336119e+00	-1.998691156381336853e+01
3.898703740328622658e+00	1.336046013371555929e+01	-1.765759040049103001e+00	-2.014470767613352464e+01
3.904991458788179326e+00	1.343113897417883251e+01	-1.810776075235472460e+00	-2.029642235878070267e+01
3.911270842222104083e+00	1.349140358163754350e+01	-1.818124858470034910e+00	-2.050519084861881680e+01
3.917549806479573071e+00	1.354287092001131221e+01	-1.890117827968226694e+00	-2.059638710292965413e+01
3.923836006203090587e+00	1.361169915670008912e+01	-1.907725116081085970e+00	-2.081201577113364465e+01
3.930121452497870926e+00	1.365192986866054881e+01	-1.964804293214391873e+00	-2.091710566656894699e+01
3.936398172858230460e+00	1.370843218602608538e+01	-1.972905947756694811e+00	-2.109435645013028804e+01
3.942683040425962293e+00	1.380234390889313012e+01	-2.012945310244572905e+00	-2.134230464151517381e+01
3.948974759704379611e+00	1.386325371717910571e+01	-2.041034286053532210e+00	-2.148263219605222574e+01
3.955259227995065352e+00	1.388904145033818871e+01	-2.090468184228610582e+00	-2.161459888459982537e+01
3.961537174921395454e+00	1.399975289986103100e+01	-2.134821667649029919e+00	-2.185095152733335055e+01
3.967820217617139544e+00	1.403078477932900370e+01	-2.126718405984503235e+00	-2.202328539853253631e+01
3.974105559832568968e+00	1.410534886005559940e+01	-2.169609202923162172e+00	-2.215874466432956780e+01
3.980384727931198352e+00	1.415976723357156786e+01	-2.191918743282876836e+00	-2.235245700896498633e+01
3.986664590839849698e+00	1.421608116878555705e+01	-2.238612213527556793e+00	-2.252720606401395642e+01
3.992949619150675034e+00	1.432091424127346002e+01	-2.318060252498090446e+00	-2.266395308145223098e+01
3.999235075769965952e+00	1.434710591204888708e+01	-2.266523589341876921e+00	-2.290184027572676229e+01
4.005515715515433506e+00	1.444170316402223619e+01	-2.383486647059680497e+00	-2.300279512407571758e+01
4.011798434346478537e+00	1.449116859726099626e+01	-2.342086000746844476e+00	-2.327860380188493039e+01
4.018083716245132386e+00	1.455579541413462685e+01	-2.400487702072403806e+00	-2.344787615775878109e+01
4.024365700052603856e+00	1.463596149661510282e+01	-2.459818173304486599e+00	-2.357874316126026315e+01
4.030643960839860540e+00	1.463576473821066237e+01	-2.461998017209802825e+00	-2.374573718836860081e+01
4.036928708926215137e+00	1.476256127900586890e+01	-2.494427045770672979e+00	-2.397521006113830921e+01
4.043218157412017177e+00	1.482181529081944760e+01	-2.521822771875550373e+00	-2.418471718393686842e+01
4.049503019487663558e+00	1.490712416064660317e+01	-2.593548442489195693e+00	-2.432009046828106946e+01
4.055781898960511000e+00	1.493563444605163681e+01	-2.536390950515759801e+00	-2.457237322508370170e+01
4.062060795621602161e+00	1.497521535271373061e+01	-2.583457237379059190e+00	-2.473140088662876934e+01
4.068347865354716042e+00	1.510392151500954050e+01	-2.599741123552097299e+00	-2.495248828123758855e+01
4.074631027173265529e+00	1.513301993701121972e+01	-2.610019135194990181e+00	-2.520279457591361449e+01
4.080910837526078971e+00	1.522292352679496119e+01	-2.679593301191060206e+00	-2.534660342630009211e+01
4.087201203341442657e+00	1.526078349499230669e+01	-2.708898095600807743e+00	-2.545651071370281215e+01
4.093486818591942189e+00	1.532663682314422182e+01	-2.641668551373204554e+00	-2.589908290927655798e+01
4.099764387336505500e+00	1.545226262680560403e+01	-2.759635120657526031e+00	-2.599305866064558757e+01
4.106049166937662420e+00	1.542339732759666582e+01	-2.735717343249093325e+00	-2.612202562092144831e+01
4.112334559041358695e+00	1.553764444606066419e+01	-2.759585281519929101e+00	-2.639083311708950319e+01
4.118618926059533614e+00	1.560117474759742429e+01	-2.800796689753684010e+00	-2.655861459440971117e+01
4.124898942031112625e+00	1.564723792489141196e+01	-2.819223512447259328e+00	-2.675984096478335772e+01
4.131175432561665417e+00	1.575447527751784449e+01	-2.875561924085610510e+00	-2.697548422761983744e+01
4.137461563786142271e+00	1.577143215704231949e+01	-2.797902271118274609e+00	-2.730041084997223422e+01
4.143746006210170307e+00	1.589548213747120009e+01	-2.905435191822737018e+00	-2.740817122222548363e+01
4.150029800482964326e+00	1.593487161248649464e+01	-2.924625797231140467e+00	-2.761181129536164391e+01
4.156313390684649001e+00	1.600985270542812344e+01	-2.901784825368042942e+00	-2.790190734891571012e+01
4.162596105843763716e+00	1.609967196930873001e+01	-2.896295348085577981e+00	-2.817007777481784103e+01
4.168881843141768684e+00	1.615203987334226099e+01	-2.880574515306437267e+00	-2.847635203054066011e+01
4.175162111073220217e+00	1.624441112409299137e+01	-2.921279029358764490e+00	-2.866503434674570983e+01
4.181448573417560155e+00	1.628868359268468424e+01	-2.864417098241588633e+00	-2.911480732006801020e+01
4.187738782464171194e+00	1.635789877568766215e+01	-2.959162551065719793e+00	-2.911613052797155277e+01
4.194017437180169061e+00	1.646391545495866637e+01	-2.971301973003628749e+00	-2.939207087498006032e+01
4.200293572701767175e+00	1.650458941486633080e+01	-2.994313369897541932e+00	-2.963676447598787789e+01
4.206580195481546269e+00	1.657126666971288742e+01	-2.971538376778267487e+00	-2.986044071514572806e+01
4.212860644652220543e+00	1.658980751072829207e+01	-2.942117738157124407e+00	-3.018678613652448917e+01
4.219138153430114002e+00	1.672737194150732876e+01	-2.974442835499134574e+00	-3.041099828799072569e+01
4.225426162098283811e+00	1.675713332599875116e+01	-2.987879306406194591e+00	-3.061825669686424334e+01
4.231713506719782636e+00	1.688487084111500636e+01	-3.063877815137845406e+00	-3.089390661115664827e+01
4.237990056577191744e+00	1.692913564348898703e+01	-2.954428989707455600e+00	-3.128008395966695687e+01
4.244267783646744618e+00	1.696337202643730535e+01	-2.942335261790357759e+00	-3.158199905933713936e+01
4.250560660182562955e+00	1.707264675338236160e+01	-3.003381787899422672e+00	-3.171152004704711302e+01
4.256847734842668096e+00	1.711264023176598315e+01	-3.020070418415268687e+00	-3.201529568974213191e+01
4.263127100734456221e+00	1.722908977591960067e+01	-3.114066905810540131e+00	-3.213719956362120200e+01
4.269406860432507500e+00	1.727246336801651339e+01	-3.071498256410469363e+00	-3.248366890132482609e+01
4.275691671482192646e+00	1.734849947908601919e+01	-2.950161692219933851e+00	-3.304068274196723820e+01
4.281972414189518794e+00	1.744357713623558226e+01	-3.101672206828541611e+00	-3.304387304469539544e+01
4.288253516806755705e+00	1.746930708965965096e+01	-3.063736088996555917e+00	-3.334647244938437183e+01
4.294540520160492925e+00	1.757064149603564829e+01	-3.090132835078937212e+00	-3.364724388596193450e+01
4.300825742921731809e+00	1.765263316752174561e+01	-2.997193930401849116e+00	-3.416353646175607395e+01
4.307109835491901961e+00	1.769799150482187500e+01	-3.044918321437649400e+00	-3.426493750161395724e+01
4.313390926478413157e+00	1.782054985162854521e+01	-3.033640607012928481e+00	-3.467641867656013233e+01
4.319667979480563247e+00	1.786408351186323884e+01	-2.914946619387255300e+00	-3.527191454315532582e+01
4.325952598143786076e+00	1.796293911762619899e+01	-3.007338449347707776e+00	-3.526594597878523274e+01
4.332241647035422361e+00	1.799782757579130887e+01	-2.953296207177244170e+00	-3.572982908948561942e+01
4.338524445619096781e+00	1.807303573195503432e+01	-2.992973642227800379e+00	-3.592323685476305428e+01
4.344809348131129845e+00	1.812915313215133040e+01	-2.970947211634505258e+00	-3.626146320934351763e+01
4.351090699193166600e+00	1.817266061729575100e+01	-2.935206399721706383e+00	-3.668148177675343646e+01
4.357369710808320029e+00	1.830847874466856950e+01	-2.960516821175340318e+00	-3.692123859612989634e+01
4.363659348967174445e+00	1.825691856253935796e+01	-2.811798407789008358e+00	-3.741323597686329805e+01
4.369947418280990981e+00	1.838729078527802230e+01	-2.887690041280685183e+00	-3.769426259082857911e+01
4.376226569265827315e+00	1.843416216981831823e+01	-2.915967247925340899e+00	-3.791501043556306882e+01
4.382499356631129217e+00	1.852298911145622284e+01	-2.767628457664677910e+00	-3.862261249803848528e+01
4.388784975178015024e+00	1.860567861627097130e+01	-2.861607483938854557e+00	-3.874460636481234843e+01
4.395068696309480494e+00	1.862534155109626255e+01	-2.683397444709069379e+00	-3.942136531639105357e+01
4.401347962382031298e+00	1.875782279815578235e+01	-2.772677315145878563e+00	-3.958213053187731134e+01
4.407628405096517099e+00	1.877490207584565596e+01	-2.751927189597966894e+00	-3.997465901672185140e+01
4.413915862185140426e+00	1.878147055921819586e+01	-2.668518922853997388e+00	-4.044539502010328391e+01
4.420203163534264235e+00	1.887256054963214780e+01	-2.675138545853521510e+00	-4.069157891725373588e+01
4.426480311003382795e+00	1.885921450932498900e+01	-2.508331773016506450e+00	-4.142158574621343803e+01
4.432765973643649104e+00	1.907809183359929861e+01	-2.689330243703641266e+00	-4.149462562113416197e+01
4.439053392023870614e+00	1.896754963804529481e+01	-2.394364270386037941e+00	-4.224659273361476863e+01
4.445336141335588742e+00	1.914656588540308135e+01	-2.553506870763031067e+00	-4.249082027769077285e+01
4.451617241414883352e+00	1.908898551609918215e+01	-2.440408073654929844e+00	-4.291323734838623238e+01
4.457901500730311106e+00	1.903036546582636390e+01	-2.224910946256368760e+00	-4.351663699858057299e+01
4.464189501093017043e+00	1.915432289967385771e+01	-2.356226236618652159e+00	-4.361823329434760410e+01
4.470470197548729985e+00	1.910203969186136774e+01	-2.195646320579692112e+00	-4.431805164927276053e+01
4.476748044268524573e+00	1.925193515981760228e+01	-2.241388406677247147e+00	-4.460252814288201506e+01
4.483035990164653484e+00	1.916007593625609218e+01	-2.045278458827722634e+00	-4.525796016579208469e+01
4.489323331650528104e+00	1.921067746076953497e+01	-2.037238414776195050e+00	-4.564186961780374219e+01
4.495599111667934800e+00	1.923838824923355872e+01	-1.961059037634156788e+00	-4.617024016555553345e+01
4.501870922878794090e+00	1.917965041725368636e+01	-1.846484984742995383e+00	-4.675268094763848836e+01
4.508155162877705457e+00	1.929747364452304836e+01	-1.871188448820457317e+00	-4.716239856553976040e+01
4.514446451153479423e+00	1.916128436931067114e+01	-1.693905858464434200e+00	-4.769208637203486489e+01
4.520723894043856994e+00	1.921120555389644835e+01	-1.554428230139561551e+00	-4.836440512320851326e+01
4.527003782460155890e+00	1.906534891283259370e+01	-1.408086200968413637e+00	-4.888025140903545207e+01
4.533293086610313161e+00	1.910918917277847484e+01	-1.344325929742265835e+00	-4.945753453381546194e+01
4.539578989864040182e+00	1.906459703187741184e+01	-1.193485295120372713e+00	-5.005628330937093295e+01
4.545857164866476730e+00	1.902524673557905999e+01	-1.003947542811720384e+00	-5.082616560710847153e+01
4.552138955546025656e+00	1.894022451982302258e+01	-9.098243112723317649e-01	-5.128362657414194814e+01
4.558432046889146605e+00	1.893025890070191508e+01	-8.429209899531564520e-01	-5.183504134109547579e+01
4.564713463378488711e+00	1.891286441261107854e+01	-7.558917335485213496e-01	-5.231904551260042524e+01
4.570987274133244682e+00	1.891993665194062046e+01	-8.093141626781220621e-01	-5.263620432785361203e+01
4.577274818151045643e+00	1.891891240589489698e+01	-7.013568985838604108e-01	-5.313832572376096408e+01
4.583563263889338657e+00	1.895582646415821415e+01	-6.020469952970209926e-01	-5.374904467417547949e+01
4.589844917004465508e+00	1.902615060792540902e+01	-6.132437464552867867e-01	-5.418488253939462140e+01
4.596126259982004747e+00	1.905265361246345535e+01	-6.151125426219417047e-01	-5.459782187749435423e+01
4.602409075598298926e+00	1.907950444557734926e+01	-6.114501283625796146e-01	-5.497972229916389608e+01
4.608696634867644804e+00	1.917668644830300906e+01	-4.842572119171169032e-01	-5.560408361904824659e+01
4.614977646498861219e+00	1.930884194180049818e+01	-6.359729292502526166e-01	-5.612532979005479206e+01
4.621258953029527383e+00	1.932839609159434247e+01	-5.894700534959872451e-01	-5.643220548795825664e+01
4.627547993978874175e+00	1.938011466827201801e+01	-5.563924004307160276e-01	-5.688111479600657816e+01
4.633830152730579854e+00	1.941932849821497697e+01	-5.704527098920475492e-01	-5.722732394660493327e+01
4.640104005367354567e+00	1.956171832894689899e+01	-5.396118298478644881e-01	-5.783630004614634856e+01
4.646382060386754276e+00	1.959399463494139226e+01	-5.860464176122539559e-01	-5.818920875750144006e+01
4.652674213731970987e+00	1.965822827426205421e+01	-5.368740842065037322e-01	-5.863131989626493379e+01
4.658958291796220230e+00	1.973184601081670309e+01	-5.412213183808077810e-01	-5.899228876808284383e+01
4.665233615070169648e+00	1.990746691723811068e+01	-5.782751040950971921e-01	-5.972507203346773963e+01
4.671520675710307380e+00	1.990604319747371065e+01	-5.823030179066339684e-01	-5.992686251886109261e+01
4.677814351732177300e+00	2.001871258538721321e+01	-5.539530169184675445e-01	-6.048040969188634364e+01
4.684093699744638073e+00	2.012852147747472742e+01	-5.351734220269007691e-01	-6.099503974033319054e+01
4.690368661472568590e+00	2.017641416090460282e+01	-6.574173691029541189e-01	-6.116420019519699736e+01
4.696663270746453733e+00	2.027851420410610217e+01	-5.950745516103148613e-01	-6.177052701301457915e+01
4.702945459248681459e+00	2.033152445156520116e+01	-5.252468472163190905e-01	-6.220992354797050439e+01
4.709209170841929470e+00	2.050990682557026190e+01	-5.896087456502383528e-01	-6.283453704888621161e+01
4.715491634753063543e+00	2.050131893337264444e+01	-5.398580791535886325e-01	-6.305971868774303601e+01
4.721784316284933780e+00	2.075421430435946135e+01	-5.776661533942850646e-01	-6.395448045364592105e+01
4.728063062331094635e+00	2.070551608327063420e+01	-5.735560948008812110e-01	-6.397687019288876087e+01
4.734337423381671073e+00	2.088657279627055274e+01	-5.354783454166622825e-01	-6.472021935950893123e+01
4.740627024094544062e+00	2.091734590639941160e+01	-5.616177429232793727e-01	-6.500451496840159393e+01
4.746914995664547554e+00	2.104563537348241198e+01	-5.583701520443005162e-01	-6.557702809113885678e+01
4.753194740071086777e+00	2.118509451455086889e+01	-5.679954205450417071e-01	-6.610287706961592846e+01
4.759478891864783456e+00	2.128961549321264712e+01	-5.715032969470421609e-01	-6.658659359306312808e+01
4.765762396877359031e+00	2.136513947064269558e+01	-5.851834358760015231e-01	-6.696386812453862092e+01
4.772049481246195768e+00	2.147833164790990423e+01	-5.104269138576386089e-01	-6.758740252892866351e+01
4.778335091022592351e+00	2.162378077141694277e+01	-5.624540547016046999e-01	-6.810482114696455369e+01
4.784610831402393849e+00	2.170340249359568929e+01	-5.762567658308679341e-01	-6.851381504438981551e+01
4.790907306208476157e+00	2.184084614342936703e+01	-5.609059247542129700e-01	-6.910996776472140368e+01
4.797204047706418173e+00	2.189891730923441671e+01	-6.035433081438897895e-01	-6.935623493465193690e+01
4.803470827697504220e+00	2.205742492090977080e+01	-5.455870688225913367e-01	-7.010654469625086449e+01
4.809748850577324042e+00	2.215423492259691685e+01	-5.566340124501208964e-01	-7.056057837914150355e+01
4.816045316586602176e+00	2.233783643844991929e+01	-5.364773808976680547e-01	-7.128758803888935347e+01
4.822329240673497885e+00	2.239646729761567912e+01	-5.058756482177699798e-01	-7.164762541346971148e+01
4.828596758226470165e+00	2.253808114048268507e+01	-5.959259699833339141e-01	-7.210993362820934749e+01
4.834890332961369275e+00	2.264177992039143561e+01	-5.471087769836452397e-01	-7.266221346567010642e+01
4.841191655056394261e+00	2.274804954592176998e+01	-5.576402415458986406e-01	-7.313807195276493189e+01
4.847460407468000554e+00	2.293805531628680683e+01	-5.433472507540826335e-01	-7.391700033833195960e+01
4.853732128521334843e+00	2.310338392262387330e+01	-5.646427740096807701e-01	-7.451243903331065610e+01
4.860029138783373170e+00	2.315086752062351749e+01	-4.742571086469146158e-01	-7.496615002691379459e+01
4.866314601732018019e+00	2.339516489989838277e+01	-5.725453067469097324e-01	-7.574927822179098769e+01
4.872587026269203925e+00	2.336987570820746996e+01	-5.095785974800042251e-01	-7.581947483594343851e+01
4.878874221748241702e+00	2.353406505639247470e+01	-5.675685799246903418e-01	-7.646620167953388147e+01
4.885171078138658807e+00	2.363455846072348621e+01	-4.790592198401266155e-01	-7.705825970678631620e+01
4.891450629931857641e+00	2.379911679880998676e+01	-4.696453436748245780e-01	-7.764652730038861250e+01
4.897716482750221978e+00	2.401883552736234861e+01	-4.751273613459735534e-01	-7.849277017713905025e+01
4.904002834596266069e+00	2.411342545758392930e+01	-4.793632635407750753e-01	-7.896080782763020522e+01
4.910295858205786068e+00	2.423829718778919329e+01	-5.188394957783222239e-01	-7.942227589054694192e+01
4.916575188115905881e+00	2.446623568152640971e+01	-3.877770561810726657e-01	-8.042921211501268886e+01
4.922847946197084212e+00	2.466598690057893606e+01	-4.591458260219872245e-01	-8.113385970002056524e+01
4.929131667457151700e+00	2.460494214399920310e+01	-4.847047997533909802e-01	-8.101152599740143501e+01
4.935434460144239033e+00	2.492248965519645054e+01	-4.586893990762420104e-01	-8.219251356401167641e+01
4.941718513303545279e+00	2.502426528768551250e+01	-4.513481999712475878e-01	-8.268175582459286943e+01
4.947978624761803168e+00	2.512728074927525412e+01	-4.523045037242897637e-01	-8.316734636663265690e+01
4.954274999209829389e+00	2.545913390863950809e+01	-4.371687014559160200e-01	-8.432598650313948951e+01
4.960571094729937514e+00	2.538027990186776250e+01	-3.518304463717086827e-01	-8.429570792025729986e+01
4.966823207626954506e+00	2.568495640433590665e+01	-3.752632834470356338e-01	-8.541284255440841378e+01
4.973097418390337587e+00	2.581511693884148784e+01	-3.018440959101600374e-01	-8.606346648835118174e+01
4.979415129936382023e+00	2.598569734531605846e+01	-3.705537459678874823e-01	-8.663170835033939454e+01
4.985702082330368157e+00	2.615557756318240479e+01	-3.742454506695588323e-01	-8.727594806343822142e+01
4.991949985828016523e+00	2.626259846296628453e+01	-3.525744379263989203e-01	-8.777827899313959392e+01
4.998241586316924057e+00	2.646854093434818367e+01	-3.310202990315660454e-01	-8.862440786364207668e+01
5.004556635606089543e+00	2.656304296944152910e+01	-3.297993954431855945e-01	-8.900232413023853439e+01
5.010828655701208945e+00	2.685671016966359304e+01	-3.524549797725020084e-01	-9.007336688535500002e+01
5.017077229702536556e+00	2.704368314888975178e+01	-2.756472408486346226e-01	-9.086762974013552707e+01
5.023374414758113637e+00	2.722604217976088847e+01	-3.410751073286537594e-01	-9.153387098819062828e+01
5.029688873569548413e+00	2.747203212907225733e+01	-3.237648611524718278e-01	-9.247440686231679763e+01
5.035958413584124216e+00	2.767492168756747617e+01	-3.222994610720700814e-01	-9.321239193348124275e+01
5.042232667658486989e+00	2.766230947197191625e+01	-2.853312679846903288e-01	-9.336499187515417475e+01
5.048528755870775875e+00	2.774235600995621809e+01	-2.866381853586855155e-01	-9.372752825139653510e+01
5.054821121427484520e+00	2.819679828143830846e+01	-2.446877604152074559e-01	-9.533269944395196660e+01
5.061069509814582368e+00	2.825956908725556005e+01	-3.075117824263937094e-01	-9.560038689226200859e+01
5.067347812754101177e+00	2.845292805660049851e+01	-2.453860640809159555e-01	-9.640460126662675577e+01
5.073675050630431116e+00	2.887609240485545214e+01	-2.396609165503235384e-01	-9.796283667932786443e+01
5.079945928388977627e+00	2.896185139978796386e+01	-1.901767088154200092e-01	-9.837952580380597567e+01
5.086192992546071601e+00	2.902101753435445985e+01	-1.090482945570603740e-01	-9.872312522869653151e+01
5.092484128970163226e+00	2.937614196531956523e+01	-2.681429828854117736e-01	-9.990077009360319948e+01
5.098802924706086870e+00	2.945532385952305532e+01	-2.071369051646065884e-01	-1.003074282658509162e+02
5.105078217426394005e+00	2.983194033288481961e+01	-1.130833354712706684e-01	-1.017686423367522082e+02
5.111325076574067872e+00	3.011356683055799266e+01	-1.765908808572484168e-01	-1.027752397147748695e+02
5.117628358851224135e+00	3.027875002223896317e+01	-2.034322853198586578e-01	-1.033684787746832683e+02
5.123935939383525984e+00	3.057150253691258257e+01	-1.520987233829528273e-01	-1.045102023308547814e+02
5.130199176325612065e+00	3.054412761934975862e+01	-1.580800085038354674e-01	-1.044490560171227997e+02
5.136469985878846956e+00	3.104105089916197713e+01	-2.793867616265316434e-01	-1.061202706457447107e+02
5.142797788696348071e+00	3.097014979272955415e+01	-1.815464710170846263e-01	-1.060521378030734638e+02
5.149090378043822192e+00	3.174725313705843277e+01	-1.046802376048545230e-01	-1.088893933802490324e+02
5.155289879840074363e+00	3.159781142146730915e+01	-1.363510483228419778e-01	-1.083984461855976349e+02
5.161564521234301317e+00	3.205737340038152894e+01	-1.531713155100844215e-01	-1.100556546406565133e+02
5.167916673496016244e+00	3.205078709982070961e+01	-1.864424490156257608e-01	-1.100480834088135538e+02
5.174205974602950064e+00	3.223913977371906725e+01	-1.196861965913156162e-01	-1.108265317314389335e+02
5.180434820793812456e+00	3.268797364579520348e+01	-1.247515318016804570e-01	-1.124335637666022620e+02
5.186729096569634656e+00	3.298583735380638871e+01	-1.393804662520647386e-01	-1.135493475288199079e+02
5.193058481037780894e+00	3.345428419087775040e+01	-7.770850552723782001e-02	-1.152824069522648074e+02
5.199319511444338460e+00	3.373165398644403723e+01	-1.523764921982274090e-01	-1.161967055635239774e+02
5.205574295584361799e+00	3.367038913981946280e+01	-1.670669662571770964e-01	-1.160517248487316380e+02
5.211894977074066126e+00	3.406887621399531696e+01	-7.743832861670375822e-02	-1.176086851916436018e+02
5.218201708336958511e+00	3.435735097608956323e+01	-1.632136272287296880e-02	-1.187093063417017618e+02
5.224411911780083351e+00	3.501332557221599018e+01	-7.330391294468166508e-02	-1.209627936027720523e+02
5.230677632666463239e+00	3.483182287144437339e+01	-4.421455551915077359e-02	-1.204527712929119758e+02
5.237056729559757429e+00	3.582463063205858589e+01	-1.637848249016641000e-01	-1.238098848092035809e+02
5.243336785035660697e+00	3.576322723823531646e+01	-6.945562891150641738e-02	-1.237479137304620025e+02
5.249493476178225038e+00	3.634600250068791638e+01	-6.455819358575334843e-02	-1.257985113383984555e+02
5.255787017738318134e+00	3.623228994084471566e+01	-1.094519963002128921e-01	-1.254911711993152750e+02
5.262205327426889845e+00	3.645117554132831827e+01	-9.645373862232520246e-02	-1.262870554267445868e+02
5.268477758348532269e+00	3.725730681493591590e+01	-1.188283327730344646e-01	-1.291036490282931766e+02
5.274632213654732560e+00	3.718980605486958524e+01	-8.956891687444849814e-02	-1.289271986085185517e+02
5.280950543314659740e+00	3.819521689995915636e+01	-5.549749995960766985e-02	-1.325498839578216916e+02
5.287327645024750389e+00	3.801399364502815104e+01	-1.202194753222720069e-01	-1.318798545182579289e+02
5.293582359180156516e+00	3.863892346837106118e+01	-9.371035661184308474e-02	-1.341023929785335440e+02
5.299789992649893478e+00	3.872648697800642736e+01	-9.774662122357130611e-02	-1.344886350774861796e+02
5.306111460381987222e+00	3.954886660515898456e+01	-1.136716675898134798e-02	-1.375030945596486447e+02
5.312452717892129250e+00	3.973313014979446223e+01	-1.254993265200262387e-01	-1.380484881804681265e+02
5.318650122853046724e+00	4.020105273778190025e+01	-1.144478663018645148e-01	-1.397011860319235552e+02
5.324923043129819789e+00	4.075878342283078837e+01	-9.664297992781747948e-02	-1.417532733454275444e+02
5.331330237158205421e+00	4.058916031436010030e+01	7.789857574827215199e-03	-1.413187481328496915e+02
5.337586726886338617e+00	4.151071105351866208e+01	-1.631776048441587607e-02	-1.445173902316996646e+02
5.343685192440848830e+00	4.135713698867307642e+01	-5.905021092729333815e-02	-1.439517622525822276e+02
5.350070659715249199e+00	4.240328963011084085e+01	4.696096981486760219e-02	-1.478254014956886806e+02
5.356556762554878226e+00	4.252573719112374562e+01	-2.586427219517022785e-02	-1.481913872784147088e+02
5.362691868684501095e+00	4.327408723949891822e+01	2.304755577213535647e-02	-1.508561695722788158e+02
5.368769208912516966e+00	4.279457269212391424e+01	-4.814603485407060318e-02	-1.491424319860799415e+02
5.375270137997677722e+00	4.384849026940161565e+01	6.272092656351564710e-02	-1.530226019143854614e+02
5.381769983045385786e+00	4.514198083566586206e+01	-1.669270957682887913e-01	-1.573172245987431666e+02
5.387701030372958222e+00	4.457217953015462797e+01	2.233593820233276475e-02	-1.555228035442973180e+02
5.393786668001271600e+00	4.498225493461573166e+01	-4.476051009511129025e-02	-1.569359329376938490e+02
5.400446161099396569e+00	4.643661642520086730e+01	-2.241095061200446686e-02	-1.620929312351124452e+02
5.406957063684501463e+00	4.621298641206753643e+01	-1.356648409773953123e-01	-1.612135002590063664e+02
5.412655672453426270e+00	4.672169040702631548e+01	-3.645725864237143315e-02	-1.630666324812339667e+02
5.418821279260546575e+00	4.872206308593401047e+01	5.762549076329288866e-02	-1.702430898792674725e+02
5.425690594366304076e+00	4.744551542765321983e+01	-2.559491620317182539e-02	-1.657414511121964438e+02
5.432217487502165376e+00	4.905128528845377645e+01	2.477682736939871427e-02	-1.714326637104040856e+02
5.437649811577258241e+00	4.961872476315406999e+01	-1.005446777701430872e-01	-1.732413524811157970e+02
5.443914404015878006e+00	4.972437759452384398e+01	-5.699437792269464176e-02	-1.737394103455463608e+02
5.450953501686320202e+00	4.868334082124989948e+01	4.210946029124337797e-02	-1.702362134080401859e+02
5.457483690405861232e+00	5.026473652116350621e+01	3.295726801064879918e-02	-1.757785676502532795e+02
5.462715250135157241e+00	5.262312739584992016e+01	4.944584045669685873e-02	-1.839998249995406923e+02
5.469033575551323523e+00	5.123607565401690067e+01	-6.709556638310375243e-02	-1.790987941596955864e+02
5.476177730420278778e+00	5.268160478489276244e+01	-5.589053044962298718e-03	-1.842418712504156417e+02
5.482708935702562236e+00	5.188353338289241634e+01	-1.284893328113341331e-02	-1.814684522809720590e+02
5.487722405008360838e+00	5.394192731132068275e+01	2.518444581188903145e-02	-1.886840061836138034e+02
5.494194284996126498e+00	5.250652576641552116e+01	6.405516621081752682e-02	-1.837403347043683084e+02
5.501391471009256406e+00	5.537997577124397708e+01	-2.400743707031747012e-02	-1.937262660191117902e+02
5.507128202673079009e+00	5.885283860711462722e+01	-7.461144439586037125e-02	-2.058382240813045314e+02
5.512278020050448646e+00	5.742535208283667458e+01	-7.159591842550783181e-02	-2.008530814525061885e+02
5.519395563377015534e+00	6.233554398926443696e+01	-5.235287513395334158e-02	-2.180707437111535967e+02
5.526598678609708770e+00	6.041215836983380427e+01	-4.495709225954337696e-02	-2.113594902658896615e+02
5.532162682462509196e+00	5.083327549146977731e+01	-9.566768007529530271e-02	-1.777959703374554294e+02
5.537397124017139127e+00	5.832317459665107151e+01	1.221319696870282884e-02	-2.041233474147668687e+02
5.544582756485218589e+00	6.171883132461721999e+01	5.475843487873454513e-02	-2.160568015629359024e+02
5.551739327507637434e+00	6.196227917417171938e+01	-7.447737508168580933e-02	-2.167842284178330772e+02
5.557493306674907707e+00	5.365390321641088178e+01	8.426775024079119492e-02	-1.878694454424158948e+02
5.562281709102816940e+00	7.015918400762589613e+01	4.270925083702589720e-02	-2.455969901262917290e+02
5.569272720323164449e+00	1.158077585045996472e+02	8.665334878058571222e-02	-4.054129938380194176e+02
