8.899641224696953554e-03	2.243920360457017523e+04	1.293285031282919408e+04	-2.507841039118386107e+04
1.507912216506557788e-02	3.586944490092567867e+04	3.818437998353964213e+04	1.584190522069263352e+04
2.144790186456836667e-02	2.041844584380788729e+04	2.061406230560571566e+04	5.864848676538481413e+03
2.783660776489276650e-02	1.252356140648666405e+04	4.173774317100753251e+03	3.387404745915085186e+03
3.435099785803411021e-02	1.141720497954804159e+04	9.520424436591833000e+03	-3.929753640963804628e+03
4.047886761425745911e-02	8.921405240017991673e+03	7.725207693065890453e+03	-1.873562759840527178e+03
4.676716683575679601e-02	9.504789750657428158e+03	6.775711983845000759e+03	-3.268881408967248348e+01
5.308225101765951665e-02	8.028441684066026937e+03	4.509974289173114812e+03	5.714929434613106878e+02
5.945362440940590160e-02	7.128067537022569013e+03	5.850995210452268111e+03	1.301405421251951566e+03
6.576224814588792211e-02	6.013039929707067131e+03	4.086277367665035854e+03	3.485454014177607291e+02
7.196632906698736953e-02	4.376079305981992547e+03	3.444864661974722821e+03	-6.013926529238732144e+01
7.827860915688347743e-02	3.475988878155233579e+03	2.353738716129292243e+03	-4.818670646369746464e+02
8.470398945834539672e-02	3.212403568054375683e+03	2.266897210872677078e+03	5.541503340771625972e+02
9.096854620527369817e-02	3.138561961741077084e+03	2.490042614469285127e+03	4.209034691051711548e+02
9.720789776830213169e-02	2.969010433751178425e+03	1.841362430540920286e+03	-6.545344302185014840e+02
1.034763038959366499e-01	2.869002706907963784e+03	2.213480710416362399e+03	4.315853037652536273e+02
1.097576444254559219e-01	2.626803759184310820e+03	1.946228769670569136e+03	-2.090188503089202925e+02
1.160543084780093354e-01	2.117443129289968965e+03	1.730867933697430999e+03	3.105087166875237017e+02
1.223669666537485351e-01	1.854670667657988815e+03	1.492214606959822731e+03	2.225343360801534516e+02
1.286817263090294094e-01	1.624639214230095831e+03	1.267018637934698063e+03	5.659978166233351260e+01
1.349500801664080818e-01	1.599899072580977190e+03	1.269984406029815773e+03	2.953506612675840870e+02
1.411949558842147678e-01	1.499606203606401323e+03	1.094009804921178329e+03	2.404571135202380390e+02
1.475133575747468451e-01	1.458107014333281313e+03	1.070690312134474198e+03	9.302289609715262486e+01
1.537865074252268427e-01	1.307044927134758154e+03	9.627101296417956746e+02	1.000604227678462195e+02
1.600657544051110326e-01	1.246278946384001074e+03	9.799647234557886577e+02	9.518087907854410901e+01
1.663991168687080635e-01	1.138473334799492704e+03	8.853113275723314928e+02	4.060585542002737611e+02
1.727195645776442856e-01	1.023473891012420495e+03	7.716834640884660530e+02	1.146720479977610552e+02
1.789765213377084718e-01	9.935202593234444066e+02	7.851976135540439827e+02	1.698709624137590311e+02
1.852353690647852158e-01	9.152698121531743709e+02	6.851114946800306598e+02	3.573592343762454959e+01
1.914806787341157279e-01	8.733295518371630806e+02	5.758446336930683174e+02	1.409670448586602447e+02
1.977889868651535599e-01	8.544868092046928041e+02	6.712850912380747559e+02	1.352109850264244528e+02
2.040937735447724277e-01	8.092594180846929248e+02	5.930786612016329400e+02	1.328495759220757293e+02
2.103939302609846018e-01	7.707638065224550701e+02	5.960503150764005795e+02	1.590364958254636178e+02
2.166909709822301688e-01	7.169891922917453257e+02	5.079231117722421800e+02	8.664242785469282637e+01
2.229700281216152047e-01	6.768878284013932216e+02	5.070738163158492284e+02	1.229404840261795613e+02
2.292620027086341994e-01	6.267899619933410804e+02	4.297270445913595154e+02	6.084552385396182927e+01
2.355141508366812297e-01	6.189418067655901723e+02	4.386984706222971795e+02	6.939189037615072664e+01
2.417910583817859116e-01	5.887574734835503705e+02	4.201705259283742180e+02	5.705183562621962778e+01
2.480856539439619257e-01	5.486958413986014875e+02	3.875738079523789565e+02	6.518961584053006675e+01
2.543492256872954549e-01	5.320561733171667811e+02	3.824372365016559456e+02	9.161357155260276386e+01
2.606334251884805386e-01	4.966830373409124491e+02	3.695649846510938801e+02	8.672184447124334383e+01
2.669257370896960802e-01	4.792032229355294248e+02	3.645814524604553526e+02	8.262835272880177229e+01
2.732423343141155980e-01	4.595393154122924102e+02	3.328269219432312980e+02	6.211140774580358936e+01
2.795529680084415936e-01	4.389802991217902672e+02	3.156486988824777882e+02	5.785063773654716357e+01
2.858366292314493129e-01	4.217048348174359944e+02	2.993904450653674303e+02	7.020865644162967101e+01
2.920876271394311496e-01	4.089133257797269607e+02	2.859715426568238854e+02	5.405438683718304560e+01
2.983449844439822751e-01	3.924069262996864040e+02	2.596050525110700846e+02	3.580899495005219535e+01
3.046382639407197446e-01	3.697273823274054507e+02	2.417266475545980029e+02	6.627713135761499075e+01
3.109279127003197196e-01	3.597171752316809261e+02	2.474591576226504515e+02	6.429956267627173361e+01
3.172168171618398036e-01	3.442896080136383148e+02	2.408281573658061632e+02	6.788118582115217237e+01
3.235187567944423082e-01	3.290479259469173030e+02	2.142431152316561054e+02	4.379669941040475578e+01
3.298168217550395687e-01	3.219323454729901641e+02	2.057545308114056013e+02	6.987084870130344427e+01
3.361176429457156667e-01	3.104660951080718974e+02	2.079292146481540442e+02	5.065344936084647287e+01
3.423700375709273769e-01	2.984271269636160469e+02	1.926492019468387582e+02	5.594543546661608246e+01
3.486478192666269682e-01	2.865127852010433003e+02	1.862669024154077704e+02	5.088836194617514508e+01
3.549411614411318028e-01	2.761501868862284823e+02	1.707313797558346096e+02	4.389637121207238124e+01
3.611916935421040642e-01	2.657255307020861324e+02	1.660273374695091775e+02	5.935714090663935139e+01
3.674767089563572564e-01	2.544102846093540506e+02	1.523157269734483634e+02	3.476291758121938358e+01
3.737647795277591056e-01	2.520008658915336071e+02	1.629733984074479451e+02	5.771876376928937447e+01
3.800654031475132477e-01	2.424876933636562342e+02	1.468309639092628913e+02	4.232799775001048204e+01
3.863539861259823738e-01	2.309271999852333295e+02	1.405108892434977008e+02	4.546543907951031827e+01
3.926140181364449755e-01	2.250181151580449637e+02	1.306795452042437660e+02	4.978509755797615810e+01
3.989264500321934581e-01	2.168888402430894189e+02	1.291170659839414725e+02	4.620491853450075581e+01
4.052073244576828714e-01	2.101903757257209122e+02	1.160350609041140473e+02	4.216276819976017975e+01
4.114916477570477182e-01	2.059357728569506207e+02	1.197139618637273060e+02	4.447312591306049256e+01
4.177814272116491257e-01	1.994766463551720790e+02	1.126562069854514903e+02	5.039975362389248659e+01
4.240400648725131116e-01	1.929503914892500802e+02	1.132008745187387717e+02	4.074549581565674572e+01
4.303425690270192283e-01	1.872656685283283764e+02	1.024748451542064629e+02	3.386926897854218055e+01
4.366358560255625965e-01	1.805117629737927700e+02	9.960409643976760208e+01	4.293442384074479889e+01
4.428996183220763605e-01	1.744497348700852797e+02	9.035443108591023531e+01	4.141439504480678124e+01
4.491634418529859563e-01	1.704401709457848426e+02	8.651444382444137204e+01	3.495009563905057348e+01
4.554414146254732731e-01	1.654937451740875076e+02	8.873244691381751181e+01	4.277619873638596459e+01
4.617634470301058558e-01	1.621741124849654909e+02	8.321419381824583184e+01	3.991058734591458546e+01
4.680644242023710433e-01	1.567050825853175411e+02	8.107279713598029502e+01	3.820198743002875119e+01
4.743485242764365895e-01	1.511144998556325447e+02	7.440255423671995061e+01	3.208882961094543163e+01
4.806356136815400082e-01	1.488034124535731451e+02	7.142318382512098651e+01	3.319802989541985028e+01
4.869019258388697646e-01	1.429475576575380273e+02	6.637513658995733579e+01	3.554314314135958597e+01
4.931697099599955947e-01	1.386287448016378505e+02	6.914556417920672970e+01	3.632998498546314892e+01
4.994506747144535908e-01	1.352042732950556001e+02	6.102256496275840902e+01	3.195384332432338681e+01
5.057159051335421429e-01	1.343596798411909958e+02	6.163119811310681939e+01	3.387597137529529334e+01
5.119923996268095356e-01	1.295684625235173542e+02	5.774795272659920897e+01	3.390364899419702027e+01
5.183126097768406826e-01	1.258418868982377319e+02	5.425256278313371894e+01	3.186721856097501160e+01
5.246089638029100000e-01	1.220787458400393604e+02	5.325204270006515372e+01	3.388491642665707815e+01
5.308757308483337267e-01	1.199083990505911430e+02	5.108178650061480397e+01	3.258998547533847301e+01
5.371573527946726934e-01	1.161429677855202414e+02	4.487876957805003286e+01	3.163079583422629781e+01
5.434579563783791256e-01	1.135453922425140263e+02	4.447879656149672201e+01	3.206338886039199565e+01
5.497430652392217842e-01	1.111625583430813577e+02	4.469353751632195326e+01	3.294580386151312723e+01
5.559937427501778773e-01	1.069980840823892407e+02	3.996429062237049834e+01	3.223222886966923539e+01
5.622854676609657654e-01	1.050626811332220996e+02	3.749106159608074762e+01	2.709921009692521565e+01
5.686011537227265711e-01	1.025112845742771555e+02	3.771203880552392462e+01	2.980387519342783875e+01
5.748804589422079614e-01	1.004502214782642824e+02	3.579668343263029584e+01	3.090228983685073416e+01
5.811550210340560296e-01	9.754822760126081960e+01	3.542081448230821650e+01	3.053186104157981973e+01
5.874394496660968468e-01	9.479215349958415970e+01	3.362784783869432204e+01	2.778278411873812104e+01
5.937176220296899176e-01	9.377906094832823669e+01	3.102707057015830472e+01	2.930999550699488410e+01
5.999971954793682505e-01	9.082275378678438926e+01	2.963450499544277150e+01	2.678009693470522024e+01
6.062679115124277596e-01	8.875366590331029215e+01	2.751429110785594645e+01	2.735777883552570700e+01
6.125469576444534381e-01	8.654253121851373010e+01	2.651843518399222788e+01	2.763853511189917000e+01
6.188477733041515272e-01	8.485280455065854710e+01	2.484786046391810999e+01	2.801020601281387101e+01
6.251310567437898813e-01	8.300576308565111106e+01	2.434794804387713540e+01	2.867633925003213946e+01
6.314027450383210560e-01	8.156686055431785576e+01	2.397773968523841503e+01	2.725646904014985950e+01
6.377003562732055375e-01	7.898008412616505325e+01	2.080356169376312181e+01	2.803214146302600440e+01
6.439857783314556494e-01	7.784651251043905518e+01	2.173254004654461014e+01	2.847751055952672772e+01
6.502685417166111925e-01	7.625313111834201152e+01	1.943044966260926998e+01	2.743656919402924288e+01
6.565586117699038216e-01	7.459257794929129659e+01	1.762082569944676180e+01	2.410684564919450423e+01
6.628369282359254377e-01	7.306384959292992676e+01	1.715894390314334217e+01	2.430596922658516235e+01
6.691185444962194362e-01	7.083542998887790532e+01	1.733112105904378453e+01	2.550386134125398740e+01
6.754070198575605755e-01	6.962836908330990582e+01	1.528216415424606645e+01	2.561938123304693349e+01
6.816835514593204692e-01	6.871503252502678549e+01	1.487080868496189190e+01	2.552662644786779111e+01
6.879592533861698112e-01	6.658443112534912700e+01	1.285080376189852558e+01	2.386153402184397976e+01
6.942344317039531587e-01	6.592392663198052105e+01	1.299281814728385420e+01	2.570960537859087225e+01
7.005175402434737908e-01	6.449120735202615151e+01	1.310555808787948706e+01	2.571341664861235898e+01
7.068124956608716758e-01	6.302246101733554440e+01	1.117945538508686987e+01	2.421243544542596027e+01
7.131019009674921527e-01	6.160933498518699736e+01	1.103955294689624189e+01	2.408005162942437849e+01
7.193918251171427247e-01	6.047417001533845138e+01	1.041950877288551602e+01	2.399086525049536078e+01
7.256833807598113140e-01	5.911626194195797268e+01	8.997729744980270894e+00	2.301627319309335107e+01
7.319652682709349989e-01	5.779573073070439193e+01	8.435187205056113413e+00	2.221311334108483848e+01
7.382507990484923344e-01	5.691135344961642772e+01	7.734394573372489035e+00	2.347263831769281595e+01
7.445265842115937893e-01	5.616768252874297218e+01	7.111754503245070858e+00	2.336030759860987871e+01
7.507871101942712455e-01	5.451573599144126803e+01	7.040783618503944297e+00	2.241320714653415536e+01
7.570758465316046459e-01	5.384417920046742978e+01	6.813636153048062027e+00	2.197556695211255828e+01
7.633641233600957365e-01	5.261088001487320298e+01	5.457611984066922162e+00	2.382390367721378865e+01
7.696462959862266917e-01	5.180567851305224991e+01	4.217526153214293139e+00	2.176618004105513648e+01
7.759394865175414102e-01	5.072521713470819549e+01	5.369479538771851246e+00	2.094684683666073965e+01
7.822329141989586843e-01	4.967334011281251094e+01	4.133964228357204895e+00	2.196529342225183257e+01
7.885314936520240181e-01	4.890039902271271899e+01	4.246107746553648532e+00	2.142069190672116008e+01
7.947896566979522071e-01	4.796072478718579646e+01	2.873598618431530749e+00	2.107908664548814315e+01
8.010491096592354809e-01	4.703895438719565902e+01	2.771844565074387923e+00	2.058423496244414252e+01
8.073364061727361651e-01	4.628028311883905843e+01	1.917420830143771848e+00	2.103626411750227021e+01
8.136229488373866170e-01	4.555513185350337579e+01	2.425293668801520308e+00	2.138693593064644105e+01
8.199152998961036776e-01	4.476909089130383990e+01	1.636595152372632533e+00	2.132042466849704709e+01
8.261952636392789762e-01	4.366812137375240610e+01	1.350891251187332331e+00	2.030396368062144319e+01
8.324897070080405914e-01	4.316014003421040712e+01	1.165742862549325132e+00	2.104106334588658100e+01
8.387959309210778480e-01	4.242730262763051030e+01	4.450759476485625088e-01	2.003674357519764726e+01
8.450634639703045181e-01	4.140830395715625656e+01	4.637966460023879023e-01	2.016074755126753715e+01
8.513282867562648182e-01	4.089181867589400809e+01	6.999735759568489479e-01	2.004274443756797552e+01
8.576198263902009566e-01	4.040813918337639876e+01	-2.006589299791318726e-01	2.005414959882282488e+01
8.639058477062415697e-01	3.947163817854646339e+01	-5.331665590985164016e-01	1.947735108525538550e+01
8.701838745487597837e-01	3.904500561510416645e+01	-9.823687171201215262e-01	1.986832723526107003e+01
8.764641096075268534e-01	3.838034325060085905e+01	-1.249738133453094813e+00	1.928059857802062638e+01
8.827503873399735745e-01	3.771134035254678452e+01	-1.445947354071337232e+00	1.964149915342293795e+01
8.890332768393869323e-01	3.707237990686183338e+01	-1.745664395888120834e+00	1.926297046489120746e+01
8.953084247113127780e-01	3.645162507355959747e+01	-1.693034079788627411e+00	1.905697729436565524e+01
9.015956521667095602e-01	3.589783559338641084e+01	-1.962335365544980448e+00	1.894031954580488275e+01
9.078833328094829680e-01	3.537331420961469064e+01	-2.765313153033853055e+00	1.922236525829752551e+01
9.141744106319863450e-01	3.466451088711978912e+01	-2.362724216442324998e+00	1.867242007727470110e+01
9.204630817717615043e-01	3.407820454130885679e+01	-2.643902256829783415e+00	1.807224139366018534e+01
9.267434415264711456e-01	3.354432970882034226e+01	-2.789401828555819751e+00	1.813526747460223731e+01
9.330324197354928906e-01	3.311994432075695016e+01	-3.013260228475103997e+00	1.869800021482550889e+01
9.393265785573878812e-01	3.248966495099707430e+01	-3.249524797061281056e+00	1.851735555592746607e+01
9.455974810398196650e-01	3.200449079133337449e+01	-3.300509643973784435e+00	1.773882384467867013e+01
9.518660018545171964e-01	3.157576806816355131e+01	-3.826743153211850768e+00	1.776306536174720563e+01
9.581413255531838757e-01	3.124645209494436671e+01	-3.917947138817631014e+00	1.777429667194820340e+01
9.644350945109106954e-01	3.080505560826732037e+01	-3.660093509983041393e+00	1.794066134609293073e+01
9.707355633568249820e-01	3.017888244136291220e+01	-3.756153225576224219e+00	1.724108389572649358e+01
9.770080768450029041e-01	2.976154505759685520e+01	-4.242574428562278399e+00	1.775231743309527488e+01
9.832823325363413414e-01	2.924438487525643282e+01	-4.229354123250508302e+00	1.733013302703745495e+01
9.895569691966674686e-01	2.898669474023881065e+01	-4.289557866782139683e+00	1.749959153068069284e+01
9.958456301921106979e-01	2.856155495298528280e+01	-4.551430475786505170e+00	1.699695810174781130e+01
1.002136210743837408e+00	2.816514665091153091e+01	-4.506355814345002209e+00	1.669314128906311723e+01
1.008404825335135424e+00	2.776184347254522677e+01	-4.508195997060933102e+00	1.730300872291086378e+01
1.014694149836243398e+00	2.724887314832492180e+01	-4.895471981044296150e+00	1.698095865513707281e+01
1.020992555437297167e+00	2.688630953639125920e+01	-4.330416356614776419e+00	1.652193877374215703e+01
1.027273980437394485e+00	2.653011873944598520e+01	-4.789452428626358227e+00	1.653636943635079959e+01
1.033559181896017254e+00	2.606540997081707900e+01	-4.915598308632397995e+00	1.632057742352213126e+01
1.039847557392594934e+00	2.575560423784321884e+01	-5.084978261731170512e+00	1.676730949072661758e+01
1.046126974943305088e+00	2.539573952034376703e+01	-5.101340419054606556e+00	1.640582722650777114e+01
1.052403436811028659e+00	2.507685451496914908e+01	-5.125568730296228281e+00	1.625311124586198019e+01
1.058680704651608684e+00	2.476390877469846430e+01	-4.903838397966561402e+00	1.655258895855032364e+01
1.064964333065789193e+00	2.440800646387205219e+01	-5.106440834612228308e+00	1.580420863116663455e+01
1.071256777440835473e+00	2.413019813431840532e+01	-5.234369376333633639e+00	1.601478058829979645e+01
1.077544048801078125e+00	2.378467367505482954e+01	-5.539836574862333052e+00	1.593651151197390625e+01
1.083824820188043603e+00	2.353997540676269651e+01	-5.291938260862504073e+00	1.610289334406380135e+01
1.090108023942816695e+00	2.317804027988277937e+01	-5.345361418459810388e+00	1.588286353910609350e+01
1.096389665956643222e+00	2.290771254662395151e+01	-5.537640144799008901e+00	1.577133011275509311e+01
1.102681132058841440e+00	2.256092976085759005e+01	-5.371392236046224511e+00	1.530924864587106349e+01
1.108963047594879958e+00	2.224213915507613848e+01	-5.396975425805678128e+00	1.524694934813586578e+01
1.115225428463759272e+00	2.204626846363086656e+01	-5.479887059706468833e+00	1.561135108727238219e+01
1.121502127614767863e+00	2.167113637601350007e+01	-5.426925318901198558e+00	1.516421894786701507e+01
1.127792573824792033e+00	2.142068177198343548e+01	-5.478207254139503490e+00	1.515422567631225981e+01
1.134089552668382961e+00	2.115518267904698746e+01	-5.458017931633744269e+00	1.511422503784807425e+01
1.140364049650405942e+00	2.098747989719991835e+01	-5.484676769807868446e+00	1.496222386298029150e+01
1.146639180320979445e+00	2.062315815621587234e+01	-5.338124013817950875e+00	1.511990892652463359e+01
1.152942412991649901e+00	2.039874007826862368e+01	-5.379511830062710942e+00	1.465312531402030061e+01
1.159228906751078814e+00	2.014418404468319324e+01	-5.473718717169616887e+00	1.480503237438532160e+01
1.165508721887268173e+00	1.993892511589893957e+01	-5.412254138272838411e+00	1.500600368434715115e+01
1.171793076256210320e+00	1.966614289860509146e+01	-5.484026562955738981e+00	1.503956887578434554e+01
1.178087436369658958e+00	1.948165081457533176e+01	-5.474453456542568652e+00	1.478856571573482981e+01
1.184367654251526902e+00	1.927063726892091466e+01	-5.498418012004907318e+00	1.508968418421816793e+01
1.190634642299266632e+00	1.905519490295339935e+01	-5.363468906892753019e+00	1.472331875276170621e+01
1.196912208834400859e+00	1.878064874389788841e+01	-5.634713694268062234e+00	1.473188381674287939e+01
1.203201577354146234e+00	1.864702190454602615e+01	-5.578304376691411548e+00	1.462854122834127502e+01
1.209486844441705733e+00	1.840305973917672233e+01	-5.513534887177621080e+00	1.451933183459457233e+01
1.215763902074809888e+00	1.820849267862185883e+01	-5.292556470310139538e+00	1.460401107362055839e+01
1.222049755171146668e+00	1.800317701278147098e+01	-5.325881118750193544e+00	1.453021604658635368e+01
1.228340616621486969e+00	1.781976569841486580e+01	-5.113309903598175055e+00	1.446666439705447615e+01
1.234632986576932767e+00	1.760556578898496127e+01	-5.262783149959984641e+00	1.429327221475025844e+01
1.240902247176856488e+00	1.735444137448745749e+01	-5.253015434159244990e+00	1.443348877768084826e+01
1.247174839144687519e+00	1.725086973645056432e+01	-5.198507143532082431e+00	1.418859885372418717e+01
1.253465459933442272e+00	1.709509315130036811e+01	-5.327099311656920300e+00	1.446361831692478539e+01
1.259749951892178421e+00	1.689427441324090395e+01	-5.382679190474914499e+00	1.430323619584635964e+01
1.266032143127253873e+00	1.677563973168985356e+01	-5.412634944807311221e+00	1.426810911525320691e+01
1.272316288472006507e+00	1.653391992469262206e+01	-5.148351389117673094e+00	1.412323620753159403e+01
1.278604155058621350e+00	1.643132790906721041e+01	-5.058294730570207953e+00	1.400902350875813163e+01
1.284886588933593865e+00	1.625758652630115719e+01	-5.140761115197055808e+00	1.433936474369663294e+01
1.291175420066583257e+00	1.607972014834719232e+01	-4.981591883927618092e+00	1.409429970011091804e+01
1.297465726373772332e+00	1.599198521786914284e+01	-5.133449816106706365e+00	1.417099648403712919e+01
1.303741827011944299e+00	1.577232920962694251e+01	-5.100074176532474191e+00	1.379704696078252901e+01
1.310017322922761851e+00	1.564035940727978335e+01	-4.934229806579349287e+00	1.394450978507068051e+01
1.316301447662886703e+00	1.546707613126191028e+01	-4.815921973618812579e+00	1.378542493612065734e+01
1.322586760363303249e+00	1.537317911854740871e+01	-4.971575471765799392e+00	1.390683200326360947e+01
1.328865492452874664e+00	1.520305182133557587e+01	-4.873265693794803788e+00	1.393178090505151445e+01
1.335144804954555564e+00	1.503439548452817220e+01	-4.858877948669714897e+00	1.382315481938807089e+01
1.341440516272275119e+00	1.499060258236604248e+01	-4.737559239160758828e+00	1.399581250723498194e+01
1.347730868417094552e+00	1.476901154170871777e+01	-4.655605475255964798e+00	1.394434695732145890e+01
1.354001589994877630e+00	1.470612957453255731e+01	-4.701857185053368582e+00	1.396035951186439839e+01
1.360282609297778444e+00	1.454043252465928404e+01	-4.642773533287614995e+00	1.380546228860012725e+01
1.366565686457597906e+00	1.439547599095351238e+01	-4.690343570596152922e+00	1.358985224312810836e+01
1.372851498482432708e+00	1.421862554339995732e+01	-4.408314364774049032e+00	1.347542022813478546e+01
1.379135372929401804e+00	1.419389004884582306e+01	-4.485985808946382214e+00	1.382516827336754339e+01
1.385409567149057164e+00	1.405005205630306087e+01	-4.499663204053496735e+00	1.365468543509622812e+01
1.391698641219299315e+00	1.390440104132092713e+01	-4.307000879883990940e+00	1.363795083999547941e+01
1.397984451439470810e+00	1.383453266153985339e+01	-4.381010990520892712e+00	1.367237104873463771e+01
1.404267883409181961e+00	1.371541834656238024e+01	-4.321029732563449244e+00	1.358790180622817445e+01
1.410554779484869181e+00	1.363895514920747942e+01	-4.341619483841878235e+00	1.368739278316303398e+01
1.416837833547465397e+00	1.347475059476715842e+01	-4.199495475807237810e+00	1.358666470297736772e+01
1.423118177187137068e+00	1.336969444535136375e+01	-4.153439859067560747e+00	1.371237616674866189e+01
1.429397801164240089e+00	1.329550503117049587e+01	-4.122376431066467894e+00	1.352521180200176509e+01
1.435686921822787232e+00	1.319756913423412215e+01	-4.068277649109390381e+00	1.358724386087178537e+01
1.441977121769299597e+00	1.309414602278938666e+01	-3.919618978339707294e+00	1.355683594411193127e+01
1.448253667853332427e+00	1.302751883123754340e+01	-4.012432846620049176e+00	1.358452193440809985e+01
1.454532348972172651e+00	1.291759533178279362e+01	-3.914815155219244502e+00	1.353073735924640353e+01
1.460819319151879903e+00	1.281002223580860111e+01	-3.958434210886059290e+00	1.348200413510456031e+01
1.467110364402026468e+00	1.270085896577513296e+01	-3.797747092079078790e+00	1.335374861707953897e+01
1.473392908948962132e+00	1.267805163789386214e+01	-3.913823101122115400e+00	1.363833619628127458e+01
1.479669965243598950e+00	1.258700339446351002e+01	-3.847454729592471256e+00	1.354415926927734404e+01
1.485956144602843532e+00	1.251572778375902395e+01	-3.627858652694183839e+00	1.350528255501184027e+01
1.492233610763115115e+00	1.240199872558427252e+01	-3.777779729310741352e+00	1.357160882392015999e+01
1.498502470379980078e+00	1.231014076374156119e+01	-3.612816878403331433e+00	1.349206477912990643e+01
1.504785752051182701e+00	1.223395194714456125e+01	-3.623781430311021623e+00	1.336190556966642262e+01
1.511075991894575976e+00	1.216548263935003504e+01	-3.436252903185112118e+00	1.351701895933106279e+01
1.517361634985162189e+00	1.207632281814177411e+01	-3.506340099640032459e+00	1.339435884364311136e+01
1.523648570969130533e+00	1.203521929392701928e+01	-3.515440875937644538e+00	1.357054672346479052e+01
1.529938035715892264e+00	1.192746397947569115e+01	-3.353417270709198927e+00	1.349983869021157190e+01
1.536230176913891965e+00	1.190061377562016531e+01	-3.304134555378817506e+00	1.342815711298515957e+01
1.542510718779388279e+00	1.179886325325654006e+01	-3.301067394549026535e+00	1.345783217534190257e+01
1.548783963082980275e+00	1.177375022284795847e+01	-3.398099566318735221e+00	1.351143786744206921e+01
1.555073069779651318e+00	1.171068085060854536e+01	-3.261647434747537488e+00	1.347740802595866860e+01
1.561357324927233892e+00	1.164098818317732409e+01	-3.291918111901912525e+00	1.347444159193491586e+01
1.567629121053141006e+00	1.152672232340488634e+01	-3.169571426432558070e+00	1.336969930189045463e+01
1.573913697404382583e+00	1.153148422398898276e+01	-3.197220439437378214e+00	1.350731295281820188e+01
1.580203545230874029e+00	1.141787113396312314e+01	-3.162100571412203021e+00	1.327075726610611106e+01
1.586485393434537983e+00	1.136583714924691613e+01	-3.070265860376964362e+00	1.345509694301417092e+01
1.592760014263005841e+00	1.132805676334867506e+01	-3.057047283428736328e+00	1.346414832821949403e+01
1.599046436394670812e+00	1.125171593452082774e+01	-3.056121479652141204e+00	1.334815113227397276e+01
1.605342136637478934e+00	1.120715201634532754e+01	-3.074096095813936724e+00	1.342439726993223204e+01
1.611619860919608627e+00	1.115315895596652851e+01	-2.963086785102656773e+00	1.339502167403568400e+01
1.617897597081673799e+00	1.110218000059321319e+01	-3.013565078414233156e+00	1.336919848926139309e+01
1.624183235481122756e+00	1.104595710159745536e+01	-2.825006127152670299e+00	1.334161674236331230e+01
1.630464598531913722e+00	1.100148406727135253e+01	-2.945587910737672122e+00	1.338750812841650450e+01
1.636748985747638274e+00	1.098446676008411949e+01	-2.985669236851640651e+00	1.349034002313013580e+01
1.643030923698886259e+00	1.089401595684793556e+01	-2.824169112990071895e+00	1.339099510950159733e+01
1.649309176648513064e+00	1.086314541800957301e+01	-2.874658559831907212e+00	1.344587637170129391e+01
1.655593633940351861e+00	1.081827114167456294e+01	-2.809449190685966879e+00	1.336784275244122888e+01
1.661879571405086464e+00	1.076837825206304800e+01	-2.725791306903340150e+00	1.345804484981004201e+01
1.668169361685170271e+00	1.073487204103679460e+01	-2.714242136836817920e+00	1.336043459111093945e+01
1.674450151530487485e+00	1.073446700357873063e+01	-2.784242948294668007e+00	1.345446052050402308e+01
1.680722718978495900e+00	1.064399822031383280e+01	-2.754668328250100551e+00	1.345743458968407147e+01
1.687013891340952476e+00	1.063125928922511676e+01	-2.720124326291998518e+00	1.350394684032528758e+01
1.693308984907921033e+00	1.058874182030776723e+01	-2.709772910667691548e+00	1.347370716476697794e+01
1.699582147428448486e+00	1.052334712438259778e+01	-2.754806356096555664e+00	1.333418347493412348e+01
1.705863747055134105e+00	1.049409021486453497e+01	-2.705522248637172389e+00	1.331376905482768969e+01
1.712154434283889470e+00	1.050126377885900730e+01	-2.728481995256255122e+00	1.357864513654701888e+01
1.718438381579399321e+00	1.044983142355603611e+01	-2.736808471438378021e+00	1.331417320638009194e+01
1.724721264464063930e+00	1.039987070440356298e+01	-2.655080171300936431e+00	1.335935423734362004e+01
1.730997441276920679e+00	1.040681327035885850e+01	-2.626803203278938792e+00	1.354683324120057897e+01
1.737287073528269499e+00	1.037388804992826330e+01	-2.555572096798740311e+00	1.348742269811918071e+01
1.743567991878527401e+00	1.035624252505685661e+01	-2.557824987830513930e+00	1.353708534357571303e+01
1.749840680212231048e+00	1.030432039381123310e+01	-2.612654567919203252e+00	1.348275480381801827e+01
1.756128549091961144e+00	1.026261691324247671e+01	-2.639389318151022401e+00	1.333970905518178718e+01
1.762413535324792502e+00	1.024444980250915549e+01	-2.532633923545981158e+00	1.336039265893120920e+01
1.768696187669963837e+00	1.022203931613060313e+01	-2.630662901374339668e+00	1.340660512154640749e+01
1.774979359379055266e+00	1.018236083875038567e+01	-2.550193976769441040e+00	1.340502734605393620e+01
1.781265555576432957e+00	1.016154998691894207e+01	-2.616174498532137793e+00	1.331807807549797040e+01
1.787549427830244619e+00	1.015413259003719304e+01	-2.625281104893288475e+00	1.342715531917378158e+01
1.793834120011633004e+00	1.011396670629815553e+01	-2.607227469539415310e+00	1.334413943765413890e+01
1.800115051552487300e+00	1.011863094576942323e+01	-2.614660137027088993e+00	1.344602592954670506e+01
1.806393904854530330e+00	1.008894466769569931e+01	-2.617138219964760815e+00	1.328895674210731315e+01
1.812674089667083432e+00	1.007358782013527687e+01	-2.628060427575576785e+00	1.332278434412192603e+01
1.818956920109354058e+00	1.006299049105610521e+01	-2.602650481355891277e+00	1.337124274434565230e+01
1.825244164118212220e+00	1.002746210968540019e+01	-2.579198062197606500e+00	1.342404545011166661e+01
1.831527256642196955e+00	9.987335667121094218e+00	-2.659571593663871525e+00	1.323294795013835845e+01
1.837811294935716599e+00	9.992207036045934743e+00	-2.631761023877270844e+00	1.329541508979007780e+01
1.844100717411196744e+00	9.998105346916313252e+00	-2.586544344821705366e+00	1.347326423065586276e+01
1.850384816792487230e+00	9.977903467489639411e+00	-2.618332025118267570e+00	1.334460614293791814e+01
1.856666059735203822e+00	9.944185281331822779e+00	-2.692713641208907660e+00	1.341643132058055699e+01
1.862947728675613979e+00	9.962015021400578263e+00	-2.708593605511220304e+00	1.334366717961986737e+01
1.869229324466858078e+00	9.932392061623005475e+00	-2.654098182701575936e+00	1.338757187134538107e+01
1.875517616802973686e+00	9.889666835442223913e+00	-2.659352438936312346e+00	1.325681434998873875e+01
1.881800769033795229e+00	9.896651245385092110e+00	-2.670086852984723258e+00	1.336441126139955493e+01
1.888078863416442710e+00	9.873568533313189732e+00	-2.752291553791296863e+00	1.326509611855734150e+01
1.894353975182237582e+00	9.925019044020446657e+00	-2.777161725146770621e+00	1.344472910474531169e+01
1.900642716154182565e+00	9.882334550990687916e+00	-2.692948752841953119e+00	1.334147538473633610e+01
1.906933494748685121e+00	9.871229466256387752e+00	-2.778918934038489219e+00	1.338833749928080330e+01
1.913207568676573933e+00	9.856974354114912629e+00	-2.813111716675254392e+00	1.336111834464371917e+01
1.919490884732178992e+00	9.840421652811071951e+00	-2.860407795207728476e+00	1.330478439309935013e+01
1.925776855684274480e+00	9.849434970044535831e+00	-2.800168995408418571e+00	1.332256911106734520e+01
1.932064452961978152e+00	9.827445347327193659e+00	-2.798014314731279928e+00	1.327269387549122293e+01
1.938342610030488800e+00	9.839779263917407093e+00	-2.846538272501565547e+00	1.337354775711596666e+01
1.944618341543410178e+00	9.807578998169809381e+00	-2.942747464534566593e+00	1.323396691472062336e+01
1.950906260203513876e+00	9.813455967338702735e+00	-2.854657712539562464e+00	1.331714880891436970e+01
1.957194556613796488e+00	9.793314619091550099e+00	-2.926303383587055329e+00	1.322745779931076093e+01
1.963479614559011432e+00	9.807169627516602262e+00	-2.953698690319841447e+00	1.332233905552087450e+01
1.969760361532916226e+00	9.773864032678408975e+00	-2.880807376207322523e+00	1.316156074106939933e+01
1.976048367034604736e+00	9.804219822621371705e+00	-2.959966798437712043e+00	1.329787978701166473e+01
1.982337990217652335e+00	9.808356571514831757e+00	-2.964577547390580659e+00	1.328141180832085944e+01
1.988617489259562721e+00	9.802359371479184347e+00	-3.030151378262521789e+00	1.327799629137336446e+01
1.994896320665194178e+00	9.794449225521384861e+00	-3.112225094661565716e+00	1.327402223994221409e+01
2.001179596222827151e+00	9.757515986539603503e+00	-3.042278948498746693e+00	1.316598757892522009e+01
2.007459756923499761e+00	9.770148072153272523e+00	-3.097892579071091834e+00	1.322375923715642543e+01
2.013737397779169935e+00	9.809925381041800563e+00	-3.124393388043757103e+00	1.327491543731259327e+01
2.020017234677497164e+00	9.771550670074860889e+00	-3.095773168114680285e+00	1.320331557212085372e+01
2.026310251015072783e+00	9.803833265362078109e+00	-3.225315978549414986e+00	1.319968220151250726e+01
2.032600542948020284e+00	9.802062790611378418e+00	-3.271975385627422739e+00	1.319022711727624575e+01
2.038873863192099289e+00	9.762349493902110709e+00	-3.254641047357646588e+00	1.314343592192355459e+01
2.045154087821675404e+00	9.798866874904277324e+00	-3.265090765539471196e+00	1.318032224277937914e+01
2.051444704514288730e+00	9.765088876156660547e+00	-3.278084372081068398e+00	1.308140246347727143e+01
2.057730430280644729e+00	9.816033587957534223e+00	-3.347191035909499401e+00	1.316718239007279045e+01
2.064013940455224461e+00	9.813575599912125469e+00	-3.384947694585455746e+00	1.319479100624576873e+01
2.070299891179459895e+00	9.831623163194617376e+00	-3.445020257506561379e+00	1.318034486314001086e+01
2.076589719964883951e+00	9.836673216035487499e+00	-3.432389962448278542e+00	1.316345299617028530e+01
2.082865483794470673e+00	9.813849824355525442e+00	-3.442288773257839996e+00	1.307610832777755050e+01
2.089134494859368640e+00	9.792633875925636389e+00	-3.421932488159098007e+00	1.301260847837869683e+01
2.095424211360070288e+00	9.824266124637631492e+00	-3.556337404204504615e+00	1.306520995426622633e+01
2.101707116664804254e+00	9.827499001644268262e+00	-3.462676900782916789e+00	1.304235631624947445e+01
2.107986473933564309e+00	9.797408606651973884e+00	-3.519089751322250770e+00	1.293868207347971655e+01
2.114271806543862375e+00	9.821834039332735244e+00	-3.520167647066088978e+00	1.299453692524997983e+01
2.120552717288892275e+00	9.813483702509129714e+00	-3.550741376799706917e+00	1.298662792073455918e+01
2.126836933207161717e+00	9.825245094038610461e+00	-3.652557142891756925e+00	1.289696507739330222e+01
2.133122044791171845e+00	9.835900131613211528e+00	-3.706809269088508607e+00	1.286621576008193202e+01
2.139411711910842673e+00	9.842185849465051817e+00	-3.675468591618236136e+00	1.292581158604814107e+01
2.145697076775292089e+00	9.829920935668555515e+00	-3.716253695183979744e+00	1.286645899180031982e+01
2.151973548606471276e+00	9.850362886925898565e+00	-3.702370363810615572e+00	1.295058351605721469e+01
2.158259913555724108e+00	9.841908815061236382e+00	-3.722671065274900215e+00	1.278225958821867003e+01
2.164545396699105506e+00	9.878420227851639979e+00	-3.826741139842610995e+00	1.289006139789571037e+01
2.170830700377734068e+00	9.863855710405461608e+00	-3.820449565906307576e+00	1.276123408272826687e+01
2.177114138849150393e+00	9.891052494098504511e+00	-3.864235705326497072e+00	1.275884047831931589e+01
2.183387647576827018e+00	9.894779372236786941e+00	-3.867270036030090008e+00	1.285956199227816654e+01
2.189670273687676971e+00	9.879815494271730003e+00	-3.869918170872802321e+00	1.270808742725210294e+01
2.195960147934207463e+00	9.893616368193280053e+00	-3.918208653924572626e+00	1.270881012018693035e+01
2.202242556317716371e+00	9.905432711016159075e+00	-3.991359977030975781e+00	1.265590664309380919e+01
2.208521655981037668e+00	9.908381177992312772e+00	-3.952634194869037554e+00	1.273870619452992692e+01
2.214804637081333016e+00	9.916909033684561336e+00	-4.002784037313622534e+00	1.269003321484945168e+01
2.221092583349425276e+00	9.944091494687311794e+00	-4.031994737976947185e+00	1.275959539887447747e+01
2.227372893591468728e+00	9.920447273475856420e+00	-4.021252098950185427e+00	1.257712995694450697e+01
2.233657161144248171e+00	9.936199555405249129e+00	-4.099829740389107080e+00	1.258318711573057413e+01
2.239943485394438660e+00	9.962190301239255419e+00	-4.115604644363091147e+00	1.262235099078933231e+01
2.246224175264620815e+00	9.965599008107608014e+00	-4.091075191951347279e+00	1.259408865289165647e+01
2.252506378421252009e+00	9.953844077583543282e+00	-4.132832924837993360e+00	1.254942384981647230e+01
2.258783417054270437e+00	9.984913292862561462e+00	-4.200633640202163122e+00	1.253728172425264731e+01
2.265069077371457684e+00	1.000239666086997481e+01	-4.216790133457515743e+00	1.247092937679876457e+01
2.271350377044131452e+00	9.989218948187966518e+00	-4.235724522188102803e+00	1.249619619246348634e+01
2.277633995145353918e+00	1.001129633510043426e+01	-4.281294559268569166e+00	1.237658387455916476e+01
2.283922419579920149e+00	1.001640915233758911e+01	-4.300363323523098025e+00	1.244435840274147864e+01
2.290202874392252674e+00	1.002197714655028449e+01	-4.270738767574800754e+00	1.239039912145273625e+01
2.296490779970905560e+00	1.002608109730329211e+01	-4.332455791735791095e+00	1.233701435329031604e+01
2.302771769934229162e+00	1.004923274305701497e+01	-4.360244550165765176e+00	1.244441172371523940e+01
2.309051364164305564e+00	1.004716772408701075e+01	-4.333380367351474582e+00	1.235143025088230928e+01
2.315338502539088239e+00	1.005533790244898285e+01	-4.396721696394697787e+00	1.226324195138130690e+01
2.321627336503874428e+00	1.008667482587837583e+01	-4.427551212541488646e+00	1.232417426584909848e+01
2.327911878297218795e+00	1.007176150547427618e+01	-4.436499802124341585e+00	1.216798998880840621e+01
2.334186238580297168e+00	1.009080246627534905e+01	-4.495355489908615887e+00	1.225042405948694402e+01
2.340467971862688401e+00	1.007859088553691151e+01	-4.386781995603861617e+00	1.212431336987913433e+01
2.346756940970738725e+00	1.009783344974342612e+01	-4.431735762027080305e+00	1.218456818476539993e+01
2.353044444556199988e+00	1.010712463825070095e+01	-4.477459592960903123e+00	1.210373862279517709e+01
2.359327653314069906e+00	1.011139038566809312e+01	-4.512474533011466171e+00	1.209374711210588416e+01
2.365603048789861607e+00	1.013207479380135645e+01	-4.534670803352738311e+00	1.203058331424421290e+01
2.371885911737665165e+00	1.015397981253193471e+01	-4.572987720922691679e+00	1.206416647198124181e+01
2.378173303594019572e+00	1.014789763837210224e+01	-4.544657919183471506e+00	1.201388499490924389e+01
2.384454016539381271e+00	1.013928533740353011e+01	-4.570011778169737582e+00	1.191319006863179375e+01
2.390736447344785187e+00	1.015942260941634956e+01	-4.618168889692269907e+00	1.186840180374319687e+01
2.397014133897952259e+00	1.019134424130450256e+01	-4.599166343737491225e+00	1.193655940663176551e+01
2.403295490074321972e+00	1.020976661524525397e+01	-4.642222244231054340e+00	1.195022131448719982e+01
2.409585049672506862e+00	1.018393743830545084e+01	-4.616442391881504292e+00	1.187067993957829870e+01
2.415871703165322071e+00	1.023035135700395415e+01	-4.703893652787797919e+00	1.183492558956901775e+01
2.422160652369088840e+00	1.021824258571809452e+01	-4.674146682044971080e+00	1.179926364750385659e+01
2.428440167222748691e+00	1.024448131424212249e+01	-4.688057467479837648e+00	1.182102669021677244e+01
2.434717472383889803e+00	1.019822759697125214e+01	-4.630068670589766455e+00	1.161303224665416067e+01
2.441002456202044257e+00	1.023677584475411351e+01	-4.709816694395775549e+00	1.175429402741780649e+01
2.447289980304530488e+00	1.024755408567290083e+01	-4.686363759966003961e+00	1.168155570865621939e+01
2.453571844729242279e+00	1.024784223106693659e+01	-4.694282916745621925e+00	1.161249453955281474e+01
2.459852705114058846e+00	1.026753193166404365e+01	-4.705107587756542920e+00	1.154475298229716707e+01
2.466139233225018934e+00	1.029459342790083021e+01	-4.734894343448669218e+00	1.156700894821694448e+01
2.472421963421291391e+00	1.030352596639525764e+01	-4.751195181361604014e+00	1.155678118125245923e+01
2.478698519174224568e+00	1.029745709223594474e+01	-4.771933700820850000e+00	1.149898481826127394e+01
2.484980841400355800e+00	1.032711406313826963e+01	-4.795679096291555865e+00	1.148832882353971740e+01
2.491269319409339822e+00	1.028519438289262311e+01	-4.709861107795298096e+00	1.141239767447554065e+01
2.497548505139029373e+00	1.032848404545678811e+01	-4.799133044419730432e+00	1.141644715052409431e+01
2.503831667172610853e+00	1.033209608814675917e+01	-4.709372470343505590e+00	1.137896617664608101e+01
2.510117938323931153e+00	1.035090044922780095e+01	-4.789500197357894784e+00	1.132689081871171233e+01
2.516400733681277480e+00	1.036367134009458724e+01	-4.803762476911405344e+00	1.132145800156976456e+01
2.522688226833368130e+00	1.035087335013099974e+01	-4.764048685868947253e+00	1.126344579365962240e+01
2.528971695852665569e+00	1.036951119096560170e+01	-4.814245976509076819e+00	1.133857887169392420e+01
2.535252039407670299e+00	1.039803981379816555e+01	-4.830811750205947774e+00	1.122381643527470807e+01
2.541537514142774512e+00	1.040881685131471457e+01	-4.799555451429101005e+00	1.122729714348116481e+01
2.547823008847572179e+00	1.039285936751523742e+01	-4.780566830514580978e+00	1.115067727062159797e+01
2.554100666580690238e+00	1.042470183935690997e+01	-4.857150413347716800e+00	1.115976517668052814e+01
2.560376788884177301e+00	1.043620253588583502e+01	-4.852451471241578496e+00	1.117892588512269647e+01
2.566667521601497359e+00	1.043160734301415538e+01	-4.816348067035323588e+00	1.102963490852036088e+01
2.572955062237090473e+00	1.045028255978239251e+01	-4.826734634757571030e+00	1.108845206145439022e+01
2.579233771797999175e+00	1.044195380108307170e+01	-4.864197314298208674e+00	1.099601337830910275e+01
2.585520164300948220e+00	1.044688091673375219e+01	-4.775579290644287767e+00	1.093981284140199683e+01
2.591805130332431872e+00	1.049679245786449933e+01	-4.865867670798181166e+00	1.101205215161218653e+01
2.598084074692260881e+00	1.051504518466867033e+01	-4.855419146639351702e+00	1.097063404576026180e+01
2.604360404197643586e+00	1.048821404565050486e+01	-4.803241350672093901e+00	1.090358905199591533e+01
2.610647185140439142e+00	1.050902432622788751e+01	-4.848528660354605613e+00	1.086068352921544466e+01
2.616931864059273138e+00	1.054202453485137703e+01	-4.875009443077045646e+00	1.084302610086979257e+01
2.623206107911065565e+00	1.051666413712430703e+01	-4.817529461096794030e+00	1.071660326015669185e+01
2.629491626543270844e+00	1.052077243318312050e+01	-4.796161974870394751e+00	1.069817780843164634e+01
2.635778507982642349e+00	1.056430972228112708e+01	-4.888909303037714871e+00	1.085873794440031048e+01
2.642061039325260818e+00	1.054396198348234570e+01	-4.781827804974811968e+00	1.063334617747054622e+01
2.648343840729305843e+00	1.056809676011098631e+01	-4.818215239778767867e+00	1.071745727528377756e+01
2.654631838974855551e+00	1.057906408855118308e+01	-4.825346187670106701e+00	1.063618819533717641e+01
2.660919001246303761e+00	1.058194891368864887e+01	-4.805821754884137320e+00	1.059955474369459694e+01
2.667198525130066056e+00	1.061607577610038611e+01	-4.867058069078877836e+00	1.069877042844054138e+01
2.673484307038032526e+00	1.061422981377311814e+01	-4.826023362737241307e+00	1.057177982778612879e+01
2.679773388053849459e+00	1.063988831356506282e+01	-4.836767669028372296e+00	1.060050780569972062e+01
2.686058217632288692e+00	1.062891351219068525e+01	-4.807099992104218344e+00	1.048670002848841953e+01
2.692338738200057868e+00	1.064444192829925129e+01	-4.794725245043935047e+00	1.056760071353803987e+01
2.698618022887226964e+00	1.067089104869823935e+01	-4.856084936059746227e+00	1.047715365792306663e+01
2.704895450708277860e+00	1.067570454584107864e+01	-4.802113567801319149e+00	1.041449513258028503e+01
2.711175674923682166e+00	1.068630572215540298e+01	-4.817568384029483397e+00	1.047770357793720031e+01
2.717459832966957922e+00	1.072716861175673664e+01	-4.874857698619881496e+00	1.046664166594614720e+01
2.723745731959044569e+00	1.070635893350741341e+01	-4.778797491593269164e+00	1.041921930086255976e+01
2.730038414850594730e+00	1.071463831664746102e+01	-4.793984083772400595e+00	1.037092609835783463e+01
2.736317989800789441e+00	1.076925478230120525e+01	-4.857614404163898669e+00	1.040295379476810922e+01
2.742591858549239703e+00	1.073402756324218643e+01	-4.749022103736767697e+00	1.031086590097276989e+01
2.748879749010778362e+00	1.078317636703210169e+01	-4.817375336317552659e+00	1.038605532960864508e+01
2.755163403825859447e+00	1.079830557034836325e+01	-4.788110495170736058e+00	1.035177178978992885e+01
2.761446955625852073e+00	1.078431076324068449e+01	-4.779131598967249595e+00	1.032373844919491468e+01
2.767732088935374701e+00	1.080933385292018301e+01	-4.822869349284326645e+00	1.031089276381049125e+01
2.774015452421743966e+00	1.083064167772317354e+01	-4.753523252623521600e+00	1.026575199045702114e+01
2.780298635700591436e+00	1.082833200764163983e+01	-4.761444390025551421e+00	1.028930953016440775e+01
2.786577474762241380e+00	1.083161559549455966e+01	-4.759164629338926034e+00	1.021828443078018189e+01
2.792857983210164541e+00	1.088505201543265244e+01	-4.807979274703308548e+00	1.027373503493960882e+01
2.799143790920211483e+00	1.089317627401523758e+01	-4.770458922558443504e+00	1.020064266678853038e+01
2.805430058399325244e+00	1.091204634667505680e+01	-4.815783062499422229e+00	1.020824736768222607e+01
2.811715058209780072e+00	1.092959530139099478e+01	-4.818733991351177082e+00	1.030215965832994129e+01
2.817989272498773623e+00	1.092504579473573401e+01	-4.767418714122359624e+00	1.022342948439399635e+01
2.824269171595737760e+00	1.095440228094794222e+01	-4.768751910365057078e+00	1.017093237403328132e+01
2.830563016441804081e+00	1.098619736856174356e+01	-4.766731975106427655e+00	1.023171030165684137e+01
2.836848750951622034e+00	1.099481776412902079e+01	-4.785521155816721439e+00	1.028410662093305561e+01
2.843130027866129783e+00	1.102703930485421857e+01	-4.774014896600024649e+00	1.017278217937581175e+01
2.849413896912404986e+00	1.102121850503200662e+01	-4.756676214642791223e+00	1.024896676612697277e+01
2.855697464522425566e+00	1.104847854352993508e+01	-4.746511498929422146e+00	1.014326963180885066e+01
2.861978799810683594e+00	1.104970758264047603e+01	-4.744408036596704292e+00	1.018643844725326986e+01
2.868262469415629567e+00	1.107345672371004497e+01	-4.745886695390884924e+00	1.014870709418045713e+01
2.874547359206753860e+00	1.111426619745342137e+01	-4.703770266373491715e+00	1.024022299174472472e+01
2.880831111471525041e+00	1.112063931370787095e+01	-4.729155980099790213e+00	1.020469578090833274e+01
2.887113216972382546e+00	1.112671664729877996e+01	-4.686240377205909802e+00	1.007546405581125448e+01
2.893394504725182781e+00	1.115825639295244542e+01	-4.780188975314689337e+00	1.024196147212929375e+01
2.899673662137033592e+00	1.117705374904711313e+01	-4.731416001218126333e+00	1.021206848665515032e+01
2.905953958587380814e+00	1.118484625974846125e+01	-4.681722629736428942e+00	1.018413942105315506e+01
2.912241118105161064e+00	1.120210566019901854e+01	-4.700228416278626753e+00	1.022447267876256305e+01
2.918525996366671205e+00	1.124964579644658969e+01	-4.778902702958063742e+00	1.026626135105957438e+01
2.924809035425688819e+00	1.125843966524890583e+01	-4.728581906348273023e+00	1.024339834730470145e+01
2.931095916293684933e+00	1.128387823141902224e+01	-4.692845335619669989e+00	1.017758224403457312e+01
2.937378182606774413e+00	1.130781709542674207e+01	-4.736734627156325317e+00	1.024938038419221442e+01
2.943659980254369923e+00	1.134509478085148970e+01	-4.776559893895427678e+00	1.026823393802395401e+01
2.949946454403890250e+00	1.134600410781579427e+01	-4.705766519143872451e+00	1.024371516737296517e+01
2.956227653702202307e+00	1.140822624233260285e+01	-4.712096899138383144e+00	1.035622827124808509e+01
2.962510478867462993e+00	1.139701989560554019e+01	-4.733690982702374761e+00	1.028012960057028380e+01
2.968796535179442309e+00	1.143643316375264440e+01	-4.748406771616755506e+00	1.031135164154918726e+01
2.975077657376874907e+00	1.145923999639458657e+01	-4.715863103031026959e+00	1.040404936329175278e+01
2.981359866759223376e+00	1.148335583693140727e+01	-4.748643338643245393e+00	1.039240157367239270e+01
2.987646761575656562e+00	1.153585609867607786e+01	-4.749328228515724781e+00	1.048954744016463536e+01
2.993929038370399365e+00	1.154392499602329636e+01	-4.736785129154925222e+00	1.041127373892542707e+01
3.000206214840962726e+00	1.153557211206435973e+01	-4.681550599303158755e+00	1.039489675410824177e+01
3.006486172402415669e+00	1.157999509885061684e+01	-4.694212183907825242e+00	1.042725857506279397e+01
3.012769812211594456e+00	1.159243254464496964e+01	-4.744558449525529298e+00	1.043286112175902502e+01
3.019053144326170113e+00	1.163777829866595503e+01	-4.722098099689981510e+00	1.056195389099238646e+01
3.025337405144251424e+00	1.167437215316854449e+01	-4.719513250031980078e+00	1.053587199182281786e+01
3.031623734799107961e+00	1.169443936291873776e+01	-4.744171402301340379e+00	1.053094629931016080e+01
3.037908962055872575e+00	1.172971801862358987e+01	-4.756098194181214822e+00	1.061764740827755027e+01
3.044195067146031608e+00	1.175876295096977842e+01	-4.715249440612542919e+00	1.065879223017735455e+01
3.050475543482170426e+00	1.179448600705879358e+01	-4.729170687932199968e+00	1.073257562062729065e+01
3.056754954538277502e+00	1.183068580168141892e+01	-4.700878691086415984e+00	1.072935158777384679e+01
3.063040539557494668e+00	1.186589683118543803e+01	-4.801479979166856538e+00	1.083764436427092193e+01
3.069323699454357346e+00	1.187847472327911014e+01	-4.734978979806189869e+00	1.083942108104293567e+01
3.075610692642898769e+00	1.189182370521723087e+01	-4.717218844055623528e+00	1.076638698983771825e+01
3.081893798009918584e+00	1.196791207345989605e+01	-4.756711205624952754e+00	1.091049662032187761e+01
3.088174549548037717e+00	1.199705951233197965e+01	-4.773248803745179458e+00	1.094667531845509600e+01
3.094458635632868493e+00	1.202032066989491277e+01	-4.773628451530094630e+00	1.095826159634236774e+01
3.100743982931558840e+00	1.207127039830909077e+01	-4.819392540913181477e+00	1.106396197364963818e+01
3.107028111748448396e+00	1.210375101707278489e+01	-4.792946661802855779e+00	1.112949807110810241e+01
3.113309299655494300e+00	1.213673833748243425e+01	-4.800990103908136852e+00	1.114555755065860154e+01
3.119590662867241626e+00	1.217119643260432227e+01	-4.842599553499920439e+00	1.119111738774522991e+01
3.125874006820172912e+00	1.221721407776777291e+01	-4.763388681492232379e+00	1.127879365252371713e+01
3.132159251154602586e+00	1.228781216672307508e+01	-4.887788297723279385e+00	1.145043247909930884e+01
3.138439172765940643e+00	1.227715120399553861e+01	-4.835198354642836982e+00	1.137020380229035155e+01
3.144723867719826593e+00	1.233852230288089480e+01	-4.859737051769419836e+00	1.148118650482066805e+01
3.151003951258561031e+00	1.239321505936180579e+01	-4.946505455714340194e+00	1.156684517784342603e+01
3.157283664131563139e+00	1.243110965626249254e+01	-4.888916466023796481e+00	1.156168812575951677e+01
3.163569317183839935e+00	1.247508375516167867e+01	-4.847914447227942958e+00	1.165778395197759210e+01
3.169851661717792091e+00	1.252010459135152587e+01	-4.947813570479580036e+00	1.174852882694926315e+01
3.176137704316093657e+00	1.256354897604026277e+01	-4.952105948090453680e+00	1.177705027508631908e+01
3.182420924828643916e+00	1.260787839553156786e+01	-4.963986885659180892e+00	1.189483087255477578e+01
3.188702811875577581e+00	1.265113225145121589e+01	-4.882648694855945770e+00	1.187387451512957348e+01
3.194990520008989865e+00	1.268850667933446452e+01	-4.959837531389305276e+00	1.199558910562250347e+01
3.201275324656983834e+00	1.274364500267288136e+01	-4.986754815262926854e+00	1.210754846053075617e+01
3.207551352179861759e+00	1.278762040032467162e+01	-4.972506425171189015e+00	1.218770739472721232e+01
3.213835216737041645e+00	1.285780916044179101e+01	-5.057876008814914393e+00	1.233125275797308085e+01
3.220122579819103770e+00	1.280883041532297462e+01	-4.884878734044384885e+00	1.180756055010314576e+01
3.226406606618656525e+00	1.266818314529273515e+01	-4.534671925969381512e+00	1.097347305823414310e+01
3.232687390085645429e+00	1.256152327289510673e+01	-4.277553931911003637e+00	1.016931313288143279e+01
3.238969121280456331e+00	1.246770248309655571e+01	-4.061617895328931027e+00	9.445301050930169140e+00
3.245254751548589667e+00	1.236111831396525140e+01	-3.793866190267935146e+00	8.647416785009001572e+00
3.251534499036136783e+00	1.229210869821397978e+01	-3.566557485496456792e+00	7.978907646627081185e+00
3.257817780791052442e+00	1.221222420203153192e+01	-3.434275512230865690e+00	7.379830278898984020e+00
3.264102164154097263e+00	1.214256528887664288e+01	-3.250140213564455482e+00	6.712111549168877644e+00
3.270384152138468892e+00	1.208667944028000818e+01	-3.047375072767215531e+00	6.129741672336526115e+00
3.276669427476867735e+00	1.201243749661279914e+01	-2.943769245933672174e+00	5.568020129694865261e+00
3.282954688864507808e+00	1.195263540439091621e+01	-2.780713107418024688e+00	4.931785284838311689e+00
3.289237200334947264e+00	1.189938991937064650e+01	-2.643569321511382686e+00	4.342346852091089282e+00
3.295519587088236779e+00	1.185891150198523825e+01	-2.540046700149243719e+00	3.888874521719038135e+00
3.301805977329951958e+00	1.182629961238595229e+01	-2.443559637632726655e+00	3.395472026832483614e+00
3.308087486222440088e+00	1.179275265593243738e+01	-2.305743592101556771e+00	2.869840520311333965e+00
3.314367630234227313e+00	1.175715667138851295e+01	-2.254543218125994564e+00	2.413988648913271806e+00
3.320651909732194262e+00	1.172644422123897101e+01	-2.142689660959428810e+00	1.980508068864777371e+00
3.326931260376857047e+00	1.169090562838000658e+01	-2.072366960465540142e+00	1.497044455915972572e+00
3.333216512447217728e+00	1.167413989104080940e+01	-1.989235997250969001e+00	1.121641812536187555e+00
3.339504489419978128e+00	1.166146922325313184e+01	-1.968838614504435425e+00	7.689480397430691339e-01
3.345786804809928405e+00	1.163654732389815472e+01	-1.870417336565213029e+00	2.491265043586309291e-01
3.352071130016277767e+00	1.161059731073062018e+01	-1.846292487943209437e+00	-9.871154945384474910e-02
3.358351496304225581e+00	1.160153127833661379e+01	-1.794641786353514012e+00	-4.674978516603018330e-01
3.364630591073392019e+00	1.157380924547724099e+01	-1.683390858005648694e+00	-8.788887648622064619e-01
3.370916305215045483e+00	1.157487534249401229e+01	-1.701224549130050834e+00	-1.242716995005362701e+00
3.377197952029413752e+00	1.157765805019094607e+01	-1.632718018356707601e+00	-1.608940268300587340e+00
3.383483063818085501e+00	1.158198936540917856e+01	-1.608609239214468412e+00	-1.976023504861410984e+00
3.389769992424469969e+00	1.155735874002224861e+01	-1.541977679621191255e+00	-2.317509115398979969e+00
3.396051330885982100e+00	1.155541227553992201e+01	-1.492882042047303459e+00	-2.696513328661997999e+00
3.402330879139463971e+00	1.154722492191518946e+01	-1.528474339231549406e+00	-2.964433298525598559e+00
3.408610488352048495e+00	1.156821630420927605e+01	-1.483388516486382036e+00	-3.327453549045741976e+00
3.414897837696641236e+00	1.155756952746097710e+01	-1.418700004852269547e+00	-3.637183998460225887e+00
3.421180484052105619e+00	1.154954312264889893e+01	-1.375435128836052012e+00	-3.970127107055081428e+00
3.427461639653846870e+00	1.155570051281539357e+01	-1.420787753044637336e+00	-4.280822731299005923e+00
3.433749159643459059e+00	1.157777983300235469e+01	-1.374487083795637554e+00	-4.610916238821650026e+00
3.440032646656798310e+00	1.157739280629517431e+01	-1.356281565575639947e+00	-4.870643331320090752e+00
3.446313366033385339e+00	1.159041328476001098e+01	-1.341141425976177359e+00	-5.188601524082733008e+00
3.452600135384134905e+00	1.159573033437772338e+01	-1.335183049540962452e+00	-5.519974021940955211e+00
3.458883152815406703e+00	1.160139897086089711e+01	-1.321989447751181324e+00	-5.752781355852081724e+00
3.465163834403715448e+00	1.160791282361370591e+01	-1.341211327622034100e+00	-5.984491884691041541e+00
3.471449329786229221e+00	1.162546810625370597e+01	-1.353512520803974883e+00	-6.321727332370179475e+00
3.477734476754053894e+00	1.162979908112325056e+01	-1.285985101537744146e+00	-6.654826361107446964e+00
3.484019652467224226e+00	1.162201852474106722e+01	-1.260679832059113048e+00	-6.958776110539924176e+00
3.490297019369712928e+00	1.165177200363641852e+01	-1.259774391876600896e+00	-7.176461961720624672e+00
3.496582486484379970e+00	1.166573211838815105e+01	-1.206253830430897178e+00	-7.483533519339215623e+00
3.502868048046865024e+00	1.167195778319839405e+01	-1.236013287915118664e+00	-7.705327803229534922e+00
3.509144649545451244e+00	1.170560500292463679e+01	-1.236175822088910969e+00	-7.979942491327305376e+00
3.515428082003116295e+00	1.171688397868048703e+01	-1.263341724443656222e+00	-8.236416200826081280e+00
3.521711031624695565e+00	1.172272027991101417e+01	-1.270689320577785830e+00	-8.499523774093271200e+00
3.527991850954735664e+00	1.175225724662442062e+01	-1.250809035131344116e+00	-8.726975849401242158e+00
3.534275545726699885e+00	1.177186003593520880e+01	-1.247741562395584092e+00	-9.002475314305030452e+00
3.540562632020772149e+00	1.177525423157026907e+01	-1.276725901751891490e+00	-9.212587506243995250e+00
3.546844410757220789e+00	1.180951800768426629e+01	-1.214962999267830801e+00	-9.518385992458272327e+00
3.553131386753758836e+00	1.184222198011030436e+01	-1.250450751156925389e+00	-9.715190806681881952e+00
3.559419203211965144e+00	1.183911125383674623e+01	-1.289879436916897770e+00	-9.930428566000557566e+00
3.565697971577579839e+00	1.186820561904536753e+01	-1.262873110604228355e+00	-1.019859542549497711e+01
3.571979559134798254e+00	1.187436392555331999e+01	-1.254224611300753134e+00	-1.040792603706068853e+01
3.578265774595833726e+00	1.190107507862075664e+01	-1.275082194658728296e+00	-1.068261957130938988e+01
3.584548309769353125e+00	1.194287635440461415e+01	-1.261824897935365453e+00	-1.092119613446033100e+01
3.590826843920031486e+00	1.194578547215270525e+01	-1.274821069576903998e+00	-1.114202298280622827e+01
3.597107306745233934e+00	1.197617058273208279e+01	-1.278749464308833295e+00	-1.137867755902997402e+01
3.603392831792229245e+00	1.202217469774686620e+01	-1.294196711915133857e+00	-1.158607488643397332e+01
3.609673209822572559e+00	1.200488424577796387e+01	-1.273273941966135414e+00	-1.179191797905629890e+01
3.615955412133016189e+00	1.204589890526199802e+01	-1.274678393962024314e+00	-1.202948550835693275e+01
3.622241607772384686e+00	1.206026391459527680e+01	-1.265146399485647333e+00	-1.231683838649725082e+01
3.628520252736676444e+00	1.207828534579761559e+01	-1.275419165256496568e+00	-1.251465057843667061e+01
3.634804827569451113e+00	1.210724878613408251e+01	-1.298204311909482156e+00	-1.268231560488948162e+01
3.641094981788862928e+00	1.214116111996886538e+01	-1.306160642912625791e+00	-1.292607928918168270e+01
3.647383514928639325e+00	1.216360809699598988e+01	-1.317751331427196471e+00	-1.308723502723211141e+01
3.653663283927725658e+00	1.219452217644646197e+01	-1.310063805846114704e+00	-1.335537312840635060e+01
3.659943504072155296e+00	1.221628594463787110e+01	-1.311828908198885424e+00	-1.362905080539629665e+01
3.666232000281138603e+00	1.225945017517834579e+01	-1.297730773194978537e+00	-1.380692910163816123e+01
3.672514211678317597e+00	1.227307996222010900e+01	-1.334825587645106282e+00	-1.399426159523000379e+01
3.678794154686042539e+00	1.231906254157294889e+01	-1.328121300174851305e+00	-1.422372951353399806e+01
3.685078621861909820e+00	1.232520898221832084e+01	-1.339327678015666212e+00	-1.443816081504649596e+01
3.691359210097977961e+00	1.234615625461251653e+01	-1.308215222309294212e+00	-1.468613079675127508e+01
3.697642368173791105e+00	1.239220778298259873e+01	-1.332112863087372645e+00	-1.485744820149085399e+01
3.703925796735277665e+00	1.240329481750394258e+01	-1.370550798055501840e+00	-1.500879371629432768e+01
3.710208240364660348e+00	1.244581780462141118e+01	-1.318977417105879235e+00	-1.532211317986847554e+01
3.716494593122387169e+00	1.245440566119824410e+01	-1.367711492550659713e+00	-1.547035318816353744e+01
3.722775386659595398e+00	1.248584447713832546e+01	-1.354820314154199012e+00	-1.567206943082005388e+01
3.729058392883481510e+00	1.252696935773626663e+01	-1.347649764964990338e+00	-1.590521556447507656e+01
3.735339748210807720e+00	1.257367549125845585e+01	-1.339022157591342799e+00	-1.613257726076261278e+01
3.741620776392969638e+00	1.258339566255526520e+01	-1.397259940489867569e+00	-1.627958102437110810e+01
3.747904795418762980e+00	1.263858218159349001e+01	-1.374002744952675492e+00	-1.647497215176951357e+01
3.754190633281219380e+00	1.262514183963379821e+01	-1.391780993822831380e+00	-1.670269198253432208e+01
3.760478208018912749e+00	1.267642556735544801e+01	-1.335464566381141305e+00	-1.694059395005418267e+01
3.766755538573464346e+00	1.270770766757417647e+01	-1.421956763893631237e+00	-1.708036898937313453e+01
3.773032090135151506e+00	1.274019136092680782e+01	-1.364179410769315481e+00	-1.731239276161679186e+01
3.779322553012896879e+00	1.278709517301772358e+01	-1.404972737313122444e+00	-1.750244674773701092e+01
3.785609109731308930e+00	1.278346333220419240e+01	-1.365045501632399017e+00	-1.778151976035098158e+01
3.791889825936295200e+00	1.284693522036280733e+01	-1.399532145927393056e+00	-1.791488264936416286e+01
3.798174822702435893e+00	1.288662613027521964e+01	-1.393213477430573111e+00	-1.815191249914755289e+01
3.804458658753491651e+00	1.290144709581592330e+01	-1.364463096604710435e+00	-1.839441816978593636e+01
3.810738438095723435e+00	1.295406779464506819e+01	-1.411853992901394239e+00	-1.851010594061252945e+01
3.817018850285747167e+00	1.298261144824319047e+01	-1.451574824396032914e+00	-1.864284416720481019e+01
3.823305314209427763e+00	1.299835817321658737e+01	-1.414550051782292428e+00	-1.888548565222695430e+01
3.829591295197792178e+00	1.305117522911452710e+01	-1.408184216986062332e+00	-1.909730770211350759e+01
3.835872296070849341e+00	1.306864034457094625e+01	-1.428854370341840374e+00	-1.938904298121591907e+01
3.842156279590906109e+00	1.313044839214630777e+01	-1.467992322783187920e+00	-1.944291831795700531e+01
3.848441511099312429e+00	1.316635804037494140e+01	-1.412813583154759245e+00	-1.977242692630950316e+01
3.854723334376886079e+00	1.321024769195115134e+01	-1.411107956058281765e+00	-1.992148499603494827e+01
3.861004740704794713e+00	1.322279590409451444e+01	-1.429682496060449060e+00	-2.010523226749074155e+01
3.867284336650660848e+00	1.325959880010294967e+01	-1.452769600318514209e+00	-2.028306131360046649e+01
3.873567367678779849e+00	1.329885477725659371e+01	-1.442071856194224733e+00	-2.049343148361974798e+01
3.879850662830422792e+00	1.334615173975918268e+01	-1.438556860182912622e+00	-2.075492475227080291e+01
3.886137063198143338e+00	1.336494122345774826e+01	-1.420125628294778286e+00	-2.092730598526190278e+01
3.892419463049126005e+00	1.341085336448927379e+01	-1.441054109362609026e+00	-2.109636973340852606e+01
3.898703740328622658e+00	1.344301014508625869e+01	-1.448988830316969789e+00	-2.128130001386733028e+01
3.904991458788179326e+00	1.351697598372445874e+01	-1.471556256072466651e+00	-2.151468330266523665e+01
3.911270842222104083e+00	1.354189148638568341e+01	-1.469625985969689408e+00	-2.168651232380392813e+01
3.917549806479573071e+00	1.356801737183525347e+01	-1.477168420631426393e+00	-2.183104998486324888e+01
3.923836006203090587e+00	1.360962606578541312e+01	-1.445878591959082415e+00	-2.214421050467106511e+01
3.930121452497870926e+00	1.365963021191453741e+01	-1.472379726191596738e+00	-2.228877881746556255e+01
3.936398172858230460e+00	1.367622497142664173e+01	-1.446674250405597384e+00	-2.247148526167043414e+01
3.942683040425962293e+00	1.371204071664161184e+01	-1.414658065718620517e+00	-2.273420403529311429e+01
3.948974759704379611e+00	1.378481630453140028e+01	-1.447149014268537481e+00	-2.291716064062679692e+01
3.955259227995065352e+00	1.381086476257350704e+01	-1.442616060488194796e+00	-2.313162581947222662e+01
3.961537174921395454e+00	1.384983525489238865e+01	-1.448135143014237736e+00	-2.328589997745147500e+01
3.967820217617139544e+00	1.391631695648536216e+01	-1.449390853919912292e+00	-2.356241661239359431e+01
3.974105559832568968e+00	1.395627347755527126e+01	-1.445532340385501602e+00	-2.379619120288004552e+01
3.980384727931198352e+00	1.398939843535254646e+01	-1.456876453910947999e+00	-2.391720217450385277e+01
3.986664590839849698e+00	1.401908645832769196e+01	-1.444500072232126842e+00	-2.415654001639796888e+01
3.992949619150675034e+00	1.409040231780517693e+01	-1.480663780655144812e+00	-2.435881803297836967e+01
3.999235075769965952e+00	1.409083272004256848e+01	-1.457648163965819199e+00	-2.453721328329779183e+01
4.005515715515433506e+00	1.420415157119358085e+01	-1.480906430683445851e+00	-2.479605688645868256e+01
4.011798434346478537e+00	1.420718024805242941e+01	-1.439654828515046336e+00	-2.497672600399652154e+01
4.018083716245132386e+00	1.422271052620412668e+01	-1.440863653127171240e+00	-2.520221205291906941e+01
4.024365700052603856e+00	1.432067383180013032e+01	-1.441603917825228898e+00	-2.545541941665021213e+01
4.030643960839860540e+00	1.435816371215986109e+01	-1.446998096850905746e+00	-2.563418764103479575e+01
4.036928708926215137e+00	1.439478182820935714e+01	-1.442820219840437623e+00	-2.578646459923786338e+01
4.043218157412017177e+00	1.443621778335496764e+01	-1.441284802730990799e+00	-2.605904731890606030e+01
4.049503019487663558e+00	1.448984826437360240e+01	-1.467787016965685032e+00	-2.624185112356278538e+01
4.055781898960511000e+00	1.456367661883072984e+01	-1.407936575495164044e+00	-2.654882244006703118e+01
4.062060795621602161e+00	1.458793184878924620e+01	-1.408717806915889659e+00	-2.678063293417091728e+01
4.068347865354716042e+00	1.463839892192913972e+01	-1.424131697696058518e+00	-2.689621427798635622e+01
4.074631027173265529e+00	1.471775720098541207e+01	-1.458043351745987648e+00	-2.710341570171930314e+01
4.080910837526078971e+00	1.473660435928869994e+01	-1.452549690605382748e+00	-2.733924370272461957e+01
4.087201203341442657e+00	1.480632792128780295e+01	-1.380375136765757516e+00	-2.765821504475195169e+01
4.093486818591942189e+00	1.483774695022523105e+01	-1.372871348758148979e+00	-2.788463488594036832e+01
4.099764387336505500e+00	1.492509872669773685e+01	-1.456142873362002765e+00	-2.801285354510685366e+01
4.106049166937662420e+00	1.494898926791270988e+01	-1.442176956774449792e+00	-2.825765769868853283e+01
4.112334559041358695e+00	1.500254652075420836e+01	-1.418237961015292425e+00	-2.847016328679502450e+01
4.118618926059533614e+00	1.505811105104289993e+01	-1.398268359869594635e+00	-2.868280234770573855e+01
4.124898942031112625e+00	1.510066129226216525e+01	-1.386737110336099477e+00	-2.893904909569717887e+01
4.131175432561665417e+00	1.521394752953136909e+01	-1.397950190988151320e+00	-2.927390608197858768e+01
4.137461563786142271e+00	1.520605297946965884e+01	-1.381658429865972648e+00	-2.945244365785693219e+01
4.143746006210170307e+00	1.527343403512724684e+01	-1.400317940737647371e+00	-2.959844170972282384e+01
4.150029800482964326e+00	1.535844994219625015e+01	-1.391468858107851592e+00	-2.994678066523361082e+01
4.156313390684649001e+00	1.541115642834378185e+01	-1.381059835391576396e+00	-3.015177033595000111e+01
4.162596105843763716e+00	1.545123967116898278e+01	-1.380523992977241043e+00	-3.034758200207963696e+01
4.168881843141768684e+00	1.550126826508527422e+01	-1.323959046873264045e+00	-3.072612761678478677e+01
4.175162111073220217e+00	1.562149767667172640e+01	-1.355301763801104453e+00	-3.095471749655528626e+01
4.181448573417560155e+00	1.561755054611708715e+01	-1.352640304911821856e+00	-3.110962796774082051e+01
4.187738782464171194e+00	1.568898557154111018e+01	-1.327439875530581181e+00	-3.136545585114183154e+01
4.194017437180169061e+00	1.572533589592612913e+01	-1.361104017207138694e+00	-3.155694236479502024e+01
4.200293572701767175e+00	1.579654432326302960e+01	-1.317774254863874672e+00	-3.191134970981363139e+01
4.206580195481546269e+00	1.590029154437232606e+01	-1.353224378402931638e+00	-3.215476013563506541e+01
4.212860644652220543e+00	1.591717052975826441e+01	-1.268263725577009948e+00	-3.253229478462287716e+01
4.219138153430114002e+00	1.601345108563983999e+01	-1.340834076127176422e+00	-3.263137364108850846e+01
4.225426162098283811e+00	1.602652556037554987e+01	-1.319241948920850005e+00	-3.284285205053363654e+01
4.231713506719782636e+00	1.611159272649683061e+01	-1.331492202427996263e+00	-3.313603464623231076e+01
4.237990056577191744e+00	1.620760419293296906e+01	-1.331145562747537481e+00	-3.342314049315911717e+01
4.244267783646744618e+00	1.627688338408076518e+01	-1.313838272886481473e+00	-3.379869750542586360e+01
4.250560660182562955e+00	1.632317175161749390e+01	-1.311623660543695946e+00	-3.392939359254966547e+01
4.256847734842668096e+00	1.635362651788395638e+01	-1.228521656029417874e+00	-3.433899276855213856e+01
4.263127100734456221e+00	1.647376127238998933e+01	-1.252870593923394393e+00	-3.459791422773089664e+01
4.269406860432507500e+00	1.649135532131193926e+01	-1.288020799353236656e+00	-3.475647113640114583e+01
4.275691671482192646e+00	1.656110638426723014e+01	-1.213994670173999868e+00	-3.516921765492963914e+01
4.281972414189518794e+00	1.666019431560583541e+01	-1.257240522307042863e+00	-3.540319258030024940e+01
4.288253516806755705e+00	1.669377532276054765e+01	-1.225651911091343749e+00	-3.570569088649722289e+01
4.294540520160492925e+00	1.681377129143324467e+01	-1.246484875452607666e+00	-3.599824603437836146e+01
4.300825742921731809e+00	1.682471690049723989e+01	-1.210677157085513267e+00	-3.625307138612855340e+01
4.307109835491901961e+00	1.688070000826256489e+01	-1.206885044815408037e+00	-3.649094664634628771e+01
4.313390926478413157e+00	1.698308019527661017e+01	-1.257779151804014894e+00	-3.672963037294395150e+01
4.319667979480563247e+00	1.700785139522269063e+01	-1.171832609450463858e+00	-3.719807735902225687e+01
4.325952598143786076e+00	1.715451347952453887e+01	-1.227877198290420191e+00	-3.739745517882395376e+01
4.332241647035422361e+00	1.717379847681525362e+01	-1.167791353960097256e+00	-3.778723825359571720e+01
4.338524445619096781e+00	1.726939070390607611e+01	-1.158940962482934101e+00	-3.811038672277258854e+01
4.344809348131129845e+00	1.727724639651642491e+01	-1.138195433018081237e+00	-3.833291950220220912e+01
4.351090699193166600e+00	1.728634449816536289e+01	-1.117608686604780299e+00	-3.862030612408391761e+01
4.357369710808320029e+00	1.744124343747907346e+01	-1.122970770271629615e+00	-3.896027998531837966e+01
4.363659348967174445e+00	1.743853497276689524e+01	-1.092165182203312268e+00	-3.930387917162297384e+01
4.369947418280990981e+00	1.757573598889903721e+01	-1.050408842550965449e+00	-3.975699055921621294e+01
4.376226569265827315e+00	1.760087731042892756e+01	-1.108530914128391887e+00	-3.988125378210683891e+01
4.382499356631129217e+00	1.772845689436918448e+01	-1.022613605556337957e+00	-4.050494621933125927e+01
4.388784975178015024e+00	1.778064056732302234e+01	-1.044915027385096895e+00	-4.069790039717213403e+01
4.395068696309480494e+00	1.781399564671680835e+01	-9.800920345650802057e-01	-4.119071311650223066e+01
4.401347962382031298e+00	1.795605762842309261e+01	-1.008104257304310636e+00	-4.149765069400162787e+01
4.407628405096517099e+00	1.793158726807068604e+01	-9.698336993640177539e-01	-4.173379237107748452e+01
4.413915862185140426e+00	1.800820245728684199e+01	-9.719429882483372474e-01	-4.216439566177925968e+01
4.420203163534264235e+00	1.808187733708079037e+01	-8.635578569252635450e-01	-4.261181586784202580e+01
4.426480311003382795e+00	1.801204618781392597e+01	-9.120010043639376063e-01	-4.272543520843907316e+01
4.432765973643649104e+00	1.820651542079308172e+01	-9.614861129046244903e-01	-4.302922236031287895e+01
4.439053392023870614e+00	1.819522186765032146e+01	-8.797082049415774208e-01	-4.359917942128182489e+01
4.445336141335588742e+00	1.826972772128781486e+01	-8.097208751073310395e-01	-4.397839073099803642e+01
4.451617241414883352e+00	1.832978928159993259e+01	-7.604086040951053560e-01	-4.451315647403908571e+01
4.457901500730311106e+00	1.836656935220131004e+01	-7.837082670764919934e-01	-4.488023157815957376e+01
4.464189501093017043e+00	1.849429174429262801e+01	-7.796293369202403900e-01	-4.525171156276972084e+01
4.470470197548729985e+00	1.840451184767569615e+01	-6.738899107211965278e-01	-4.563410986348288390e+01
4.476748044268524573e+00	1.857745376187418174e+01	-7.486295952548782662e-01	-4.596883895798594466e+01
4.483035990164653484e+00	1.854321102522741072e+01	-6.775186518119594714e-01	-4.646336589365826342e+01
4.489323331650528104e+00	1.855711460568454285e+01	-6.732394660904466033e-01	-4.670474048471164963e+01
4.495599111667934800e+00	1.856347142308297293e+01	-5.481289095270363010e-01	-4.727633394469192751e+01
4.501870922878794090e+00	1.860513592403581384e+01	-5.088066260418208087e-01	-4.783051627327827049e+01
4.508155162877705457e+00	1.868889114953897845e+01	-4.866891812376440418e-01	-4.823839196103059379e+01
4.514446451153479423e+00	1.865881371153125912e+01	-3.822850707666159975e-01	-4.886192049094336198e+01
4.520723894043856994e+00	1.868753902442535519e+01	-3.670772821644540662e-01	-4.912610052160275131e+01
4.527003782460155890e+00	1.862631970725140818e+01	-3.403551125017234003e-01	-4.954663114764106524e+01
4.533293086610313161e+00	1.865554265341314277e+01	-2.913399236185026941e-01	-5.006241824907083782e+01
4.539578989864040182e+00	1.859794926833600925e+01	-2.182964252495694091e-01	-5.041609132559568707e+01
4.545857164866476730e+00	1.864981621872023965e+01	-1.916814407575370971e-01	-5.109459636838931118e+01
4.552138955546025656e+00	1.862579807052168590e+01	-1.381537729644754520e-01	-5.155572807058585738e+01
4.558432046889146605e+00	1.860771149997277618e+01	-4.662001622567695652e-02	-5.206094261139812573e+01
4.564713463378488711e+00	1.866189881900939795e+01	-7.104397143408931747e-02	-5.249557470437327567e+01
4.570987274133244682e+00	1.865844736354201672e+01	-7.718790888415494322e-02	-5.279805877104762857e+01
4.577274818151045643e+00	1.872537213472396900e+01	-3.756845589777880329e-02	-5.333458858447635720e+01
4.583563263889338657e+00	1.873962903008082748e+01	-3.640932733500098356e-02	-5.368254669777548571e+01
4.589844917004465508e+00	1.874571954060247236e+01	1.249826534389262070e-02	-5.399164162960846625e+01
4.596126259982004747e+00	1.872830408369759425e+01	-4.270839406973428063e-04	-5.431806962611054956e+01
4.602409075598298926e+00	1.882691211917325091e+01	-5.143290841245644340e-02	-5.475176137273893318e+01
4.608696634867644804e+00	1.894565123443208066e+01	-1.551751247156137915e-02	-5.530761781416558165e+01
4.614977646498861219e+00	1.897141640484286640e+01	5.481150175524305418e-02	-5.581424433264736251e+01
4.621258953029527383e+00	1.900229101564490719e+01	1.069431828942901848e-02	-5.598938711999984719e+01
4.627547993978874175e+00	1.901989636304018916e+01	-4.948313132432526941e-03	-5.634105071675497101e+01
4.633830152730579854e+00	1.908611563639089326e+01	1.022632523063070863e-02	-5.672573404231543037e+01
4.640104005367354567e+00	1.916518350779514890e+01	2.244388627458802909e-02	-5.715631797108086687e+01
4.646382060386754276e+00	1.923463724989435875e+01	-3.694765910390348379e-02	-5.754020779751108705e+01
4.652674213731970987e+00	1.929663235069651250e+01	9.946652929913916974e-03	-5.797169237752203230e+01
4.658958291796220230e+00	1.937940415896841628e+01	-7.702760337349518448e-03	-5.837149920575340900e+01
4.665233615070169648e+00	1.947535845950707767e+01	-5.107039076501807690e-02	-5.882206246826050489e+01
4.671520675710307380e+00	1.950215928186439740e+01	2.830624597729499911e-02	-5.924964593304179061e+01
4.677814351732177300e+00	1.952040317056720298e+01	9.591173286428994818e-03	-5.944370124752878581e+01
4.684093699744638073e+00	1.964177176748380660e+01	-6.549134760698951604e-03	-5.999711113790728234e+01
4.690368661472568590e+00	1.979518430801401152e+01	-1.715405641818425198e-02	-6.062589962226537921e+01
4.696663270746453733e+00	1.983959078927150443e+01	-2.966217106167971448e-02	-6.096490457713456834e+01
4.702945459248681459e+00	1.990156229934421006e+01	-7.997251813514506813e-02	-6.124705842177407789e+01
4.709209170841929470e+00	1.998950311623777409e+01	-1.678374343273839053e-02	-6.174533016981825284e+01
4.715491634753063543e+00	2.006977877727609894e+01	-3.518312702233847983e-02	-6.216232613187133182e+01
4.721784316284933780e+00	2.010402977270734581e+01	-6.726491972875952782e-03	-6.248301934906719168e+01
4.728063062331094635e+00	2.024944098138184501e+01	-3.522154853339564545e-02	-6.304082920311122251e+01
4.734337423381671073e+00	2.032522007019441546e+01	3.480659654585192136e-03	-6.349626594609833319e+01
4.740627024094544062e+00	2.035321182616359081e+01	-5.831923509330073918e-02	-6.369781498555052934e+01
4.746914995664547554e+00	2.053975666556576840e+01	-8.612007592690472738e-03	-6.447653023493757019e+01
4.753194740071086777e+00	2.052378378579347640e+01	-7.783361205431981247e-03	-6.457810582523536880e+01
4.759478891864783456e+00	2.058522428123478321e+01	3.723176924468676180e-02	-6.502089195695593560e+01
4.765762396877359031e+00	2.073281514829039196e+01	-2.662150213384009700e-02	-6.554477248569634185e+01
4.772049481246195768e+00	2.083112859649399695e+01	-1.685670148021586878e-02	-6.600666264288950913e+01
4.778335091022592351e+00	2.087079987790673741e+01	-3.763965617696892526e-03	-6.629362414169976603e+01
4.784610831402393849e+00	2.095271508486143830e+01	-2.285067173153032191e-02	-6.667039732608508018e+01
4.790907306208476157e+00	2.112059379023065731e+01	1.293026392588356339e-02	-6.736941421937001451e+01
4.797204047706418173e+00	2.125983249950041909e+01	-1.099589415147063376e-02	-6.796293954325165032e+01
4.803470827697504220e+00	2.134731373825762901e+01	-1.568743232086241331e-03	-6.840166962311413101e+01
4.809748850577324042e+00	2.139151189610471704e+01	-6.054668656826407008e-02	-6.863024276847777116e+01
4.816045316586602176e+00	2.152620242375856563e+01	-4.415435603011647059e-02	-6.921247368674528389e+01
4.822329240673497885e+00	2.157336987334061362e+01	3.775043051598775401e-02	-6.963089314542372676e+01
4.828596758226470165e+00	2.166204431756275284e+01	-1.975080497723138290e-02	-6.995995495222666705e+01
4.834890332961369275e+00	2.182134792773413423e+01	1.160636772653620211e-02	-7.063306408970520067e+01
4.841191655056394261e+00	2.192074849972038564e+01	1.347826043790713649e-02	-7.112334842206551855e+01
4.847460407468000554e+00	2.203001664302567875e+01	-7.057429508448617717e-02	-7.147028985842442239e+01
4.853732128521334843e+00	2.226618222917558043e+01	-3.001315053917470027e-02	-7.238947887817212745e+01
4.860029138783373170e+00	2.228014734398674079e+01	2.504198722857392187e-02	-7.269503966944391493e+01
4.866314601732018019e+00	2.238431452733859572e+01	-9.508392502651286105e-03	-7.311840012445341586e+01
4.872587026269203925e+00	2.251648028115348410e+01	-4.384366784086100866e-02	-7.358423199204341358e+01
4.878874221748241702e+00	2.260103825268708988e+01	-3.267137898887129133e-02	-7.403000651430976120e+01
4.885171078138658807e+00	2.275408076627626031e+01	-4.794659290284294939e-02	-7.464326289030205430e+01
4.891450629931857641e+00	2.291933684636695290e+01	-6.506447974092262332e-02	-7.524151072860715317e+01
4.897716482750221978e+00	2.303341464363400704e+01	5.284323821924477756e-03	-7.580315354095714042e+01
4.904002834596266069e+00	2.304782518278846482e+01	-3.515039393867136486e-02	-7.599086350242900778e+01
4.910295858205786068e+00	2.329886919495724129e+01	2.550717918542491636e-02	-7.695707547958916450e+01
4.916575188115905881e+00	2.339654415861503267e+01	8.854175778923457571e-03	-7.736578276283793798e+01
4.922847946197084212e+00	2.364564342773965322e+01	3.893852883440020174e-02	-7.834615947896162425e+01
4.929131667457151700e+00	2.358117690865693916e+01	-2.968774970296758631e-02	-7.815203617774484712e+01
4.935434460144239033e+00	2.385885682035883448e+01	-3.130805267264923780e-02	-7.918370778630266216e+01
4.941718513303545279e+00	2.393278598235291099e+01	-9.725754324786676369e-03	-7.955009480593879800e+01
4.947978624761803168e+00	2.403584347095482343e+01	-3.694955936639343630e-02	-8.000179062731172053e+01
4.954274999209829389e+00	2.436409048384999210e+01	3.854950080735073531e-02	-8.127806274441881840e+01
4.960571094729937514e+00	2.434050977693793172e+01	-1.706825623927012842e-02	-8.123403871023670320e+01
4.966823207626954506e+00	2.452307085338579640e+01	-1.041832459821758101e-02	-8.195278364820282491e+01
4.973097418390337587e+00	2.471164544848956268e+01	-8.223099872338041419e-03	-8.269682277749362243e+01
4.979415129936382023e+00	2.486116008800647492e+01	-3.752081169605894773e-02	-8.325195893921916479e+01
4.985702082330368157e+00	2.509196001718038005e+01	-4.920736267002253500e-02	-8.408921226646940283e+01
4.991949985828016523e+00	2.521988387362754125e+01	-4.847547509362028911e-02	-8.463526854154082457e+01
4.998241586316924057e+00	2.535326622959841103e+01	-1.556392464962638028e-02	-8.522935772643086239e+01
5.004556635606089543e+00	2.540627299191512023e+01	-4.876068299125503602e-02	-8.545050284542283237e+01
5.010828655701208945e+00	2.565400874660033637e+01	-1.402214845399317109e-02	-8.640265801501591625e+01
5.017077229702536556e+00	2.580743434943352099e+01	8.879383405726928857e-02	-8.714505720616789120e+01
5.023374414758113637e+00	2.594866427430150324e+01	2.986607140678258082e-02	-8.764810172522601306e+01
5.029688873569548413e+00	2.628583326017271204e+01	-4.705035315626779346e-02	-8.880569781853249367e+01
5.035958413584124216e+00	2.637493044384055096e+01	-2.803636087015734177e-02	-8.917887826352942682e+01
5.042232667658486989e+00	2.657512418404409260e+01	1.793617677643803698e-02	-9.002746596852237815e+01
5.048528755870775875e+00	2.679073468671838398e+01	1.147898448234400091e-02	-9.084061460682433164e+01
5.054821121427484520e+00	2.702907237189859302e+01	9.677194944220795375e-03	-9.170503454530677345e+01
5.061069509814582368e+00	2.704644061451105586e+01	4.190056169984636425e-02	-9.188861971464002920e+01
5.067347812754101177e+00	2.746458080835381921e+01	3.204024556807366642e-02	-9.337955629594256379e+01
5.073675050630431116e+00	2.748696953621623962e+01	-4.684504992913429006e-02	-9.346121625611976924e+01
5.079945928388977627e+00	2.763115118104036583e+01	-1.521130765124374846e-02	-9.406121812929193027e+01
5.086192992546071601e+00	2.786555012869447268e+01	-4.257126242056640322e-03	-9.494616481565078914e+01
5.092484128970163226e+00	2.802954816187899212e+01	-1.013513320991531533e-02	-9.561803540956965719e+01
5.098802924706086870e+00	2.851097463814721777e+01	-8.620431348615013173e-03	-9.729648754138361255e+01
5.105078217426394005e+00	2.842237360274781466e+01	1.766311234401782629e-02	-9.710057388011567525e+01
5.111325076574067872e+00	2.890829813393951397e+01	7.059919174517699514e-02	-9.890969926359686326e+01
5.117628358851224135e+00	2.900328493003958741e+01	5.633059780353259771e-02	-9.931497519757029124e+01
5.123935939383525984e+00	2.920719898965448635e+01	-5.611773175159592147e-02	-9.995351793057848511e+01
5.130199176325612065e+00	2.946868209701688102e+01	-3.757695430005644766e-02	-1.008993567191967884e+02
5.136469985878846956e+00	2.982822740813239903e+01	6.113834480272777733e-02	-1.023705180629592206e+02
5.142797788696348071e+00	3.005009264047834350e+01	-7.698767242506327976e-03	-1.031053653836220292e+02
5.149090378043822192e+00	3.017798894196609893e+01	-3.722281909748603040e-02	-1.035812585112927309e+02
5.155289879840074363e+00	3.041418591987140729e+01	3.273511125968232155e-02	-1.045089726018196785e+02
5.161564521234301317e+00	3.069422215325199232e+01	7.796524060691983893e-02	-1.056283314965902065e+02
5.167916673496016244e+00	3.126043210273363826e+01	-7.175907423853396250e-02	-1.074556974996046961e+02
5.174205974602950064e+00	3.142505026798275480e+01	-3.256206737212016117e-02	-1.081052824624244124e+02
5.180434820793812456e+00	3.156310649938466995e+01	-4.138738514430243681e-02	-1.086594942072309067e+02
5.186729096569634656e+00	3.193012184604408077e+01	5.849579404042308528e-02	-1.101277822066231806e+02
5.193058481037780894e+00	3.201395955703144836e+01	2.814402851389022700e-02	-1.104200782761502921e+02
5.199319511444338460e+00	3.211435919682330820e+01	-1.014442207233032939e-02	-1.107766058860315326e+02
5.205574295584361799e+00	3.238180356798311266e+01	1.926381866106788646e-02	-1.118210770528974649e+02
5.211894977074066126e+00	3.280725104476216814e+01	-6.093388683688713559e-02	-1.132619836531202111e+02
5.218201708336958511e+00	3.325059361524174051e+01	-3.930861346338184598e-02	-1.148342357047265097e+02
5.224411911780083351e+00	3.361004694846260321e+01	-8.538364589982631869e-02	-1.160991036161149026e+02
5.230677632666463239e+00	3.386948179634555345e+01	-4.436710864626445400e-02	-1.171194371656082751e+02
5.237056729559757429e+00	3.400992560709214985e+01	-2.687920676722071502e-03	-1.177111390907430746e+02
5.243336785035660697e+00	3.445580167942475214e+01	-2.322477487448407554e-02	-1.192852006008340453e+02
5.249493476178225038e+00	3.486551713198213065e+01	4.363840665457323353e-02	-1.207855992875352911e+02
5.255787017738318134e+00	3.456810056581285551e+01	-4.314994351282917112e-02	-1.197875498498746794e+02
5.262205327426889845e+00	3.565236262246929755e+01	-3.811705046580773221e-02	-1.235752607445318318e+02
5.268477758348532269e+00	3.570616316442254146e+01	-3.559123717654603253e-02	-1.238198983354141518e+02
5.274632213654732560e+00	3.544100510704343066e+01	-1.113424409449082914e-01	-1.228290100616623590e+02
5.280950543314659740e+00	3.662101386002566983e+01	4.430063590448882205e-02	-1.271993640157777321e+02
5.287327645024750389e+00	3.648326259987291564e+01	-3.100583555539770941e-02	-1.266618251982179117e+02
5.293582359180156516e+00	3.745517889324229799e+01	-9.330660785634782572e-02	-1.299999227980984529e+02
5.299789992649893478e+00	3.742734633787088683e+01	-7.893898380748473609e-02	-1.299822270468951615e+02
5.306111460381987222e+00	3.797196923902178867e+01	1.083876976285684246e-01	-1.321354874069118637e+02
5.312452717892129250e+00	3.835299800828656913e+01	-1.035304459129241829e-02	-1.333556070453956579e+02
5.318650122853046724e+00	3.867637494239492923e+01	1.542844317717201666e-02	-1.345453588460154322e+02
5.324923043129819789e+00	3.936296987467097352e+01	-8.569370492529426730e-02	-1.369128104641313826e+02
5.331330237158205421e+00	3.891099068129375382e+01	-4.881214326619170985e-02	-1.354110117990711331e+02
5.337586726886338617e+00	4.001240927269241610e+01	3.422213223700935891e-02	-1.393509298270288070e+02
5.343685192440848830e+00	3.981482655823303674e+01	-1.112088154837691419e-02	-1.386420473298422564e+02
5.350070659715249199e+00	4.081120365594841815e+01	-6.922289222391256325e-02	-1.421499027036174141e+02
5.356556762554878226e+00	4.102019122814596841e+01	6.530276008960700374e-02	-1.430538509366937205e+02
5.362691868684501095e+00	4.275203844489667659e+01	7.864549792648424520e-02	-1.491032703381872864e+02
5.368769208912516966e+00	4.155187664649479018e+01	1.868436876530010088e-02	-1.448859091705908497e+02
5.375270137997677722e+00	4.285141912842199474e+01	6.109614569697502384e-02	-1.495408772045983881e+02
5.381769983045385786e+00	4.289825794085817279e+01	-5.014219674470193205e-02	-1.496140085807223556e+02
5.387701030372958222e+00	4.363122365911060996e+01	3.839405211730181899e-02	-1.522553872357471789e+02
5.393786668001271600e+00	4.405562951511510761e+01	-1.629346003370909721e-03	-1.537459488277648063e+02
5.400446161099396569e+00	4.393903033552182080e+01	-4.494131546692170520e-02	-1.533586467913336548e+02
5.406957063684501463e+00	4.524726825369225480e+01	4.123014980349429953e-02	-1.580284463178109604e+02
5.412655672453426270e+00	4.579202643696078212e+01	7.775962108976981757e-02	-1.599458809215225301e+02
5.418821279260546575e+00	4.624864965977725717e+01	1.004597226638513224e-01	-1.616372319192066129e+02
5.425690594366304076e+00	4.727748756052822898e+01	1.577219513982811294e-01	-1.653418338956422815e+02
5.432217487502165376e+00	4.658012957609550853e+01	-2.293393257879893996e-02	-1.627475377859297794e+02
5.437649811577258241e+00	4.751269853019422129e+01	3.605874272703642192e-02	-1.660240032209277672e+02
5.443914404015878006e+00	4.831282413581117652e+01	-3.105897059897374038e-02	-1.688317257264534987e+02
5.450953501686320202e+00	4.719762191117649763e+01	-1.763914710113126394e-02	-1.649827048673713819e+02
5.457483690405861232e+00	4.976018736657734820e+01	2.094785102234687085e-02	-1.739953630801442159e+02
5.462715250135157241e+00	4.917305756755163060e+01	5.233917814939872785e-03	-1.719026505509976630e+02
5.469033575551323523e+00	5.048144925764808022e+01	7.849519087685072338e-02	-1.766056902784309557e+02
5.476177730420278778e+00	5.229421800451866886e+01	4.214757571394356708e-03	-1.828980439979775952e+02
5.482708935702562236e+00	5.272782094706107614e+01	5.055945282315434108e-02	-1.844909890643846495e+02
5.487722405008360838e+00	5.036334299939494485e+01	8.071201393422154299e-03	-1.761498290115813745e+02
5.494194284996126498e+00	5.311326272441245777e+01	-5.033919877322065584e-02	-1.857489675326623058e+02
5.501391471009256406e+00	5.446991189386020693e+01	4.231979222448475908e-02	-1.906060702697300542e+02
5.507128202673079009e+00	5.629089072386885562e+01	1.897193368253117726e-02	-1.969733748838287681e+02
5.512278020050448646e+00	5.636879619401019426e+01	-4.117600814187714897e-02	-1.971845314514823428e+02
5.519395563377015534e+00	5.479145802135156629e+01	3.622888154001553803e-05	-1.917231067682923253e+02
5.526598678609708770e+00	5.506856388216198894e+01	1.496091805039323139e-02	-1.927208880285535315e+02
5.532162682462509196e+00	5.296549561699446684e+01	-9.186031029251864877e-02	-1.852642484944192347e+02
5.537397124017139127e+00	6.172100060086562223e+01	1.015080956709064897e-02	-2.160119322186607178e+02
5.544582756485218589e+00	5.252608146786123910e+01	7.298473439569382396e-03	-1.838372428478405141e+02
5.551739327507637434e+00	5.701191316834492540e+01	-1.297566553725453542e-01	-1.994037918246548600e+02
5.557493306674907707e+00	5.349058565042297175e+01	1.682821002090580803e-02	-1.872277069402349809e+02
5.562281709102816940e+00	4.833793063221678921e+01	2.459225270473716293e-02	-1.692051562917926333e+02
5.569272720323164449e+00	2.902044522543056004e+01	7.845549905127323365e-02	-1.016497846114442751e+02
