8.899641224696953554e-03	1.670008897453673490e+04	4.043893747169448943e+03	1.354224751358759750e+04
1.507912216506557788e-02	1.715078363830796661e+04	1.488404883756386880e+04	2.678361996037961944e+04
2.144790186456836667e-02	1.898311939695327965e+04	1.703180633244231285e+04	-7.619231579636132665e+03
2.783660776489276650e-02	1.588279938036423482e+04	1.432320380730126635e+04	1.104283762957199724e+04
3.435099785803411021e-02	1.245042215064795710e+04	6.312321477676824543e+03	-3.474003068420123782e+03
4.047886761425745911e-02	1.078904875423466365e+04	8.477548776528135932e+03	4.707145401419649716e+03
4.676716683575679601e-02	9.617143656158084923e+03	6.721303687089312916e+03	-6.431105150862317714e+02
5.308225101765951665e-02	8.008913359302978279e+03	6.776686022631453852e+03	4.668322196954939500e+03
5.945362440940590160e-02	8.245883146959218720e+03	7.412068438219865129e+03	1.146660200738482899e+03
6.576224814588792211e-02	7.362495690946178001e+03	4.771594709262333708e+03	1.578042806378780369e+03
7.196632906698736953e-02	6.753266485029179421e+03	4.831381003029337990e+03	-6.925857188539619074e+02
7.827860915688347743e-02	6.448253361976428096e+03	4.818876794927391529e+03	-3.905733528329147362e+02
8.470398945834539672e-02	5.454491609302232064e+03	4.225832096250959694e+03	1.741671029712051961e+02
9.096854620527369817e-02	4.777494409934561190e+03	3.192752298233468082e+03	-9.819755242473269163e+01
9.720789776830213169e-02	4.229026408657169668e+03	3.303039750312195338e+03	2.923774652775810523e+02
1.034763038959366499e-01	3.908976395321447399e+03	2.450585621632359562e+03	-7.085388096463793772e+01
1.097576444254559219e-01	3.307212928568470488e+03	2.281816336177460926e+03	5.913394082566323817e+01
1.160543084780093354e-01	3.354898519155579379e+03	2.249925756859011017e+03	1.324542854445677449e+02
1.223669666537485351e-01	3.017689918200027023e+03	1.932212137646989049e+03	6.870440186191923715e+01
1.286817263090294094e-01	2.908219955627951094e+03	1.869485977263809673e+03	-5.340457472622792778e+01
1.349500801664080818e-01	2.770259549013410378e+03	1.968803293243724056e+03	2.468213931959806189e+02
1.411949558842147678e-01	2.491388680562758509e+03	1.506235030437777823e+03	1.587726565697861503e+01
1.475133575747468451e-01	2.290613146382527702e+03	1.488534359909766181e+03	5.455595305491095814e+01
1.537865074252268427e-01	2.165517516876428544e+03	1.303099987750094215e+03	3.582781507423881351e+01
1.600657544051110326e-01	2.063537021304000973e+03	1.247165240033588134e+03	-1.564156522131545444e+02
1.663991168687080635e-01	1.843504027932400959e+03	1.162703199922490285e+03	3.721488253665681896e+02
1.727195645776442856e-01	1.683382244442236015e+03	8.687536129624054411e+02	5.671209048867626734e+01
1.789765213377084718e-01	1.636373484258008375e+03	8.515666440529191732e+02	8.070325212901153122e+01
1.852353690647852158e-01	1.552912695082438177e+03	8.217865542711685976e+02	-1.512029455863320138e+01
1.914806787341157279e-01	1.486221353875703471e+03	7.456486087208146500e+02	1.472306055044263360e+02
1.977889868651535599e-01	1.379611034889568828e+03	6.527664812557667346e+02	3.708931677254864923e+01
2.040937735447724277e-01	1.333629097300525700e+03	6.868205946494427963e+02	8.535689900980449352e+01
2.103939302609846018e-01	1.259194198081595232e+03	6.802796733636430417e+02	1.957174099046168863e+02
2.166909709822301688e-01	1.229858946138261672e+03	5.792437772875899782e+02	2.784483504078473715e+01
2.229700281216152047e-01	1.113873820364146923e+03	5.234664997826120043e+02	1.122594614779241624e+02
2.292620027086341994e-01	1.084097865399640341e+03	5.347281287187594216e+02	1.175503989663837388e+02
2.355141508366812297e-01	1.012214446943882990e+03	4.805774718136537444e+02	1.828037513624060466e+02
2.417910583817859116e-01	9.584839580255046485e+02	4.224060710016563576e+02	1.078139767965027715e+02
2.480856539439619257e-01	9.129952396732323905e+02	3.774887457914221045e+02	9.834450077851377614e+01
2.543492256872954549e-01	8.762371755994593059e+02	3.552284798582388703e+02	1.284421663423894415e+02
2.606334251884805386e-01	8.267883088175234434e+02	3.200453598407216873e+02	6.807048450539954842e+01
2.669257370896960802e-01	8.058353737481977532e+02	2.927889254354701052e+02	1.634881256642375433e+02
2.732423343141155980e-01	7.675768650338094403e+02	2.502410124106762623e+02	1.557766173702135859e+02
2.795529680084415936e-01	7.223361517241272622e+02	2.538167488234410598e+02	8.812086587336830235e+01
2.858366292314493129e-01	6.958445098549115073e+02	2.223640369939276695e+02	1.507373672994983451e+02
2.920876271394311496e-01	6.644386371978139323e+02	1.989728884203205439e+02	1.145779184537909003e+02
2.983449844439822751e-01	6.363956578912011537e+02	1.542719665248404226e+02	9.900188970964131840e+01
3.046382639407197446e-01	6.037045105193022891e+02	1.332745885778508352e+02	8.932397348998425457e+01
3.109279127003197196e-01	5.853911155681495302e+02	1.339604660778554148e+02	7.884441117110259256e+01
3.172168171618398036e-01	5.701688490998699308e+02	1.360372653593010170e+02	1.091720021240043650e+02
3.235187567944423082e-01	5.485561837506836582e+02	1.079034249636875558e+02	8.640726013659504190e+01
3.298168217550395687e-01	5.237190780810025217e+02	9.393485714450520163e+01	8.878279314251477672e+01
3.361176429457156667e-01	4.975761419872324041e+02	7.170300708356910491e+01	1.064209497531524846e+02
3.423700375709273769e-01	4.806016396140786924e+02	7.531529035080525603e+01	8.800002100358298662e+01
3.486478192666269682e-01	4.606033552891888121e+02	5.737072776769915095e+01	1.044398993213998352e+02
3.549411614411318028e-01	4.400274076582105636e+02	4.716175096662752253e+01	7.665548081250678081e+01
3.611916935421040642e-01	4.307811389551527554e+02	3.363512177865125352e+01	1.039859689826840281e+02
3.674767089563572564e-01	4.173486333356748901e+02	2.967710182019491683e+01	8.901835461792811088e+01
3.737647795277591056e-01	3.986480669522426297e+02	2.906035119126429933e+01	1.161730572019730658e+02
3.800654031475132477e-01	3.885028792107021900e+02	1.819157792280627106e+01	8.450566424372749452e+01
3.863539861259823738e-01	3.721634465494012716e+02	6.262429149860039956e+00	1.023996660303260597e+02
3.926140181364449755e-01	3.582644795522309664e+02	1.253450526235791251e+01	8.995537953295054479e+01
3.989264500321934581e-01	3.482721369174314532e+02	3.654872593544843618e+00	9.289915643498716236e+01
4.052073244576828714e-01	3.346260364468504918e+02	1.486949106912293539e+00	9.873002093802797674e+01
4.114916477570477182e-01	3.269877617903252940e+02	-1.132639189451132999e+01	1.076056777897275936e+02
4.177814272116491257e-01	3.150981162746094810e+02	-1.370960836138393724e+01	9.819951087862439465e+01
4.240400648725131116e-01	3.040855859018059277e+02	-1.889898537139913159e+01	9.176378810917456974e+01
4.303425690270192283e-01	2.964934256899904881e+02	-2.210694464636533141e+01	8.966781513890892086e+01
4.366358560255625965e-01	2.839013650619680789e+02	-3.227062762727000944e+01	9.281892403524875590e+01
4.428996183220763605e-01	2.779691053168813824e+02	-3.196631453131849909e+01	9.614239929584994115e+01
4.491634418529859563e-01	2.661213573845506062e+02	-3.858594700242433362e+01	8.891665578409418913e+01
4.554414146254732731e-01	2.605925775601000964e+02	-4.249464423113886369e+01	1.005223420031606167e+02
4.617634470301058558e-01	2.535075251416421338e+02	-4.545574441420443890e+01	9.647549704023151662e+01
4.680644242023710433e-01	2.434206738686752090e+02	-4.623036634034762926e+01	8.979425881806896825e+01
4.743485242764365895e-01	2.365101948137633769e+02	-5.020639440113662744e+01	9.580058513751700389e+01
4.806356136815400082e-01	2.315893322497922213e+02	-5.405173720328205178e+01	9.453882905207142073e+01
4.869019258388697646e-01	2.226403457412918101e+02	-4.796635461695858282e+01	8.531173050015810588e+01
4.931697099599955947e-01	2.151734934280246989e+02	-5.463418593742324703e+01	9.237765511785045192e+01
4.994506747144535908e-01	2.111040092638976944e+02	-5.501439787942135240e+01	9.119749575348576798e+01
5.057159051335421429e-01	2.052816305930796830e+02	-5.833713565258086930e+01	8.610712392604092713e+01
5.119923996268095356e-01	1.997276756123730195e+02	-6.218068136328386686e+01	8.840535316411855149e+01
5.183126097768406826e-01	1.952605707856404536e+02	-5.972684374427753085e+01	8.469340930060771200e+01
5.246089638029100000e-01	1.896689017920664639e+02	-6.414072012351746821e+01	9.091229292867403444e+01
5.308757308483337267e-01	1.836155235161527912e+02	-6.331171311411328162e+01	7.975316093856629607e+01
5.371573527946726934e-01	1.795853751536550931e+02	-6.718836384340562518e+01	9.007121423984580133e+01
5.434579563783791256e-01	1.731084902233703531e+02	-6.587744338314557524e+01	8.560651751675897003e+01
5.497430652392217842e-01	1.690700633800512378e+02	-6.883444871870725024e+01	8.394480100715520621e+01
5.559937427501778773e-01	1.667791603436946559e+02	-7.035831760758802034e+01	8.936539311133992669e+01
5.622854676609657654e-01	1.617426230997358232e+02	-6.835211683766890189e+01	8.574583441724502109e+01
5.686011537227265711e-01	1.577098753381418703e+02	-7.316744309418542969e+01	8.660880923239086826e+01
5.748804589422079614e-01	1.546863829498358882e+02	-6.885410023409191638e+01	8.125763390675547271e+01
5.811550210340560296e-01	1.499358990100542144e+02	-7.297777742541956059e+01	8.522698812792401668e+01
5.874394496660968468e-01	1.457408098990977692e+02	-6.792885464569192777e+01	8.352052071327084093e+01
5.937176220296899176e-01	1.419469516161322531e+02	-7.130993055275236259e+01	8.091125219583339856e+01
5.999971954793682505e-01	1.388711911687523184e+02	-7.308608501500692967e+01	8.447175498653827219e+01
6.062679115124277596e-01	1.361505579004131903e+02	-7.307998929174122793e+01	8.076142718952641530e+01
6.125469576444534381e-01	1.333370222128575335e+02	-7.281095967209564890e+01	8.430684827466642162e+01
6.188477733041515272e-01	1.302975516582248758e+02	-7.056167198927288098e+01	8.199821849281811126e+01
6.251310567437898813e-01	1.265557806826907239e+02	-7.114375577673391149e+01	8.022541251959030717e+01
6.314027450383210560e-01	1.237117950752647459e+02	-7.129083118622808968e+01	7.798200062803059041e+01
6.377003562732055375e-01	1.218221177647846645e+02	-7.183963208736894046e+01	7.956320494818400846e+01
6.439857783314556494e-01	1.189202150380497471e+02	-7.258767791270507530e+01	7.819127452553236424e+01
6.502685417166111925e-01	1.167860079294752467e+02	-7.101079619587618197e+01	7.896813510059246255e+01
6.565586117699038216e-01	1.129742217064668068e+02	-7.208266623026470654e+01	7.542183373075323516e+01
6.628369282359254377e-01	1.109949283597636764e+02	-7.236843655927509644e+01	7.676411240387075452e+01
6.691185444962194362e-01	1.086385448283714794e+02	-7.132981904205458079e+01	7.555653509575938642e+01
6.754070198575605755e-01	1.067726718200898546e+02	-7.088522408199838765e+01	7.591920047453069742e+01
6.816835514593204692e-01	1.046554263558921178e+02	-7.088057069074440619e+01	7.536564962268536760e+01
6.879592533861698112e-01	1.026581344975418375e+02	-7.183886485169171010e+01	7.559995888441115142e+01
6.942344317039531587e-01	1.004839397466150785e+02	-7.042659422139898595e+01	7.442541423607718798e+01
7.005175402434737908e-01	9.803710021227641391e+01	-7.194254623633192125e+01	7.526826540510600694e+01
7.068124956608716758e-01	9.642843460727611671e+01	-7.006869913849047293e+01	7.448973548285647439e+01
7.131019009674921527e-01	9.387229711647030683e+01	-6.888304356424414721e+01	7.188187396334122070e+01
7.193918251171427247e-01	9.259922083482001653e+01	-7.013884544531961751e+01	7.318825411577941509e+01
7.256833807598113140e-01	9.066725710791121173e+01	-7.006636847963635262e+01	7.258763990239253872e+01
7.319652682709349989e-01	8.883722434971261350e+01	-6.953508974500063289e+01	7.155882265750366855e+01
7.382507990484923344e-01	8.730913624577306109e+01	-6.874409037413504109e+01	7.251717122506872215e+01
7.445265842115937893e-01	8.573992343141499362e+01	-6.846806408950129708e+01	6.956166372789181196e+01
7.507871101942712455e-01	8.447657777950956870e+01	-6.883167610598808039e+01	7.080298299815385121e+01
7.570758465316046459e-01	8.257765683267896861e+01	-6.787726531495620463e+01	6.752538600797993240e+01
7.633641233600957365e-01	8.046932652719395662e+01	-6.616500821958875633e+01	6.726141273106644292e+01
7.696462959862266917e-01	7.953809562173458403e+01	-6.741499435853766897e+01	6.885312971993734266e+01
7.759394865175414102e-01	7.784744632441507406e+01	-6.613873710464559963e+01	6.731753051080366390e+01
7.822329141989586843e-01	7.721084959277614246e+01	-6.675392962271030228e+01	6.832160136827370422e+01
7.885314936520240181e-01	7.514094969584789396e+01	-6.485714784505206865e+01	6.689630155267047940e+01
7.947896566979522071e-01	7.415459317615326995e+01	-6.561295905645874882e+01	6.718327323690176911e+01
8.010491096592354809e-01	7.276919062746982547e+01	-6.503437925874288794e+01	6.594465714852391613e+01
8.073364061727361651e-01	7.137375936976292223e+01	-6.454043226940657974e+01	6.698697179067394814e+01
8.136229488373866170e-01	7.003860009906659911e+01	-6.323047878646435294e+01	6.487558880463829780e+01
8.199152998961036776e-01	6.912541349556508408e+01	-6.326464560194671805e+01	6.568613891774403157e+01
8.261952636392789762e-01	6.796739910454272149e+01	-6.339351537786114221e+01	6.417758022411838681e+01
8.324897070080405914e-01	6.695542781856966030e+01	-6.279375312953798272e+01	6.547948542038561470e+01
8.387959309210778480e-01	6.580008871516579916e+01	-6.206240306863213618e+01	6.364836105485682083e+01
8.450634639703045181e-01	6.454515249226476215e+01	-6.074752880788174991e+01	6.266949344514112141e+01
8.513282867562648182e-01	6.373529252877668227e+01	-6.174385840278232251e+01	6.394903593662527186e+01
8.576198263902009566e-01	6.263343426550561333e+01	-6.050832870280950715e+01	6.268832788449881122e+01
8.639058477062415697e-01	6.100622230106599631e+01	-5.888624814083448200e+01	6.061496716790223616e+01
8.701838745487597837e-01	6.052939611623209260e+01	-5.898387983772786924e+01	6.085947642331585428e+01
8.764641096075268534e-01	5.934979874301888003e+01	-5.888252841416200312e+01	6.044928042518490230e+01
8.827503873399735745e-01	5.877463082782189474e+01	-5.844410726695003433e+01	6.022509450209751236e+01
8.890332768393869323e-01	5.744871789752501456e+01	-5.751040415242540860e+01	6.046600686198011942e+01
8.953084247113127780e-01	5.700057848885170131e+01	-5.753846134823357517e+01	5.990561556359903506e+01
9.015956521667095602e-01	5.615741711775056899e+01	-5.776654508901985707e+01	5.939247228292479974e+01
9.078833328094829680e-01	5.547009502265933634e+01	-5.683421086947065248e+01	5.984967437251935252e+01
9.141744106319863450e-01	5.433849464343417424e+01	-5.580712231388065447e+01	5.816181702481510740e+01
9.204630817717615043e-01	5.366278671845761750e+01	-5.534837886238261717e+01	5.833087869664687020e+01
9.267434415264711456e-01	5.306510616917496748e+01	-5.587748821708014901e+01	5.846520935645497019e+01
9.330324197354928906e-01	5.189393292842172656e+01	-5.444494894246552974e+01	5.688975980245287190e+01
9.393265785573878812e-01	5.135264443983908933e+01	-5.422514202886026169e+01	5.749008748780657641e+01
9.455974810398196650e-01	5.066235856809008453e+01	-5.401794553507378538e+01	5.682549605548960159e+01
9.518660018545171964e-01	4.985582241381793267e+01	-5.321498920865616356e+01	5.576417173895368506e+01
9.581413255531838757e-01	4.946859222241011622e+01	-5.327260180745496143e+01	5.650711522687421251e+01
9.644350945109106954e-01	4.852115305327745176e+01	-5.234957009772033842e+01	5.508867407651462855e+01
9.707355633568249820e-01	4.784608193801883402e+01	-5.192433787495890840e+01	5.540668169911574381e+01
9.770080768450029041e-01	4.696320631406152302e+01	-5.130799643223556217e+01	5.476645290658451160e+01
9.832823325363413414e-01	4.636582926581635178e+01	-5.055733340955803357e+01	5.396186980103387043e+01
9.895569691966674686e-01	4.589222632881151753e+01	-5.047806306719981251e+01	5.440501655346571397e+01
9.958456301921106979e-01	4.517321568797517273e+01	-4.981900262002469759e+01	5.333727478973278835e+01
1.002136210743837408e+00	4.465736131953381260e+01	-4.924922207104800265e+01	5.291656488053614993e+01
1.008404825335135424e+00	4.407843478280294391e+01	-4.910082130429487535e+01	5.312967150571725483e+01
1.014694149836243398e+00	4.371669158756152029e+01	-4.904534568349234291e+01	5.312782060437952936e+01
1.020992555437297167e+00	4.304144863918673281e+01	-4.871437626300780721e+01	5.260494227745941487e+01
1.027273980437394485e+00	4.269719523338449818e+01	-4.852294849724670200e+01	5.269773065288088532e+01
1.033559181896017254e+00	4.203089525671936144e+01	-4.772133094461783998e+01	5.155999676504943352e+01
1.039847557392594934e+00	4.122092182879080013e+01	-4.660745857977972406e+01	5.052796602095907019e+01
1.046126974943305088e+00	4.095163000826553912e+01	-4.655516483623659951e+01	5.113513896429962813e+01
1.052403436811028659e+00	4.055152163404885357e+01	-4.602690107704294320e+01	5.064244108431000768e+01
1.058680704651608684e+00	3.995393011308561171e+01	-4.568050141493120719e+01	5.014991263684795797e+01
1.064964333065789193e+00	3.939802193119718510e+01	-4.531058874779240853e+01	5.006090562778167907e+01
1.071256777440835473e+00	3.913657841423584927e+01	-4.517077699280623904e+01	5.026454538580873077e+01
1.077544048801078125e+00	3.833140683632027645e+01	-4.423923980057639227e+01	4.882981285011069161e+01
1.083824820188043603e+00	3.807616939048077853e+01	-4.408818549178279511e+01	4.876796784627269687e+01
1.090108023942816695e+00	3.766671292514737246e+01	-4.375199650816217911e+01	4.890834521074095420e+01
1.096389665956643222e+00	3.736791395461973053e+01	-4.366644526472574483e+01	4.885871787647684528e+01
1.102681132058841440e+00	3.671690756575910086e+01	-4.302646457867147944e+01	4.770788625367696767e+01
1.108963047594879958e+00	3.634618946409743501e+01	-4.268009076291209425e+01	4.788525124466251981e+01
1.115225428463759272e+00	3.608977390760744441e+01	-4.237925886727816049e+01	4.739611750042203653e+01
1.121502127614767863e+00	3.550786242079313837e+01	-4.174334406792670649e+01	4.681221869993844820e+01
1.127792573824792033e+00	3.513931201105484803e+01	-4.138786864101975027e+01	4.672913577696905918e+01
1.134089552668382961e+00	3.493480366820263328e+01	-4.141170905905855193e+01	4.692020377942822762e+01
1.140364049650405942e+00	3.440758766021712489e+01	-4.080459226926393512e+01	4.631592110622275271e+01
1.146639180320979445e+00	3.399431507365596161e+01	-4.013760019509240351e+01	4.580766338264621140e+01
1.152942412991649901e+00	3.375473658041982361e+01	-4.027939609738356097e+01	4.570784447323407562e+01
1.159228906751078814e+00	3.334909144093045086e+01	-3.955651795695868600e+01	4.527408535529444578e+01
1.165508721887268173e+00	3.305023366335583290e+01	-3.961732987558610830e+01	4.502284685609064496e+01
1.171793076256210320e+00	3.269600768546124669e+01	-3.905544790035194325e+01	4.503387012995202099e+01
1.178087436369658958e+00	3.225342790824967665e+01	-3.857096823063131552e+01	4.425382485817854672e+01
1.184367654251526902e+00	3.200175250765446577e+01	-3.825116660273241820e+01	4.427584329353614834e+01
1.190634642299266632e+00	3.165002978550598911e+01	-3.785992495797952273e+01	4.364759243766751950e+01
1.196912208834400859e+00	3.142351311570757844e+01	-3.756173075030835662e+01	4.380370509334653661e+01
1.203201577354146234e+00	3.115770461867281682e+01	-3.751076462837743009e+01	4.354439316606977428e+01
1.209486844441705733e+00	3.068116952325144098e+01	-3.664737718117503817e+01	4.319044331596796837e+01
1.215763902074809888e+00	3.042794570184563696e+01	-3.667754190048067642e+01	4.289046186710070430e+01
1.222049755171146668e+00	3.016096912915885397e+01	-3.623236000312990512e+01	4.258655180471951951e+01
1.228340616621486969e+00	2.993017676025383267e+01	-3.598899690052100908e+01	4.251461357814119424e+01
1.234632986576932767e+00	2.957101747285533833e+01	-3.571330422847663044e+01	4.202945367070847027e+01
1.240902247176856488e+00	2.916451158309946479e+01	-3.514161112746177906e+01	4.146181356063060974e+01
1.247174839144687519e+00	2.909199296369747145e+01	-3.521316911256774773e+01	4.152896665119749997e+01
1.253465459933442272e+00	2.891912281059733658e+01	-3.493215713693143698e+01	4.169047855850365636e+01
1.259749951892178421e+00	2.846794587925282372e+01	-3.429956696839072805e+01	4.061246504429094273e+01
1.266032143127253873e+00	2.832764093546050077e+01	-3.427409872600327390e+01	4.082731256317704549e+01
1.272316288472006507e+00	2.824801464740413692e+01	-3.435149927927013636e+01	4.109604591773568671e+01
1.278604155058621350e+00	2.782528250362030420e+01	-3.374740806012366789e+01	4.043600547045484461e+01
1.284886588933593865e+00	2.757564315401778998e+01	-3.337653263608640941e+01	4.027652100606157859e+01
1.291175420066583257e+00	2.726395460074898836e+01	-3.298274756615595749e+01	3.967462727145068868e+01
1.297465726373772332e+00	2.709027947400364056e+01	-3.276476456531238313e+01	3.971835651630318154e+01
1.303741827011944299e+00	2.700991665246145956e+01	-3.277840510810652574e+01	3.985717168226864260e+01
1.310017322922761851e+00	2.673295561942000020e+01	-3.262621004296070737e+01	3.942424561714472731e+01
1.316301447662886703e+00	2.642760784426867460e+01	-3.201612879034769321e+01	3.898941412261260098e+01
1.322586760363303249e+00	2.619894843419419672e+01	-3.161554134800989146e+01	3.872609645362081920e+01
1.328865492452874664e+00	2.594821929649316772e+01	-3.146383179883200043e+01	3.846019898744764021e+01
1.335144804954555564e+00	2.584532292179419954e+01	-3.127929481186685834e+01	3.847108458579045731e+01
1.341440516272275119e+00	2.564349621700072035e+01	-3.114406981961620602e+01	3.834185301170635540e+01
1.347730868417094552e+00	2.533018526372580581e+01	-3.055134899771556078e+01	3.752058712489195358e+01
1.354001589994877630e+00	2.527903199104046550e+01	-3.076543687962928075e+01	3.797872246087273140e+01
1.360282609297778444e+00	2.503784804230980399e+01	-3.041829963542737403e+01	3.752260676020196684e+01
1.366565686457597906e+00	2.487182860334228707e+01	-3.006930830019893364e+01	3.720815888575854302e+01
1.372851498482432708e+00	2.461838695694948953e+01	-2.982292431915646702e+01	3.700617910054735660e+01
1.379135372929401804e+00	2.444508530608619878e+01	-2.956319756401405385e+01	3.678418125017275742e+01
1.385409567149057164e+00	2.441346206895813253e+01	-2.971527719063583461e+01	3.699767254567503727e+01
1.391698641219299315e+00	2.401325241273014655e+01	-2.888404237686262732e+01	3.598498296194388502e+01
1.397984451439470810e+00	2.402885396654903616e+01	-2.918145493217348019e+01	3.648774495960613962e+01
1.404267883409181961e+00	2.376633681520134900e+01	-2.862382085902862627e+01	3.596329378762682438e+01
1.410554779484869181e+00	2.340940169879608135e+01	-2.813503663973311220e+01	3.506617527711711801e+01
1.416837833547465397e+00	2.346130521655424417e+01	-2.845951123413989592e+01	3.578404646996093419e+01
1.423118177187137068e+00	2.332835460802253635e+01	-2.820717117921206807e+01	3.546228210820560633e+01
1.429397801164240089e+00	2.307482824153349199e+01	-2.766222090395320876e+01	3.505283620815237100e+01
1.435686921822787232e+00	2.299306237264190855e+01	-2.773616523913496223e+01	3.484070119349247108e+01
1.441977121769299597e+00	2.279786413784176702e+01	-2.743704472707248954e+01	3.463068410003536002e+01
1.448253667853332427e+00	2.265627798399811965e+01	-2.725418143987121766e+01	3.449776486632846684e+01
1.454532348972172651e+00	2.253279209878643385e+01	-2.713932297239907498e+01	3.445238629287239718e+01
1.460819319151879903e+00	2.236462862137683771e+01	-2.687453871537996974e+01	3.415405376853741615e+01
1.467110364402026468e+00	2.228404959243098560e+01	-2.680664406395281674e+01	3.430062238215305825e+01
1.473392908948962132e+00	2.206043991654908965e+01	-2.641503450083228799e+01	3.373599785331149548e+01
1.479669965243598950e+00	2.187473237693530592e+01	-2.619194862428717485e+01	3.336684142581515999e+01
1.485956144602843532e+00	2.172599037776073061e+01	-2.593045356690695158e+01	3.300759939167451051e+01
1.492233610763115115e+00	2.166967336520071541e+01	-2.583579805604812663e+01	3.300822400094180153e+01
1.498502470379980078e+00	2.153170160021359791e+01	-2.563437512473590019e+01	3.283754926068932889e+01
1.504785752051182701e+00	2.143640838153783790e+01	-2.559972153825659191e+01	3.278411042290133537e+01
1.511075991894575976e+00	2.129091437610697213e+01	-2.540705478605690359e+01	3.264863644625770434e+01
1.517361634985162189e+00	2.109529124878460848e+01	-2.509004475813971169e+01	3.234071735224850386e+01
1.523648570969130533e+00	2.095006837419403212e+01	-2.486937732558673630e+01	3.203581533740696585e+01
1.529938035715892264e+00	2.086605766255385674e+01	-2.485238170405497726e+01	3.196359925440527405e+01
1.536230176913891965e+00	2.083013404241556188e+01	-2.471652152420915627e+01	3.189364908627673501e+01
1.542510718779388279e+00	2.063477374191872826e+01	-2.449521150946019077e+01	3.157480564009090429e+01
1.548783963082980275e+00	2.056999720149308430e+01	-2.450195684361150583e+01	3.150991373435941156e+01
1.555073069779651318e+00	2.045288095438763776e+01	-2.428315155626556532e+01	3.141829368721331761e+01
1.561357324927233892e+00	2.031234380709139842e+01	-2.402297710383903606e+01	3.113126392172641488e+01
1.567629121053141006e+00	2.018002265682504159e+01	-2.378071937322546248e+01	3.089149981379543419e+01
1.573913697404382583e+00	2.005249899551938952e+01	-2.360326674139072267e+01	3.064089540805710854e+01
1.580203545230874029e+00	1.995026454237764213e+01	-2.357383958279894287e+01	3.051736435323893559e+01
1.586485393434537983e+00	1.995650571785035154e+01	-2.356840377698167543e+01	3.063371031296823332e+01
1.592760014263005841e+00	1.979594892564883679e+01	-2.330261927186979065e+01	3.023212336130290723e+01
1.599046436394670812e+00	1.976359342375674188e+01	-2.331044627567194638e+01	3.032958210886492267e+01
1.605342136637478934e+00	1.973702149529798433e+01	-2.339938160984239701e+01	3.043724435529491146e+01
1.611619860919608627e+00	1.950862298206098089e+01	-2.282231653529055748e+01	2.983903998064730700e+01
1.617897597081673799e+00	1.933970549245711723e+01	-2.272045191474324710e+01	2.945416642138157215e+01
1.624183235481122756e+00	1.936029284110081861e+01	-2.280655873128301181e+01	2.964597749263863236e+01
1.630464598531913722e+00	1.932887748633123692e+01	-2.269643114102655446e+01	2.965661104849904461e+01
1.636748985747638274e+00	1.908754012927013122e+01	-2.229717485864673066e+01	2.908363094911744895e+01
1.643030923698886259e+00	1.895165735034564491e+01	-2.197618093142031626e+01	2.874435711478585276e+01
1.649309176648513064e+00	1.889869623800449716e+01	-2.197602571542255845e+01	2.875323910583531273e+01
1.655593633940351861e+00	1.888390600345361037e+01	-2.198629313179532829e+01	2.874215393376665517e+01
1.661879571405086464e+00	1.868603992391376067e+01	-2.156973513755372807e+01	2.837737833869917381e+01
1.668169361685170271e+00	1.871092419575189325e+01	-2.174371036829678516e+01	2.841093280091444839e+01
1.674450151530487485e+00	1.862455201327070853e+01	-2.162634822152860181e+01	2.837731409275568950e+01
1.680722718978495900e+00	1.849309062319039043e+01	-2.132029139702619602e+01	2.803095375670094214e+01
1.687013891340952476e+00	1.847620532447116304e+01	-2.137132303630043140e+01	2.803686918373120918e+01
1.693308984907921033e+00	1.829395992865167742e+01	-2.098881739663834267e+01	2.755648986826975388e+01
1.699582147428448486e+00	1.835961451157388780e+01	-2.130051881329895025e+01	2.790293834368928216e+01
1.705863747055134105e+00	1.812982696296358753e+01	-2.078715096177949917e+01	2.732433831153668891e+01
1.712154434283889470e+00	1.808736758138198653e+01	-2.078896405210225851e+01	2.732843032112463888e+01
1.718438381579399321e+00	1.808631699510075919e+01	-2.081032005384090411e+01	2.729492462164446920e+01
1.724721264464063930e+00	1.799153265971892424e+01	-2.069945096505043125e+01	2.712475643258168390e+01
1.730997441276920679e+00	1.789012577830997941e+01	-2.044135650632069101e+01	2.684674301711461197e+01
1.737287073528269499e+00	1.785310614094646553e+01	-2.039922647274096690e+01	2.689040318199713653e+01
1.743567991878527401e+00	1.782792804918647889e+01	-2.038343761798498477e+01	2.683156850082505329e+01
1.749840680212231048e+00	1.768388467522485996e+01	-2.018647036648977888e+01	2.654038907546374659e+01
1.756128549091961144e+00	1.763508667278425790e+01	-2.016637412399426310e+01	2.654350155589434479e+01
1.762413535324792502e+00	1.751419997860008948e+01	-1.997549291538440741e+01	2.625259950224769057e+01
1.768696187669963837e+00	1.745390526582112400e+01	-1.985732216664282745e+01	2.613582281669264162e+01
1.774979359379055266e+00	1.738882481741107000e+01	-1.963433322331546549e+01	2.586642007607984795e+01
1.781265555576432957e+00	1.731672988144208247e+01	-1.960626784815776702e+01	2.583277559269070167e+01
1.787549427830244619e+00	1.727360437549084082e+01	-1.957571696466441225e+01	2.561146361228187729e+01
1.793834120011633004e+00	1.723259410963402161e+01	-1.941875147440424243e+01	2.549766478348982801e+01
1.800115051552487300e+00	1.718793540846479573e+01	-1.942464170576242211e+01	2.554827371629711408e+01
1.806393904854530330e+00	1.702548372278635824e+01	-1.904618587427449938e+01	2.508131859051798429e+01
1.812674089667083432e+00	1.702581987442316702e+01	-1.909669448636708822e+01	2.509779463826447454e+01
1.818956920109354058e+00	1.703180846242944568e+01	-1.905665101078099966e+01	2.513684539246951744e+01
1.825244164118212220e+00	1.688706067545282608e+01	-1.897600833989005054e+01	2.492064128198499162e+01
1.831527256642196955e+00	1.685738481738709282e+01	-1.880734625063203680e+01	2.471640578668479193e+01
1.837811294935716599e+00	1.677724067690223109e+01	-1.871834393267874930e+01	2.458334665357552140e+01
1.844100717411196744e+00	1.678573828713271610e+01	-1.874999208386227423e+01	2.468788580816873690e+01
1.850384816792487230e+00	1.663343746020063918e+01	-1.851830280340924872e+01	2.427022992656516820e+01
1.856666059735203822e+00	1.659573662182818410e+01	-1.845855832401782948e+01	2.415839620390697817e+01
1.862947728675613979e+00	1.654343207313065989e+01	-1.827981147361079550e+01	2.412825525229759549e+01
1.869229324466858078e+00	1.655493803214141124e+01	-1.843604777948831241e+01	2.415934258938084156e+01
1.875517616802973686e+00	1.643301929248617554e+01	-1.808387412800000860e+01	2.381972178784550920e+01
1.881800769033795229e+00	1.638332199551042478e+01	-1.803802739559947810e+01	2.370866629565691497e+01
1.888078863416442710e+00	1.631326026570411614e+01	-1.786504748762755312e+01	2.345186958410377542e+01
1.894353975182237582e+00	1.628532688466764355e+01	-1.785871892927922033e+01	2.346832882886694449e+01
1.900642716154182565e+00	1.627739433340100916e+01	-1.781749939286151374e+01	2.338444129743081845e+01
1.906933494748685121e+00	1.613614425946785147e+01	-1.762176013456925361e+01	2.309381441141601599e+01
1.913207568676573933e+00	1.614561364186196712e+01	-1.764535515650681674e+01	2.322241787611380204e+01
1.919490884732178992e+00	1.606657145900598849e+01	-1.756591737574299827e+01	2.307440791213246101e+01
1.925776855684274480e+00	1.602635279392097090e+01	-1.742928798709613858e+01	2.283450665662105195e+01
1.932064452961978152e+00	1.595755480198281084e+01	-1.732530359752717786e+01	2.269051255769584330e+01
1.938342610030488800e+00	1.590996777823535346e+01	-1.719512630390018160e+01	2.263517635736738853e+01
1.944618341543410178e+00	1.591439892434438441e+01	-1.720797492379428206e+01	2.262252285711198141e+01
1.950906260203513876e+00	1.587435230908736195e+01	-1.714585476220737803e+01	2.253682309963163988e+01
1.957194556613796488e+00	1.577285830536793654e+01	-1.696405952455499033e+01	2.216356518424671052e+01
1.963479614559011432e+00	1.570430340740398556e+01	-1.677836599106279891e+01	2.203511655786999057e+01
1.969760361532916226e+00	1.567356028067461793e+01	-1.671787623708770454e+01	2.197080785302346939e+01
1.976048367034604736e+00	1.566086318244106224e+01	-1.677068279546164931e+01	2.198573686732391863e+01
1.982337990217652335e+00	1.560556236662160856e+01	-1.671459955990468060e+01	2.185483952660649720e+01
1.988617489259562721e+00	1.556183152347108667e+01	-1.659623066423961646e+01	2.173960402607239928e+01
1.994896320665194178e+00	1.550773712924156911e+01	-1.648301280690697013e+01	2.162930562304460125e+01
2.001179596222827151e+00	1.545334073772145445e+01	-1.632738564728654396e+01	2.145112806783606274e+01
2.007459756923499761e+00	1.539854669091704764e+01	-1.625459979649502174e+01	2.126243771324228859e+01
2.013737397779169935e+00	1.534483894778012214e+01	-1.613555288324405623e+01	2.113255782089107981e+01
2.020017234677497164e+00	1.532667698085115049e+01	-1.609892223312638038e+01	2.118021540826887517e+01
2.026310251015072783e+00	1.531594684901454961e+01	-1.604814217615048122e+01	2.099480810427493438e+01
2.032600542948020284e+00	1.525792513079699475e+01	-1.603147762880815108e+01	2.095642716274288375e+01
2.038873863192099289e+00	1.521806362939936719e+01	-1.590920776254022684e+01	2.076993721976329965e+01
2.045154087821675404e+00	1.513178849474553367e+01	-1.578724670021551901e+01	2.066665693846688612e+01
2.051444704514288730e+00	1.513309446303708938e+01	-1.568239377644923316e+01	2.054492662924318580e+01
2.057730430280644729e+00	1.506494914153873488e+01	-1.557513058609128720e+01	2.039160328999884797e+01
2.064013940455224461e+00	1.504814753303245745e+01	-1.558759699638822305e+01	2.042072395259394924e+01
2.070299891179459895e+00	1.495788991019474246e+01	-1.536175834305810817e+01	2.004729300773969669e+01
2.076589719964883951e+00	1.497949601737789749e+01	-1.541772387239946340e+01	2.019104046387533913e+01
2.082865483794470673e+00	1.498131802020997405e+01	-1.545697443750917266e+01	2.021315877439829123e+01
2.089134494859368640e+00	1.487268665538938350e+01	-1.518961239040473643e+01	1.982658281880017981e+01
2.095424211360070288e+00	1.484076470548327720e+01	-1.517040598489253256e+01	1.982676662908453125e+01
2.101707116664804254e+00	1.481511141905515139e+01	-1.513008161582854783e+01	1.979092054482148200e+01
2.107986473933564309e+00	1.479212723043017164e+01	-1.506892206582331362e+01	1.974450666041322577e+01
2.114271806543862375e+00	1.473649786374290116e+01	-1.495786560435152701e+01	1.955347874590046331e+01
2.120552717288892275e+00	1.470274336212947652e+01	-1.481347755335566241e+01	1.941004031093324045e+01
2.126836933207161717e+00	1.464985928870338583e+01	-1.475103365642315367e+01	1.925897947342655669e+01
2.133122044791171845e+00	1.463377746868489027e+01	-1.474932828310270772e+01	1.927078093688361804e+01
2.139411711910842673e+00	1.461153828922219944e+01	-1.469796598074050920e+01	1.914950003628208108e+01
2.145697076775292089e+00	1.450525749032287592e+01	-1.446685795125764784e+01	1.885190470229086301e+01
2.151973548606471276e+00	1.453610654855715723e+01	-1.449944942961507088e+01	1.894188934706703975e+01
2.158259913555724108e+00	1.451441424292741367e+01	-1.449576539149682120e+01	1.882939710992767246e+01
2.164545396699105506e+00	1.443394717040934339e+01	-1.431341560288286452e+01	1.877816335214728483e+01
2.170830700377734068e+00	1.443581353961765856e+01	-1.427638215488474671e+01	1.868412508700257035e+01
2.177114138849150393e+00	1.439114545843845328e+01	-1.421388643277947139e+01	1.857605528775065906e+01
2.183387647576827018e+00	1.432465762537470688e+01	-1.409615598926451874e+01	1.831276337730815840e+01
2.189670273687676971e+00	1.434027698365374803e+01	-1.402365237967247502e+01	1.835082175580415154e+01
2.195960147934207463e+00	1.428868778693395036e+01	-1.397645945276247481e+01	1.827551243397395453e+01
2.202242556317716371e+00	1.427405086026335823e+01	-1.388096647214839052e+01	1.814138930576733344e+01
2.208521655981037668e+00	1.427048743221582505e+01	-1.388739215508984159e+01	1.818797525471266141e+01
2.214804637081333016e+00	1.419973788942139947e+01	-1.373879448076937493e+01	1.803063257419886156e+01
2.221092583349425276e+00	1.413551293379335938e+01	-1.363086612874729298e+01	1.781269417703280311e+01
2.227372893591468728e+00	1.409653645073511719e+01	-1.350587669821467607e+01	1.762644116265824934e+01
2.233657161144248171e+00	1.415163171347512971e+01	-1.363617998225846151e+01	1.782292290350811115e+01
2.239943485394438660e+00	1.408711150590694139e+01	-1.352521093798942786e+01	1.765776962649435333e+01
2.246224175264620815e+00	1.407690927126968461e+01	-1.345902927932703186e+01	1.762065051587816455e+01
2.252506378421252009e+00	1.403986340989458625e+01	-1.340882495766794413e+01	1.749866901753881976e+01
2.258783417054270437e+00	1.398154826873750345e+01	-1.331157709177605497e+01	1.730052112465725500e+01
2.265069077371457684e+00	1.397449506582846013e+01	-1.325537524175422455e+01	1.730181815378927723e+01
2.271350377044131452e+00	1.390896549148005334e+01	-1.311633205534117685e+01	1.719176651402298717e+01
2.277633995145353918e+00	1.387816399058713834e+01	-1.303832998270043042e+01	1.704945127228024049e+01
2.283922419579920149e+00	1.385744329987660350e+01	-1.297410842031892741e+01	1.698194927895526973e+01
2.290202874392252674e+00	1.383790254585241186e+01	-1.294009300887354819e+01	1.695059456592880665e+01
2.296490779970905560e+00	1.382702118605026698e+01	-1.290874597551998271e+01	1.688321962171067270e+01
2.302771769934229162e+00	1.378170584985391045e+01	-1.277281977736637586e+01	1.671013621299228546e+01
2.309051364164305564e+00	1.373294512561621339e+01	-1.272353053483684171e+01	1.661696219260976193e+01
2.315338502539088239e+00	1.373768714724103646e+01	-1.269900031726827727e+01	1.658050252949988135e+01
2.321627336503874428e+00	1.371858552035257084e+01	-1.263837295246232273e+01	1.650943499626680122e+01
2.327911878297218795e+00	1.370415858822236110e+01	-1.256278255541982070e+01	1.644305153307152167e+01
2.334186238580297168e+00	1.364935099431117749e+01	-1.251514092624863217e+01	1.634770532505110552e+01
2.340467971862688401e+00	1.362117451154499825e+01	-1.244167184101817902e+01	1.625126398754735391e+01
2.346756940970738725e+00	1.360803078175496061e+01	-1.238562684474836217e+01	1.625460542706287370e+01
2.353044444556199988e+00	1.360791001650304288e+01	-1.238704749431826890e+01	1.624510819526433281e+01
2.359327653314069906e+00	1.359297182632825951e+01	-1.232255700984604729e+01	1.619448358993493287e+01
2.365603048789861607e+00	1.350352168600858072e+01	-1.213004022425327300e+01	1.591656260995815586e+01
2.371885911737665165e+00	1.351037504347364404e+01	-1.215646680989922501e+01	1.586945005103751249e+01
2.378173303594019572e+00	1.350646953029735542e+01	-1.208758204962362903e+01	1.591254962686278951e+01
2.384454016539381271e+00	1.345818855498284350e+01	-1.202736149271197341e+01	1.575407075013929159e+01
2.390736447344785187e+00	1.344363657862001382e+01	-1.199169902255572850e+01	1.572351153991711392e+01
2.397014133897952259e+00	1.341191827806731318e+01	-1.185579712620536519e+01	1.554635730744245414e+01
2.403295490074321972e+00	1.340600885640204076e+01	-1.181215253976847102e+01	1.554422371774609779e+01
2.409585049672506862e+00	1.337731439676127998e+01	-1.179658053923747829e+01	1.552622580187881773e+01
2.415871703165322071e+00	1.335208023819314072e+01	-1.167546276576914543e+01	1.542072562358069732e+01
2.422160652369088840e+00	1.330324338888415880e+01	-1.156143526428039614e+01	1.531724971476538144e+01
2.428440167222748691e+00	1.333887689496851081e+01	-1.165721063552989634e+01	1.540511123167289576e+01
2.434717472383889803e+00	1.328668535775452142e+01	-1.152885700232637589e+01	1.521661381112736500e+01
2.441002456202044257e+00	1.328466504277800375e+01	-1.146991696478899492e+01	1.512755016864321078e+01
2.447289980304530488e+00	1.324302081631589090e+01	-1.143280646250328125e+01	1.519748237254880507e+01
2.453571844729242279e+00	1.322301324074984841e+01	-1.135793947536182635e+01	1.508876288413798683e+01
2.459852705114058846e+00	1.321310609316492268e+01	-1.134526499205103178e+01	1.501482804270575322e+01
2.466139233225018934e+00	1.317707472350699938e+01	-1.123200787636286258e+01	1.488483050090786897e+01
2.472421963421291391e+00	1.317325072104269701e+01	-1.117999958215732015e+01	1.488801503859667896e+01
2.478698519174224568e+00	1.317279974634722706e+01	-1.117540893463430329e+01	1.486782087439628341e+01
2.484980841400355800e+00	1.311662735876141639e+01	-1.104656927248467113e+01	1.471382985621369954e+01
2.491269319409339822e+00	1.313637965012661901e+01	-1.110587692691794892e+01	1.470866788094163624e+01
2.497548505139029373e+00	1.309967830154706903e+01	-1.097730729710514552e+01	1.460944334149156276e+01
2.503831667172610853e+00	1.309318912553657732e+01	-1.088099976508816269e+01	1.460146082558877723e+01
2.510117938323931153e+00	1.307703598565851522e+01	-1.092638691470221346e+01	1.452609436651412977e+01
2.516400733681277480e+00	1.306770603278902243e+01	-1.087545508147695017e+01	1.443187301320325844e+01
2.522688226833368130e+00	1.304847844550858582e+01	-1.080999014421573534e+01	1.444695137180492672e+01
2.528971695852665569e+00	1.302705008523431651e+01	-1.077457321596892648e+01	1.441345431350327644e+01
2.535252039407670299e+00	1.301895428293200041e+01	-1.069571236059008790e+01	1.428191441728530187e+01
2.541537514142774512e+00	1.298986464307627031e+01	-1.060449639333224603e+01	1.421468019189055987e+01
2.547823008847572179e+00	1.298338399455966652e+01	-1.057910474544196511e+01	1.416931720494830849e+01
2.554100666580690238e+00	1.295136934799845996e+01	-1.052417425433052856e+01	1.412509837493944964e+01
2.560376788884177301e+00	1.296128768099900519e+01	-1.051206895410188835e+01	1.410174159207048028e+01
2.566667521601497359e+00	1.295594895589007578e+01	-1.048206513622780811e+01	1.407883320964650231e+01
2.572955062237090473e+00	1.291829208231751025e+01	-1.034028716614248822e+01	1.395544763225582052e+01
2.579233771797999175e+00	1.292299885685946670e+01	-1.030796052185434419e+01	1.398457597965742139e+01
2.585520164300948220e+00	1.291984133463197004e+01	-1.035758310637224788e+01	1.397119019031435982e+01
2.591805130332431872e+00	1.288371145915743377e+01	-1.025088888132752807e+01	1.387608499860722411e+01
2.598084074692260881e+00	1.289443929933701405e+01	-1.032817312757292250e+01	1.389995138892621540e+01
2.604360404197643586e+00	1.289530246446581607e+01	-1.022573828328664902e+01	1.386107968570425797e+01
2.610647185140439142e+00	1.286910076262730840e+01	-1.012837089841475269e+01	1.375799393486621902e+01
2.616931864059273138e+00	1.286142075045658117e+01	-1.016302849848897338e+01	1.377984501930925099e+01
2.623206107911065565e+00	1.285327897010805920e+01	-1.004303714059590469e+01	1.364982584675301602e+01
2.629491626543270844e+00	1.282093308813186994e+01	-9.979690818776534300e+00	1.357370970876609739e+01
2.635778507982642349e+00	1.280841014205038064e+01	-9.898994809794121608e+00	1.354655749736668113e+01
2.642061039325260818e+00	1.283016189705502619e+01	-9.927358929820002231e+00	1.362042758054694147e+01
2.648343840729305843e+00	1.281690467552211388e+01	-9.886614306991507561e+00	1.355044361580692147e+01
2.654631838974855551e+00	1.280326785704164827e+01	-9.858532822783645955e+00	1.349019876213925606e+01
2.660919001246303761e+00	1.276318358728797975e+01	-9.732477116047666854e+00	1.332162504607202358e+01
2.667198525130066056e+00	1.277625587662103790e+01	-9.757985977250154264e+00	1.347627382160623277e+01
2.673484307038032526e+00	1.278914988107267980e+01	-9.758137690558825739e+00	1.343598765786559390e+01
2.679773388053849459e+00	1.275746016354496248e+01	-9.662407263360973886e+00	1.334951050775922887e+01
2.686058217632288692e+00	1.276455375149729221e+01	-9.639917794870994427e+00	1.325911971407132484e+01
2.692338738200057868e+00	1.274175015966685720e+01	-9.563131981866355602e+00	1.326307220440901524e+01
2.698618022887226964e+00	1.275874578761776945e+01	-9.582291998468029703e+00	1.320470845896313605e+01
2.704895450708277860e+00	1.272581050914003420e+01	-9.437844008370850801e+00	1.315438936695823813e+01
2.711175674923682166e+00	1.271811737317253588e+01	-9.436439372601995501e+00	1.314333496938244039e+01
2.717459832966957922e+00	1.277368579089173828e+01	-9.485174223847666397e+00	1.325587751995412589e+01
2.723745731959044569e+00	1.272415896793517476e+01	-9.397759338463048451e+00	1.314605277882261269e+01
2.730038414850594730e+00	1.273148261166652873e+01	-9.371297538409489647e+00	1.309764759264390399e+01
2.736317989800789441e+00	1.274668764078085559e+01	-9.352028573397987543e+00	1.315887433834802600e+01
2.742591858549239703e+00	1.271110100384638741e+01	-9.306233217670447644e+00	1.302358511744663083e+01
2.748879749010778362e+00	1.272075612571004122e+01	-9.274446720010139700e+00	1.305501226773514567e+01
2.755163403825859447e+00	1.271258927562301189e+01	-9.237749324861415090e+00	1.303876206211988098e+01
2.761446955625852073e+00	1.270950541156791935e+01	-9.237700189568801790e+00	1.308186840317032917e+01
2.767732088935374701e+00	1.272396245149804805e+01	-9.130842235539393670e+00	1.300469519753904457e+01
2.774015452421743966e+00	1.271468589640496205e+01	-9.162076566423555946e+00	1.298979220759477649e+01
2.780298635700591436e+00	1.271338653118670869e+01	-9.091141858056493774e+00	1.297880691937179520e+01
2.786577474762241380e+00	1.269288890691825600e+01	-9.029057173298571826e+00	1.285905635342766828e+01
2.792857983210164541e+00	1.272314307224386098e+01	-9.079722352113723360e+00	1.294164077605196717e+01
2.799143790920211483e+00	1.272855813088529686e+01	-9.053169919248237107e+00	1.293274716237565514e+01
2.805430058399325244e+00	1.272136907478762957e+01	-8.976263193323648082e+00	1.293850189125921801e+01
2.811715058209780072e+00	1.273058658694112211e+01	-8.990734445659628093e+00	1.286404119494812726e+01
2.817989272498773623e+00	1.272726601058530171e+01	-8.910235742572753637e+00	1.291934188259770444e+01
2.824269171595737760e+00	1.272047597848929534e+01	-8.901525102907505982e+00	1.282433746472019642e+01
2.830563016441804081e+00	1.275040435824095297e+01	-8.926555642128134238e+00	1.295796936402076582e+01
2.836848750951622034e+00	1.273281321656244636e+01	-8.860038367121552128e+00	1.283350642027568611e+01
2.843130027866129783e+00	1.276257461554896366e+01	-8.803940734590533168e+00	1.286510196192718780e+01
2.849413896912404986e+00	1.273154126378112139e+01	-8.756047461476343940e+00	1.283730116073073724e+01
2.855697464522425566e+00	1.277355759417589454e+01	-8.788907218403721799e+00	1.284090954336555868e+01
2.861978799810683594e+00	1.273421043778259865e+01	-8.677380182908080997e+00	1.282006188729255669e+01
2.868262469415629567e+00	1.273705575473143803e+01	-8.698315359214506159e+00	1.277259984515655766e+01
2.874547359206753860e+00	1.279243094280335846e+01	-8.727452743058991658e+00	1.297128790141691290e+01
2.880831111471525041e+00	1.279915369024473293e+01	-8.707236951578943618e+00	1.291084918122027325e+01
2.887113216972382546e+00	1.277885408230378594e+01	-8.641454885170087863e+00	1.279491100057334840e+01
2.893394504725182781e+00	1.277770849938104902e+01	-8.547288149422417547e+00	1.275437495590498749e+01
2.899673662137033592e+00	1.282444561006206740e+01	-8.669732063665293254e+00	1.291620542766042057e+01
2.905953958587380814e+00	1.278698859872739924e+01	-8.526020760686179756e+00	1.279577165607966194e+01
2.912241118105161064e+00	1.285342010074617569e+01	-8.634593132364607015e+00	1.297248419290304788e+01
2.918525996366671205e+00	1.284625240014763570e+01	-8.568369115635841027e+00	1.293352076152091712e+01
2.924809035425688819e+00	1.283793470274072313e+01	-8.468692040712976876e+00	1.281935049979017194e+01
2.931095916293684933e+00	1.287919488555181324e+01	-8.529279847103286016e+00	1.292199328542320025e+01
2.937378182606774413e+00	1.290714490671618542e+01	-8.519626391477148175e+00	1.296131101560254884e+01
2.943659980254369923e+00	1.289632001626237212e+01	-8.481977586198258479e+00	1.294278315566723947e+01
2.949946454403890250e+00	1.291982157508995144e+01	-8.465943012408306600e+00	1.299493653746338140e+01
2.956227653702202307e+00	1.292302570138120110e+01	-8.447618602844839231e+00	1.299820436203402885e+01
2.962510478867462993e+00	1.291985785936056530e+01	-8.440638706229547594e+00	1.298290062958268365e+01
2.968796535179442309e+00	1.297493537581590850e+01	-8.451994267183781773e+00	1.301564801134238891e+01
2.975077657376874907e+00	1.299414713517876585e+01	-8.423351414639819623e+00	1.312524295301409794e+01
2.981359866759223376e+00	1.298788157844672675e+01	-8.412167852718974714e+00	1.306990638149820860e+01
2.987646761575656562e+00	1.300723852952527615e+01	-8.412779945375193691e+00	1.311057470455175711e+01
2.993929038370399365e+00	1.302289971327638796e+01	-8.340692915019548792e+00	1.313857566289245682e+01
3.000206214840962726e+00	1.302084454217189702e+01	-8.267254460552726059e+00	1.309161528962274446e+01
3.006486172402415669e+00	1.304629264983454817e+01	-8.332894512264509501e+00	1.313801910504274240e+01
3.012769812211594456e+00	1.308996481136871282e+01	-8.308990266078671638e+00	1.318474867614106749e+01
3.019053144326170113e+00	1.309066232617901626e+01	-8.297500866393317409e+00	1.318905691552985004e+01
3.025337405144251424e+00	1.313797365384244920e+01	-8.328863107846345315e+00	1.328475088223737011e+01
3.031623734799107961e+00	1.315197750990817127e+01	-8.314628520790741106e+00	1.331920003546561659e+01
3.037908962055872575e+00	1.316498235308676357e+01	-8.326138985384895719e+00	1.328023813759486060e+01
3.044195067146031608e+00	1.321345198899045670e+01	-8.329669069938587356e+00	1.342803547128328212e+01
3.050475543482170426e+00	1.320897133221754949e+01	-8.249144532022157250e+00	1.336829369712768845e+01
3.056754954538277502e+00	1.322452810413867930e+01	-8.287038969185518411e+00	1.337656725633625676e+01
3.063040539557494668e+00	1.327005740604883677e+01	-8.261177723130362693e+00	1.344478563915349056e+01
3.069323699454357346e+00	1.328684957450805193e+01	-8.270443510256974662e+00	1.352219271977352832e+01
3.075610692642898769e+00	1.331304823982218721e+01	-8.258452533184913236e+00	1.351668996597519268e+01
3.081893798009918584e+00	1.335056439969799236e+01	-8.254590127782684306e+00	1.357803180310676794e+01
3.088174549548037717e+00	1.336726411632387723e+01	-8.226574952635674620e+00	1.357644902317638014e+01
3.094458635632868493e+00	1.339984970619059546e+01	-8.247190746248364235e+00	1.372521780848310513e+01
3.100743982931558840e+00	1.344446713496903456e+01	-8.263860195184713930e+00	1.375538349363635149e+01
3.107028111748448396e+00	1.346382746128332286e+01	-8.263666447611026200e+00	1.380837122597466937e+01
3.113309299655494300e+00	1.352038405757886075e+01	-8.320413839812907497e+00	1.397293503911894064e+01
3.119590662867241626e+00	1.351977845881688367e+01	-8.250077252198975586e+00	1.392339815490562671e+01
3.125874006820172912e+00	1.356405380409700534e+01	-8.294831328159688155e+00	1.401072904942948227e+01
3.132159251154602586e+00	1.358893674282382413e+01	-8.281336402548124198e+00	1.399690784533154719e+01
3.138439172765940643e+00	1.363155114378131749e+01	-8.242337815444829019e+00	1.413643914211494312e+01
3.144723867719826593e+00	1.366342366386243867e+01	-8.345114677547162074e+00	1.423261695750358946e+01
3.151003951258561031e+00	1.369494039346842129e+01	-8.274736739730977675e+00	1.428228850578907405e+01
3.157283664131563139e+00	1.373205021033418127e+01	-8.327594857353902924e+00	1.431150727785525767e+01
3.163569317183839935e+00	1.379078575641390358e+01	-8.302430713502120696e+00	1.436725101879965472e+01
3.169851661717792091e+00	1.382944591912333188e+01	-8.370946451967727242e+00	1.449266356977793713e+01
3.176137704316093657e+00	1.386238550185443508e+01	-8.356156852192127005e+00	1.453542381103675929e+01
3.182420924828643916e+00	1.389224257772972670e+01	-8.303079207566897324e+00	1.466647681896306388e+01
3.188702811875577581e+00	1.393677314217801211e+01	-8.365733367286274813e+00	1.467709215429747971e+01
3.194990520008989865e+00	1.396589416735363898e+01	-8.330141737832535753e+00	1.476750546660059271e+01
3.201275324656983834e+00	1.402536883121743649e+01	-8.359002131851394068e+00	1.491298533581280772e+01
3.207551352179861759e+00	1.407715330907709372e+01	-8.380274812993087963e+00	1.499333855414804084e+01
3.213835216737041645e+00	1.408687794240771574e+01	-8.309261672935873477e+00	1.501491048934301098e+01
3.220122579819103770e+00	1.403236006475550468e+01	-8.139455315145108116e+00	1.453286040583749461e+01
3.226406606618656525e+00	1.391197496565232328e+01	-7.823298329902185877e+00	1.372778646799969771e+01
3.232687390085645429e+00	1.380611504244495968e+01	-7.523317363388486001e+00	1.294796923073330142e+01
3.238969121280456331e+00	1.368559173073087720e+01	-7.205746978713873041e+00	1.216974125670482465e+01
3.245254751548589667e+00	1.364512498134457985e+01	-7.092898863561556411e+00	1.160814665455247940e+01
3.251534499036136783e+00	1.358250799577412238e+01	-6.926041669094797015e+00	1.099667385164387312e+01
3.257817780791052442e+00	1.354318823791418147e+01	-6.725320734571410775e+00	1.046237494216760311e+01
3.264102164154097263e+00	1.346005104279314146e+01	-6.593022017671126278e+00	9.804083700919598243e+00
3.270384152138468892e+00	1.337998650898740927e+01	-6.341256727054248366e+00	9.150888247650772911e+00
3.276669427476867735e+00	1.339013982275408665e+01	-6.319046053122396422e+00	8.803491950979834613e+00
3.282954688864507808e+00	1.334200272864313774e+01	-6.167297069713867153e+00	8.249369254510085625e+00
3.289237200334947264e+00	1.327911284257658231e+01	-5.999523588633402404e+00	7.703444163254809851e+00
3.295519587088236779e+00	1.324875630165547591e+01	-5.975757232235570093e+00	7.263467579754360415e+00
3.301805977329951958e+00	1.324541234813870361e+01	-5.839400172076564033e+00	6.815225945755873482e+00
3.308087486222440088e+00	1.319269215911227811e+01	-5.683427947837047078e+00	6.291550419862304899e+00
3.314367630234227313e+00	1.317214421334708874e+01	-5.643426362711390532e+00	5.837336611524356123e+00
3.320651909732194262e+00	1.315532471297935224e+01	-5.593693901139991098e+00	5.489107306457932545e+00
3.326931260376857047e+00	1.312308706700556549e+01	-5.441421814548122349e+00	5.034428210545471849e+00
3.333216512447217728e+00	1.310572929185253166e+01	-5.424177440537621742e+00	4.616016721421144275e+00
3.339504489419978128e+00	1.308903671479101405e+01	-5.309446415604491598e+00	4.230543797510264881e+00
3.345786804809928405e+00	1.306967951091738378e+01	-5.223541269803042120e+00	3.702249887010774287e+00
3.352071130016277767e+00	1.303141963507599499e+01	-5.171107656517516915e+00	3.354008071950846492e+00
3.358351496304225581e+00	1.304016381138301028e+01	-5.095715932520284319e+00	2.926083798275029846e+00
3.364630591073392019e+00	1.302392968406741680e+01	-5.028376698409842582e+00	2.551770963161778205e+00
3.370916305215045483e+00	1.303023914285430962e+01	-5.043712490324889330e+00	2.268243300354682468e+00
3.377197952029413752e+00	1.298270792885403324e+01	-4.886123197221822423e+00	1.782056138556744385e+00
3.383483063818085501e+00	1.299173629769139282e+01	-4.851707786752070817e+00	1.445737919493957691e+00
3.389769992424469969e+00	1.296630239122046113e+01	-4.814069570459181158e+00	1.034513019898598118e+00
3.396051330885982100e+00	1.295857039642769237e+01	-4.696098959924493776e+00	6.933027591927324318e-01
3.402330879139463971e+00	1.296419484683145917e+01	-4.741485993324755732e+00	4.021635548632915835e-01
3.408610488352048495e+00	1.295797674316742487e+01	-4.677232960114936944e+00	1.922551429337533355e-02
3.414897837696641236e+00	1.296720693438314953e+01	-4.630788039210129270e+00	-2.485338167895051187e-01
3.421180484052105619e+00	1.293695646103723007e+01	-4.560078326741443533e+00	-7.191164548338164764e-01
3.427461639653846870e+00	1.294287196002145457e+01	-4.518148633732660180e+00	-1.010583582931315005e+00
3.433749159643459059e+00	1.294854444519216763e+01	-4.539290322064329253e+00	-1.275464934745317080e+00
3.440032646656798310e+00	1.293011522131960156e+01	-4.413331158645356744e+00	-1.656919138702134253e+00
3.446313366033385339e+00	1.293249294098586333e+01	-4.465146785044566968e+00	-1.911649964283415271e+00
3.452600135384134905e+00	1.293174863652796880e+01	-4.330430520615921708e+00	-2.355440467413646655e+00
3.458883152815406703e+00	1.294404318241441842e+01	-4.304054809597711362e+00	-2.650795264649381977e+00
3.465163834403715448e+00	1.292185219494868420e+01	-4.277667311688021279e+00	-2.924639933209109532e+00
3.471449329786229221e+00	1.291010738258531809e+01	-4.195999116805847251e+00	-3.277704001098068254e+00
3.477734476754053894e+00	1.294853807834184245e+01	-4.216970424836987696e+00	-3.549616366108376386e+00
3.484019652467224226e+00	1.294949171817092726e+01	-4.202473312703729924e+00	-3.811120442376700890e+00
3.490297019369712928e+00	1.296991127212779915e+01	-4.196987958133599150e+00	-4.025740953356762297e+00
3.496582486484379970e+00	1.295522536654643631e+01	-4.136914210637229417e+00	-4.386026276631326049e+00
3.502868048046865024e+00	1.293378673688574843e+01	-4.051206593942305645e+00	-4.796426986348992116e+00
3.509144649545451244e+00	1.293983143845114014e+01	-4.018950930292009005e+00	-5.044130560273243802e+00
3.515428082003116295e+00	1.293540666668736527e+01	-3.980893564849333099e+00	-5.331115633293942224e+00
3.521711031624695565e+00	1.296756032288373639e+01	-3.982960267285021505e+00	-5.617405737182036951e+00
3.527991850954735664e+00	1.295823654071335973e+01	-3.971738986647339598e+00	-5.838968844893184240e+00
3.534275545726699885e+00	1.297786797221612076e+01	-3.925264115435698198e+00	-6.159142636979403562e+00
3.540562632020772149e+00	1.298586187978009043e+01	-3.868121574910106553e+00	-6.470302035787846684e+00
3.546844410757220789e+00	1.298016777467259786e+01	-3.899065580487038662e+00	-6.703325524775057609e+00
3.553131386753758836e+00	1.299820685718945512e+01	-3.873297027226698219e+00	-6.942365672586682912e+00
3.559419203211965144e+00	1.299366439733109146e+01	-3.804849751869843644e+00	-7.311593210403640519e+00
3.565697971577579839e+00	1.297587785711666619e+01	-3.735322398930770227e+00	-7.563507605125200151e+00
3.571979559134798254e+00	1.301739206882940891e+01	-3.798178236732840496e+00	-7.779694252647188613e+00
3.578265774595833726e+00	1.301037260970860210e+01	-3.687043377444752412e+00	-8.180857762146866108e+00
3.584548309769353125e+00	1.302895973513739847e+01	-3.716036239299732813e+00	-8.350787372138023912e+00
3.590826843920031486e+00	1.304319207794087809e+01	-3.711752099052154641e+00	-8.637096253472144269e+00
3.597107306745233934e+00	1.305020159803542157e+01	-3.674022101284687203e+00	-8.845136065018055049e+00
3.603392831792229245e+00	1.308016961407012957e+01	-3.629205718170637418e+00	-9.146915309398051974e+00
3.609673209822572559e+00	1.307366623902915137e+01	-3.607935278108009847e+00	-9.431285047978931857e+00
3.615955412133016189e+00	1.309110836825478508e+01	-3.600204812745240623e+00	-9.599117969473432765e+00
3.622241607772384686e+00	1.307745033044940008e+01	-3.496307400294969003e+00	-9.938708733390624772e+00
3.628520252736676444e+00	1.309076156802131230e+01	-3.547228301194302880e+00	-1.011866732229292154e+01
3.634804827569451113e+00	1.310976629174745689e+01	-3.497237115930917017e+00	-1.041135500021086813e+01
3.641094981788862928e+00	1.313093314638654618e+01	-3.498673318188705306e+00	-1.066197936566435978e+01
3.647383514928639325e+00	1.314473727022368266e+01	-3.442947108467963702e+00	-1.094915405652537821e+01
3.653663283927725658e+00	1.316194653345186438e+01	-3.471191539175661145e+00	-1.110800641616288686e+01
3.659943504072155296e+00	1.317628688361409672e+01	-3.423443984722255085e+00	-1.140229417269288703e+01
3.666232000281138603e+00	1.318976081616548157e+01	-3.431707395594506771e+00	-1.159426440149909610e+01
3.672514211678317597e+00	1.321064314641611936e+01	-3.369477147695384645e+00	-1.191722047492996772e+01
3.678794154686042539e+00	1.321055782873566287e+01	-3.304414187094007360e+00	-1.216747775639315421e+01
3.685078621861909820e+00	1.322182835372650977e+01	-3.320391126468859699e+00	-1.237038129710068368e+01
3.691359210097977961e+00	1.324035366505647637e+01	-3.336074557138220431e+00	-1.258379645407438296e+01
3.697642368173791105e+00	1.323278536662670746e+01	-3.289744084118690459e+00	-1.285449121267850714e+01
3.703925796735277665e+00	1.330205036265684804e+01	-3.289086355659215588e+00	-1.302176822986215399e+01
3.710208240364660348e+00	1.328989259982151694e+01	-3.224243522955238639e+00	-1.333133633385705785e+01
3.716494593122387169e+00	1.331899742779864049e+01	-3.240436622343155548e+00	-1.351523482133108445e+01
3.722775386659595398e+00	1.336481171412244073e+01	-3.249796245433003605e+00	-1.375496261759308858e+01
3.729058392883481510e+00	1.334849364416746198e+01	-3.192168078922722252e+00	-1.396638458549837658e+01
3.735339748210807720e+00	1.339087774384763208e+01	-3.203607138916485741e+00	-1.418826926759502882e+01
3.741620776392969638e+00	1.337748278316624528e+01	-3.141011050273863070e+00	-1.447676893090878458e+01
3.747904795418762980e+00	1.342266528669608761e+01	-3.150501720475615386e+00	-1.469518436991910981e+01
3.754190633281219380e+00	1.346600742982185395e+01	-3.158110490186635921e+00	-1.485991660455986541e+01
3.760478208018912749e+00	1.344407961962733644e+01	-3.101360112583496420e+00	-1.513657855297748256e+01
3.766755538573464346e+00	1.349806352275431998e+01	-3.134534244773670153e+00	-1.535535158870600370e+01
3.773032090135151506e+00	1.347928851737173339e+01	-3.067174859664703934e+00	-1.561595650476353470e+01
3.779322553012896879e+00	1.352620115475311557e+01	-3.068830904546731464e+00	-1.579834676797534065e+01
3.785609109731308930e+00	1.356350700383376129e+01	-3.090456437040208559e+00	-1.602256226479824974e+01
3.791889825936295200e+00	1.359066327005992747e+01	-3.057309395983088596e+00	-1.619750782285119328e+01
3.798174822702435893e+00	1.361209756252936565e+01	-3.022852020650962590e+00	-1.645599062275443814e+01
3.804458658753491651e+00	1.361583964364800359e+01	-2.954371064531017499e+00	-1.678483957964061801e+01
3.810738438095723435e+00	1.367121299646734300e+01	-3.002638422552447395e+00	-1.688656313694222888e+01
3.817018850285747167e+00	1.363993772999965337e+01	-2.958045170303544857e+00	-1.711033950646468682e+01
3.823305314209427763e+00	1.371184940097093197e+01	-3.037511122966559007e+00	-1.725821423341088590e+01
3.829591295197792178e+00	1.373911266852611490e+01	-3.003433613478793784e+00	-1.751261429699519212e+01
3.835872296070849341e+00	1.373250039984516313e+01	-2.942536347132667096e+00	-1.772877774113623417e+01
3.842156279590906109e+00	1.378851540717506374e+01	-2.918426286050284091e+00	-1.794657336907895484e+01
3.848441511099312429e+00	1.381775646172954097e+01	-2.955236820169040879e+00	-1.817512380108599146e+01
3.854723334376886079e+00	1.383830144229396275e+01	-2.961888765633116094e+00	-1.830132015328099371e+01
3.861004740704794713e+00	1.385025747154230480e+01	-2.884558758020524749e+00	-1.863180784641560095e+01
3.867284336650660848e+00	1.387963566428290818e+01	-2.870720521264422676e+00	-1.880456202788795039e+01
3.873567367678779849e+00	1.395358841482513412e+01	-2.871604873857550810e+00	-1.907294270740551312e+01
3.879850662830422792e+00	1.393652198787745000e+01	-2.812603569361190825e+00	-1.932740423524782258e+01
3.886137063198143338e+00	1.396819971500890922e+01	-2.886675067326615274e+00	-1.936919189930820906e+01
3.892419463049126005e+00	1.400469539205245084e+01	-2.816087170085933344e+00	-1.969488148418605533e+01
3.898703740328622658e+00	1.403279064246160246e+01	-2.829576293936716613e+00	-1.989150762207709988e+01
3.904991458788179326e+00	1.406963768125339165e+01	-2.749616092446215188e+00	-2.016655872829747764e+01
3.911270842222104083e+00	1.409608185835558913e+01	-2.837179423473698670e+00	-2.026773059138116651e+01
3.917549806479573071e+00	1.413648379641957753e+01	-2.801220674497479912e+00	-2.047144651260094150e+01
3.923836006203090587e+00	1.416136630643793204e+01	-2.740681743157988848e+00	-2.079709162017568858e+01
3.930121452497870926e+00	1.422974362341831700e+01	-2.802046786290133706e+00	-2.089002489997509926e+01
3.936398172858230460e+00	1.422213976318164264e+01	-2.701658753936194923e+00	-2.120780081781246551e+01
3.942683040425962293e+00	1.426346964846592869e+01	-2.686120300552377493e+00	-2.146445348653076479e+01
3.948974759704379611e+00	1.432203146514072856e+01	-2.711788937465153371e+00	-2.160812532981449863e+01
3.955259227995065352e+00	1.431989821919620454e+01	-2.627488366490097871e+00	-2.189581192213520566e+01
3.961537174921395454e+00	1.438077858303373269e+01	-2.735757086486987788e+00	-2.196202402393396369e+01
3.967820217617139544e+00	1.440906217298760694e+01	-2.653683624633827787e+00	-2.229951755639231692e+01
3.974105559832568968e+00	1.444967999511929868e+01	-2.653512158596968984e+00	-2.244280398195396486e+01
3.980384727931198352e+00	1.452370826116265157e+01	-2.677311560137812574e+00	-2.269487770083942024e+01
3.986664590839849698e+00	1.452162343900351793e+01	-2.636323918214624751e+00	-2.291687017023181383e+01
3.992949619150675034e+00	1.456994605311976265e+01	-2.684806829303442388e+00	-2.299983970988708037e+01
3.999235075769965952e+00	1.460275192124276344e+01	-2.561342864783072937e+00	-2.343645862169495686e+01
4.005515715515433506e+00	1.465539784910505539e+01	-2.585019526156310032e+00	-2.358127331252746473e+01
4.011798434346478537e+00	1.469697807114149946e+01	-2.625779820262939435e+00	-2.377358015388163537e+01
4.018083716245132386e+00	1.472580048733714797e+01	-2.552841314476240075e+00	-2.409556324389646420e+01
4.024365700052603856e+00	1.480218642413065488e+01	-2.549562930243517211e+00	-2.429051130609940046e+01
4.030643960839860540e+00	1.480715708381943152e+01	-2.550159634242823437e+00	-2.448804105356743577e+01
4.036928708926215137e+00	1.489355320084263568e+01	-2.593087311395207539e+00	-2.462357531222797746e+01
4.043218157412017177e+00	1.490757910036844258e+01	-2.517223188462739181e+00	-2.495453818854936401e+01
4.049503019487663558e+00	1.496129847934839852e+01	-2.549499328347156091e+00	-2.508062247415688617e+01
4.055781898960511000e+00	1.499164079059336530e+01	-2.501792763389086183e+00	-2.532671011659775928e+01
4.062060795621602161e+00	1.503730728743312994e+01	-2.512620926610567462e+00	-2.559153955090943455e+01
4.068347865354716042e+00	1.509392824036086544e+01	-2.521954221167513222e+00	-2.569542978549570478e+01
4.074631027173265529e+00	1.514820675416930129e+01	-2.455410144511546378e+00	-2.611755847422289278e+01
4.080910837526078971e+00	1.517302455409453010e+01	-2.456779125704688482e+00	-2.627018579462671966e+01
4.087201203341442657e+00	1.523110235173142968e+01	-2.500556286155831032e+00	-2.642473777850860017e+01
4.093486818591942189e+00	1.525980025464725465e+01	-2.353169589416694851e+00	-2.687056205228837413e+01
4.099764387336505500e+00	1.537690009334795072e+01	-2.526643810388681466e+00	-2.685048373134989674e+01
4.106049166937662420e+00	1.536495750079830636e+01	-2.396825481729278895e+00	-2.721972825963354126e+01
4.112334559041358695e+00	1.543333010512872860e+01	-2.443584475700773417e+00	-2.738060099735368169e+01
4.118618926059533614e+00	1.545097019658489579e+01	-2.362784080833309819e+00	-2.766831557669624075e+01
4.124898942031112625e+00	1.551255991755009056e+01	-2.335035478505620432e+00	-2.792515621100256951e+01
4.131175432561665417e+00	1.557501754713231712e+01	-2.438273209435150246e+00	-2.801843092487093045e+01
4.137461563786142271e+00	1.558545469716970366e+01	-2.320309414778395141e+00	-2.839272038216836336e+01
4.143746006210170307e+00	1.569486307141383996e+01	-2.392013079774940376e+00	-2.855716670912689992e+01
4.150029800482964326e+00	1.574054901359735403e+01	-2.382217854062113727e+00	-2.879139061709073744e+01
4.156313390684649001e+00	1.576334282013666055e+01	-2.327870893847497236e+00	-2.903480171667891341e+01
4.162596105843763716e+00	1.585852623802471228e+01	-2.332934403075240137e+00	-2.936202002267523881e+01
4.168881843141768684e+00	1.588245998879598453e+01	-2.306707201237958582e+00	-2.958994248259701720e+01
4.175162111073220217e+00	1.597593127478819319e+01	-2.357399392203705979e+00	-2.975404541683647963e+01
4.181448573417560155e+00	1.602691944722184658e+01	-2.279077752783325028e+00	-3.017958465163597381e+01
4.187738782464171194e+00	1.606770738728642200e+01	-2.210334166664894795e+00	-3.044604451604605444e+01
4.194017437180169061e+00	1.616472196953262497e+01	-2.294033658147111243e+00	-3.058263402212070758e+01
4.200293572701767175e+00	1.617509249737457466e+01	-2.252877804179904242e+00	-3.087678792476929246e+01
4.206580195481546269e+00	1.625767058828255074e+01	-2.264117671403431231e+00	-3.109341564097064392e+01
4.212860644652220543e+00	1.626113184747525153e+01	-2.190737059777737361e+00	-3.140683913881778366e+01
4.219138153430114002e+00	1.636940879119052994e+01	-2.261161115587439596e+00	-3.154085439750170039e+01
4.225426162098283811e+00	1.641357375945290542e+01	-2.183245591159809429e+00	-3.198245574329646246e+01
4.231713506719782636e+00	1.648890575293205174e+01	-2.191365349025323983e+00	-3.217080791968892584e+01
4.237990056577191744e+00	1.658405892427822081e+01	-2.205908421815661491e+00	-3.245279834071976666e+01
4.244267783646744618e+00	1.661104551513064820e+01	-2.135869500407804544e+00	-3.282506217419433625e+01
4.250560660182562955e+00	1.672687870326516091e+01	-2.222893423884235720e+00	-3.296314957506047705e+01
4.256847734842668096e+00	1.672949442301981193e+01	-2.084567930931785273e+00	-3.338748313146059132e+01
4.263127100734456221e+00	1.677781049082436127e+01	-2.110836598312435974e+00	-3.349713162459633509e+01
4.269406860432507500e+00	1.681214866992253931e+01	-2.073563782163622804e+00	-3.385132454231209209e+01
4.275691671482192646e+00	1.690470397357459831e+01	-2.045411605463902216e+00	-3.422134480700721326e+01
4.281972414189518794e+00	1.700144860188240159e+01	-2.066413994631720374e+00	-3.444626486935185028e+01
4.288253516806755705e+00	1.699589029320440758e+01	-1.991338472528658254e+00	-3.479314832195407092e+01
4.294540520160492925e+00	1.714584849681985901e+01	-2.044622027118448315e+00	-3.504774590679836876e+01
4.300825742921731809e+00	1.716019143975740135e+01	-2.067640103291956688e+00	-3.520364487911763263e+01
4.307109835491901961e+00	1.723771863554991413e+01	-1.964151361832021880e+00	-3.574828710375025054e+01
4.313390926478413157e+00	1.733330215463846002e+01	-2.028855800849645341e+00	-3.592891731685896417e+01
4.319667979480563247e+00	1.734198822801798556e+01	-1.861728821258955557e+00	-3.649400567543083440e+01
4.325952598143786076e+00	1.749108368678376024e+01	-2.062917541514143860e+00	-3.644168282455724750e+01
4.332241647035422361e+00	1.749068335405446462e+01	-1.916087515547600040e+00	-3.697334249944463380e+01
4.338524445619096781e+00	1.755365505736264709e+01	-1.946491322284165326e+00	-3.716764089071418908e+01
4.344809348131129845e+00	1.760495742231566751e+01	-1.909446103072570011e+00	-3.745785218717329457e+01
4.351090699193166600e+00	1.764287415996376041e+01	-1.752777296099743198e+00	-3.806525099261970269e+01
4.357369710808320029e+00	1.775149078256684021e+01	-1.909400486420335774e+00	-3.802877856245943633e+01
4.363659348967174445e+00	1.779590976589409124e+01	-1.787214746680830801e+00	-3.862862457904922309e+01
4.369947418280990981e+00	1.790963546163857245e+01	-1.869750591283773966e+00	-3.879211523315150600e+01
4.376226569265827315e+00	1.796658226604526831e+01	-1.802773164085724522e+00	-3.921063733425870623e+01
4.382499356631129217e+00	1.799601803373394304e+01	-1.720917811886089055e+00	-3.967163569822427860e+01
4.388784975178015024e+00	1.806466888653621439e+01	-1.785053501566545187e+00	-3.981332594507998124e+01
4.395068696309480494e+00	1.804013967479974667e+01	-1.562869303031656942e+00	-4.046552048660972645e+01
4.401347962382031298e+00	1.818942502265716854e+01	-1.723057539730485255e+00	-4.045830411748276134e+01
4.407628405096517099e+00	1.824826940487576721e+01	-1.561665270869871502e+00	-4.119099925185930289e+01
4.413915862185140426e+00	1.829030969483271463e+01	-1.594220070074548357e+00	-4.144997187521302351e+01
4.420203163534264235e+00	1.835514140510301573e+01	-1.637612098855429688e+00	-4.167536753090936941e+01
4.426480311003382795e+00	1.830324847519086262e+01	-1.403658330019460942e+00	-4.237136342872210548e+01
4.432765973643649104e+00	1.851393705591002714e+01	-1.580906833566689595e+00	-4.240268137807626658e+01
4.439053392023870614e+00	1.840258002298318374e+01	-1.346065794547061323e+00	-4.307859469665683605e+01
4.445336141335588742e+00	1.857616166155449378e+01	-1.403441848542414272e+00	-4.345746016167750270e+01
4.451617241414883352e+00	1.860994293691756241e+01	-1.308334523705300345e+00	-4.402698729876235006e+01
4.457901500730311106e+00	1.863051144990395258e+01	-1.295635739889586580e+00	-4.435326722494205853e+01
4.464189501093017043e+00	1.869212413293580966e+01	-1.295586183225938326e+00	-4.464981811774423193e+01
4.470470197548729985e+00	1.866950749655092778e+01	-1.078567681848124904e+00	-4.543959494875118565e+01
4.476748044268524573e+00	1.879752907671093709e+01	-1.250556748308297772e+00	-4.539929348114871033e+01
4.483035990164653484e+00	1.870825552309409190e+01	-1.002237363626439448e+00	-4.617712118417271228e+01
4.489323331650528104e+00	1.879941632784942485e+01	-1.033968587855981225e+00	-4.649894746186409833e+01
4.495599111667934800e+00	1.877300704299496559e+01	-9.269851115743601433e-01	-4.696892534554997667e+01
4.501870922878794090e+00	1.878120534026239952e+01	-8.420602248498153530e-01	-4.754231982918803112e+01
4.508155162877705457e+00	1.889805085061011880e+01	-8.631844568455991906e-01	-4.791183970103126200e+01
4.514446451153479423e+00	1.876047534997126576e+01	-6.627154897569207392e-01	-4.848683774376415556e+01
4.520723894043856994e+00	1.889584760959753851e+01	-7.012387730137511488e-01	-4.898461919884187665e+01
4.527003782460155890e+00	1.881758788380695790e+01	-5.708768042932947928e-01	-4.953477386591119114e+01
4.533293086610313161e+00	1.885840035222213018e+01	-3.723747862311330148e-01	-5.036741051786437140e+01
4.539578989864040182e+00	1.883846609637011582e+01	-2.765992786393581815e-01	-5.089621255692211577e+01
4.545857164866476730e+00	1.873354388617252653e+01	-2.185740643196295574e-01	-5.118988564603679947e+01
4.552138955546025656e+00	1.876187418974803478e+01	-1.651957381995040608e-01	-5.182821035522285058e+01
4.558432046889146605e+00	1.872090669469041302e+01	-2.916968885812135787e-02	-5.233223278786473287e+01
4.564713463378488711e+00	1.872421155245221414e+01	-2.046418705723418441e-02	-5.267685217954748822e+01
4.570987274133244682e+00	1.872093757676394787e+01	-3.580122991734854820e-02	-5.300331337477925331e+01
4.577274818151045643e+00	1.877011332094937401e+01	-1.047225980495096603e-01	-5.334059105309815862e+01
4.583563263889338657e+00	1.882940047557403673e+01	-6.416325647074470895e-02	-5.385043387984447349e+01
4.589844917004465508e+00	1.890382257281154565e+01	-5.731912185856161135e-02	-5.432725379418027245e+01
4.596126259982004747e+00	1.888742355474357737e+01	-5.547286336023111476e-03	-5.468206427888738830e+01
4.602409075598298926e+00	1.891450321157046588e+01	1.651320293087767122e-02	-5.503141220516379661e+01
4.608696634867644804e+00	1.897656167348302603e+01	-4.326983237248949871e-02	-5.528805404906849219e+01
4.614977646498861219e+00	1.903735791827233825e+01	-7.556749195982492145e-03	-5.585831197126196912e+01
4.621258953029527383e+00	1.908613502357401970e+01	-5.878396225011581905e-02	-5.612826983313227913e+01
4.627547993978874175e+00	1.914687346008166102e+01	-2.199960416800148325e-02	-5.659924130413682519e+01
4.633830152730579854e+00	1.920625814292871780e+01	2.026290592703644533e-02	-5.704122846749688591e+01
4.640104005367354567e+00	1.930231604275200041e+01	-3.950412875553343389e-02	-5.736841758770656696e+01
4.646382060386754276e+00	1.938028103556926496e+01	-1.571923080043109364e-02	-5.797075274131154288e+01
4.652674213731970987e+00	1.940444076271519336e+01	7.578169698172416979e-02	-5.836869976309316854e+01
4.658958291796220230e+00	1.949052904465856528e+01	6.122381159125752509e-02	-5.878789707855806768e+01
4.665233615070169648e+00	1.956329725464677338e+01	5.372464045860821796e-02	-5.922101281285294760e+01
4.671520675710307380e+00	1.959307379605852617e+01	4.454902112792882840e-02	-5.949814793671306035e+01
4.677814351732177300e+00	1.967816367519559506e+01	-1.728356993301148614e-02	-5.987181542011288116e+01
4.684093699744638073e+00	1.976549346885336078e+01	-4.096221463242734340e-02	-6.030168649236441780e+01
4.690368661472568590e+00	1.981179988811405579e+01	7.687793811118665346e-03	-6.066820359777022986e+01
4.696663270746453733e+00	1.985374301563267352e+01	4.318475211592722601e-02	-6.102811289566377440e+01
4.702945459248681459e+00	1.997794989730060067e+01	4.392759302280043604e-02	-6.162603149231063071e+01
4.709209170841929470e+00	1.997449868001444173e+01	3.389088863463203538e-02	-6.174642731126871809e+01
4.715491634753063543e+00	2.007548176015481189e+01	2.270209780799782584e-02	-6.222690867333804476e+01
4.721784316284933780e+00	2.020453732895684951e+01	1.775468578779255263e-02	-6.279012593076949855e+01
4.728063062331094635e+00	2.025673737025742582e+01	9.588544115590499906e-02	-6.320984031117620106e+01
4.734337423381671073e+00	2.029956621883305701e+01	-2.863325783031871533e-02	-6.333055491589005470e+01
4.740627024094544062e+00	2.043303111571557196e+01	3.642233607183090888e-02	-6.404029711963327998e+01
4.746914995664547554e+00	2.055141696495969938e+01	6.361132187111409597e-02	-6.456241630942547260e+01
4.753194740071086777e+00	2.066258418882043557e+01	2.392530440561113636e-02	-6.499112309298135415e+01
4.759478891864783456e+00	2.071272289642501718e+01	8.586233028200374040e-02	-6.543851593300628622e+01
4.765762396877359031e+00	2.073990951587614973e+01	1.841739650306907505e-02	-6.560354469744108030e+01
4.772049481246195768e+00	2.088344588098617294e+01	6.133688906251966687e-03	-6.619446070036282492e+01
4.778335091022592351e+00	2.099541322787041864e+01	-1.543467479602428881e-02	-6.665094554051707121e+01
4.784610831402393849e+00	2.102869613974002760e+01	1.095731523250424548e-02	-6.695377285799742140e+01
4.790907306208476157e+00	2.105826948555247213e+01	-3.775575399466701669e-03	-6.717291421399477258e+01
4.797204047706418173e+00	2.128154010099940052e+01	1.592906052209360152e-03	-6.802138461569927586e+01
4.803470827697504220e+00	2.133238440478440978e+01	-6.066315104549909604e-02	-6.828988189535539277e+01
4.809748850577324042e+00	2.143861236055971631e+01	2.610970645068168977e-02	-6.884644707067377567e+01
4.816045316586602176e+00	2.153033343132030097e+01	5.371175560504062169e-03	-6.926184928515611716e+01
4.822329240673497885e+00	2.165753273362811981e+01	-5.994142137825219513e-02	-6.972763584365817735e+01
4.828596758226470165e+00	2.169631597475074614e+01	2.156237352808974134e-02	-7.006798608366904091e+01
4.834890332961369275e+00	2.192369686230584591e+01	2.090950135338773622e-02	-7.097366952454940758e+01
4.841191655056394261e+00	2.192261473769663738e+01	-4.449391273182857001e-03	-7.106880474048304563e+01
4.847460407468000554e+00	2.209991634814333494e+01	4.182730804570607142e-02	-7.181585289121898086e+01
4.853732128521334843e+00	2.211654508841500544e+01	2.705576649769087308e-02	-7.198882133289617968e+01
4.860029138783373170e+00	2.218244982143573552e+01	3.216308038556910803e-02	-7.235895175564267845e+01
4.866314601732018019e+00	2.244424601476270098e+01	3.517000075830136602e-02	-7.331467384448279745e+01
4.872587026269203925e+00	2.252474842772131325e+01	2.636015332659002661e-02	-7.368017955511353989e+01
4.878874221748241702e+00	2.269233401448079945e+01	-1.218394495147167092e-02	-7.434633902402397609e+01
4.885171078138658807e+00	2.274931618632068364e+01	1.736855904237132042e-02	-7.469234055952958329e+01
4.891450629931857641e+00	2.285355783832519805e+01	6.277735350251216484e-03	-7.509841501325696811e+01
4.897716482750221978e+00	2.312477054051232273e+01	-3.264382102128104979e-02	-7.604733136175687491e+01
4.904002834596266069e+00	2.316980504620722314e+01	-5.225576418213682961e-02	-7.634848915447709317e+01
4.910295858205786068e+00	2.322390098248250823e+01	-8.020798096261156154e-03	-7.668476373181277950e+01
4.916575188115905881e+00	2.345661625890554802e+01	5.043087223668990364e-03	-7.759476857655960202e+01
4.922847946197084212e+00	2.361496209694119131e+01	-5.251128829075113122e-03	-7.818899639733375295e+01
4.929131667457151700e+00	2.362781971205427922e+01	-5.418096243383374935e-03	-7.837708417566936703e+01
4.935434460144239033e+00	2.387269303421677691e+01	1.929644825508531822e-02	-7.926619681681960117e+01
4.941718513303545279e+00	2.390835691986048772e+01	-8.393417664079147467e-02	-7.937137932983013400e+01
4.947978624761803168e+00	2.409745539729011199e+01	-4.096079372579026351e-02	-8.020547360715546859e+01
4.954274999209829389e+00	2.423491738016846142e+01	-2.468436256228940476e-03	-8.075755244797716159e+01
4.960571094729937514e+00	2.445856012812858182e+01	5.007190220399174857e-02	-8.167821453424674871e+01
4.966823207626954506e+00	2.441374941650129315e+01	3.474273249786135470e-02	-8.164962525149144312e+01
4.973097418390337587e+00	2.478387607829263573e+01	-1.305630303088691456e-02	-8.291390958830174895e+01
4.979415129936382023e+00	2.477648118800956567e+01	4.764080158718352054e-02	-8.308002638421841368e+01
4.985702082330368157e+00	2.518066537107202407e+01	-6.013157322805182115e-02	-8.438086886812062914e+01
4.991949985828016523e+00	2.511693593601598806e+01	5.518866269276794315e-03	-8.433816090724808134e+01
4.998241586316924057e+00	2.539393959524501554e+01	1.675034274758848427e-03	-8.537356734874707342e+01
5.004556635606089543e+00	2.555804403556195581e+01	2.835594001571026604e-02	-8.604137140070409373e+01
5.010828655701208945e+00	2.575804036653681806e+01	-1.447346404958433676e-02	-8.676076057854626811e+01
5.017077229702536556e+00	2.581883802503173442e+01	5.857352518382960560e-02	-8.713724321846447651e+01
5.023374414758113637e+00	2.593874325616439336e+01	-2.103385673062044617e-02	-8.755096458838212925e+01
5.029688873569548413e+00	2.618161920693236766e+01	2.839475084087818291e-02	-8.853333050915021829e+01
5.035958413584124216e+00	2.647748507431023057e+01	-1.753134358165977028e-02	-8.953343212889632241e+01
5.042232667658486989e+00	2.633424347745402017e+01	6.148391434563368202e-02	-8.926344242392353578e+01
5.048528755870775875e+00	2.659238257813339601e+01	-6.429634621860563781e-02	-9.010451299086858512e+01
5.054821121427484520e+00	2.684832319472358364e+01	-2.515349570509010924e-02	-9.104814366989259611e+01
5.061069509814582368e+00	2.709451538752445643e+01	2.126103301733129475e-02	-9.203897187546994019e+01
5.067347812754101177e+00	2.729748940923236944e+01	1.024465040399494611e-02	-9.278132083471533065e+01
5.073675050630431116e+00	2.750932692642860999e+01	-2.663956124158938996e-02	-9.355983222466973359e+01
5.079945928388977627e+00	2.769051971765174613e+01	-3.009791047496198149e-02	-9.423224597377226530e+01
5.086192992546071601e+00	2.798141563555450517e+01	-1.008205183876610678e-01	-9.521077542740685828e+01
5.092484128970163226e+00	2.805888628447406674e+01	-1.649797687628431000e-02	-9.572038208294206640e+01
5.098802924706086870e+00	2.836380284605244029e+01	6.286165239477439423e-03	-9.681508830228816009e+01
5.105078217426394005e+00	2.855249887703889300e+01	2.165925630726804260e-02	-9.755554362419258041e+01
5.111325076574067872e+00	2.864303251127076777e+01	-2.847696839337523003e-02	-9.788404200362552388e+01
5.117628358851224135e+00	2.899821390937785992e+01	-5.864076538514301912e-02	-9.915426537734387580e+01
5.123935939383525984e+00	2.920794173948052119e+01	2.775122945752544340e-02	-1.000545102397037169e+02
5.130199176325612065e+00	2.951675213500205430e+01	-6.912799465938229693e-02	-1.010297483365378213e+02
5.136469985878846956e+00	2.968770058100163922e+01	7.657908671929064548e-02	-1.018809888442970504e+02
5.142797788696348071e+00	3.009208290624151161e+01	5.274615371739942854e-02	-1.033197475932928739e+02
5.149090378043822192e+00	2.982323292926388802e+01	9.150564240515737802e-02	-1.025046506273128841e+02
5.155289879840074363e+00	3.057345618122664277e+01	-6.094439502745679915e-02	-1.049574718689108153e+02
5.161564521234301317e+00	3.065389926262442089e+01	-4.520844815030554409e-02	-1.053510463653191920e+02
5.167916673496016244e+00	3.109720656448194376e+01	-2.079986866701626774e-02	-1.069596304482578830e+02
5.174205974602950064e+00	3.119379675554841569e+01	2.055644784275986042e-02	-1.073690169484267329e+02
5.180434820793812456e+00	3.138882342494387956e+01	3.165281582069032207e-02	-1.081444395379718912e+02
5.186729096569634656e+00	3.175995184634037471e+01	1.471797504915254434e-02	-1.094915776458869772e+02
5.193058481037780894e+00	3.206376529843716838e+01	-3.712235995029115887e-02	-1.105253394689991495e+02
5.199319511444338460e+00	3.209627330373956511e+01	3.676383378134793350e-02	-1.107683888595787209e+02
5.205574295584361799e+00	3.262715753659797713e+01	2.603077451692219560e-02	-1.126684079816333508e+02
5.211894977074066126e+00	3.290541434250044261e+01	5.569091356153128836e-02	-1.137285165312118380e+02
5.218201708336958511e+00	3.318187174154886776e+01	6.517036179859979697e-03	-1.146696372977536242e+02
5.224411911780083351e+00	3.323485695057419775e+01	-6.674029465985099885e-02	-1.148179073080967640e+02
5.230677632666463239e+00	3.368795404283622474e+01	1.428135525235144521e-04	-1.165421569017664183e+02
5.237056729559757429e+00	3.380471515106516023e+01	9.487046738226335985e-02	-1.171367872918995090e+02
5.243336785035660697e+00	3.443243135830060453e+01	1.692673817454126012e-02	-1.192411741002210448e+02
5.249493476178225038e+00	3.503119907851839088e+01	4.117555818367633208e-02	-1.213476386420115318e+02
5.255787017738318134e+00	3.519121518082679501e+01	-1.338780814345564597e-02	-1.219891891308368344e+02
5.262205327426889845e+00	3.513955045520845744e+01	5.107326594723011863e-03	-1.218480910878698609e+02
5.268477758348532269e+00	3.554197900393737086e+01	2.682642500113551973e-02	-1.233097481871844820e+02
5.274632213654732560e+00	3.587856058229292699e+01	-6.078554063677369529e-02	-1.244125709257922807e+02
5.280950543314659740e+00	3.634585521411847253e+01	6.140085139003467057e-02	-1.262605397326414334e+02
5.287327645024750389e+00	3.709126269544697152e+01	7.703827478420928465e-02	-1.289050779866401513e+02
5.293582359180156516e+00	3.774387440492738222e+01	7.269064526393920200e-02	-1.311659891135883527e+02
5.299789992649893478e+00	3.754802074068523154e+01	-6.676788274529271705e-02	-1.304159710373245105e+02
5.306111460381987222e+00	3.826057429972453861e+01	1.332505654972751183e-02	-1.330396124027664086e+02
5.312452717892129250e+00	3.892074474862701550e+01	8.387967280390507332e-03	-1.353596632756939186e+02
5.318650122853046724e+00	3.863094364201782582e+01	1.927364581966576132e-02	-1.343970822966032586e+02
5.324923043129819789e+00	3.931292182734273410e+01	-2.328128082287428749e-02	-1.367920736359552620e+02
5.331330237158205421e+00	3.915051801525932262e+01	1.694224886535112065e-02	-1.363193624743400107e+02
5.337586726886338617e+00	3.983679638985718441e+01	7.533848960627742564e-02	-1.387793631758075321e+02
5.343685192440848830e+00	4.037415834840255968e+01	-9.709824236721716073e-02	-1.404912861198292546e+02
5.350070659715249199e+00	4.072569692640328753e+01	-9.421733959980324244e-03	-1.419058048754968695e+02
5.356556762554878226e+00	4.110427140470986274e+01	-1.795094244113702026e-02	-1.432503157442581596e+02
5.362691868684501095e+00	4.200284788260838553e+01	-4.491768862534283729e-02	-1.463534959908442090e+02
5.368769208912516966e+00	4.230167981011626210e+01	-3.101320487306442886e-02	-1.474460568002825198e+02
5.375270137997677722e+00	4.258764664491923924e+01	-7.850366846049443292e-02	-1.484782899039595918e+02
5.381769983045385786e+00	4.224672996436152772e+01	4.520199475582228898e-02	-1.474483746222074956e+02
5.387701030372958222e+00	4.345270739206297606e+01	9.314364801059710208e-02	-1.516818819564302316e+02
5.393786668001271600e+00	4.431906510237377006e+01	-7.550964980167371166e-02	-1.545933655653309700e+02
5.400446161099396569e+00	4.455995963514144620e+01	-3.911991215619944895e-02	-1.555348860447290917e+02
5.406957063684501463e+00	4.465177643175407951e+01	8.435596769589691346e-02	-1.560019738497821606e+02
5.412655672453426270e+00	4.479405701311619481e+01	4.148722386798244649e-02	-1.564379103930448593e+02
5.418821279260546575e+00	4.675527605081348526e+01	-3.541489360799964653e-02	-1.632719568532390895e+02
5.425690594366304076e+00	4.640506746428950891e+01	1.609317333217758980e-02	-1.621506670769690572e+02
5.432217487502165376e+00	4.630169082219293131e+01	-5.716077469246700488e-02	-1.617369339793921199e+02
5.437649811577258241e+00	4.772013875240474334e+01	-5.577232444675433304e-02	-1.666483207584090280e+02
5.443914404015878006e+00	4.806789802766894582e+01	-5.903191414818179279e-03	-1.680017824202355712e+02
5.450953501686320202e+00	4.894801512056741899e+01	-4.541399832217214022e-02	-1.710733078159786089e+02
5.457483690405861232e+00	4.839619560478224258e+01	1.280573163645538914e-01	-1.693426487301838961e+02
5.462715250135157241e+00	4.922969936999704998e+01	1.181731741759068331e-03	-1.720907742024734262e+02
5.469033575551323523e+00	5.122925015095857049e+01	-1.473902989088793185e-02	-1.791241442690471786e+02
5.476177730420278778e+00	5.028860827533173250e+01	-7.960473260451088676e-03	-1.758691999108364428e+02
5.482708935702562236e+00	5.128851908394632630e+01	-3.267305281431617803e-02	-1.793678156468705254e+02
5.487722405008360838e+00	5.251667774257472843e+01	1.150525194159166820e-01	-1.837952486445183524e+02
5.494194284996126498e+00	5.356025215900258019e+01	-7.502564895129960887e-02	-1.872832058823731813e+02
5.501391471009256406e+00	5.310042136756719344e+01	8.732383372176127923e-02	-1.858640544358735838e+02
5.507128202673079009e+00	5.176444372376998615e+01	-2.065950129163960161e-02	-1.810948773498264188e+02
5.512278020050448646e+00	5.254218058757339094e+01	-2.843209204442351951e-02	-1.838112030692462895e+02
5.519395563377015534e+00	5.522475564874643794e+01	4.286437356690084950e-04	-1.932419339897170403e+02
5.526598678609708770e+00	5.420645538996176072e+01	4.437543264223853257e-02	-1.897347956717106854e+02
5.532162682462509196e+00	5.497708011285257612e+01	2.313027594139650464e-02	-1.924166561879366384e+02
5.537397124017139127e+00	5.553022082912618629e+01	1.110555142903186937e-01	-1.944479498276018887e+02
5.544582756485218589e+00	5.783852119535791303e+01	-4.864832139538736999e-02	-2.023726878035504626e+02
5.551739327507637434e+00	6.026032668648176127e+01	-6.844063605617450863e-02	-2.108347694497141163e+02
5.557493306674907707e+00	5.027990902640845405e+01	-1.080431683190945652e-01	-1.758684222882702670e+02
5.562281709102816940e+00	7.712469541828961894e+01	-1.809665405722420128e-01	-2.697514838495915228e+02
5.569272720323164449e+00	3.354648127445183547e+01	2.061684456412991168e-02	-1.174331829405248300e+02
