8.899641224696953554e-03	3.841282313078662810e+03	2.711580171197239906e+03	-9.478675087065461412e+03
1.507912216506557788e-02	5.483295686234509049e+03	6.272978356722505850e+03	-2.227003893257612788e+02
2.144790186456836667e-02	5.200442805921390573e+03	3.804269980271560144e+03	-9.856177876042446542e+02
2.783660776489276650e-02	6.153701814053372800e+03	2.598798493497025902e+03	8.668629105803089487e+02
3.435099785803411021e-02	5.405919997084191891e+03	5.725860016437135528e+03	1.940072202893804388e+03
4.047886761425745911e-02	4.810942359142560235e+03	3.867576386300683680e+03	-1.973046535734067106e+02
4.676716683575679601e-02	4.682718320402833342e+03	4.131384003005988234e+03	2.896838919848200362e+02
5.308225101765951665e-02	4.168574659695855189e+03	3.628496320807951633e+03	5.410656164533155561e+02
5.945362440940590160e-02	4.107910353258795112e+03	3.964003949776898935e+03	5.209990886795501410e+02
6.576224814588792211e-02	3.697252407358320397e+03	3.688555613510295643e+03	1.671283995095392129e+03
7.196632906698736953e-02	3.391756716629175571e+03	3.147715171522149831e+03	2.607755288928354389e+02
7.827860915688347743e-02	3.481177661740440726e+03	2.922272954145907988e+03	-3.593305665069049155e+02
8.470398945834539672e-02	3.280728050170174356e+03	3.103873231122578090e+03	7.702243421363583593e+02
9.096854620527369817e-02	2.958871512316749431e+03	2.625379571021670017e+03	4.434968163463406086e+02
9.720789776830213169e-02	2.662216840318598315e+03	1.968229717269948424e+03	-1.990690621070776345e+01
1.034763038959366499e-01	2.394793977652608191e+03	2.084320098380165746e+03	3.323379532738901503e+02
1.097576444254559219e-01	2.135838893670071229e+03	1.941927188391232221e+03	1.963708081726924490e+02
1.160543084780093354e-01	1.949913541737824289e+03	1.845851983523978333e+03	6.387752572624876990e+01
1.223669666537485351e-01	1.879147220270645676e+03	1.807512601608337263e+03	5.634509517936465954e+02
1.286817263090294094e-01	1.696817518581606237e+03	1.255882887590563541e+03	-3.204941696633795800e+01
1.349500801664080818e-01	1.734110773810485853e+03	1.254651555800516007e+03	-8.386293583870622115e+01
1.411949558842147678e-01	1.605075882427224542e+03	1.322231706973616610e+03	3.103144768220682863e+02
1.475133575747468451e-01	1.557355318102801903e+03	1.224993208232891448e+03	8.624577302594265404e+01
1.537865074252268427e-01	1.437508317644116005e+03	1.083702107484575208e+03	4.449310445019923321e+01
1.600657544051110326e-01	1.338510242208707723e+03	9.105032463234623492e+02	1.254595981738027533e+01
1.663991168687080635e-01	1.259164769379885684e+03	9.791362183588761354e+02	2.154440460228290135e+02
1.727195645776442856e-01	1.177616454124048005e+03	9.224284430895803553e+02	9.038596926331497627e+01
1.789765213377084718e-01	1.085145405314728805e+03	7.932252804929348713e+02	1.951700979849760245e+02
1.852353690647852158e-01	1.013769789131534026e+03	7.296899377417745427e+02	2.524459555264871469e+01
1.914806787341157279e-01	9.648239071027998079e+02	7.029827090757939914e+02	1.127174634925428194e+02
1.977889868651535599e-01	9.350245681957087527e+02	6.287883268878415493e+02	6.241608048402553521e+01
2.040937735447724277e-01	8.859787856896542735e+02	6.874504838929210564e+02	1.933466200732190430e+02
2.103939302609846018e-01	8.636964711798470944e+02	5.905768432747506722e+02	1.172116246709955334e+02
2.166909709822301688e-01	8.364522182949378930e+02	5.730995346791534075e+02	5.336845649722083351e+01
2.229700281216152047e-01	7.993414801627068300e+02	5.104883799420326795e+02	4.799693982323172037e+01
2.292620027086341994e-01	7.507266144092709510e+02	5.036564763677762357e+02	8.607195268872258964e+01
2.355141508366812297e-01	7.113106416292548602e+02	4.322386301291434734e+02	1.429517664645333355e+02
2.417910583817859116e-01	6.667998166948069638e+02	4.150486962048259443e+02	7.056482998651064520e+01
2.480856539439619257e-01	6.522804119528846059e+02	4.182162229269540603e+02	8.926789349147055930e+01
2.543492256872954549e-01	6.154444147567220398e+02	3.652855222835265181e+02	8.436880583312587589e+01
2.606334251884805386e-01	5.844999598780997303e+02	3.515121281178945196e+02	6.216421223768178805e+01
2.669257370896960802e-01	5.672064934063689634e+02	3.041595667788701007e+02	5.160317692600767003e+01
2.732423343141155980e-01	5.415033797094390593e+02	3.066223171927532007e+02	6.779360872319648479e+01
2.795529680084415936e-01	5.157044082695114184e+02	2.886807201175593036e+02	1.014532094888128029e+02
2.858366292314493129e-01	4.939103021346950300e+02	2.649384620172575637e+02	7.018951993090293229e+01
2.920876271394311496e-01	4.799511758244454427e+02	2.406544839663396260e+02	6.268906254288238244e+01
2.983449844439822751e-01	4.610993361456049229e+02	2.288414453482084809e+02	7.645665475289770541e+01
3.046382639407197446e-01	4.363260978564442212e+02	2.022618441070977724e+02	7.347292925639716543e+01
3.109279127003197196e-01	4.272133855259601205e+02	1.929895843590500135e+02	3.772227586493570328e+01
3.172168171618398036e-01	4.076352575234199094e+02	2.000495276126608815e+02	7.817103451830462291e+01
3.235187567944423082e-01	3.918263284021750223e+02	1.921447389116709985e+02	6.984860098783087778e+01
3.298168217550395687e-01	3.728859364758564539e+02	1.488851553826489749e+02	7.642827549039371604e+01
3.361176429457156667e-01	3.641691636542826700e+02	1.512581953075783190e+02	5.701246659428927899e+01
3.423700375709273769e-01	3.433276409253380734e+02	1.347358486612988884e+02	6.216393215687730844e+01
3.486478192666269682e-01	3.370487969892269575e+02	1.312656466363973777e+02	5.348868116495579983e+01
3.549411614411318028e-01	3.247983967474678479e+02	1.158407180214382635e+02	7.069191075948604919e+01
3.611916935421040642e-01	3.175130018449910949e+02	1.161520564234586033e+02	6.645299136640765880e+01
3.674767089563572564e-01	3.031897660025946379e+02	1.024798117025587914e+02	4.856276336392947712e+01
3.737647795277591056e-01	2.936480858717139881e+02	8.859122675813915748e+01	6.950338753290694171e+01
3.800654031475132477e-01	2.812423611277086479e+02	9.349077269044887828e+01	5.317276448065005212e+01
3.863539861259823738e-01	2.740141087301311131e+02	7.700430825540738056e+01	5.378721177834783163e+01
3.926140181364449755e-01	2.659823287563563667e+02	7.821689359945305853e+01	6.495542619665073403e+01
3.989264500321934581e-01	2.568537431748639506e+02	7.236890674939373014e+01	7.269856401603244933e+01
4.052073244576828714e-01	2.503718366681479779e+02	5.475224166087162558e+01	5.687286391551467091e+01
4.114916477570477182e-01	2.414412315004840650e+02	5.694833292293837701e+01	5.201803391918496544e+01
4.177814272116491257e-01	2.352348849842694278e+02	5.266171960233836558e+01	5.786390821668340578e+01
4.240400648725131116e-01	2.260748488074026454e+02	4.875263371381022637e+01	6.276820878158513040e+01
4.303425690270192283e-01	2.173150814789880201e+02	4.389039870937977383e+01	5.574192243339299324e+01
4.366358560255625965e-01	2.121819832213712687e+02	4.033592094213982193e+01	5.964766553463586263e+01
4.428996183220763605e-01	2.053745689325856461e+02	3.279950658148170817e+01	4.976435631851050800e+01
4.491634418529859563e-01	2.005444070580411733e+02	2.923889433456439946e+01	5.331438583189487446e+01
4.554414146254732731e-01	1.947236959933465528e+02	2.630667957184715533e+01	5.538799958350940500e+01
4.617634470301058558e-01	1.875238672095163679e+02	1.883956890064336420e+01	5.302938620604365383e+01
4.680644242023710433e-01	1.820663787416937964e+02	1.900775070480221274e+01	5.861074017054102825e+01
4.743485242764365895e-01	1.769015567506109221e+02	1.805891322048448089e+01	4.975990350276812535e+01
4.806356136815400082e-01	1.715832907833608942e+02	1.463127714069021224e+01	5.483915718413762619e+01
4.869019258388697646e-01	1.665175679446336972e+02	9.946815272443920719e+00	5.053197630956671560e+01
4.931697099599955947e-01	1.616541998188238267e+02	4.920443315910044468e+00	4.983163783176501482e+01
4.994506747144535908e-01	1.579063714024611897e+02	1.735331149719483879e+00	5.318738197446838711e+01
5.057159051335421429e-01	1.526748000804915364e+02	-6.597745059908162180e-01	5.121259695653662902e+01
5.119923996268095356e-01	1.505454559401775043e+02	-2.302127156456219126e+00	5.299328202993330450e+01
5.183126097768406826e-01	1.446507678536489152e+02	-3.355448226263918698e+00	4.873609883129791598e+01
5.246089638029100000e-01	1.414531733705200054e+02	-5.308583096090790931e+00	5.270889359152254627e+01
5.308757308483337267e-01	1.388280820542507570e+02	-6.061365357138124743e+00	4.965872233356378729e+01
5.371573527946726934e-01	1.353351605806394957e+02	-9.936334745362652043e+00	5.182156758658743456e+01
5.434579563783791256e-01	1.298482083901998294e+02	-1.057410601122164628e+01	4.958999957104138190e+01
5.497430652392217842e-01	1.274673330293844771e+02	-1.056984469737085597e+01	4.864935564276311197e+01
5.559937427501778773e-01	1.254062837573221998e+02	-1.628063263369295655e+01	5.079255318494737992e+01
5.622854676609657654e-01	1.214640812729727628e+02	-1.665987339903583475e+01	4.960600286324485353e+01
5.686011537227265711e-01	1.182702216655308405e+02	-1.540540751076013137e+01	4.788469147959878569e+01
5.748804589422079614e-01	1.148598315170802096e+02	-1.726304400031211017e+01	4.470438351208331795e+01
5.811550210340560296e-01	1.123140046244642178e+02	-1.968711660983286293e+01	4.792428663927110222e+01
5.874394496660968468e-01	1.090495391731564183e+02	-1.968935282823643718e+01	4.505769940862442269e+01
5.937176220296899176e-01	1.072775702422524375e+02	-2.054989665594825610e+01	4.848675720278723844e+01
5.999971954793682505e-01	1.046853692859257592e+02	-2.235935908174270637e+01	4.833819079551728493e+01
6.062679115124277596e-01	1.010405607715042891e+02	-2.289237442872038031e+01	4.544640600848305922e+01
6.125469576444534381e-01	9.994205336803460682e+01	-2.321267160832866594e+01	4.301621156203069063e+01
6.188477733041515272e-01	9.707947638789313771e+01	-2.404435454044703491e+01	4.480133408686230467e+01
6.251310567437898813e-01	9.563417869784473169e+01	-2.402745060418021339e+01	4.571699875116599543e+01
6.314027450383210560e-01	9.238957347316974733e+01	-2.542169517989871608e+01	4.411288297233648592e+01
6.377003562732055375e-01	9.055740128122056376e+01	-2.547232330907008091e+01	4.301214926834690289e+01
6.439857783314556494e-01	8.983049269620559585e+01	-2.773005423844000106e+01	4.356087867974129324e+01
6.502685417166111925e-01	8.702814949600542604e+01	-2.719404552517463003e+01	4.430206685739702266e+01
6.565586117699038216e-01	8.528741546228972936e+01	-2.815233243940450691e+01	4.345649775822747074e+01
6.628369282359254377e-01	8.256148532831767284e+01	-2.714909907535452049e+01	4.107268544298350577e+01
6.691185444962194362e-01	8.132140687608908536e+01	-2.864568595110016958e+01	4.462519359472774028e+01
6.754070198575605755e-01	7.984555244518799100e+01	-2.983570224940590165e+01	4.266701083171942344e+01
6.816835514593204692e-01	7.844479333402365739e+01	-2.868930164415518291e+01	4.415827334593480913e+01
6.879592533861698112e-01	7.661794379371707464e+01	-2.911686688912066856e+01	4.301523425861324057e+01
6.942344317039531587e-01	7.443282655821211335e+01	-2.905736482730862491e+01	4.203592296388545435e+01
7.005175402434737908e-01	7.361176319110725785e+01	-3.035795437540737041e+01	4.320173807187591564e+01
7.068124956608716758e-01	7.158958190766213647e+01	-3.011687615584306243e+01	4.064213021733336717e+01
7.131019009674921527e-01	7.041362499324633006e+01	-3.149171984808753777e+01	4.123909940940816909e+01
7.193918251171427247e-01	6.888670608450649979e+01	-3.137628278491886391e+01	4.187215861929730210e+01
7.256833807598113140e-01	6.746534126496739248e+01	-3.044717991045232353e+01	4.137983934921048501e+01
7.319652682709349989e-01	6.631728795853442193e+01	-3.047247586791753093e+01	3.995810684006278279e+01
7.382507990484923344e-01	6.521219260217671376e+01	-3.214195618557103273e+01	4.134987899491555652e+01
7.445265842115937893e-01	6.381916787316387030e+01	-3.119996793807771240e+01	3.955834555666169194e+01
7.507871101942712455e-01	6.266100357988512570e+01	-3.157785370692761973e+01	4.048969204729866789e+01
7.570758465316046459e-01	6.121984164737712319e+01	-3.069209493269331546e+01	3.958838521757861173e+01
7.633641233600957365e-01	6.009074055989412955e+01	-3.110425619760673754e+01	3.854246705643372906e+01
7.696462959862266917e-01	5.924492501116874621e+01	-3.137810081274955110e+01	3.915233637902743169e+01
7.759394865175414102e-01	5.808000206567035661e+01	-3.179411223280806809e+01	3.901792829267233742e+01
7.822329141989586843e-01	5.704888744834660486e+01	-3.150678274767237852e+01	3.842510122861673949e+01
7.885314936520240181e-01	5.585828550360723455e+01	-3.141644881895986430e+01	3.851951089894917146e+01
7.947896566979522071e-01	5.490551609677917355e+01	-3.163270104656766435e+01	3.791158221523655669e+01
8.010491096592354809e-01	5.438800047147591954e+01	-3.178195835061314156e+01	3.769389835982753567e+01
8.073364061727361651e-01	5.319376637501765259e+01	-3.177558476175750712e+01	3.745644514679991488e+01
8.136229488373866170e-01	5.223854370690099103e+01	-3.148383584306697713e+01	3.717963345108841366e+01
8.199152998961036776e-01	5.145303002723151309e+01	-3.184137326018407421e+01	3.750973747121467028e+01
8.261952636392789762e-01	5.019577459225975247e+01	-3.112614202623852222e+01	3.695954621171755150e+01
8.324897070080405914e-01	4.912762367200051727e+01	-3.160004035666506539e+01	3.677499375293592720e+01
8.387959309210778480e-01	4.898867310166087918e+01	-3.117658321760460893e+01	3.693230943227263907e+01
8.450634639703045181e-01	4.785817973679588277e+01	-3.063135177104193119e+01	3.660915646910074628e+01
8.513282867562648182e-01	4.687043570497016987e+01	-3.053618285939529642e+01	3.599860893971766984e+01
8.576198263902009566e-01	4.616188269032235780e+01	-3.021720960795721922e+01	3.611652341642136577e+01
8.639058477062415697e-01	4.556602016185696158e+01	-3.036082049168710739e+01	3.541194621160312295e+01
8.701838745487597837e-01	4.468729436828210311e+01	-3.021650630429111928e+01	3.486511112607841056e+01
8.764641096075268534e-01	4.418698905984554415e+01	-3.015548308077094930e+01	3.514560994050518161e+01
8.827503873399735745e-01	4.351492744570295912e+01	-3.032696178696798484e+01	3.482949815143850003e+01
8.890332768393869323e-01	4.300506049331593772e+01	-2.995957532171347637e+01	3.613986943485998182e+01
8.953084247113127780e-01	4.214839473696986261e+01	-2.966022469826189578e+01	3.482534379332587093e+01
9.015956521667095602e-01	4.149820122987613757e+01	-2.999414166900884737e+01	3.444695633491268438e+01
9.078833328094829680e-01	4.088812320121390798e+01	-2.968310501764548093e+01	3.474788492156391584e+01
9.141744106319863450e-01	4.019979523958567569e+01	-2.949027767327661209e+01	3.426714632723707155e+01
9.204630817717615043e-01	3.951474931151776104e+01	-2.915580794001684950e+01	3.369357024009565293e+01
9.267434415264711456e-01	3.903379586236202670e+01	-2.872350676486496113e+01	3.357057738147281611e+01
9.330324197354928906e-01	3.841354642403112507e+01	-2.904232136118758945e+01	3.370270566159959458e+01
9.393265785573878812e-01	3.776102309470083895e+01	-2.867292383868025496e+01	3.328791155249368927e+01
9.455974810398196650e-01	3.729944578325020643e+01	-2.828883175267466044e+01	3.277230319859165775e+01
9.518660018545171964e-01	3.676362637074663553e+01	-2.820584430778998808e+01	3.320288625196445054e+01
9.581413255531838757e-01	3.620215439476322672e+01	-2.774920040632455454e+01	3.283142202701834123e+01
9.644350945109106954e-01	3.568899845964593709e+01	-2.754657427609119935e+01	3.235793376393257859e+01
9.707355633568249820e-01	3.524113795591958365e+01	-2.769090173974253943e+01	3.258893643455426314e+01
9.770080768450029041e-01	3.486171134224387913e+01	-2.768778342856020203e+01	3.246365011103424081e+01
9.832823325363413414e-01	3.441318904970964354e+01	-2.714395971905917548e+01	3.157508186360232116e+01
9.895569691966674686e-01	3.388556601102983024e+01	-2.740121939941969487e+01	3.188957486999641944e+01
9.958456301921106979e-01	3.342024945100416033e+01	-2.704474268751839716e+01	3.175769901749101720e+01
1.002136210743837408e+00	3.311887577396024795e+01	-2.693374988022917904e+01	3.170994346357095139e+01
1.008404825335135424e+00	3.250486711200603196e+01	-2.636820561093257709e+01	3.137327503147859886e+01
1.014694149836243398e+00	3.205983979004518147e+01	-2.606119853573581935e+01	3.039444794271533823e+01
1.020992555437297167e+00	3.168811614958368494e+01	-2.635246939489189089e+01	3.093934284565480297e+01
1.027273980437394485e+00	3.120297651617550372e+01	-2.576872413585273947e+01	3.067913713571913092e+01
1.033559181896017254e+00	3.093661511886089954e+01	-2.598958601296484971e+01	3.053850693462289101e+01
1.039847557392594934e+00	3.041881524313286533e+01	-2.526914450932822476e+01	3.045881326210218631e+01
1.046126974943305088e+00	3.007921511021395489e+01	-2.537983028861107471e+01	3.026921041553159952e+01
1.052403436811028659e+00	2.957322840799903219e+01	-2.475381279277584312e+01	2.968461534747218522e+01
1.058680704651608684e+00	2.929412298063680709e+01	-2.477914224665673615e+01	2.968571855779207169e+01
1.064964333065789193e+00	2.893802995946031587e+01	-2.461852471619074123e+01	2.949885457388597843e+01
1.071256777440835473e+00	2.859531097549636058e+01	-2.447387241241501599e+01	2.957620493722227906e+01
1.077544048801078125e+00	2.845359293315533833e+01	-2.449225501980571096e+01	2.946167235252470462e+01
1.083824820188043603e+00	2.809868030160486896e+01	-2.420603764228396315e+01	2.937196522182133407e+01
1.090108023942816695e+00	2.782962692900690271e+01	-2.418131448141809159e+01	2.955262526628457920e+01
1.096389665956643222e+00	2.746844749935083740e+01	-2.385568434074872712e+01	2.925500842570121662e+01
1.102681132058841440e+00	2.704349258682982793e+01	-2.359141825026140182e+01	2.891043469775522823e+01
1.108963047594879958e+00	2.661037878018137093e+01	-2.296509202371398217e+01	2.817325663118915458e+01
1.115225428463759272e+00	2.649207692152035420e+01	-2.324342183888493452e+01	2.867543348515674850e+01
1.121502127614767863e+00	2.633553704435651355e+01	-2.331967359519055094e+01	2.900201616315664666e+01
1.127792573824792033e+00	2.597622440043682346e+01	-2.292606678049382651e+01	2.863282663170398834e+01
1.134089552668382961e+00	2.568241020565932686e+01	-2.264721911628024031e+01	2.826553294138287242e+01
1.140364049650405942e+00	2.536329586441550887e+01	-2.238461909071280687e+01	2.781799829313499117e+01
1.146639180320979445e+00	2.507845802280255043e+01	-2.203931311384485880e+01	2.781242700757799113e+01
1.152942412991649901e+00	2.490215468777007146e+01	-2.201312941975655946e+01	2.776595693640237528e+01
1.159228906751078814e+00	2.458856798331745352e+01	-2.180928527322178567e+01	2.734193112548445370e+01
1.165508721887268173e+00	2.426786738067315596e+01	-2.136420700190259225e+01	2.699630850202876431e+01
1.171793076256210320e+00	2.405379179366918052e+01	-2.142465379626655420e+01	2.699230896443681615e+01
1.178087436369658958e+00	2.385594646799026108e+01	-2.131391055259600620e+01	2.712814492924198362e+01
1.184367654251526902e+00	2.353511136218691391e+01	-2.086265122626072710e+01	2.689296092576984165e+01
1.190634642299266632e+00	2.331863816119872723e+01	-2.062065790449386071e+01	2.652576281127327107e+01
1.196912208834400859e+00	2.307944954216295130e+01	-2.054932952623140707e+01	2.630521017525892091e+01
1.203201577354146234e+00	2.298763016576212337e+01	-2.068500547944848833e+01	2.680108969620099302e+01
1.209486844441705733e+00	2.275378982950356743e+01	-2.048278402573429702e+01	2.640909258206304244e+01
1.215763902074809888e+00	2.252123421128244019e+01	-2.019195998041068663e+01	2.636332037859035893e+01
1.222049755171146668e+00	2.226182822287145413e+01	-1.983859697647707421e+01	2.582803030511259124e+01
1.228340616621486969e+00	2.215904662672133441e+01	-2.007594023109378867e+01	2.610813488525933579e+01
1.234632986576932767e+00	2.171548906271783252e+01	-1.942877264285218786e+01	2.540160870842602137e+01
1.240902247176856488e+00	2.168771569966605384e+01	-1.955545402200862881e+01	2.584440320973719807e+01
1.247174839144687519e+00	2.145476726315185800e+01	-1.907790576217988487e+01	2.538621573629368200e+01
1.253465459933442272e+00	2.127736942762232530e+01	-1.912885773912593379e+01	2.543990515454033741e+01
1.259749951892178421e+00	2.103487685493124104e+01	-1.888715715748783808e+01	2.500715383067443298e+01
1.266032143127253873e+00	2.097083521535110862e+01	-1.885633814964631227e+01	2.532733211569845366e+01
1.272316288472006507e+00	2.071436523204824098e+01	-1.847180469365856936e+01	2.483777630485133514e+01
1.278604155058621350e+00	2.059246120742508523e+01	-1.861616300809550140e+01	2.479148540068414519e+01
1.284886588933593865e+00	2.044756093130716934e+01	-1.842909110710269971e+01	2.497243870048964709e+01
1.291175420066583257e+00	2.022433764777103349e+01	-1.833691387997206945e+01	2.464649093623721043e+01
1.297465726373772332e+00	2.011766285178682878e+01	-1.805738057313623202e+01	2.454097097851261111e+01
1.303741827011944299e+00	1.989257878526957057e+01	-1.786716779447404591e+01	2.433094850395216113e+01
1.310017322922761851e+00	1.978651007266917361e+01	-1.787221284559015189e+01	2.426828125882941478e+01
1.316301447662886703e+00	1.958097227007257501e+01	-1.750806234361057889e+01	2.410288943409356932e+01
1.322586760363303249e+00	1.948232408758566692e+01	-1.761654600990321740e+01	2.409078757283880989e+01
1.328865492452874664e+00	1.924378290690315296e+01	-1.720538445150121021e+01	2.375429653367005756e+01
1.335144804954555564e+00	1.920511584471763911e+01	-1.727378361583660649e+01	2.395433990982462547e+01
1.341440516272275119e+00	1.903870368849785066e+01	-1.709922245260276696e+01	2.374807424163152447e+01
1.347730868417094552e+00	1.881082504787142184e+01	-1.681006753955542976e+01	2.339139599999612429e+01
1.354001589994877630e+00	1.873763976527999020e+01	-1.664770417108182343e+01	2.336560860272205886e+01
1.360282609297778444e+00	1.865179123459006760e+01	-1.660228265261079983e+01	2.331255734091676501e+01
1.366565686457597906e+00	1.853320620299869148e+01	-1.656079913140293414e+01	2.333287634168791058e+01
1.372851498482432708e+00	1.835195214551103859e+01	-1.638983056071394984e+01	2.299352045968714719e+01
1.379135372929401804e+00	1.817334894025868763e+01	-1.612588608578843008e+01	2.295002465709770689e+01
1.385409567149057164e+00	1.808759232117800053e+01	-1.624119699640673886e+01	2.274287640123267096e+01
1.391698641219299315e+00	1.792810906409914296e+01	-1.596998135132482233e+01	2.259013033467753218e+01
1.397984451439470810e+00	1.787448063326660730e+01	-1.593551898864951433e+01	2.273905707766062179e+01
1.404267883409181961e+00	1.769636247202775081e+01	-1.579126212638377780e+01	2.239254876510972281e+01
1.410554779484869181e+00	1.765602549392489706e+01	-1.566765623829048693e+01	2.246364102972310306e+01
1.416837833547465397e+00	1.749620507459643548e+01	-1.548455939883311139e+01	2.225608724485119083e+01
1.423118177187137068e+00	1.745836559563270995e+01	-1.550040264652109379e+01	2.217347293910142625e+01
1.429397801164240089e+00	1.728547026406182496e+01	-1.526524923895796526e+01	2.195933230388586921e+01
1.435686921822787232e+00	1.719110172467447128e+01	-1.524700285734108895e+01	2.208718758792524994e+01
1.441977121769299597e+00	1.713262366962214500e+01	-1.530639001021099865e+01	2.196304665174041304e+01
1.448253667853332427e+00	1.699891027836204671e+01	-1.505561820031362075e+01	2.185382643837849415e+01
1.454532348972172651e+00	1.690482621311873856e+01	-1.497257745108514726e+01	2.171266815076611678e+01
1.460819319151879903e+00	1.682013661252170422e+01	-1.495177624569667252e+01	2.157085680730818211e+01
1.467110364402026468e+00	1.668752545010697830e+01	-1.473808307874345580e+01	2.136584321783811902e+01
1.473392908948962132e+00	1.667432976002907097e+01	-1.485064013965872576e+01	2.165455165787081526e+01
1.479669965243598950e+00	1.652546049367099812e+01	-1.454835874378207272e+01	2.146915569130706558e+01
1.485956144602843532e+00	1.640575067976871537e+01	-1.443155194189674262e+01	2.109944597928702592e+01
1.492233610763115115e+00	1.637594865240507502e+01	-1.439033527850765282e+01	2.120792677166220486e+01
1.498502470379980078e+00	1.620361556340394316e+01	-1.415989452181534780e+01	2.080696433268454726e+01
1.504785752051182701e+00	1.616513506318398541e+01	-1.430417011844253850e+01	2.086747530946169249e+01
1.511075991894575976e+00	1.603232684848345357e+01	-1.397621824629222154e+01	2.055544236642782963e+01
1.517361634985162189e+00	1.604557376861980345e+01	-1.409658928701334979e+01	2.075032789412773226e+01
1.523648570969130533e+00	1.585177493229139145e+01	-1.383047955794552486e+01	2.045663721448820382e+01
1.529938035715892264e+00	1.580668516609841312e+01	-1.382053836004911496e+01	2.049201770748726759e+01
1.536230176913891965e+00	1.573400714466692740e+01	-1.368887602880455745e+01	2.021781751159677754e+01
1.542510718779388279e+00	1.571860683344664444e+01	-1.380400409890971147e+01	2.043224359662334777e+01
1.548783963082980275e+00	1.562360092291450542e+01	-1.368643538960117212e+01	2.024531606443019527e+01
1.555073069779651318e+00	1.553080279832982491e+01	-1.353548494959512460e+01	2.010450672733908561e+01
1.561357324927233892e+00	1.542556382299154016e+01	-1.349292699334947976e+01	1.988361446570457858e+01
1.567629121053141006e+00	1.541002498690914990e+01	-1.345550866288671443e+01	2.001663276819495962e+01
1.573913697404382583e+00	1.533460312091860978e+01	-1.335284629327402861e+01	1.986413386051809482e+01
1.580203545230874029e+00	1.526019887566824451e+01	-1.326713858336387553e+01	1.973559234918459993e+01
1.586485393434537983e+00	1.522372127288037724e+01	-1.314164617636354393e+01	1.960390029775705045e+01
1.592760014263005841e+00	1.521539074106820522e+01	-1.322023305124953474e+01	1.970015638117774159e+01
1.599046436394670812e+00	1.506958475546465692e+01	-1.300768684626929961e+01	1.949030812370801513e+01
1.605342136637478934e+00	1.501217536140828734e+01	-1.303509936678039516e+01	1.950444910494154982e+01
1.611619860919608627e+00	1.497856774522419165e+01	-1.298825102856786806e+01	1.934737146244708939e+01
1.617897597081673799e+00	1.491947571011278306e+01	-1.285738071706094843e+01	1.919403033953198090e+01
1.624183235481122756e+00	1.481351587268675374e+01	-1.272611295930851050e+01	1.904328570292588552e+01
1.630464598531913722e+00	1.476372463123933088e+01	-1.273034782125153441e+01	1.905284739219975521e+01
1.636748985747638274e+00	1.474084065089038553e+01	-1.273381997779888941e+01	1.910750045816669385e+01
1.643030923698886259e+00	1.467764027988095421e+01	-1.268649700506442457e+01	1.887180033517158506e+01
1.649309176648513064e+00	1.461826614240024469e+01	-1.259044591379069367e+01	1.886366156785953052e+01
1.655593633940351861e+00	1.460665489465051614e+01	-1.260232473987672108e+01	1.878913466686012868e+01
1.661879571405086464e+00	1.450239246334337828e+01	-1.244564841538956124e+01	1.852683811554088322e+01
1.668169361685170271e+00	1.445287936784818505e+01	-1.240007524458948396e+01	1.847266235948773172e+01
1.674450151530487485e+00	1.440306072437453899e+01	-1.230218568293905790e+01	1.851966142927033232e+01
1.680722718978495900e+00	1.432665212150805800e+01	-1.214388239661716540e+01	1.831928482335740327e+01
1.687013891340952476e+00	1.433539783018504643e+01	-1.223222663358365558e+01	1.843944391978923747e+01
1.693308984907921033e+00	1.426663255666597330e+01	-1.221563322480424674e+01	1.825131998077511142e+01
1.699582147428448486e+00	1.427623780997296699e+01	-1.224275444644633737e+01	1.835329029522516464e+01
1.705863747055134105e+00	1.420943132758143435e+01	-1.219898581902391399e+01	1.813447506116179042e+01
1.712154434283889470e+00	1.409016334355419175e+01	-1.202132912523327768e+01	1.801784421419698035e+01
1.718438381579399321e+00	1.409698506521882422e+01	-1.198560723882367007e+01	1.799096737148803626e+01
1.724721264464063930e+00	1.406006796685698390e+01	-1.192959897424514892e+01	1.788453892602897000e+01
1.730997441276920679e+00	1.403660037946761996e+01	-1.189993113987534912e+01	1.785230555747323677e+01
1.737287073528269499e+00	1.396125209085360375e+01	-1.180841634512109373e+01	1.773330679226220852e+01
1.743567991878527401e+00	1.391956638585027939e+01	-1.180984528042839798e+01	1.765081943433948908e+01
1.749840680212231048e+00	1.386406690881470460e+01	-1.178612258849111960e+01	1.754448344810789706e+01
1.756128549091961144e+00	1.386965418278395390e+01	-1.174646743440221108e+01	1.757407285806980468e+01
1.762413535324792502e+00	1.381310990688120732e+01	-1.173296573681582267e+01	1.751923716771852568e+01
1.768696187669963837e+00	1.373374224420570755e+01	-1.162328375432261396e+01	1.734404762355081075e+01
1.774979359379055266e+00	1.374792398627123013e+01	-1.161845827946801890e+01	1.735654092790817060e+01
1.781265555576432957e+00	1.368487854395636028e+01	-1.147563010077239909e+01	1.717440780756708207e+01
1.787549427830244619e+00	1.363653473651205594e+01	-1.141480708683445933e+01	1.710271834763974397e+01
1.793834120011633004e+00	1.361888787176590299e+01	-1.142529884218675562e+01	1.705513211218586278e+01
1.800115051552487300e+00	1.367186274266403068e+01	-1.155142585658630772e+01	1.722546682971699639e+01
1.806393904854530330e+00	1.353215033433831493e+01	-1.128127284338702019e+01	1.690433567786157099e+01
1.812674089667083432e+00	1.350464903406997585e+01	-1.132631450393295935e+01	1.685460657276136232e+01
1.818956920109354058e+00	1.347420767170181222e+01	-1.126925760950452116e+01	1.671070367296903569e+01
1.825244164118212220e+00	1.350222471465447605e+01	-1.126070179246918634e+01	1.687971171351080457e+01
1.831527256642196955e+00	1.341861143556805835e+01	-1.116951247720238882e+01	1.666100442765584333e+01
1.837811294935716599e+00	1.342896636760462847e+01	-1.118478757560519199e+01	1.664199473182714328e+01
1.844100717411196744e+00	1.337481339647670353e+01	-1.109424875965774859e+01	1.658332539875303269e+01
1.850384816792487230e+00	1.333222309865111299e+01	-1.113082713773876797e+01	1.651430713718834298e+01
1.856666059735203822e+00	1.327365735183884077e+01	-1.100716056734716197e+01	1.630653254871840474e+01
1.862947728675613979e+00	1.325160648390158258e+01	-1.102737291046571677e+01	1.637332840807653156e+01
1.869229324466858078e+00	1.326307025174195076e+01	-1.098626255749190328e+01	1.629998408256337683e+01
1.875517616802973686e+00	1.320188369098079129e+01	-1.095960939787707034e+01	1.609820655380127619e+01
1.881800769033795229e+00	1.316986769998068851e+01	-1.084908743325142488e+01	1.603609385794994324e+01
1.888078863416442710e+00	1.312841002745895480e+01	-1.085777276651611523e+01	1.595004324601476853e+01
1.894353975182237582e+00	1.314168792612814585e+01	-1.080309487124091739e+01	1.604798538819841269e+01
1.900642716154182565e+00	1.309059878425825652e+01	-1.072241673301099851e+01	1.588895285789642209e+01
1.906933494748685121e+00	1.306054848176111527e+01	-1.078414993564121183e+01	1.580838017546982321e+01
1.913207568676573933e+00	1.306606310110883129e+01	-1.081148851195288429e+01	1.586383304074358414e+01
1.919490884732178992e+00	1.303409463231889731e+01	-1.076790238136375422e+01	1.580199636649580697e+01
1.925776855684274480e+00	1.297599879669571621e+01	-1.061279207263830315e+01	1.560782433402857095e+01
1.932064452961978152e+00	1.298428003912572137e+01	-1.066121629365239087e+01	1.560138032164487676e+01
1.938342610030488800e+00	1.291982771636125626e+01	-1.055277463397188775e+01	1.550290436854633747e+01
1.944618341543410178e+00	1.295357116019811983e+01	-1.059357363359699278e+01	1.549259083001616766e+01
1.950906260203513876e+00	1.286523985870566733e+01	-1.044888317654705823e+01	1.536814178674612563e+01
1.957194556613796488e+00	1.284140915247243520e+01	-1.043091632010572312e+01	1.531877254277132394e+01
1.963479614559011432e+00	1.284577203064593398e+01	-1.046890284105750091e+01	1.518664982558719778e+01
1.969760361532916226e+00	1.282909178569326336e+01	-1.034658810985117228e+01	1.516067294366867735e+01
1.976048367034604736e+00	1.278032280119296971e+01	-1.033398244991963288e+01	1.508090524246513020e+01
1.982337990217652335e+00	1.276049750586488152e+01	-1.031029532013300631e+01	1.509356761178906758e+01
1.988617489259562721e+00	1.272909621470187425e+01	-1.020792572968466061e+01	1.498180444138152545e+01
1.994896320665194178e+00	1.274974661256716679e+01	-1.030916497240334628e+01	1.504309124944860621e+01
2.001179596222827151e+00	1.267597665525868678e+01	-1.013623570905893345e+01	1.478499430392605341e+01
2.007459756923499761e+00	1.271329740603666636e+01	-1.023930171081573270e+01	1.493403915871805232e+01
2.013737397779169935e+00	1.265549468837382818e+01	-1.018492566635472585e+01	1.474957409092611549e+01
2.020017234677497164e+00	1.260894380563682482e+01	-1.006631127012019000e+01	1.453394087072621943e+01
2.026310251015072783e+00	1.261423906834810182e+01	-1.000463666299089560e+01	1.459292482329033902e+01
2.032600542948020284e+00	1.259611306527956565e+01	-1.005115922648066906e+01	1.465533058207372719e+01
2.038873863192099289e+00	1.260022753778744331e+01	-1.007452753931493916e+01	1.461728837459461694e+01
2.045154087821675404e+00	1.255505325106330261e+01	-9.996451483855587128e+00	1.448013674495969916e+01
2.051444704514288730e+00	1.257438866023147384e+01	-1.000850646212536965e+01	1.445903922798486541e+01
2.057730430280644729e+00	1.252213051866277205e+01	-9.884480675669248484e+00	1.434984375971139237e+01
2.064013940455224461e+00	1.250629906796160817e+01	-9.848547744746831256e+00	1.424871031176897418e+01
2.070299891179459895e+00	1.249628288770645490e+01	-9.848482395136455736e+00	1.423225275708862370e+01
2.076589719964883951e+00	1.245567486564674731e+01	-9.743310136472114635e+00	1.408752912909113064e+01
2.082865483794470673e+00	1.247046235361725941e+01	-9.862587292613302026e+00	1.413960382603158017e+01
2.089134494859368640e+00	1.242706527827637331e+01	-9.748983269911652982e+00	1.399413296781139415e+01
2.095424211360070288e+00	1.243391210169222738e+01	-9.740730669478272929e+00	1.402055593741885353e+01
2.101707116664804254e+00	1.241136759976310877e+01	-9.731380320743619805e+00	1.395435157170772555e+01
2.107986473933564309e+00	1.240092126630858971e+01	-9.646050408408733290e+00	1.389092681393582751e+01
2.114271806543862375e+00	1.238288822286735424e+01	-9.632230027226901470e+00	1.385475010229506765e+01
2.120552717288892275e+00	1.232740220880109838e+01	-9.512330687301220777e+00	1.370389627820142842e+01
2.126836933207161717e+00	1.231920747400190308e+01	-9.577110785641934854e+00	1.370298047131369579e+01
2.133122044791171845e+00	1.233706919602696317e+01	-9.525393309259941432e+00	1.370579151251068772e+01
2.139411711910842673e+00	1.227428247766970415e+01	-9.399024225485435480e+00	1.349507493461493546e+01
2.145697076775292089e+00	1.226998452150426644e+01	-9.413209721966310894e+00	1.348240324668515200e+01
2.151973548606471276e+00	1.225509588611581790e+01	-9.414605182253630744e+00	1.348729257637593548e+01
2.158259913555724108e+00	1.225460041817200896e+01	-9.403247987407794994e+00	1.341219960131318878e+01
2.164545396699105506e+00	1.222395546635184438e+01	-9.335969510511681335e+00	1.333975194995237246e+01
2.170830700377734068e+00	1.221077668729864385e+01	-9.293077377647399828e+00	1.324057464510514137e+01
2.177114138849150393e+00	1.218452828847691549e+01	-9.276924474037917534e+00	1.328190992137407456e+01
2.183387647576827018e+00	1.219099634605599114e+01	-9.192327246262113505e+00	1.312878383889996847e+01
2.189670273687676971e+00	1.216103651360522520e+01	-9.199814791222133081e+00	1.316261846114687373e+01
2.195960147934207463e+00	1.216360653533489433e+01	-9.160378241936902199e+00	1.313044173224263744e+01
2.202242556317716371e+00	1.212950864695845787e+01	-9.101881969531987693e+00	1.301556857143041590e+01
2.208521655981037668e+00	1.211671475945350096e+01	-9.100952685201111336e+00	1.301835579045146396e+01
2.214804637081333016e+00	1.212241787848221719e+01	-9.040599753736346500e+00	1.293213381807847817e+01
2.221092583349425276e+00	1.210167798079462820e+01	-9.023182412520849738e+00	1.293076419034303548e+01
2.227372893591468728e+00	1.204629405627551542e+01	-8.940055919427148723e+00	1.270788921173093833e+01
2.233657161144248171e+00	1.208025640846666171e+01	-8.990629854961833090e+00	1.277729312654580696e+01
2.239943485394438660e+00	1.205371433150898142e+01	-8.950079314351228277e+00	1.268863569650773293e+01
2.246224175264620815e+00	1.202921786272391458e+01	-8.868395342712881657e+00	1.263299371623498679e+01
2.252506378421252009e+00	1.202018829123061572e+01	-8.910946273027320785e+00	1.258093269868980002e+01
2.258783417054270437e+00	1.200409574870335483e+01	-8.824106514067176832e+00	1.255801910827474011e+01
2.265069077371457684e+00	1.199194941521317581e+01	-8.772125703615156311e+00	1.249241463439770961e+01
2.271350377044131452e+00	1.196681789796862816e+01	-8.737803209231229218e+00	1.244968071182892366e+01
2.277633995145353918e+00	1.195063157310669055e+01	-8.680502053305348298e+00	1.229742489059169408e+01
2.283922419579920149e+00	1.191073184668294260e+01	-8.600162461496054789e+00	1.225648361265754360e+01
2.290202874392252674e+00	1.191816429105643671e+01	-8.621936847908745705e+00	1.225324459432648361e+01
2.296490779970905560e+00	1.195196567885839301e+01	-8.671680898786403802e+00	1.228049508969473536e+01
2.302771769934229162e+00	1.192555687703088374e+01	-8.585159766608251530e+00	1.222494946070805888e+01
2.309051364164305564e+00	1.191733106229657402e+01	-8.574261496450104048e+00	1.221409867411733075e+01
2.315338502539088239e+00	1.188844612248945865e+01	-8.527477180153484326e+00	1.214397107508467499e+01
2.321627336503874428e+00	1.186462728088142526e+01	-8.460426744423907408e+00	1.204949940252985385e+01
2.327911878297218795e+00	1.186014012018421049e+01	-8.431683435798570159e+00	1.196995539335949310e+01
2.334186238580297168e+00	1.186405406368344195e+01	-8.423927259073531459e+00	1.193437351932139556e+01
2.340467971862688401e+00	1.185999012767906002e+01	-8.410739404455332746e+00	1.194945675676866337e+01
2.346756940970738725e+00	1.181411396678594627e+01	-8.322702450716763067e+00	1.185749248608679451e+01
2.353044444556199988e+00	1.184483856901056775e+01	-8.319914356623774765e+00	1.179891446229275864e+01
2.359327653314069906e+00	1.178400800877601995e+01	-8.274772922078778237e+00	1.168581074531679498e+01
2.365603048789861607e+00	1.180772452871263312e+01	-8.305231750623432774e+00	1.173101203024589445e+01
2.371885911737665165e+00	1.178261734395594473e+01	-8.197771954144878137e+00	1.166084109360978971e+01
2.378173303594019572e+00	1.178774332744432307e+01	-8.207000253932266176e+00	1.166573583801904768e+01
2.384454016539381271e+00	1.176669558551961536e+01	-8.140799248355309103e+00	1.161787102877082134e+01
2.390736447344785187e+00	1.173947853305152123e+01	-8.132283591913019194e+00	1.149946381127761263e+01
2.397014133897952259e+00	1.173882621467367926e+01	-8.079662081232541482e+00	1.144225844709546003e+01
2.403295490074321972e+00	1.173837081281441819e+01	-8.090496126391633069e+00	1.149758155259659631e+01
2.409585049672506862e+00	1.174810169086835110e+01	-8.028443585891581691e+00	1.146430339180852087e+01
2.415871703165322071e+00	1.172227582679857072e+01	-8.018027635833819389e+00	1.134532422151820974e+01
2.422160652369088840e+00	1.170974014966826360e+01	-7.966340250001536560e+00	1.128143138583527083e+01
2.428440167222748691e+00	1.170918310419702557e+01	-7.918758123930949466e+00	1.130501433584949922e+01
2.434717472383889803e+00	1.166937189155919441e+01	-7.862004911869537871e+00	1.117884847380431879e+01
2.441002456202044257e+00	1.167292707562499920e+01	-7.842263284429695780e+00	1.118011299114921897e+01
2.447289980304530488e+00	1.168363123850671315e+01	-7.839239579228807209e+00	1.117753811811017250e+01
2.453571844729242279e+00	1.166880209716954830e+01	-7.817985327545391883e+00	1.111406067989285340e+01
2.459852705114058846e+00	1.164041295084512484e+01	-7.731227416449550027e+00	1.095377243349779839e+01
2.466139233225018934e+00	1.162338408830464509e+01	-7.684120568434418708e+00	1.100027940948899818e+01
2.472421963421291391e+00	1.162801966477896620e+01	-7.702486567862620426e+00	1.102738346129039293e+01
2.478698519174224568e+00	1.163118496182012152e+01	-7.670926485036090092e+00	1.098497836071710232e+01
2.484980841400355800e+00	1.163532922314793083e+01	-7.629724566789111151e+00	1.097710755386002646e+01
2.491269319409339822e+00	1.162295650804340674e+01	-7.593941044787739791e+00	1.082124886120216090e+01
2.497548505139029373e+00	1.160522563360432358e+01	-7.582399386512697070e+00	1.086071817180829413e+01
2.503831667172610853e+00	1.160003861077435872e+01	-7.525801067792182941e+00	1.081849036421437660e+01
2.510117938323931153e+00	1.161512364158056698e+01	-7.565659926868854690e+00	1.081172225963912403e+01
2.516400733681277480e+00	1.157213374099182346e+01	-7.431100608280675424e+00	1.068537540066841984e+01
2.522688226833368130e+00	1.159008309041708706e+01	-7.445800341367818653e+00	1.064010299581539698e+01
2.528971695852665569e+00	1.159066184430421664e+01	-7.469193879987251705e+00	1.078367617333572248e+01
2.535252039407670299e+00	1.158002743243733867e+01	-7.348707752044181696e+00	1.061996544985130342e+01
2.541537514142774512e+00	1.155728380112930864e+01	-7.314027913616024890e+00	1.058808770339959260e+01
2.547823008847572179e+00	1.152279154156843077e+01	-7.274742776200564975e+00	1.051727412825778885e+01
2.554100666580690238e+00	1.156457579572553129e+01	-7.300296765272968003e+00	1.055704330077845299e+01
2.560376788884177301e+00	1.155117434445170055e+01	-7.284401837827283899e+00	1.052483429204424148e+01
2.566667521601497359e+00	1.153309588840757982e+01	-7.222371795196276700e+00	1.046353077146881638e+01
2.572955062237090473e+00	1.154521347119769636e+01	-7.254099378077588867e+00	1.047551227066847446e+01
2.579233771797999175e+00	1.153789314173701719e+01	-7.147165602156761999e+00	1.043924823618129061e+01
2.585520164300948220e+00	1.152391917587555348e+01	-7.128834335872379135e+00	1.038653353576882488e+01
2.591805130332431872e+00	1.153692146477516367e+01	-7.141682671862522369e+00	1.039200511624680878e+01
2.598084074692260881e+00	1.155788312483603875e+01	-7.149649844073369565e+00	1.043692798256318888e+01
2.604360404197643586e+00	1.152571321596740894e+01	-7.120772460618280064e+00	1.036497387865357211e+01
2.610647185140439142e+00	1.152921679361527296e+01	-7.040096914421343222e+00	1.030403086001055790e+01
2.616931864059273138e+00	1.153366291628077178e+01	-7.031209428250723370e+00	1.031132686002752230e+01
2.623206107911065565e+00	1.150670063898747486e+01	-6.924281664137733827e+00	1.024071933262272260e+01
2.629491626543270844e+00	1.149457959448268873e+01	-6.916602389258865280e+00	1.016835904197245100e+01
2.635778507982642349e+00	1.151487015185344909e+01	-6.929651351152262606e+00	1.023914634423297976e+01
2.642061039325260818e+00	1.151683726986997236e+01	-6.911924278021186474e+00	1.016193341253006288e+01
2.648343840729305843e+00	1.151927678966698920e+01	-6.887940959013485021e+00	1.017490704454236194e+01
2.654631838974855551e+00	1.151204816696813360e+01	-6.850957089188181470e+00	1.014304676615989109e+01
2.660919001246303761e+00	1.149715083184044495e+01	-6.823315666983293504e+00	1.007426355710020971e+01
2.667198525130066056e+00	1.151542561903294093e+01	-6.780663125127054158e+00	1.017927357441534042e+01
2.673484307038032526e+00	1.150502335011189636e+01	-6.801055095864182221e+00	1.013663154909687947e+01
2.679773388053849459e+00	1.151548996118085100e+01	-6.773178552448028356e+00	1.010367485617028471e+01
2.686058217632288692e+00	1.153625978413020015e+01	-6.726118357582993923e+00	1.008843058725924280e+01
2.692338738200057868e+00	1.150440155257500230e+01	-6.732554687297391816e+00	9.997103528415275164e+00
2.698618022887226964e+00	1.149341951783680393e+01	-6.642133566882638007e+00	9.937174152327051146e+00
2.704895450708277860e+00	1.151641693358585350e+01	-6.630083718440571872e+00	1.001046032192310342e+01
2.711175674923682166e+00	1.149706685857855781e+01	-6.535689473353934353e+00	9.900003452111178603e+00
2.717459832966957922e+00	1.153679716087908780e+01	-6.620090364773648872e+00	9.978714006328017305e+00
2.723745731959044569e+00	1.150895285803027335e+01	-6.547444614557914377e+00	9.896120351840952623e+00
2.730038414850594730e+00	1.153357912515101091e+01	-6.563101932696572938e+00	9.948946020956885405e+00
2.736317989800789441e+00	1.152674400445751601e+01	-6.493082985024970277e+00	9.907556945073435983e+00
2.742591858549239703e+00	1.151710084006185575e+01	-6.504318652558334080e+00	9.903925587953219534e+00
2.748879749010778362e+00	1.154677211746272292e+01	-6.502840105539211990e+00	9.893852515150571847e+00
2.755163403825859447e+00	1.155622754922759654e+01	-6.525692075322711894e+00	9.989900862909484758e+00
2.761446955625852073e+00	1.153809972888974578e+01	-6.458535338351494737e+00	9.890712867062669389e+00
2.767732088935374701e+00	1.157036328931101110e+01	-6.416452983696705026e+00	9.966313744799364827e+00
2.774015452421743966e+00	1.155906960317248178e+01	-6.401319283361694978e+00	9.840392825486370398e+00
2.780298635700591436e+00	1.153974097948446698e+01	-6.323208782814914386e+00	9.842070426112197623e+00
2.786577474762241380e+00	1.156322167522638544e+01	-6.363426985880195730e+00	9.815391214138768916e+00
2.792857983210164541e+00	1.157783136884968300e+01	-6.350047439564971974e+00	9.873388233370954836e+00
2.799143790920211483e+00	1.158713824433706385e+01	-6.325325401970340877e+00	9.867789086245998931e+00
2.805430058399325244e+00	1.157826850890190507e+01	-6.317551075732384724e+00	9.825444814874847665e+00
2.811715058209780072e+00	1.158371792197285544e+01	-6.232270662779876957e+00	9.891884226857030171e+00
2.817989272498773623e+00	1.160601080913833982e+01	-6.317768063326745676e+00	9.910527903980092645e+00
2.824269171595737760e+00	1.161396073622658243e+01	-6.296614952610105398e+00	9.865420361020721174e+00
2.830563016441804081e+00	1.163317730348164503e+01	-6.217424919078971435e+00	9.940368836878732850e+00
2.836848750951622034e+00	1.162809791859833197e+01	-6.190748411490338832e+00	9.848778057671667696e+00
2.843130027866129783e+00	1.163312591128042506e+01	-6.206320734317365861e+00	9.873982543042796323e+00
2.849413896912404986e+00	1.164053006687340996e+01	-6.176043001239198027e+00	9.818528350334274180e+00
2.855697464522425566e+00	1.165771154302853319e+01	-6.172487704534710851e+00	9.811801348331320227e+00
2.861978799810683594e+00	1.166356106334534815e+01	-6.115621259454144365e+00	9.886962041270329848e+00
2.868262469415629567e+00	1.167373353056305163e+01	-6.083082768183541766e+00	9.857072286972361042e+00
2.874547359206753860e+00	1.168587099580253685e+01	-6.138875914788569865e+00	9.922929653433714137e+00
2.880831111471525041e+00	1.171622939018410570e+01	-6.121671638630001411e+00	1.000656050922803253e+01
2.887113216972382546e+00	1.172782500140797346e+01	-6.138363842791865643e+00	9.968717546824532150e+00
2.893394504725182781e+00	1.171748564753440291e+01	-6.051364550735363501e+00	9.909042475095500180e+00
2.899673662137033592e+00	1.173754831061522985e+01	-6.065674195275611247e+00	9.946788769029806687e+00
2.905953958587380814e+00	1.175704417830138304e+01	-6.055010186094166968e+00	9.988366097750043693e+00
2.912241118105161064e+00	1.179094619126683696e+01	-6.079031173980271596e+00	1.003179072709509612e+01
2.918525996366671205e+00	1.178456858092596526e+01	-6.023825710529487232e+00	9.970115603954628369e+00
2.924809035425688819e+00	1.177414265741899335e+01	-5.967640538759754421e+00	9.885505230036343960e+00
2.931095916293684933e+00	1.180801672031617144e+01	-5.985057115195516531e+00	9.995482876618765999e+00
2.937378182606774413e+00	1.183759169808063305e+01	-5.957174885178043056e+00	9.991884025423047433e+00
2.943659980254369923e+00	1.184447176660706624e+01	-5.936051571823332651e+00	9.979394234290488441e+00
2.949946454403890250e+00	1.186987511359130387e+01	-5.956003520967950493e+00	1.009523565392680844e+01
2.956227653702202307e+00	1.187713500385296506e+01	-5.946464336284683405e+00	1.008583156904660427e+01
2.962510478867462993e+00	1.188945630365456374e+01	-5.941106026462301237e+00	1.015267089682007828e+01
2.968796535179442309e+00	1.189830091504562937e+01	-5.900073849695504968e+00	1.012595560129089378e+01
2.975077657376874907e+00	1.193435445633216752e+01	-5.905956090581308437e+00	1.017956323472306224e+01
2.981359866759223376e+00	1.194517474652766964e+01	-5.885182191836822341e+00	1.020364342377711431e+01
2.987646761575656562e+00	1.197677594900066467e+01	-5.899972533977311251e+00	1.018382644028786999e+01
2.993929038370399365e+00	1.199990535253879820e+01	-5.929904970209227244e+00	1.027104837727801012e+01
3.000206214840962726e+00	1.198899328715870105e+01	-5.857987423018490070e+00	1.022808204401034970e+01
3.006486172402415669e+00	1.204957239651385414e+01	-5.883779052061230530e+00	1.025779928172453914e+01
3.012769812211594456e+00	1.207358513296470903e+01	-5.896522850644690728e+00	1.042241750135010214e+01
3.019053144326170113e+00	1.207496139959438430e+01	-5.822609838950505434e+00	1.034633226565617115e+01
3.025337405144251424e+00	1.210314948488337272e+01	-5.864048456742245286e+00	1.038892551072268233e+01
3.031623734799107961e+00	1.212912306462315826e+01	-5.794785431127004394e+00	1.046214511110926182e+01
3.037908962055872575e+00	1.216920912945120037e+01	-5.866333728829258298e+00	1.053877931658417921e+01
3.044195067146031608e+00	1.217967397835535870e+01	-5.843338578439651876e+00	1.059833047444471887e+01
3.050475543482170426e+00	1.219630148521172863e+01	-5.853984574475606273e+00	1.054483313865814331e+01
3.056754954538277502e+00	1.221136183512025397e+01	-5.815872626984003979e+00	1.061470136075714521e+01
3.063040539557494668e+00	1.226513215780956223e+01	-5.872372406265632172e+00	1.068383628546098052e+01
3.069323699454357346e+00	1.230664172026019187e+01	-5.892765696250208407e+00	1.071703367264978723e+01
3.075610692642898769e+00	1.231318745483247312e+01	-5.846188475689903186e+00	1.068160569757483280e+01
3.081893798009918584e+00	1.233680129125571412e+01	-5.876297928837630025e+00	1.082432511282222798e+01
3.088174549548037717e+00	1.237734247344283567e+01	-5.882629682840204488e+00	1.089584581186863232e+01
3.094458635632868493e+00	1.239464402833352352e+01	-5.821860644476902991e+00	1.087078290319102969e+01
3.100743982931558840e+00	1.244119435576094013e+01	-5.824209654341652609e+00	1.095554095229224245e+01
3.107028111748448396e+00	1.247397671447309619e+01	-5.815238235994020677e+00	1.097244584262629274e+01
3.113309299655494300e+00	1.249574448905627477e+01	-5.816373838926763185e+00	1.103968741763848627e+01
3.119590662867241626e+00	1.253308184742760645e+01	-5.823319162179137365e+00	1.111818454062520267e+01
3.125874006820172912e+00	1.258996036649475769e+01	-5.910760122017169493e+00	1.121917823720691842e+01
3.132159251154602586e+00	1.258818013661159441e+01	-5.868080452171663630e+00	1.120256014983010040e+01
3.138439172765940643e+00	1.261943622538934484e+01	-5.806231574963105047e+00	1.127187120021248212e+01
3.144723867719826593e+00	1.269165454215720068e+01	-5.817747549713871535e+00	1.140241143961361203e+01
3.151003951258561031e+00	1.268615567965345825e+01	-5.818124804387719173e+00	1.140978157520885716e+01
3.157283664131563139e+00	1.273264819477096488e+01	-5.846463740575027046e+00	1.149083673936064187e+01
3.163569317183839935e+00	1.276740829324695348e+01	-5.807222258183375452e+00	1.151454138980181696e+01
3.169851661717792091e+00	1.279034227546255131e+01	-5.873948205407845791e+00	1.159354668535960364e+01
3.176137704316093657e+00	1.285091294020908315e+01	-5.828306933162990866e+00	1.166191790597354228e+01
3.182420924828643916e+00	1.289079714121518094e+01	-5.840840230003807143e+00	1.175814108338316011e+01
3.188702811875577581e+00	1.293509657358452181e+01	-5.873044461143104300e+00	1.185060477135365886e+01
3.194990520008989865e+00	1.296938371069059670e+01	-5.883754762206829803e+00	1.187138000728850251e+01
3.201275324656983834e+00	1.304326672331862724e+01	-6.001343254805874494e+00	1.208550807538925653e+01
3.207551352179861759e+00	1.303038711125652149e+01	-5.893053281490392870e+00	1.198249817883913337e+01
3.213835216737041645e+00	1.311125650866913794e+01	-5.878725016642696310e+00	1.214819958037702818e+01
3.220122579819103770e+00	1.307541707316922164e+01	-5.781481921802727797e+00	1.182902229127549099e+01
3.226406606618656525e+00	1.297779641088878577e+01	-5.525644499520400821e+00	1.107726859724280999e+01
3.232687390085645429e+00	1.287261015717122525e+01	-5.240937269388184383e+00	1.029586962906379810e+01
3.238969121280456331e+00	1.282174597210500444e+01	-5.071826795918224384e+00	9.663971839323851398e+00
3.245254751548589667e+00	1.277015202252415627e+01	-4.904805685095855239e+00	9.119889163282351774e+00
3.251534499036136783e+00	1.272100450432264651e+01	-4.775808957458867354e+00	8.579208707242884202e+00
3.257817780791052442e+00	1.264915971969088204e+01	-4.564821731433416296e+00	7.952327466387194121e+00
3.264102164154097263e+00	1.262911596166612505e+01	-4.488975146886434509e+00	7.462090541652275810e+00
3.270384152138468892e+00	1.256563590333148461e+01	-4.436098248857052617e+00	6.900758011106988832e+00
3.276669427476867735e+00	1.253848760094276926e+01	-4.247713896537052669e+00	6.500117432001938589e+00
3.282954688864507808e+00	1.251771963385533759e+01	-4.175265651004906431e+00	5.991285190740175182e+00
3.289237200334947264e+00	1.248134395699808508e+01	-4.083172483208778125e+00	5.511653919830836301e+00
3.295519587088236779e+00	1.246028058695003615e+01	-3.982288521155446848e+00	5.034005334522581698e+00
3.301805977329951958e+00	1.244368071621761551e+01	-3.899133347542659944e+00	4.645590158199567554e+00
3.308087486222440088e+00	1.241176262211426895e+01	-3.831575827488121977e+00	4.172210023785191346e+00
3.314367630234227313e+00	1.240125223589245884e+01	-3.789778918090684012e+00	3.786739740846405411e+00
3.320651909732194262e+00	1.236358780988124195e+01	-3.622607085116401393e+00	3.300652670186296600e+00
3.326931260376857047e+00	1.238718727526976870e+01	-3.627835554269154272e+00	2.897114447563438500e+00
3.333216512447217728e+00	1.237715709612722037e+01	-3.562672946764358528e+00	2.500944067563737772e+00
3.339504489419978128e+00	1.235117134357613544e+01	-3.531261311513408163e+00	2.151782162786351815e+00
3.345786804809928405e+00	1.233193167499515042e+01	-3.465146213617642523e+00	1.712246217008056126e+00
3.352071130016277767e+00	1.230522226147359710e+01	-3.428121002705711184e+00	1.371110678993594956e+00
3.358351496304225581e+00	1.230510567700972580e+01	-3.325034468255999354e+00	9.939583545758093885e-01
3.364630591073392019e+00	1.230572927185284193e+01	-3.323475051062698693e+00	5.844260479165497291e-01
3.370916305215045483e+00	1.230597410932275970e+01	-3.254727219431540419e+00	2.680482867433710004e-01
3.377197952029413752e+00	1.227667616832592934e+01	-3.188277889445065849e+00	-1.124771474359265722e-01
3.383483063818085501e+00	1.230051820612834668e+01	-3.146373371379828754e+00	-4.802553336608932910e-01
3.389769992424469969e+00	1.227326607211795739e+01	-3.183704470780222451e+00	-8.223415088046063248e-01
3.396051330885982100e+00	1.229031521392290749e+01	-3.125418851669517828e+00	-1.147819648793567904e+00
3.402330879139463971e+00	1.227332820627377785e+01	-3.025710948752263985e+00	-1.486946111267584802e+00
3.408610488352048495e+00	1.226402952122788648e+01	-3.012963001459497914e+00	-1.808186885118779230e+00
3.414897837696641236e+00	1.227208318831444522e+01	-2.987885585062911797e+00	-2.162790458143448724e+00
3.421180484052105619e+00	1.227965152870603482e+01	-2.946928207146792378e+00	-2.464124847724875167e+00
3.427461639653846870e+00	1.227394360374219318e+01	-2.934496714462549338e+00	-2.818768537168999444e+00
3.433749159643459059e+00	1.228526884481492409e+01	-2.857591837552205583e+00	-3.150109941636447530e+00
3.440032646656798310e+00	1.226925005530260471e+01	-2.876415779319965615e+00	-3.390550962464683682e+00
3.446313366033385339e+00	1.228774131020139748e+01	-2.877794727912937223e+00	-3.688368047798980864e+00
3.452600135384134905e+00	1.229462038840108207e+01	-2.794717159293278463e+00	-4.030269746839533873e+00
3.458883152815406703e+00	1.229794413073760495e+01	-2.758917482960952405e+00	-4.403856788183018622e+00
3.465163834403715448e+00	1.231889806977373425e+01	-2.768002135741504333e+00	-4.624859045923281897e+00
3.471449329786229221e+00	1.230407529024888369e+01	-2.702073437904113806e+00	-5.026613525727153586e+00
3.477734476754053894e+00	1.231685491721642300e+01	-2.693850314952187297e+00	-5.239730815764691130e+00
3.484019652467224226e+00	1.231779858668157068e+01	-2.687129243022272629e+00	-5.570575168976490410e+00
3.490297019369712928e+00	1.234038334427683559e+01	-2.712500778153247083e+00	-5.799444812897620594e+00
3.496582486484379970e+00	1.232292148296338397e+01	-2.653355814679425606e+00	-6.115647392656685888e+00
3.502868048046865024e+00	1.234329710787544876e+01	-2.612163291358485573e+00	-6.405788473036894359e+00
3.509144649545451244e+00	1.237057906927792494e+01	-2.615064897373588604e+00	-6.649664719276825231e+00
3.515428082003116295e+00	1.237111421254225085e+01	-2.593172774551934179e+00	-6.854096856647175606e+00
3.521711031624695565e+00	1.237904894228498165e+01	-2.580863453524622653e+00	-7.198253274221047882e+00
3.527991850954735664e+00	1.238750945730001440e+01	-2.555080003569597302e+00	-7.492640973279203642e+00
3.534275545726699885e+00	1.238648787205580071e+01	-2.495833103494807581e+00	-7.779344907013026500e+00
3.540562632020772149e+00	1.242724296252001892e+01	-2.525101806713319519e+00	-8.028468749549364958e+00
3.546844410757220789e+00	1.242729445101056740e+01	-2.479171702284518997e+00	-8.321488889003282097e+00
3.553131386753758836e+00	1.244025174245161303e+01	-2.471022776250521247e+00	-8.516557246020310501e+00
3.559419203211965144e+00	1.242633408029529285e+01	-2.429476769144378601e+00	-8.846617886643629802e+00
3.565697971577579839e+00	1.244773563407680683e+01	-2.470059145255377064e+00	-9.030110465707299028e+00
3.571979559134798254e+00	1.246858125155459618e+01	-2.433800484113644469e+00	-9.297548431033053618e+00
3.578265774595833726e+00	1.248245784351578536e+01	-2.412505894066104606e+00	-9.603590869065451230e+00
3.584548309769353125e+00	1.249247396105302776e+01	-2.431787100614914543e+00	-9.765748129125347177e+00
3.590826843920031486e+00	1.249270598846937474e+01	-2.381548245173507716e+00	-1.008664403541309618e+01
3.597107306745233934e+00	1.250506623658784378e+01	-2.399067362459464725e+00	-1.028815386484268934e+01
3.603392831792229245e+00	1.253612587302349723e+01	-2.345872532794651910e+00	-1.058430053276294558e+01
3.609673209822572559e+00	1.256358283294759204e+01	-2.369473358294373444e+00	-1.082838156812270647e+01
3.615955412133016189e+00	1.256648854466822307e+01	-2.327304399750054209e+00	-1.106885015749027978e+01
3.622241607772384686e+00	1.257525822119857928e+01	-2.287215999420192158e+00	-1.138372579055347877e+01
3.628520252736676444e+00	1.259121383071686928e+01	-2.280123122327816443e+00	-1.162944221692453617e+01
3.634804827569451113e+00	1.261390657289661021e+01	-2.293604483025382113e+00	-1.177663231595122006e+01
3.641094981788862928e+00	1.260753828971912505e+01	-2.285748157519849943e+00	-1.202436945737388996e+01
3.647383514928639325e+00	1.264194491169510393e+01	-2.267867477286846789e+00	-1.226248084806502980e+01
3.653663283927725658e+00	1.265551353173749582e+01	-2.227544928008144520e+00	-1.254116887040109773e+01
3.659943504072155296e+00	1.268187755362147939e+01	-2.250178376657361312e+00	-1.273015445579102156e+01
3.666232000281138603e+00	1.269443329454562708e+01	-2.249962299723898607e+00	-1.292423950134575605e+01
3.672514211678317597e+00	1.272289252631484757e+01	-2.237339780315650728e+00	-1.313146914608996951e+01
3.678794154686042539e+00	1.273894464832135576e+01	-2.204897828395676829e+00	-1.344221297610140908e+01
3.685078621861909820e+00	1.275024898263257711e+01	-2.175270487124703944e+00	-1.367539127470721638e+01
3.691359210097977961e+00	1.278036031811876505e+01	-2.162217996303717360e+00	-1.391310999015894190e+01
3.697642368173791105e+00	1.280817209420424696e+01	-2.183376974456773478e+00	-1.410794946735657796e+01
3.703925796735277665e+00	1.282842317280919886e+01	-2.193437541431442206e+00	-1.431095478773992546e+01
3.710208240364660348e+00	1.284352556573215765e+01	-2.118816313034461274e+00	-1.460313923708076800e+01
3.716494593122387169e+00	1.285226729229454001e+01	-2.133842919111801351e+00	-1.480991660662742682e+01
3.722775386659595398e+00	1.287638746202457085e+01	-2.129391311426638289e+00	-1.502418587256175186e+01
3.729058392883481510e+00	1.290186481435547172e+01	-2.126285700374876964e+00	-1.526303526304904423e+01
3.735339748210807720e+00	1.293560722776923733e+01	-2.109438448630729379e+00	-1.543564052054699687e+01
3.741620776392969638e+00	1.295714708926253778e+01	-2.068537890978282334e+00	-1.572246266502125600e+01
3.747904795418762980e+00	1.295376954861485963e+01	-2.097676471484700045e+00	-1.584463788734946554e+01
3.754190633281219380e+00	1.301050037436565354e+01	-2.066160742063126055e+00	-1.610538500514409321e+01
3.760478208018912749e+00	1.301867963472606249e+01	-2.061590812799828587e+00	-1.634016934921395503e+01
3.766755538573464346e+00	1.306501876495718761e+01	-2.031420893567216002e+00	-1.659355656475563023e+01
3.773032090135151506e+00	1.307345770769267723e+01	-2.043330655153026587e+00	-1.680457979446737582e+01
3.779322553012896879e+00	1.310937517989000156e+01	-2.050891818918147091e+00	-1.699836409444008467e+01
3.785609109731308930e+00	1.311824561697425118e+01	-2.000357006952029781e+00	-1.725910681059661655e+01
3.791889825936295200e+00	1.316778498566829292e+01	-2.036598055004089858e+00	-1.735314857480428330e+01
3.798174822702435893e+00	1.318730654388592072e+01	-2.024902124537828030e+00	-1.760923339283669264e+01
3.804458658753491651e+00	1.320172581091404851e+01	-1.968432326637812091e+00	-1.790699593714899507e+01
3.810738438095723435e+00	1.322838130159102832e+01	-2.053331428433660122e+00	-1.793352954612205963e+01
3.817018850285747167e+00	1.325587702725589345e+01	-1.978582553096039476e+00	-1.826606799699978012e+01
3.823305314209427763e+00	1.328335224291399896e+01	-1.934558404683516697e+00	-1.850296639822546396e+01
3.829591295197792178e+00	1.329052971206521860e+01	-1.932683010984946215e+00	-1.870214969563667751e+01
3.835872296070849341e+00	1.333325029988284172e+01	-1.921360522994234099e+00	-1.897325452521068812e+01
3.842156279590906109e+00	1.338568510120923705e+01	-1.951477880767258366e+00	-1.906931761754689347e+01
3.848441511099312429e+00	1.338489731202177957e+01	-1.925683219017439995e+00	-1.929535698620536621e+01
3.854723334376886079e+00	1.344940631400661779e+01	-1.977645548547037002e+00	-1.945565203841533020e+01
3.861004740704794713e+00	1.345468056065773510e+01	-1.878253627527942671e+00	-1.974073991747476242e+01
3.867284336650660848e+00	1.349535174879378019e+01	-1.906462942671364402e+00	-1.996806702815656820e+01
3.873567367678779849e+00	1.353301464973994861e+01	-1.885400668699513282e+00	-2.019676692748540958e+01
3.879850662830422792e+00	1.355369679297883501e+01	-1.871268854394894543e+00	-2.040484193578292249e+01
3.886137063198143338e+00	1.360161967767708724e+01	-1.931209819223967283e+00	-2.049517862102591792e+01
3.892419463049126005e+00	1.362039982833441876e+01	-1.887745135397782326e+00	-2.072783946045820969e+01
3.898703740328622658e+00	1.366441385662368546e+01	-1.867710180506629403e+00	-2.100497396057962618e+01
3.904991458788179326e+00	1.368164572363265208e+01	-1.873871132736071754e+00	-2.115627810522462937e+01
3.911270842222104083e+00	1.372480695862390654e+01	-1.858650082780879620e+00	-2.143866344111512490e+01
3.917549806479573071e+00	1.377597979056971944e+01	-1.858879714258946603e+00	-2.163357179764228633e+01
3.923836006203090587e+00	1.380058583017147278e+01	-1.837526666831900135e+00	-2.184479676043671859e+01
3.930121452497870926e+00	1.384588574539950834e+01	-1.846617394922006383e+00	-2.203874521527982466e+01
3.936398172858230460e+00	1.387289101252736501e+01	-1.841249282380200025e+00	-2.223815534667387084e+01
3.942683040425962293e+00	1.392787743820094981e+01	-1.790751316361062218e+00	-2.253400157366563050e+01
3.948974759704379611e+00	1.397062252220747602e+01	-1.833930426893539023e+00	-2.267425665941332369e+01
3.955259227995065352e+00	1.399208667942146711e+01	-1.749020326032936223e+00	-2.298222946356800378e+01
3.961537174921395454e+00	1.404323678577342882e+01	-1.809122421325409347e+00	-2.308882199903538535e+01
3.967820217617139544e+00	1.404809893682497446e+01	-1.784109365472505537e+00	-2.330678401062524685e+01
3.974105559832568968e+00	1.409613809881955149e+01	-1.793445235431606166e+00	-2.347186880498260209e+01
3.980384727931198352e+00	1.414349935310783835e+01	-1.797055784781696586e+00	-2.368975103959259343e+01
3.986664590839849698e+00	1.416648450311860508e+01	-1.749980538215136772e+00	-2.400719087148937447e+01
3.992949619150675034e+00	1.423438610202097188e+01	-1.774303028633908985e+00	-2.412164739039679162e+01
3.999235075769965952e+00	1.424132691280400920e+01	-1.712382636733486008e+00	-2.437944423209386358e+01
4.005515715515433506e+00	1.430969067039061393e+01	-1.713780390054501446e+00	-2.469514863655400205e+01
4.011798434346478537e+00	1.434649889877418083e+01	-1.707248782477114535e+00	-2.482078005072754578e+01
4.018083716245132386e+00	1.437368480363878298e+01	-1.659162033038467099e+00	-2.512323655437656100e+01
4.024365700052603856e+00	1.444189760477092754e+01	-1.734987352888625489e+00	-2.520964595706912093e+01
4.030643960839860540e+00	1.446639975253693855e+01	-1.712723523446673335e+00	-2.542788538086399797e+01
4.036928708926215137e+00	1.451779168241101203e+01	-1.728987808897456624e+00	-2.559957834989817371e+01
4.043218157412017177e+00	1.456485969959921078e+01	-1.688506316777740768e+00	-2.590021251391205581e+01
4.049503019487663558e+00	1.462717253789453231e+01	-1.674053428142431743e+00	-2.616396337470182587e+01
4.055781898960511000e+00	1.466199748858271690e+01	-1.655732394032320087e+00	-2.637595425841439223e+01
4.062060795621602161e+00	1.468195434604214178e+01	-1.621296746685455314e+00	-2.663308682021829554e+01
4.068347865354716042e+00	1.478716804589177869e+01	-1.718340433218058516e+00	-2.673764235619766083e+01
4.074631027173265529e+00	1.481978646809712608e+01	-1.651898209524541361e+00	-2.698426219817688931e+01
4.080910837526078971e+00	1.483653967437838794e+01	-1.629656024769092548e+00	-2.720441483717588937e+01
4.087201203341442657e+00	1.489383930559277225e+01	-1.614062187960988881e+00	-2.748155694369906854e+01
4.093486818591942189e+00	1.494139495970940779e+01	-1.583211474237793626e+00	-2.780178215741742775e+01
4.099764387336505500e+00	1.500665426744178710e+01	-1.643298890712210802e+00	-2.782962854717824541e+01
4.106049166937662420e+00	1.503200900246677385e+01	-1.580647471719347497e+00	-2.820450608398809678e+01
4.112334559041358695e+00	1.509225118237407948e+01	-1.616194116449770402e+00	-2.827893130092682483e+01
4.118618926059533614e+00	1.515850976403984163e+01	-1.568523825803994631e+00	-2.864935880931633250e+01
4.124898942031112625e+00	1.519879086504223231e+01	-1.631563519818924002e+00	-2.877802883744214668e+01
4.131175432561665417e+00	1.526575490291852333e+01	-1.614404288622800943e+00	-2.905503762868387341e+01
4.137461563786142271e+00	1.528384679911605915e+01	-1.545406606819262008e+00	-2.932449886556568330e+01
4.143746006210170307e+00	1.539721031776280213e+01	-1.615629733605556728e+00	-2.947267988851529807e+01
4.150029800482964326e+00	1.537481832232682954e+01	-1.573476548083547755e+00	-2.970709890490632787e+01
4.156313390684649001e+00	1.548744021529424408e+01	-1.553070805338649052e+00	-2.999829014984294773e+01
4.162596105843763716e+00	1.549244312382348099e+01	-1.549211264462330151e+00	-3.019624081116184300e+01
4.168881843141768684e+00	1.556870259118800881e+01	-1.494171990670098316e+00	-3.056380516904026834e+01
4.175162111073220217e+00	1.563184621183078526e+01	-1.558425351649688206e+00	-3.065475214851436192e+01
4.181448573417560155e+00	1.567035246479703225e+01	-1.473202123083052539e+00	-3.107030873575163810e+01
4.187738782464171194e+00	1.577175664662368071e+01	-1.494724272004461785e+00	-3.128161089857083610e+01
4.194017437180169061e+00	1.583217566017036759e+01	-1.484199658728577065e+00	-3.154701094642537029e+01
4.200293572701767175e+00	1.588047082042372260e+01	-1.420483381201804063e+00	-3.190276940140651973e+01
4.206580195481546269e+00	1.593881715952516132e+01	-1.475730135242754537e+00	-3.197552519317235920e+01
4.212860644652220543e+00	1.600241196357639240e+01	-1.421336058265792568e+00	-3.245577761522113747e+01
4.219138153430114002e+00	1.608105207531045266e+01	-1.468092533130332722e+00	-3.250254954518015893e+01
4.225426162098283811e+00	1.607023443704426313e+01	-1.416652304391780914e+00	-3.278012728002460818e+01
4.231713506719782636e+00	1.617768356798690021e+01	-1.390532716318285678e+00	-3.314667674420474697e+01
4.237990056577191744e+00	1.627514517901003188e+01	-1.456931707797493925e+00	-3.334796405183571011e+01
4.244267783646744618e+00	1.626560515111358285e+01	-1.398849718441029122e+00	-3.362496696423252018e+01
4.250560660182562955e+00	1.636578529305586116e+01	-1.412770744158797109e+00	-3.382489194572606550e+01
4.256847734842668096e+00	1.642426199322972735e+01	-1.441132544596074982e+00	-3.411697806588546911e+01
4.263127100734456221e+00	1.648035169760101226e+01	-1.409244586438148872e+00	-3.434525988982566247e+01
4.269406860432507500e+00	1.654619591785978727e+01	-1.370595878924988353e+00	-3.471608051972374653e+01
4.275691671482192646e+00	1.659212343037406612e+01	-1.387342843271038850e+00	-3.494635231336855696e+01
4.281972414189518794e+00	1.669635016092955837e+01	-1.425011934225965060e+00	-3.515208316630432961e+01
4.288253516806755705e+00	1.675047917783929208e+01	-1.285648647858480542e+00	-3.569280712204480466e+01
4.294540520160492925e+00	1.680395380243021108e+01	-1.390977251614846422e+00	-3.573853983107233745e+01
4.300825742921731809e+00	1.684939437528338146e+01	-1.331447855420386572e+00	-3.611265168007621185e+01
4.307109835491901961e+00	1.689205660684521604e+01	-1.248943093346260858e+00	-3.646371110987660558e+01
4.313390926478413157e+00	1.701701121770994263e+01	-1.335693552607290169e+00	-3.667610547279829802e+01
4.319667979480563247e+00	1.705287689459858669e+01	-1.278061747168188322e+00	-3.710775342202396843e+01
4.325952598143786076e+00	1.717155039885219736e+01	-1.335213633105408304e+00	-3.724646689050963744e+01
4.332241647035422361e+00	1.719399596586847778e+01	-1.176888154976141632e+00	-3.781237776122878103e+01
4.338524445619096781e+00	1.730812076774883224e+01	-1.239013155146394096e+00	-3.807671545140747327e+01
4.344809348131129845e+00	1.734886271135339086e+01	-1.239802801336756577e+00	-3.829807078284002131e+01
4.351090699193166600e+00	1.739373908742510011e+01	-1.154655343510923693e+00	-3.874942718961958121e+01
4.357369710808320029e+00	1.751095867659638472e+01	-1.240886839864722369e+00	-3.887770493417777828e+01
4.363659348967174445e+00	1.751641151387073592e+01	-1.148945753365292699e+00	-3.934862069145917474e+01
4.369947418280990981e+00	1.760297996430491096e+01	-1.146018609504328767e+00	-3.962540910025693819e+01
4.376226569265827315e+00	1.766868742105542367e+01	-1.127265030713722860e+00	-3.997157249121851663e+01
4.382499356631129217e+00	1.769299139459134196e+01	-1.083356480820350409e+00	-4.034942203050354692e+01
4.388784975178015024e+00	1.778754101483432493e+01	-1.058560140740482103e+00	-4.068864488558550363e+01
4.395068696309480494e+00	1.782471627605934472e+01	-1.031141875581668144e+00	-4.112199646536057429e+01
4.401347962382031298e+00	1.796206261763676082e+01	-1.063482881319494311e+00	-4.134965048739676519e+01
4.407628405096517099e+00	1.798088711592494349e+01	-1.025003618586190379e+00	-4.174016254502990364e+01
4.413915862185140426e+00	1.801717162562809449e+01	-1.049520744707770570e+00	-4.194480612301263278e+01
4.420203163534264235e+00	1.809638890273817680e+01	-1.043012641581374744e+00	-4.236156498522160518e+01
4.426480311003382795e+00	1.809899173135119099e+01	-8.918300020044727106e-01	-4.302147279208173103e+01
4.432765973643649104e+00	1.831784273501317983e+01	-1.036743073707372842e+00	-4.315517476935235663e+01
4.439053392023870614e+00	1.820617832362664501e+01	-7.586815576867503852e-01	-4.383576188417674047e+01
4.445336141335588742e+00	1.836933463662069599e+01	-9.663943003761990003e-01	-4.384840117013710881e+01
4.451617241414883352e+00	1.838258815331641571e+01	-8.212622927218049540e-01	-4.450019713308587654e+01
4.457901500730311106e+00	1.839053386091666198e+01	-7.779252200984466681e-01	-4.488997153803571649e+01
4.464189501093017043e+00	1.849027915621646656e+01	-8.506521365476147345e-01	-4.509453877989163573e+01
4.470470197548729985e+00	1.850877915313789046e+01	-6.165374331305631950e-01	-4.600032899261645269e+01
4.476748044268524573e+00	1.859038402459161432e+01	-7.921961541237123594e-01	-4.588865623449577669e+01
4.483035990164653484e+00	1.851804131153009436e+01	-5.771067042163203764e-01	-4.657004767649650745e+01
4.489323331650528104e+00	1.865122597679443572e+01	-6.424778996445151824e-01	-4.693671643992082920e+01
4.495599111667934800e+00	1.869255975035182971e+01	-5.657995409151448385e-01	-4.752711530817325780e+01
4.501870922878794090e+00	1.863508380410181076e+01	-4.102962069302151238e-01	-4.803833068207420354e+01
4.508155162877705457e+00	1.872360864006009962e+01	-6.115652505335268385e-01	-4.805767800358100317e+01
4.514446451153479423e+00	1.867013467352001399e+01	-3.348620910255335481e-01	-4.895871623571859743e+01
4.520723894043856994e+00	1.873815658287893626e+01	-3.423205240038300623e-01	-4.932115794887081961e+01
4.527003782460155890e+00	1.870596165712908387e+01	-2.392291070967491606e-01	-4.990724338462001697e+01
4.533293086610313161e+00	1.872737749359203008e+01	-1.966879052404288397e-01	-5.038254155402330525e+01
4.539578989864040182e+00	1.872598812752658759e+01	-2.234326765818072658e-01	-5.073800136786448434e+01
4.545857164866476730e+00	1.869644337446149507e+01	-1.212947120408077173e-01	-5.134886285768784120e+01
4.552138955546025656e+00	1.866378524844899189e+01	-2.547852719111080855e-02	-5.181968626513234710e+01
4.558432046889146605e+00	1.864412954892308960e+01	5.490048321181425182e-03	-5.222228712633399539e+01
4.564713463378488711e+00	1.863929699283066199e+01	1.413047078489248478e-03	-5.253034363520892214e+01
4.570987274133244682e+00	1.867098351299031833e+01	-2.320661697687677327e-02	-5.292496837419680844e+01
4.577274818151045643e+00	1.874507366059396318e+01	5.417250895650958104e-02	-5.351101550361680381e+01
4.583563263889338657e+00	1.879770134443323215e+01	5.292292273265974956e-02	-5.394910552255830538e+01
4.589844917004465508e+00	1.885654187021951955e+01	9.422329763121317647e-02	-5.441590830495066200e+01
4.596126259982004747e+00	1.884555832981956769e+01	-6.112733952172050809e-03	-5.456521555214801111e+01
4.602409075598298926e+00	1.895403619413103868e+01	3.081626837460379673e-02	-5.516797165745773412e+01
4.608696634867644804e+00	1.889944282265910402e+01	1.171290226360837544e-01	-5.531928439734664238e+01
4.614977646498861219e+00	1.896430295947312672e+01	3.678775000352599300e-02	-5.569257578957701327e+01
4.621258953029527383e+00	1.904455449071438622e+01	8.775367527635828668e-02	-5.624416160999582814e+01
4.627547993978874175e+00	1.914400116518820383e+01	7.772655339960748977e-02	-5.672673825821689064e+01
4.633830152730579854e+00	1.915699329110152860e+01	3.054032940913325653e-02	-5.695787761674458238e+01
4.640104005367354567e+00	1.925523394338182470e+01	6.080417140052012809e-02	-5.740889467896545995e+01
4.646382060386754276e+00	1.927429762594174534e+01	4.073539883444539378e-02	-5.773319038312332196e+01
4.652674213731970987e+00	1.928644246285614372e+01	5.651709571126778409e-02	-5.800930216855225297e+01
4.658958291796220230e+00	1.938635998312722108e+01	5.347319706461448746e-02	-5.843788186434311172e+01
4.665233615070169648e+00	1.951473257049415366e+01	5.262258643548595183e-02	-5.908980263608420103e+01
4.671520675710307380e+00	1.956323632253204892e+01	5.859880573204381826e-02	-5.942290194900940037e+01
4.677814351732177300e+00	1.960424824190595672e+01	6.396381526447814103e-02	-5.972889128743211273e+01
4.684093699744638073e+00	1.967871673296725632e+01	7.038124229634529216e-02	-6.017157888301829161e+01
4.690368661472568590e+00	1.981217618351823262e+01	6.512898655776475088e-02	-6.074903994615846869e+01
4.696663270746453733e+00	1.984337175609338644e+01	5.432093869822487292e-02	-6.102688930579358839e+01
4.702945459248681459e+00	1.988570917575570007e+01	6.722312437694664966e-02	-6.134042760884408807e+01
4.709209170841929470e+00	1.996700653158423222e+01	3.772318837117298596e-02	-6.171086697202193960e+01
4.715491634753063543e+00	2.005605178493813057e+01	4.762382459538844204e-02	-6.219197779458799147e+01
4.721784316284933780e+00	2.015530582980048990e+01	6.644980318270760078e-02	-6.271644745997051729e+01
4.728063062331094635e+00	2.026760110578754137e+01	4.572947751896245389e-02	-6.317664300788015908e+01
4.734337423381671073e+00	2.030080149837867154e+01	5.239537114655491018e-02	-6.346493020454013134e+01
4.740627024094544062e+00	2.028722937720214148e+01	1.348629950468455685e-01	-6.374289854216702622e+01
4.746914995664547554e+00	2.053832203226946618e+01	7.199610094844070829e-02	-6.455113927695971654e+01
4.753194740071086777e+00	2.059739977337039463e+01	5.084243825811833595e-02	-6.488567077836469821e+01
4.759478891864783456e+00	2.060598911866210159e+01	-7.874326299006702713e-04	-6.498874246447928726e+01
4.765762396877359031e+00	2.075967617867945592e+01	1.078565738022859571e-01	-6.577349233358603442e+01
4.772049481246195768e+00	2.080155356892788276e+01	3.009743211164316729e-02	-6.592824895932830032e+01
4.778335091022592351e+00	2.095654910272144633e+01	3.240317210943823717e-02	-6.659034460971032843e+01
4.784610831402393849e+00	2.102412087653445383e+01	4.900263921996096672e-02	-6.701552005412980861e+01
4.790907306208476157e+00	2.122673477081049143e+01	5.510554616152515267e-02	-6.778449647125799515e+01
4.797204047706418173e+00	2.116109215771892238e+01	-1.793945812837098933e-02	-6.763977889149907696e+01
4.803470827697504220e+00	2.132150552070799776e+01	2.336401454598033278e-02	-6.829338610393101305e+01
4.809748850577324042e+00	2.132470181918951013e+01	7.031502403312479832e-02	-6.857369440226527502e+01
4.816045316586602176e+00	2.157330855938580072e+01	6.125220664200573678e-02	-6.948146487473468369e+01
4.822329240673497885e+00	2.158831630679780389e+01	4.216586537933266626e-02	-6.962640448743071886e+01
4.828596758226470165e+00	2.166644208071166489e+01	1.916644418086366555e-02	-6.999375840722882458e+01
4.834890332961369275e+00	2.183100625155033825e+01	7.819321862776849874e-02	-7.073190295024829766e+01
4.841191655056394261e+00	2.184160114816835829e+01	3.030713222759893327e-02	-7.084912246088363474e+01
4.847460407468000554e+00	2.213272236413948590e+01	7.632927507684979240e-02	-7.196103454822875278e+01
4.853732128521334843e+00	2.208179858796709638e+01	3.317251883637812454e-02	-7.187823760029922937e+01
4.860029138783373170e+00	2.222726533640824087e+01	4.958005345277104875e-02	-7.253782338512030492e+01
4.866314601732018019e+00	2.234055532976808323e+01	7.184906623371949130e-02	-7.304009071628765071e+01
4.872587026269203925e+00	2.253273067618194148e+01	6.421750360486055964e-02	-7.375158702193448335e+01
4.878874221748241702e+00	2.268589876827035212e+01	-5.126459835167402994e-03	-7.429955066592013679e+01
4.885171078138658807e+00	2.276708672379440301e+01	6.669659220646338704e-02	-7.480379925566259658e+01
4.891450629931857641e+00	2.284953660465018999e+01	-8.910676225821003577e-03	-7.508209956606859237e+01
4.897716482750221978e+00	2.307384617653887915e+01	-2.990108983129698486e-02	-7.586462610459717837e+01
4.904002834596266069e+00	2.314173830343874982e+01	5.505253122794675352e-02	-7.637395181900284058e+01
4.910295858205786068e+00	2.329773436178214752e+01	1.893227910045741993e-02	-7.694803742107623634e+01
4.916575188115905881e+00	2.338438005809278053e+01	2.009956672580018311e-02	-7.731476848234848376e+01
4.922847946197084212e+00	2.345912806371330817e+01	4.105862252756791592e-02	-7.772344183209177970e+01
4.929131667457151700e+00	2.372776856941773715e+01	3.954404699914368382e-02	-7.872204344571862578e+01
4.935434460144239033e+00	2.375811216496784795e+01	5.847612621392333371e-02	-7.891930596623414829e+01
4.941718513303545279e+00	2.390967311504942572e+01	-3.247500232287574545e-03	-7.947795349514839813e+01
4.947978624761803168e+00	2.405164607684526246e+01	-3.624366802984058805e-02	-8.005804858860223305e+01
4.954274999209829389e+00	2.420102366788365345e+01	1.614095211951442144e-03	-8.067818517012041468e+01
4.960571094729937514e+00	2.439126813932045934e+01	5.814911273159462796e-02	-8.147506994504915667e+01
4.966823207626954506e+00	2.442472627271984109e+01	3.412395009995234513e-02	-8.170210764469348419e+01
4.973097418390337587e+00	2.464018941660037143e+01	3.855757598480916842e-02	-8.248782962511370442e+01
4.979415129936382023e+00	2.485762300261112046e+01	7.502179706552343508e-02	-8.336297576557612388e+01
4.985702082330368157e+00	2.502014277323422320e+01	4.238814064265607889e-02	-8.395666237945674482e+01
4.991949985828016523e+00	2.522160468839365421e+01	7.700745923618440569e-03	-8.467412122009658049e+01
4.998241586316924057e+00	2.548037206952172085e+01	2.881124351398004629e-02	-8.571931055618172479e+01
5.004556635606089543e+00	2.551145104351272863e+01	4.755994438518211520e-02	-8.592072353448102717e+01
5.010828655701208945e+00	2.575396601486300341e+01	5.276641345048033865e-02	-8.683612337183309648e+01
5.017077229702536556e+00	2.580596895134057789e+01	2.002515646109972666e-02	-8.706571547642050746e+01
5.023374414758113637e+00	2.598765132554331814e+01	2.360952409454494805e-02	-8.778478194087460906e+01
5.029688873569548413e+00	2.611912924912185119e+01	7.033226207543336050e-02	-8.836798411538669029e+01
5.035958413584124216e+00	2.628486275030788022e+01	4.146923140163114030e-02	-8.897335668296383915e+01
5.042232667658486989e+00	2.653281128475730455e+01	-4.618898915129769460e-03	-8.984722337318093821e+01
5.048528755870775875e+00	2.656539801624627017e+01	2.994622304726601847e-02	-9.009850764046252891e+01
5.054821121427484520e+00	2.676627268244673985e+01	2.324621016046868674e-02	-9.082006073942494595e+01
5.061069509814582368e+00	2.699417594985944291e+01	-4.021918874986293163e-02	-9.161463978875393366e+01
5.067347812754101177e+00	2.714593823657905958e+01	6.115049300122939180e-02	-9.232000758376277361e+01
5.073675050630431116e+00	2.730420461976898139e+01	1.433653126385917194e-02	-9.293407220973007554e+01
5.079945928388977627e+00	2.747755779224971207e+01	2.793422924310908287e-02	-9.357363425120881573e+01
5.086192992546071601e+00	2.780592606925469212e+01	1.868194195018207590e-02	-9.476186859133414941e+01
5.092484128970163226e+00	2.818658857053083011e+01	-3.951298332528515450e-02	-9.613964130945018383e+01
5.098802924706086870e+00	2.838348233492765971e+01	-9.405193304112911129e-03	-9.687136041850749280e+01
5.105078217426394005e+00	2.833429339301066818e+01	4.383167178674413772e-02	-9.683006672426274974e+01
5.111325076574067872e+00	2.878652660581030531e+01	5.667390409989224442e-03	-9.839893625468357641e+01
5.117628358851224135e+00	2.878832509312357857e+01	1.136641401303995214e-01	-9.863191905227256484e+01
5.123935939383525984e+00	2.937382197610451229e+01	5.069841324709612601e-02	-1.006293410312688792e+02
5.130199176325612065e+00	2.951495413510776800e+01	-3.368892219082811335e-02	-1.010561933498973843e+02
5.136469985878846956e+00	2.951302372974038235e+01	1.627620395295618569e-02	-1.012213038293881908e+02
5.142797788696348071e+00	2.964663612794463177e+01	-5.831132947074838847e-03	-1.017213692023365184e+02
5.149090378043822192e+00	3.000013893981061841e+01	9.712753925510975161e-02	-1.031219019918122939e+02
5.155289879840074363e+00	3.045157899801662893e+01	-8.757706209249859278e-03	-1.046004929927424172e+02
5.161564521234301317e+00	3.065823894159132479e+01	-4.842125860407275190e-02	-1.053679216784148309e+02
5.167916673496016244e+00	3.105560915111189502e+01	-3.086403868648866095e-03	-1.068254427307539345e+02
5.174205974602950064e+00	3.119076307858496122e+01	7.229711057138249637e-03	-1.073534148243625737e+02
5.180434820793812456e+00	3.121275342631019356e+01	3.831510343395990587e-02	-1.075547611034980946e+02
5.186729096569634656e+00	3.170385408516150960e+01	4.158381225319427235e-03	-1.092755828170074466e+02
5.193058481037780894e+00	3.205999511992616391e+01	5.716972199629234870e-03	-1.105466823107754237e+02
5.199319511444338460e+00	3.240985698347758870e+01	9.038798569876142774e-02	-1.119109041727007110e+02
5.205574295584361799e+00	3.270578088608628775e+01	5.195295038823265904e-02	-1.129467611736959753e+02
5.211894977074066126e+00	3.294657799608951620e+01	-2.104600869863107113e-02	-1.137918091608965625e+02
5.218201708336958511e+00	3.322717142432267678e+01	-1.123523206910942950e-02	-1.148172888289096818e+02
5.224411911780083351e+00	3.349059590654226071e+01	5.563461585651188757e-02	-1.158389939648608333e+02
5.230677632666463239e+00	3.363147340790234807e+01	-1.478024535338440769e-02	-1.163240535428952853e+02
5.237056729559757429e+00	3.397932776361812302e+01	2.621948802434150710e-02	-1.176245375267326096e+02
5.243336785035660697e+00	3.447307268138179381e+01	8.325853968411815395e-03	-1.193777253069024340e+02
5.249493476178225038e+00	3.474875791828882399e+01	5.468345323192785185e-02	-1.204033963455538725e+02
5.255787017738318134e+00	3.515348416720258484e+01	4.736420454863614349e-02	-1.219123219661680650e+02
5.262205327426889845e+00	3.525242303548743905e+01	6.857299401053239263e-02	-1.223029542040301152e+02
5.268477758348532269e+00	3.562816434568116364e+01	1.540532794555041218e-02	-1.235897009728844012e+02
5.274632213654732560e+00	3.602982673637321653e+01	-3.847365868505024655e-02	-1.249540617459435907e+02
5.280950543314659740e+00	3.636044054397753911e+01	-3.293071223620381432e-02	-1.262080615613521530e+02
5.287327645024750389e+00	3.702017214790375732e+01	9.323866170612078730e-02	-1.286646456621733137e+02
5.293582359180156516e+00	3.768256167997022033e+01	1.964181671968432547e-02	-1.309037333617584693e+02
5.299789992649893478e+00	3.770227604372569630e+01	-5.570863440079824175e-02	-1.309773669960898701e+02
5.306111460381987222e+00	3.758950124663930836e+01	-1.057000860173014090e-01	-1.305882525634308706e+02
5.312452717892129250e+00	3.796156119716580690e+01	-1.734770363163359516e-02	-1.319900478484945552e+02
5.318650122853046724e+00	3.863053351746430053e+01	1.779351048102107563e-02	-1.343805789114560412e+02
5.324923043129819789e+00	3.855980110351427470e+01	9.024395194172873252e-03	-1.342032267732907087e+02
5.331330237158205421e+00	3.929993286368604544e+01	-8.898659765955977199e-03	-1.368027760728556643e+02
5.337586726886338617e+00	3.975765104072090139e+01	5.454473968140933354e-02	-1.384853633766523444e+02
5.343685192440848830e+00	4.008671587048182516e+01	-2.600161193903276560e-02	-1.395743042912051237e+02
5.350070659715249199e+00	4.023752058568884138e+01	-2.324922647177828788e-02	-1.401961516709956186e+02
5.356556762554878226e+00	4.132451680826829943e+01	5.528396793709943607e-02	-1.440986644148761400e+02
5.362691868684501095e+00	4.176259173952897896e+01	4.213591984201124283e-04	-1.455642701315555883e+02
5.368769208912516966e+00	4.291094561174192279e+01	9.421843028107154683e-02	-1.497026835099418349e+02
5.375270137997677722e+00	4.264443610261660922e+01	-2.750451436880239561e-03	-1.487525083860685129e+02
5.381769983045385786e+00	4.264695640513335917e+01	1.811684631093548811e-02	-1.488122911077175559e+02
5.387701030372958222e+00	4.294513662249225661e+01	-3.123692782618123914e-02	-1.497737920778210992e+02
5.393786668001271600e+00	4.351498521835105038e+01	1.105602441033963768e-01	-1.519691181777172062e+02
5.400446161099396569e+00	4.470424875687162114e+01	-1.219869967773892783e-01	-1.559488699754212462e+02
5.406957063684501463e+00	4.451462505072368003e+01	-2.583808658670626313e-02	-1.554039901993180308e+02
5.412655672453426270e+00	4.616069351051898906e+01	-2.876693943228070260e-02	-1.611212154184627252e+02
5.418821279260546575e+00	4.498199074808336206e+01	1.812332547946792285e-02	-1.571403959658386498e+02
5.425690594366304076e+00	4.608867237727179855e+01	2.032120853682225017e-02	-1.610455107894458706e+02
5.432217487502165376e+00	4.705657860728082653e+01	-1.229394125006531280e-01	-1.643003470266153272e+02
5.437649811577258241e+00	4.627928740325246082e+01	6.660271779143442372e-02	-1.617390741557871365e+02
5.443914404015878006e+00	4.776106228366710837e+01	-1.816476578247542065e-02	-1.669136845954263606e+02
5.450953501686320202e+00	4.869425958329442494e+01	-1.135746853084148855e-01	-1.701124580026266813e+02
5.457483690405861232e+00	5.028662995972078420e+01	-2.101027821991087105e-02	-1.757981198263813098e+02
5.462715250135157241e+00	4.914464544413095126e+01	-8.440415226747308153e-02	-1.717066723064113205e+02
5.469033575551323523e+00	5.068952417041731451e+01	7.533207260525137672e-02	-1.773321535748854672e+02
5.476177730420278778e+00	5.039345970851640288e+01	1.485894203085511706e-02	-1.762616062643471935e+02
5.482708935702562236e+00	5.252714839964039584e+01	9.485217061680541184e-02	-1.838365426594417613e+02
5.487722405008360838e+00	5.425033991938202149e+01	7.963273193159858820e-02	-1.898159996389396156e+02
5.494194284996126498e+00	5.540612890125203904e+01	1.605409371327773047e-02	-1.938415000652643130e+02
5.501391471009256406e+00	5.536554674224930750e+01	-2.878574521817386586e-02	-1.936626149303524471e+02
5.507128202673079009e+00	5.325983850720498936e+01	4.071873044293564808e-02	-1.863911635832548654e+02
5.512278020050448646e+00	5.442632953520519123e+01	-1.370108820377907155e-01	-1.902923951699532950e+02
5.519395563377015534e+00	5.211450852283156365e+01	9.592421703936741817e-02	-1.824536383530101773e+02
5.526598678609708770e+00	5.764734782790038992e+01	7.830339979885954371e-02	-2.018098301005570931e+02
5.532162682462509196e+00	5.182895309022811858e+01	2.996416464900371682e-02	-1.814077167041772896e+02
5.537397124017139127e+00	5.413266268854287233e+01	8.249025779379559609e-02	-1.895272160388923339e+02
5.544582756485218589e+00	5.803155450472185350e+01	1.338464953301452820e-01	-2.032327258163564352e+02
5.551739327507637434e+00	6.254721510493251913e+01	-2.855709158884191592e-02	-2.188794124861364310e+02
5.557493306674907707e+00	5.790673362207785146e+01	-1.396805211816834758e-01	-2.025287211056973717e+02
5.562281709102816940e+00	5.877823296627277472e+01	3.570755110287471279e-02	-2.057564469944970824e+02
5.569272720323164449e+00	2.774850179777907755e+01	6.127205172774888992e-02	-9.718075843043600059e+01
