8.899641224696953554e-03	9.413829038713937507e+02	1.901797076710996066e+02	-1.751671627248593722e+03
1.507912216506557788e-02	1.371529295813579893e+03	8.748820994181677406e+02	-1.800906831990339754e+02
2.144790186456836667e-02	1.463175642397856109e+03	1.310961807344178851e+03	-1.259489341413485306e+02
2.783660776489276650e-02	1.968401668734556097e+03	2.542905407640557769e+03	6.375472204585613554e+02
3.435099785803411021e-02	1.544060595805612820e+03	1.794065770913156939e+03	-2.965638462622216593e+02
4.047886761425745911e-02	1.366062154342229860e+03	1.365473514552068764e+03	3.024793218877085224e+02
4.676716683575679601e-02	1.367879997382096008e+03	1.599704127001899224e+03	7.359312272852938008e+01
5.308225101765951665e-02	1.215520718880757386e+03	1.381503677844400045e+03	4.469104098207826041e+02
5.945362440940590160e-02	1.131077389108460011e+03	1.022025004171596606e+03	-8.103879518046777974e+00
6.576224814588792211e-02	1.046883954137704904e+03	1.018459629260988095e+03	2.811646600444611863e+02
7.196632906698736953e-02	9.324075789137659740e+02	7.162441837782546372e+02	-8.853307773325748542e+01
7.827860915688347743e-02	9.794907849421292667e+02	8.221268280615312278e+02	-4.098803735844872165e+01
8.470398945834539672e-02	9.329369153838796365e+02	8.916485689440889928e+02	2.176590641457785580e+02
9.096854620527369817e-02	8.608569532451621171e+02	8.204553888510199613e+02	1.428522101518171041e+02
9.720789776830213169e-02	8.058319711641553340e+02	8.071436895964269524e+02	4.531666180023411528e+01
1.034763038959366499e-01	7.049958894078745288e+02	6.755273884778671345e+02	5.570599199754635578e+01
1.097576444254559219e-01	6.224988936300680962e+02	6.166341406805167935e+02	3.773406190579110842e+01
1.160543084780093354e-01	5.602887548475406447e+02	5.231440990263751019e+02	1.361688461501629206e+02
1.223669666537485351e-01	5.491607279259060306e+02	5.176130006280542375e+02	6.822840478136117781e+01
1.286817263090294094e-01	5.222587057898067542e+02	5.199636686804415149e+02	2.759270873180633998e+01
1.349500801664080818e-01	5.348460827297067226e+02	5.481195871974470037e+02	7.951391314061284277e+01
1.411949558842147678e-01	4.952137018030565514e+02	5.028589904663853076e+02	9.827791612486537076e+01
1.475133575747468451e-01	4.771390722397995887e+02	4.588378791102078367e+02	2.545483664238076926e+01
1.537865074252268427e-01	4.447114864799421525e+02	4.376333068621023017e+02	6.490232960468229351e+01
1.600657544051110326e-01	4.224430855049491242e+02	4.212769020297388352e+02	4.091972670961570913e+01
1.663991168687080635e-01	3.918841918222603340e+02	3.825650522890167622e+02	7.106917805011113387e+01
1.727195645776442856e-01	3.628023543856618858e+02	3.530586293411274710e+02	5.324649869516594691e+01
1.789765213377084718e-01	3.440814970870236493e+02	3.365246130944743186e+02	6.524712103954574616e+01
1.852353690647852158e-01	3.160325532723749689e+02	3.124925171608369965e+02	2.318593972576644546e+01
1.914806787341157279e-01	3.007081684465900935e+02	2.938714962026515991e+02	2.777353994108196744e+01
1.977889868651535599e-01	2.966681928720537371e+02	2.960277554503416582e+02	5.689766068772041052e+01
2.040937735447724277e-01	2.791422517026184664e+02	2.729271619581414257e+02	4.147427083189840147e+01
2.103939302609846018e-01	2.760594054348431996e+02	2.600760324202119023e+02	4.328329148439075880e+01
2.166909709822301688e-01	2.669387130906248444e+02	2.407009807159129195e+02	2.798015199037435252e+01
2.229700281216152047e-01	2.624160222994486844e+02	2.549361975267314619e+02	3.297147645905629076e+01
2.292620027086341994e-01	2.459707307295861369e+02	2.235675128273538235e+02	1.674588153754396913e+01
2.355141508366812297e-01	2.352767389993371410e+02	2.299297415954966368e+02	4.918446690693158274e+01
2.417910583817859116e-01	2.226179049934936813e+02	2.119453466607714915e+02	4.071910565145565641e+01
2.480856539439619257e-01	2.112438555480448770e+02	1.994947170793659836e+02	7.816842614543127787e+00
2.543492256872954549e-01	2.048356506434500091e+02	2.036096680406860457e+02	4.985908420678698860e+01
2.606334251884805386e-01	1.918354733940352617e+02	1.870073896768916768e+02	3.455806989904580462e+01
2.669257370896960802e-01	1.897719485985395238e+02	1.868788474960119856e+02	3.778206565525397309e+01
2.732423343141155980e-01	1.808203412688847607e+02	1.742412040345797664e+02	3.333036214494585892e+01
2.795529680084415936e-01	1.744012176454003509e+02	1.707889312209047148e+02	5.025250847474588767e+01
2.858366292314493129e-01	1.699776824342763462e+02	1.630545246901863550e+02	3.325758143975392045e+01
2.920876271394311496e-01	1.647293656933992168e+02	1.580919685312327942e+02	3.216049554693387336e+01
2.983449844439822751e-01	1.603262931856883995e+02	1.523511497923909985e+02	3.826370822076538758e+01
3.046382639407197446e-01	1.514408873284510264e+02	1.445172234483090392e+02	2.845123451606319875e+01
3.109279127003197196e-01	1.483067175872375572e+02	1.411424229861014226e+02	3.204482024169423937e+01
3.172168171618398036e-01	1.415078329578109049e+02	1.349918193231455632e+02	3.497604604123663563e+01
3.235187567944423082e-01	1.352271809761826660e+02	1.277976231007228023e+02	2.650325291050203447e+01
3.298168217550395687e-01	1.330881716255009621e+02	1.322394768972033603e+02	3.129737064822819192e+01
3.361176429457156667e-01	1.290449927729169417e+02	1.260142628172157799e+02	2.718718265908445986e+01
3.423700375709273769e-01	1.237095952832760588e+02	1.161001309790716647e+02	2.609978933824404379e+01
3.486478192666269682e-01	1.206804965867850257e+02	1.130437313107965167e+02	2.321447593435811996e+01
3.549411614411318028e-01	1.181186929797043490e+02	1.107106011577710234e+02	2.992534950026441365e+01
3.611916935421040642e-01	1.157082865365091351e+02	1.093050148946826567e+02	3.108410916903533305e+01
3.674767089563572564e-01	1.112763476260277002e+02	1.069824771613025973e+02	3.374035241527479911e+01
3.737647795277591056e-01	1.081213221396424871e+02	1.008074314985922086e+02	2.655887794824577952e+01
3.800654031475132477e-01	1.038710082088461064e+02	9.494167309314663328e+01	2.043761883553098357e+01
3.863539861259823738e-01	1.007481814531931548e+02	9.013537007730994333e+01	2.149431052159530964e+01
3.926140181364449755e-01	9.893607619270608211e+01	9.537630836023043912e+01	2.816681049384918367e+01
3.989264500321934581e-01	9.629867482097277787e+01	9.099154803354542764e+01	2.301330909109243450e+01
4.052073244576828714e-01	9.494588639474187630e+01	9.159256803304693051e+01	2.616781992028854020e+01
4.114916477570477182e-01	9.123212053052763792e+01	8.713794575075067428e+01	2.614955754706940638e+01
4.177814272116491257e-01	8.833642050935223722e+01	8.420214202454195629e+01	2.401092310546216169e+01
4.240400648725131116e-01	8.693093410803766119e+01	8.100984635896331554e+01	2.274339394069971476e+01
4.303425690270192283e-01	8.396018471888261558e+01	8.048664900740084249e+01	2.193496460976902185e+01
4.366358560255625965e-01	8.213790905018345256e+01	7.889896103586323761e+01	2.821805907724977658e+01
4.428996183220763605e-01	8.030043871077857887e+01	7.569982027898080901e+01	2.279519347577508981e+01
4.491634418529859563e-01	7.820862769205864140e+01	7.318412535014624609e+01	2.093208765562114948e+01
4.554414146254732731e-01	7.589074488648648753e+01	7.148960161919114853e+01	2.058661820004450860e+01
4.617634470301058558e-01	7.381463131792372678e+01	6.742329921314984631e+01	2.193609641729918280e+01
4.680644242023710433e-01	7.176521632842829490e+01	6.753673722339554786e+01	2.430769612622105313e+01
4.743485242764365895e-01	7.025061154105600281e+01	6.481191309192381311e+01	1.864429901350822405e+01
4.806356136815400082e-01	6.869380073437379508e+01	6.288909921528428981e+01	1.829301385077745934e+01
4.869019258388697646e-01	6.709296844164654772e+01	6.178665467750713702e+01	2.143314157234220829e+01
4.931697099599955947e-01	6.527335472615958167e+01	6.026200459941488674e+01	1.881290494936309798e+01
4.994506747144535908e-01	6.393026409710171976e+01	5.877144772468978573e+01	1.877865855706522780e+01
5.057159051335421429e-01	6.229275047567957557e+01	5.742611584298044392e+01	1.913295058184914055e+01
5.119923996268095356e-01	6.124389112715562078e+01	5.594691507925493568e+01	2.058307995284248193e+01
5.183126097768406826e-01	5.935349929273881031e+01	5.372643820109413326e+01	1.731059113707466679e+01
5.246089638029100000e-01	5.869645898765589465e+01	5.418781499946562974e+01	2.057087150534312059e+01
5.308757308483337267e-01	5.683465881152669397e+01	5.232618822542319492e+01	1.716687149987064487e+01
5.371573527946726934e-01	5.609104701254653236e+01	5.206704318815657473e+01	2.061503357856226515e+01
5.434579563783791256e-01	5.471737774287318956e+01	4.972861676912378215e+01	2.036363209537739039e+01
5.497430652392217842e-01	5.320954591411783241e+01	4.776792494586746329e+01	1.641451303132357253e+01
5.559937427501778773e-01	5.296446898862924968e+01	4.938979797561817975e+01	1.825444998201928826e+01
5.622854676609657654e-01	5.109180764573302014e+01	4.663671430336695778e+01	1.861333287488027821e+01
5.686011537227265711e-01	4.978207767056089494e+01	4.525101205343830912e+01	1.655771977211593793e+01
5.748804589422079614e-01	4.881361591430087543e+01	4.324258281635736267e+01	1.617747683504303069e+01
5.811550210340560296e-01	4.823864792608204510e+01	4.353384826956634157e+01	1.763054533156791237e+01
5.874394496660968468e-01	4.668910849110019967e+01	4.088564131199118634e+01	1.626938036358651374e+01
5.937176220296899176e-01	4.614159060596978890e+01	4.207098065651919683e+01	1.727150119396301520e+01
5.999971954793682505e-01	4.479623635431085660e+01	4.020322056359170659e+01	1.696106668239935189e+01
6.062679115124277596e-01	4.377948385065956671e+01	3.909170379678303675e+01	1.548009761799876038e+01
6.125469576444534381e-01	4.311014163555982748e+01	3.753702147962044933e+01	1.553529125799341415e+01
6.188477733041515272e-01	4.249262119890074985e+01	3.755413370849090882e+01	1.538481917900383422e+01
6.251310567437898813e-01	4.146605766295343898e+01	3.671795614293058918e+01	1.667574459142617727e+01
6.314027450383210560e-01	4.041424161925821323e+01	3.567964100829962604e+01	1.573427868390742823e+01
6.377003562732055375e-01	3.983275913121241985e+01	3.566218163992499512e+01	1.472152269906623090e+01
6.439857783314556494e-01	3.930993974432110605e+01	3.448004804183036498e+01	1.557951002935840101e+01
6.502685417166111925e-01	3.807318106999183271e+01	3.284376287749088164e+01	1.421092406599968783e+01
6.565586117699038216e-01	3.762075658539207268e+01	3.256387362740220226e+01	1.473967333177809458e+01
6.628369282359254377e-01	3.652570814551013001e+01	3.112770146640225377e+01	1.345237572012162808e+01
6.691185444962194362e-01	3.617740272400799029e+01	3.169411863060490120e+01	1.391267217012363488e+01
6.754070198575605755e-01	3.556447884647002411e+01	3.076221103321535111e+01	1.434958054368077285e+01
6.816835514593204692e-01	3.473974248122809172e+01	3.000174239630830186e+01	1.452054123949359266e+01
6.879592533861698112e-01	3.419647239451433762e+01	2.971630579734506838e+01	1.367688253984793256e+01
6.942344317039531587e-01	3.342555368032724061e+01	2.832869502761161939e+01	1.359894105081276727e+01
7.005175402434737908e-01	3.301495865647110861e+01	2.872435717735888261e+01	1.399407826150942391e+01
7.068124956608716758e-01	3.211025003386946963e+01	2.723341883883540859e+01	1.308806605381134958e+01
7.131019009674921527e-01	3.180206148025499502e+01	2.709887832222156234e+01	1.317070056128877198e+01
7.193918251171427247e-01	3.093376791257793101e+01	2.632371712388519924e+01	1.279936698016426178e+01
7.256833807598113140e-01	3.056341129239390142e+01	2.595134831883018123e+01	1.355453095206929781e+01
7.319652682709349989e-01	2.994402205488275825e+01	2.526463573827608755e+01	1.153831663356385384e+01
7.382507990484923344e-01	2.961209138288349862e+01	2.513568436011178164e+01	1.348973939086876683e+01
7.445265842115937893e-01	2.904352993902613989e+01	2.429625289815193412e+01	1.229739576260568334e+01
7.507871101942712455e-01	2.843615359124876818e+01	2.413092733303771453e+01	1.255336495636523608e+01
7.570758465316046459e-01	2.780218952901692120e+01	2.295047230415703154e+01	1.173404001281546805e+01
7.633641233600957365e-01	2.750687418190456413e+01	2.251177722224383970e+01	1.220522463353395537e+01
7.696462959862266917e-01	2.697833304299887303e+01	2.229751622893263985e+01	1.237424240234449258e+01
7.759394865175414102e-01	2.667249959452442098e+01	2.171459231765800624e+01	1.213055815442876906e+01
7.822329141989586843e-01	2.617006498287695138e+01	2.157391427400289530e+01	1.257458907558794969e+01
7.885314936520240181e-01	2.565158737114388643e+01	2.101439898638242454e+01	1.159701607086657660e+01
7.947896566979522071e-01	2.531777858796391456e+01	2.054712149723168224e+01	1.152262059027638941e+01
8.010491096592354809e-01	2.475582403173679680e+01	1.977774805041305939e+01	1.198273013287416155e+01
8.073364061727361651e-01	2.446680624837109974e+01	1.967845262994018896e+01	1.120318753773620379e+01
8.136229488373866170e-01	2.406837617359186510e+01	1.933090616580858168e+01	1.133605633327307594e+01
8.199152998961036776e-01	2.351629147311432888e+01	1.934789758028781392e+01	1.175488136833735275e+01
8.261952636392789762e-01	2.313415506805205979e+01	1.862396901904807223e+01	1.071157753215323538e+01
8.324897070080405914e-01	2.278282909940963208e+01	1.818178863266908962e+01	1.125886384856963218e+01
8.387959309210778480e-01	2.235812575482521325e+01	1.813099196056624862e+01	1.086722211605152566e+01
8.450634639703045181e-01	2.207295051667404095e+01	1.735932192834764720e+01	1.060710038187898441e+01
8.513282867562648182e-01	2.168976662787271792e+01	1.715627034872360213e+01	1.063809731175179962e+01
8.576198263902009566e-01	2.136180397889215854e+01	1.679974031183703076e+01	1.082867990361358679e+01
8.639058477062415697e-01	2.107725869866115787e+01	1.663625023176389206e+01	1.056982838891168264e+01
8.701838745487597837e-01	2.075254224873481235e+01	1.646102245186083834e+01	1.059816321150740492e+01
8.764641096075268534e-01	2.042468578987826078e+01	1.608960029900421773e+01	1.041313707895081286e+01
8.827503873399735745e-01	2.021377772959773367e+01	1.576677053236532977e+01	1.002408742300112543e+01
8.890332768393869323e-01	1.985871580877620701e+01	1.554081224417922691e+01	1.000807545641868579e+01
8.953084247113127780e-01	1.939858876077879657e+01	1.475251857855049664e+01	9.643668697813795987e+00
9.015956521667095602e-01	1.905777734586981254e+01	1.484270337257885508e+01	9.742121044685859488e+00
9.078833328094829680e-01	1.896450954742371664e+01	1.460827097379393535e+01	9.809548935195691044e+00
9.141744106319863450e-01	1.860554708100029941e+01	1.450854891923619583e+01	9.809992697163055553e+00
9.204630817717615043e-01	1.830997461890861544e+01	1.395721871630354194e+01	9.725618170266658424e+00
9.267434415264711456e-01	1.807017048399707448e+01	1.384820250059256885e+01	9.345419809549323276e+00
9.330324197354928906e-01	1.777327654478438035e+01	1.360514088031487390e+01	9.647961106951907340e+00
9.393265785573878812e-01	1.747639573711543193e+01	1.312847915982371916e+01	9.617668674075749990e+00
9.455974810398196650e-01	1.727080336344418754e+01	1.302917434919593553e+01	9.392595999646541571e+00
9.518660018545171964e-01	1.705840320012524813e+01	1.301602570851529350e+01	9.507198305039471720e+00
9.581413255531838757e-01	1.668274141373198560e+01	1.234071019512027867e+01	8.807371659520772056e+00
9.644350945109106954e-01	1.653740394879309505e+01	1.222235906281175311e+01	8.986050977340070745e+00
9.707355633568249820e-01	1.621963276712462232e+01	1.198352015232000589e+01	9.150747503614406142e+00
9.770080768450029041e-01	1.602646067556438325e+01	1.189089578107502021e+01	8.860209160962401853e+00
9.832823325363413414e-01	1.582263336324561642e+01	1.177580490164221416e+01	8.891980399392569012e+00
9.895569691966674686e-01	1.563674840638855912e+01	1.143272721398287040e+01	8.551791640893970481e+00
9.958456301921106979e-01	1.540948412281418989e+01	1.132314539107257545e+01	8.492485261843837563e+00
1.002136210743837408e+00	1.516989261123402777e+01	1.112315875524430631e+01	8.592436892001286353e+00
1.008404825335135424e+00	1.499307492201198144e+01	1.095750627901944618e+01	8.551922607681495592e+00
1.014694149836243398e+00	1.481593858607700831e+01	1.082749712414211452e+01	8.557227557954405484e+00
1.020992555437297167e+00	1.453450701754980301e+01	1.048264753616110667e+01	8.409434022031392786e+00
1.027273980437394485e+00	1.434300699483770103e+01	1.023318927268837797e+01	8.368404393143908493e+00
1.033559181896017254e+00	1.419274663397290404e+01	1.040597662508816512e+01	8.389054618184490053e+00
1.039847557392594934e+00	1.399548508134912339e+01	9.913847295808050575e+00	8.177262499479088120e+00
1.046126974943305088e+00	1.377197331318081552e+01	9.883514579917587639e+00	7.996186570199677490e+00
1.052403436811028659e+00	1.358029102097978580e+01	9.682718431235757706e+00	7.971078180472614072e+00
1.058680704651608684e+00	1.339387605056625041e+01	9.437486155408539190e+00	8.080946069445522184e+00
1.064964333065789193e+00	1.323838468439820026e+01	9.432847170269932136e+00	7.933660398620301812e+00
1.071256777440835473e+00	1.303363789092615121e+01	9.184212704718303755e+00	7.892214305372454497e+00
1.077544048801078125e+00	1.292294032463892073e+01	9.299116236598111485e+00	8.124047708941381174e+00
1.083824820188043603e+00	1.272908689556013151e+01	9.127791400387360810e+00	7.772018410674566447e+00
1.090108023942816695e+00	1.260677860971324549e+01	9.113232236648073581e+00	7.908705164418164735e+00
1.096389665956643222e+00	1.238830420628396389e+01	8.629157153410284664e+00	7.645914061989707911e+00
1.102681132058841440e+00	1.224122451622333507e+01	8.642011067414600234e+00	7.723832180558835248e+00
1.108963047594879958e+00	1.209361042173385314e+01	8.549742522071079875e+00	7.460219352440061513e+00
1.115225428463759272e+00	1.193178305092112090e+01	8.302504268341506233e+00	7.439974256300517119e+00
1.121502127614767863e+00	1.180740524051619644e+01	8.292681078481932033e+00	7.704338053086506655e+00
1.127792573824792033e+00	1.171106563010032708e+01	8.383147998351736518e+00	7.673342294253842510e+00
1.134089552668382961e+00	1.153710690758589053e+01	8.202316948462831547e+00	7.721260574750783867e+00
1.140364049650405942e+00	1.139036834282236832e+01	7.992458083691253989e+00	7.379580615356361228e+00
1.146639180320979445e+00	1.123643267996955508e+01	7.932726097772335727e+00	7.547335883548051960e+00
1.152942412991649901e+00	1.109184572172360816e+01	7.721511622762813332e+00	7.330630671370404805e+00
1.159228906751078814e+00	1.097370921063356519e+01	7.626657155806738864e+00	7.225367188233495774e+00
1.165508721887268173e+00	1.077457965653519700e+01	7.427115489830203643e+00	7.134508912344063702e+00
1.171793076256210320e+00	1.074954023710403028e+01	7.506102139846135834e+00	7.200981158914797398e+00
1.178087436369658958e+00	1.062312463415654840e+01	7.384234862273573619e+00	7.284003070680331149e+00
1.184367654251526902e+00	1.050584785280292799e+01	7.331493848918219314e+00	7.136874506230259207e+00
1.190634642299266632e+00	1.034965029964708982e+01	7.192630075670772172e+00	7.111476414285921699e+00
1.196912208834400859e+00	1.026466526510194122e+01	7.137240123184678708e+00	7.163201559186964218e+00
1.203201577354146234e+00	1.014569363392996237e+01	7.101359726404587569e+00	7.096954626639547570e+00
1.209486844441705733e+00	1.001665968661062678e+01	6.957891420122877868e+00	7.017789182783568336e+00
1.215763902074809888e+00	9.960970009451402873e+00	6.907159789800241256e+00	7.017929095664015016e+00
1.222049755171146668e+00	9.804780438107748353e+00	6.771590730184961160e+00	6.904456660652717126e+00
1.228340616621486969e+00	9.731207749899748904e+00	6.826948708249875430e+00	7.025313173738704897e+00
1.234632986576932767e+00	9.614738563700910845e+00	6.676862333971315344e+00	7.013980024147788761e+00
1.240902247176856488e+00	9.505909658500444337e+00	6.635655329437571304e+00	7.099351174908473894e+00
1.247174839144687519e+00	9.417659294877937626e+00	6.524167970635057046e+00	6.784369244737217919e+00
1.253465459933442272e+00	9.301700501033685953e+00	6.483567263325834773e+00	7.034262901115617694e+00
1.259749951892178421e+00	9.230760319797035152e+00	6.453178283010319483e+00	6.803929564769910954e+00
1.266032143127253873e+00	9.103412482445008891e+00	6.312277383948464049e+00	6.793436467812774993e+00
1.272316288472006507e+00	8.987341500781729664e+00	6.243943736947262124e+00	6.797094077895775577e+00
1.278604155058621350e+00	8.952219174961671300e+00	6.280681356494162593e+00	6.845899631279202424e+00
1.284886588933593865e+00	8.881180596583071463e+00	6.321041332917729960e+00	7.041548412027095694e+00
1.291175420066583257e+00	8.742042048198253923e+00	6.092693357093307505e+00	6.728160832830615945e+00
1.297465726373772332e+00	8.702465223119292048e+00	6.208687556355694248e+00	6.865136708605989568e+00
1.303741827011944299e+00	8.576311054984488536e+00	6.084682561840184967e+00	6.743536192131315055e+00
1.310017322922761851e+00	8.525351091937812598e+00	6.107461925820737214e+00	6.818603117959098014e+00
1.316301447662886703e+00	8.464477283384704620e+00	6.027308142919001632e+00	6.844388558197097794e+00
1.322586760363303249e+00	8.357410728441818648e+00	6.025057945373273327e+00	6.804767033286517552e+00
1.328865492452874664e+00	8.264712454368195793e+00	5.823226785561940844e+00	6.702323300088514735e+00
1.335144804954555564e+00	8.224840050337880015e+00	5.829908362624039775e+00	6.832185710557586944e+00
1.341440516272275119e+00	8.129954574925314148e+00	5.866201514501989678e+00	6.828324714273852791e+00
1.347730868417094552e+00	8.073034650541801582e+00	5.874060995052794887e+00	6.757631775403639018e+00
1.354001589994877630e+00	7.978942242443305410e+00	5.693758409149029198e+00	6.847043249003194276e+00
1.360282609297778444e+00	7.908138715686490627e+00	5.738307625573961346e+00	6.856644991861506888e+00
1.366565686457597906e+00	7.886719708928408679e+00	5.739041131669607942e+00	6.904451255872633197e+00
1.372851498482432708e+00	7.778848419707474982e+00	5.617191776779321799e+00	6.796013660560072722e+00
1.379135372929401804e+00	7.746064236300496120e+00	5.707210519711320984e+00	6.978828884052153292e+00
1.385409567149057164e+00	7.662061934586392731e+00	5.615588072621412685e+00	6.768051120970186574e+00
1.391698641219299315e+00	7.589849114177977363e+00	5.524575472393841835e+00	6.731668722777039982e+00
1.397984451439470810e+00	7.561698076823307524e+00	5.613405150804677390e+00	6.774056954205491365e+00
1.404267883409181961e+00	7.506345426968781709e+00	5.642950830415290220e+00	6.989706569198331110e+00
1.410554779484869181e+00	7.428668301538269958e+00	5.548434590406748690e+00	6.784743391755433173e+00
1.416837833547465397e+00	7.362445458517536956e+00	5.519541331724824751e+00	6.893176449240457693e+00
1.423118177187137068e+00	7.327225128204792881e+00	5.553864887378253457e+00	6.890525956775998218e+00
1.429397801164240089e+00	7.257166413859319931e+00	5.460593937065424619e+00	6.816000515490986622e+00
1.435686921822787232e+00	7.210887605152863422e+00	5.435678038587633765e+00	6.846881666753803941e+00
1.441977121769299597e+00	7.167037896945750219e+00	5.517833965083195125e+00	6.944384747235701205e+00
1.448253667853332427e+00	7.113052234326004530e+00	5.455174025252445880e+00	7.003141339400000831e+00
1.454532348972172651e+00	7.052221925582147222e+00	5.456138175951338098e+00	7.070075358006994826e+00
1.460819319151879903e+00	7.023409661482167721e+00	5.538409694412083972e+00	7.030085942327137793e+00
1.467110364402026468e+00	6.965755094027301197e+00	5.427743069844866319e+00	7.044088187760471520e+00
1.473392908948962132e+00	6.928630552430104395e+00	5.391252627520066731e+00	7.080076017960864831e+00
1.479669965243598950e+00	6.894081095799620584e+00	5.432996594986601480e+00	7.189597846369098377e+00
1.485956144602843532e+00	6.839115054479464995e+00	5.431065305489435779e+00	7.092440481346977244e+00
1.492233610763115115e+00	6.795842444055828047e+00	5.344120362757674769e+00	7.181980663717887126e+00
1.498502470379980078e+00	6.755006818137374580e+00	5.376423519926185612e+00	7.082193221437116826e+00
1.504785752051182701e+00	6.713281137724830927e+00	5.380060684721172493e+00	7.095850513535685522e+00
1.511075991894575976e+00	6.671078111429208590e+00	5.368161736692774078e+00	7.095381734398451101e+00
1.517361634985162189e+00	6.648884096497150509e+00	5.427322594458629190e+00	7.285827026827488062e+00
1.523648570969130533e+00	6.594259657742331804e+00	5.287537973864043117e+00	7.218918598800241782e+00
1.529938035715892264e+00	6.572393141823645202e+00	5.345631145817308472e+00	7.305922138230301677e+00
1.536230176913891965e+00	6.532144539356734114e+00	5.363794362936587845e+00	7.220489850739409299e+00
1.542510718779388279e+00	6.510638802513439849e+00	5.386236795551744727e+00	7.356858846962047949e+00
1.548783963082980275e+00	6.487407554707058210e+00	5.445419809250878984e+00	7.396136203376626916e+00
1.555073069779651318e+00	6.429397991288474223e+00	5.321913509590141089e+00	7.371170050041024879e+00
1.561357324927233892e+00	6.409991656012390848e+00	5.352786427289383475e+00	7.365810526477853060e+00
1.567629121053141006e+00	6.361682051375416869e+00	5.428459259908906098e+00	7.475968561705114368e+00
1.573913697404382583e+00	6.353921791187741697e+00	5.329940177084266040e+00	7.482662818723921028e+00
1.580203545230874029e+00	6.331362215395709647e+00	5.418762948040034111e+00	7.478392993104945319e+00
1.586485393434537983e+00	6.277298460542645842e+00	5.338405633116329874e+00	7.558799702970102175e+00
1.592760014263005841e+00	6.280612699937928589e+00	5.354542761895054959e+00	7.605277637086405917e+00
1.599046436394670812e+00	6.219937952954029292e+00	5.339239336087614696e+00	7.547542660926314539e+00
1.605342136637478934e+00	6.216010160359729753e+00	5.326628393786662308e+00	7.769012619698843380e+00
1.611619860919608627e+00	6.191948131302692282e+00	5.354519183546747385e+00	7.700544173231554268e+00
1.617897597081673799e+00	6.171187620280536912e+00	5.368105725764445779e+00	7.796720886614918022e+00
1.624183235481122756e+00	6.137527163942851693e+00	5.356675446010843444e+00	7.748040482275971641e+00
1.630464598531913722e+00	6.124731753553848357e+00	5.404817552666141722e+00	7.856982902040490657e+00
1.636748985747638274e+00	6.076704751999604248e+00	5.346431454530236493e+00	7.847319887679806705e+00
1.643030923698886259e+00	6.078978029787843518e+00	5.408061784770051617e+00	7.906483259470205915e+00
1.649309176648513064e+00	6.075096744947593663e+00	5.384865455303437187e+00	8.025261727217543495e+00
1.655593633940351861e+00	6.037921079085167619e+00	5.351932171876012667e+00	7.908309033845510427e+00
1.661879571405086464e+00	6.037249073356131923e+00	5.392781365408758631e+00	8.078371672121170022e+00
1.668169361685170271e+00	6.017118621159358582e+00	5.399340657249933173e+00	8.117903143693222745e+00
1.674450151530487485e+00	5.996578769817089594e+00	5.422392378374754962e+00	8.213170023047396739e+00
1.680722718978495900e+00	5.961517833019407853e+00	5.325608445007387282e+00	8.129602842101787630e+00
1.687013891340952476e+00	5.951897221355369361e+00	5.354578050472603046e+00	8.136534152240944451e+00
1.693308984907921033e+00	5.939509417834494265e+00	5.356652262844732171e+00	8.203106160011147452e+00
1.699582147428448486e+00	5.926674201119791263e+00	5.402201424445768119e+00	8.323260007976031716e+00
1.705863747055134105e+00	5.927200901162209767e+00	5.374285492784392382e+00	8.312361056816962801e+00
1.712154434283889470e+00	5.905578263273910444e+00	5.409075975398259573e+00	8.381957882280600458e+00
1.718438381579399321e+00	5.879432144455788212e+00	5.362261807831928628e+00	8.297468893956837732e+00
1.724721264464063930e+00	5.882811914872482895e+00	5.421734083297930162e+00	8.462386420410977550e+00
1.730997441276920679e+00	5.888464945331611133e+00	5.449399655814610277e+00	8.669238257022493954e+00
1.737287073528269499e+00	5.855369581298815795e+00	5.392194045666951929e+00	8.531567752053396347e+00
1.743567991878527401e+00	5.852570454541986322e+00	5.344233844111360376e+00	8.631637025952331399e+00
1.749840680212231048e+00	5.854469157328471951e+00	5.383410112540388148e+00	8.683110624430874225e+00
1.756128549091961144e+00	5.850155589266617717e+00	5.460976488022691200e+00	8.834080524716513949e+00
1.762413535324792502e+00	5.821618975893122716e+00	5.282445083775497707e+00	8.631898808035646908e+00
1.768696187669963837e+00	5.821159675906821818e+00	5.363047288499747545e+00	8.763404797043499173e+00
1.774979359379055266e+00	5.827100969044036738e+00	5.310224700798728215e+00	8.785172413570483840e+00
1.781265555576432957e+00	5.804794943250835892e+00	5.346897374341277320e+00	8.826532834052679632e+00
1.787549427830244619e+00	5.797047953579416379e+00	5.301920470859800005e+00	8.846532866834355247e+00
1.793834120011633004e+00	5.783740371915312650e+00	5.339884011466573099e+00	8.850536375557684465e+00
1.800115051552487300e+00	5.815306395139377749e+00	5.375681980808367122e+00	9.131138128437422452e+00
1.806393904854530330e+00	5.799452681566386936e+00	5.345317121013870576e+00	9.043667141273900256e+00
1.812674089667083432e+00	5.788013326727956098e+00	5.306180658814258599e+00	9.058565802574419124e+00
1.818956920109354058e+00	5.781267069586634832e+00	5.320996847496434867e+00	9.070662865694673727e+00
1.825244164118212220e+00	5.805383468028866290e+00	5.311388427899840003e+00	9.191739399197286886e+00
1.831527256642196955e+00	5.779417861771158016e+00	5.317585054251568799e+00	9.223624064424056357e+00
1.837811294935716599e+00	5.793050971204205979e+00	5.311766256115295626e+00	9.261749595266410395e+00
1.844100717411196744e+00	5.787432262310475473e+00	5.295813589451550563e+00	9.316477570126613372e+00
1.850384816792487230e+00	5.804636171391405419e+00	5.264711392248134558e+00	9.394195143195299025e+00
1.856666059735203822e+00	5.775227501062742519e+00	5.193803458332602929e+00	9.324746948400040480e+00
1.862947728675613979e+00	5.795168226778212528e+00	5.255695025593205116e+00	9.505819332839596569e+00
1.869229324466858078e+00	5.777991309790100338e+00	5.267671019751430705e+00	9.441556792329354408e+00
1.875517616802973686e+00	5.799494153790487161e+00	5.232031540162451755e+00	9.550997823230582995e+00
1.881800769033795229e+00	5.783485035389865025e+00	5.182830468333820662e+00	9.537352143350666722e+00
1.888078863416442710e+00	5.809538896575646483e+00	5.188886763202579466e+00	9.622124234540262222e+00
1.894353975182237582e+00	5.811535002836059505e+00	5.135460350076631819e+00	9.686257886943552720e+00
1.900642716154182565e+00	5.783396446367643051e+00	5.103325730628063717e+00	9.539763400226348722e+00
1.906933494748685121e+00	5.795179295333029224e+00	5.082633703825245597e+00	9.645118495046887119e+00
1.913207568676573933e+00	5.814629571326676682e+00	5.087453177907106827e+00	9.727158655206016746e+00
1.919490884732178992e+00	5.827407027489318381e+00	5.083025173618932691e+00	9.785360316709050821e+00
1.925776855684274480e+00	5.843453192042576738e+00	5.133268224427308013e+00	9.932386229151095591e+00
1.932064452961978152e+00	5.826038026900936195e+00	5.020475647380378881e+00	9.786376142212130702e+00
1.938342610030488800e+00	5.833236133572913928e+00	4.975969633179596840e+00	9.879954354865065014e+00
1.944618341543410178e+00	5.846555935797858261e+00	4.992821589486633904e+00	9.930762992015649715e+00
1.950906260203513876e+00	5.866558563271321525e+00	4.954457769637993003e+00	1.006574953235153380e+01
1.957194556613796488e+00	5.848847350750155272e+00	4.907490889377503329e+00	1.002472455073552737e+01
1.963479614559011432e+00	5.859765323793170388e+00	4.871115036627655215e+00	9.995364930501926537e+00
1.969760361532916226e+00	5.879936891926545783e+00	4.881247491240476855e+00	1.016162121167588417e+01
1.976048367034604736e+00	5.881594851485766995e+00	4.842053583343090217e+00	1.009622787323924165e+01
1.982337990217652335e+00	5.894640679107790326e+00	4.763195203795894450e+00	1.017255805019201809e+01
1.988617489259562721e+00	5.904958347398355123e+00	4.808243119272120225e+00	1.022399118999421219e+01
1.994896320665194178e+00	5.928343089533093746e+00	4.723921541170530425e+00	1.027473258912474741e+01
2.001179596222827151e+00	5.926368880589544474e+00	4.698681984972806092e+00	1.025854393847207646e+01
2.007459756923499761e+00	5.949452240009842185e+00	4.674196957905352612e+00	1.033137275178173020e+01
2.013737397779169935e+00	5.939163684229384010e+00	4.628891276634144347e+00	1.035427722799541606e+01
2.020017234677497164e+00	5.965733914635142021e+00	4.577836934799700330e+00	1.035548478054348465e+01
2.026310251015072783e+00	5.978924250722902123e+00	4.549855566830407483e+00	1.041462454013092298e+01
2.032600542948020284e+00	5.990296886253182684e+00	4.500641810912934915e+00	1.042733625596232905e+01
2.038873863192099289e+00	5.972958753505484886e+00	4.418895914603668373e+00	1.038277542724299884e+01
2.045154087821675404e+00	6.030645758541409052e+00	4.441826389595753710e+00	1.056821302339551316e+01
2.051444704514288730e+00	6.029680189562503401e+00	4.403011341152055280e+00	1.061134135913435195e+01
2.057730430280644729e+00	6.050125899960537623e+00	4.404040842010365608e+00	1.061910309161322097e+01
2.064013940455224461e+00	6.061525497042583588e+00	4.304578878549177645e+00	1.061086069102647400e+01
2.070299891179459895e+00	6.077294014564676772e+00	4.237616669252235013e+00	1.061797172484214968e+01
2.076589719964883951e+00	6.081853231577793117e+00	4.156655529459592380e+00	1.063227045976716134e+01
2.082865483794470673e+00	6.105881941171347194e+00	4.222729195143514858e+00	1.069205189229467834e+01
2.089134494859368640e+00	6.109682028810736298e+00	4.125528964455130065e+00	1.071070699905108192e+01
2.095424211360070288e+00	6.133096578864638992e+00	4.045200997485523864e+00	1.073434590478946404e+01
2.101707116664804254e+00	6.130887078026158399e+00	4.004063997189316382e+00	1.070508118198007708e+01
2.107986473933564309e+00	6.167883586640761528e+00	3.996514482337545804e+00	1.083560839786793295e+01
2.114271806543862375e+00	6.179158928561025554e+00	3.895187063762102664e+00	1.079882541695601006e+01
2.120552717288892275e+00	6.208559130407317106e+00	3.844215384728271179e+00	1.084509783428146612e+01
2.126836933207161717e+00	6.230605209835604619e+00	3.837250515458084266e+00	1.094909807583892203e+01
2.133122044791171845e+00	6.261454683614006811e+00	3.727414182909756679e+00	1.098996385805767595e+01
2.139411711910842673e+00	6.249345780404042650e+00	3.639672432612791386e+00	1.089220586702762361e+01
2.145697076775292089e+00	6.295392037746092129e+00	3.651599989952727388e+00	1.107538250384056688e+01
2.151973548606471276e+00	6.308807205280868580e+00	3.597538714092861856e+00	1.111263019605246960e+01
2.158259913555724108e+00	6.333076573159516443e+00	3.568967421441903820e+00	1.111883331305770817e+01
2.164545396699105506e+00	6.350147370394937596e+00	3.464373009983110485e+00	1.116210953990585786e+01
2.170830700377734068e+00	6.354966388389859056e+00	3.381552262964526268e+00	1.105267147578771691e+01
2.177114138849150393e+00	6.402942845348937873e+00	3.361484698930718551e+00	1.122651842612749462e+01
2.183387647576827018e+00	6.442959915322724385e+00	3.279618712397514457e+00	1.127252960638962698e+01
2.189670273687676971e+00	6.426415856213945510e+00	3.210656495972858515e+00	1.116575442614058389e+01
2.195960147934207463e+00	6.472680925633818916e+00	3.189912550308381167e+00	1.133088757259868906e+01
2.202242556317716371e+00	6.491257692752087749e+00	3.075480713082259232e+00	1.128163350270526699e+01
2.208521655981037668e+00	6.515405596200148253e+00	2.989308374751511010e+00	1.130947568983184759e+01
2.214804637081333016e+00	6.544027633914401676e+00	2.939578062840110917e+00	1.136269238100424417e+01
2.221092583349425276e+00	6.566079718025174650e+00	2.918180670845504476e+00	1.142319318739774126e+01
2.227372893591468728e+00	6.599399811995796838e+00	2.867512766670743840e+00	1.145004945739621682e+01
2.233657161144248171e+00	6.618045713748889725e+00	2.735058119623267281e+00	1.144014314128563470e+01
2.239943485394438660e+00	6.628822860415368723e+00	2.688814294027814356e+00	1.146951807255991618e+01
2.246224175264620815e+00	6.665939256360939424e+00	2.644793821761009411e+00	1.147094246153321784e+01
2.252506378421252009e+00	6.699074234972439257e+00	2.519843435412460142e+00	1.155128428758448145e+01
2.258783417054270437e+00	6.748604371830034587e+00	2.474047907622782372e+00	1.170873233263432311e+01
2.265069077371457684e+00	6.737889451819067510e+00	2.418236177894357741e+00	1.153093106455045636e+01
2.271350377044131452e+00	6.764468198738786242e+00	2.331058277902145814e+00	1.156361166221007686e+01
2.277633995145353918e+00	6.814425081618396440e+00	2.275414990563905171e+00	1.165725169865100419e+01
2.283922419579920149e+00	6.857767720329554173e+00	2.112309915085119894e+00	1.181385163969587460e+01
2.290202874392252674e+00	6.870091475304209716e+00	2.120204032042045217e+00	1.175425985364735126e+01
2.296490779970905560e+00	6.885614678851794679e+00	2.060404214340886053e+00	1.172554574296149887e+01
2.302771769934229162e+00	6.937277766838648496e+00	1.960737618622293121e+00	1.193459251357185025e+01
2.309051364164305564e+00	6.944786630712176390e+00	1.892987272334405890e+00	1.180345851972056082e+01
2.315338502539088239e+00	7.014289387470197923e+00	1.815300813358948995e+00	1.195256836264395339e+01
2.321627336503874428e+00	7.013473579820163728e+00	1.739769769000339972e+00	1.188567692850520174e+01
2.327911878297218795e+00	7.059419961742266381e+00	1.613649358030422309e+00	1.189577846893840629e+01
2.334186238580297168e+00	7.082397084628953010e+00	1.554276986273698258e+00	1.192359664999466240e+01
2.340467971862688401e+00	7.115823928125448283e+00	1.501329808437537494e+00	1.198942447077465800e+01
2.346756940970738725e+00	7.141157086125159204e+00	1.352202650479529700e+00	1.197224469251190726e+01
2.353044444556199988e+00	7.165192187903620891e+00	1.339442371259481401e+00	1.200108049692760126e+01
2.359327653314069906e+00	7.212731625297362115e+00	1.285198931643276588e+00	1.206994926012339420e+01
2.365603048789861607e+00	7.238922325183427375e+00	1.182232703134995955e+00	1.212035137220713210e+01
2.371885911737665165e+00	7.253890009645030723e+00	1.096686839158514282e+00	1.204394165017899354e+01
2.378173303594019572e+00	7.320278324825373772e+00	9.930930183356657670e-01	1.222275309705263169e+01
2.384454016539381271e+00	7.366440243707277347e+00	9.655708496119963513e-01	1.230798887974436262e+01
2.390736447344785187e+00	7.397440497472985044e+00	8.071819988645514421e-01	1.229167619074849505e+01
2.397014133897952259e+00	7.412355654176364439e+00	7.969761185714876461e-01	1.226092087230767902e+01
2.403295490074321972e+00	7.464766453433125726e+00	7.461667955019655185e-01	1.237643686545938948e+01
2.409585049672506862e+00	7.474041138256422911e+00	6.155297806434267827e-01	1.232121066934153397e+01
2.415871703165322071e+00	7.528042435611940419e+00	5.428483944544107986e-01	1.236334682841556365e+01
2.422160652369088840e+00	7.589635631644224389e+00	3.938869264191025010e-01	1.252455696625572834e+01
2.428440167222748691e+00	7.620077610400533885e+00	3.164112724005413990e-01	1.257015882313986843e+01
2.434717472383889803e+00	7.641489979002056288e+00	1.778560440554426691e-01	1.246197701676903691e+01
2.441002456202044257e+00	7.664243970997023148e+00	1.969253203645474348e-01	1.255487933286704205e+01
2.447289980304530488e+00	7.711228996566670268e+00	6.309219748174030307e-02	1.256753876376537704e+01
2.453571844729242279e+00	7.762196531722348247e+00	-3.089919253955393519e-02	1.268800553524995500e+01
2.459852705114058846e+00	7.783914196848098932e+00	-1.737582367266527969e-02	1.260325033825602326e+01
2.466139233225018934e+00	7.842716119625620763e+00	-2.339993589601648549e-01	1.270832845291652191e+01
2.472421963421291391e+00	7.868203115725820318e+00	-2.371162241975712515e-01	1.268273793666027771e+01
2.478698519174224568e+00	7.898361759311749886e+00	-3.206403317827402066e-01	1.273514856116144323e+01
2.484980841400355800e+00	7.950759100242822619e+00	-3.966137362174534386e-01	1.280410577802128103e+01
2.491269319409339822e+00	7.960898031014957965e+00	-3.769714559017818267e-01	1.276198860983276440e+01
2.497548505139029373e+00	8.020540271375359964e+00	-5.101868660244115450e-01	1.290422474102742179e+01
2.503831667172610853e+00	8.064534047737508260e+00	-6.489088084065001150e-01	1.288989584077969575e+01
2.510117938323931153e+00	8.093456891021320487e+00	-7.359249656213205926e-01	1.295125108664263891e+01
2.516400733681277480e+00	8.150903910050761425e+00	-8.321160443407316087e-01	1.298338194132261947e+01
2.522688226833368130e+00	8.168042444374410849e+00	-8.776301425861220418e-01	1.299095712721315010e+01
2.528971695852665569e+00	8.211282548995745501e+00	-1.037424623854704686e+00	1.301281673359945046e+01
2.535252039407670299e+00	8.237050350731736970e+00	-1.076194420580513178e+00	1.292260713497689117e+01
2.541537514142774512e+00	8.289405789712668948e+00	-1.150134289951621813e+00	1.305510388266204558e+01
2.547823008847572179e+00	8.322789138046614354e+00	-1.199355558386862697e+00	1.300586919238729422e+01
2.554100666580690238e+00	8.365709880741558635e+00	-1.292929231378153965e+00	1.313079443487819908e+01
2.560376788884177301e+00	8.417225696534909929e+00	-1.368239106414563588e+00	1.314159981604518990e+01
2.566667521601497359e+00	8.464716998051606822e+00	-1.456943572781413954e+00	1.319862797144231337e+01
2.572955062237090473e+00	8.515222233856725609e+00	-1.545043947724326738e+00	1.328546867552238631e+01
2.579233771797999175e+00	8.547174026383318690e+00	-1.664043716717071186e+00	1.326052687558596865e+01
2.585520164300948220e+00	8.584867379307663526e+00	-1.747960356902772405e+00	1.329118447332791497e+01
2.591805130332431872e+00	8.623172790301829593e+00	-1.758797420298542580e+00	1.334629338738008997e+01
2.598084074692260881e+00	8.679462632658449195e+00	-1.842962262834282106e+00	1.341569501426425148e+01
2.604360404197643586e+00	8.722158034325980580e+00	-1.980361861629504450e+00	1.341979635599152765e+01
2.610647185140439142e+00	8.752751713853866633e+00	-2.019353309160181187e+00	1.342589159517112130e+01
2.616931864059273138e+00	8.803548066593398502e+00	-2.161073320145887600e+00	1.347149202806991930e+01
2.623206107911065565e+00	8.852735123250601745e+00	-2.233443299634582768e+00	1.354621229762349621e+01
2.629491626543270844e+00	8.868363510887583345e+00	-2.239920366398725715e+00	1.345688267585522979e+01
2.635778507982642349e+00	8.929371121046710158e+00	-2.329079239615876595e+00	1.357821888349854866e+01
2.642061039325260818e+00	8.979115328800791218e+00	-2.427839900672121409e+00	1.363984730277360136e+01
2.648343840729305843e+00	9.033747495664755434e+00	-2.529048758543212205e+00	1.370035675550611387e+01
2.654631838974855551e+00	9.030114902067763794e+00	-2.520779499427482584e+00	1.359347934083829301e+01
2.660919001246303761e+00	9.108108594282185777e+00	-2.655648711974789133e+00	1.375691733767026115e+01
2.667198525130066056e+00	9.135219379200794521e+00	-2.713807561284583336e+00	1.378364792446186549e+01
2.673484307038032526e+00	9.203368048675468316e+00	-2.778672373542167673e+00	1.380540707812966339e+01
2.679773388053849459e+00	9.228314162871281923e+00	-2.878726738788191408e+00	1.381093232780416891e+01
2.686058217632288692e+00	9.273312921330239433e+00	-2.931353119809914975e+00	1.382535645996152596e+01
2.692338738200057868e+00	9.321528671837937097e+00	-3.020632192087042256e+00	1.388880237046264376e+01
2.698618022887226964e+00	9.356163147071557162e+00	-3.109090956301399977e+00	1.388256654627147313e+01
2.704895450708277860e+00	9.387897828332690153e+00	-3.132435990925139357e+00	1.387891279839872460e+01
2.711175674923682166e+00	9.455360973595899665e+00	-3.260917216381570505e+00	1.407025495058629794e+01
2.717459832966957922e+00	9.460850550591825225e+00	-3.252705215618026724e+00	1.394212370133842072e+01
2.723745731959044569e+00	9.503952141901681472e+00	-3.314068668747911062e+00	1.395828492737413917e+01
2.730038414850594730e+00	9.540560804405634698e+00	-3.383094967422115573e+00	1.397119633570507347e+01
2.736317989800789441e+00	9.597969894796062107e+00	-3.416498533665546677e+00	1.398901654798203076e+01
2.742591858549239703e+00	9.642689351191032543e+00	-3.527232281673320369e+00	1.410399601185663698e+01
2.748879749010778362e+00	9.681130441936208086e+00	-3.594598917581622199e+00	1.405513364934345688e+01
2.755163403825859447e+00	9.737352189999013419e+00	-3.669905971041367287e+00	1.411037879854006860e+01
2.761446955625852073e+00	9.756370374313620530e+00	-3.688644109581706410e+00	1.406266290351462978e+01
2.767732088935374701e+00	9.817705888614286280e+00	-3.742597878151056268e+00	1.420866093136418939e+01
2.774015452421743966e+00	9.887059460643875752e+00	-3.878199282933281200e+00	1.428358719708232627e+01
2.780298635700591436e+00	9.893709236004490037e+00	-3.864860151747124828e+00	1.426605250619686238e+01
2.786577474762241380e+00	9.951386096808155557e+00	-3.977491390831564999e+00	1.426378512105541851e+01
2.792857983210164541e+00	1.000323185792082192e+01	-4.051170182910948547e+00	1.430057400732921025e+01
2.799143790920211483e+00	1.000985041910490914e+01	-4.013051055353830776e+00	1.425235557181838253e+01
2.805430058399325244e+00	1.008252691750499608e+01	-4.111732642585608666e+00	1.437054456912244405e+01
2.811715058209780072e+00	1.009922933846414494e+01	-4.101539789466492003e+00	1.430571137337424226e+01
2.817989272498773623e+00	1.016267602780424006e+01	-4.251292274769382651e+00	1.446716492532092424e+01
2.824269171595737760e+00	1.020386106782214419e+01	-4.243680579047758528e+00	1.439689210500599259e+01
2.830563016441804081e+00	1.023369300369996537e+01	-4.289619248496113535e+00	1.440516618425820461e+01
2.836848750951622034e+00	1.030711515160756520e+01	-4.410191530903093238e+00	1.456058204989904503e+01
2.843130027866129783e+00	1.030343714370880726e+01	-4.390095524268553540e+00	1.443396256799481492e+01
2.849413896912404986e+00	1.036750190049598075e+01	-4.445055947187329437e+00	1.450313689395786021e+01
2.855697464522425566e+00	1.042352238593254654e+01	-4.559307022803089637e+00	1.454448234088340897e+01
2.861978799810683594e+00	1.048116572643083977e+01	-4.628856341335403357e+00	1.467533916023503515e+01
2.868262469415629567e+00	1.050439044524199872e+01	-4.638883138709506859e+00	1.460045411265808646e+01
2.874547359206753860e+00	1.052893022033847892e+01	-4.622015846995885191e+00	1.461160812952083532e+01
2.880831111471525041e+00	1.061480918812159935e+01	-4.791936035336871846e+00	1.474756787000466218e+01
2.887113216972382546e+00	1.061584670632949923e+01	-4.667978329866500964e+00	1.460038039342767746e+01
2.893394504725182781e+00	1.066059081447818713e+01	-4.798014495341127450e+00	1.470109987550288011e+01
2.899673662137033592e+00	1.070750998352144201e+01	-4.816298872402024145e+00	1.467613306618118330e+01
2.905953958587380814e+00	1.075020344652792481e+01	-4.860087729486735064e+00	1.474037949989430629e+01
2.912241118105161064e+00	1.079626320407025908e+01	-4.973967421812161227e+00	1.478391634358198026e+01
2.918525996366671205e+00	1.084646757828209651e+01	-4.990290535729948296e+00	1.477253146666337535e+01
2.924809035425688819e+00	1.089448328878895111e+01	-5.040356379292667555e+00	1.486045762661340852e+01
2.931095916293684933e+00	1.093303580060556079e+01	-5.073673407996813545e+00	1.489019512931836609e+01
2.937378182606774413e+00	1.097034336759328177e+01	-5.098990391091770213e+00	1.494650262171265176e+01
2.943659980254369923e+00	1.099455607832716630e+01	-5.047986822526032924e+00	1.482630428603246919e+01
2.949946454403890250e+00	1.105402469092512163e+01	-5.136958288466675349e+00	1.491514973418347800e+01
2.956227653702202307e+00	1.109026151606852295e+01	-5.161903244712888750e+00	1.494272928138952672e+01
2.962510478867462993e+00	1.113697811474290944e+01	-5.218153056551242841e+00	1.498404672701052753e+01
2.968796535179442309e+00	1.121422209712242157e+01	-5.351168013111568200e+00	1.513347328268883096e+01
2.975077657376874907e+00	1.128260956476932897e+01	-5.365946980101793606e+00	1.526209845838358170e+01
2.981359866759223376e+00	1.126056003714782605e+01	-5.368804395009793673e+00	1.502284940138541458e+01
2.987646761575656562e+00	1.134465737522855733e+01	-5.416888770905244677e+00	1.516344029062545395e+01
2.993929038370399365e+00	1.138930209081093814e+01	-5.474038396355803471e+00	1.518369652235973000e+01
3.000206214840962726e+00	1.140984750385148061e+01	-5.458951472938877281e+00	1.521550961682448033e+01
3.006486172402415669e+00	1.148497237239905644e+01	-5.526135963935427498e+00	1.533241562970057714e+01
3.012769812211594456e+00	1.153302027746754099e+01	-5.583901981244824064e+00	1.539791745069662987e+01
3.019053144326170113e+00	1.158123668538468998e+01	-5.583757043517322494e+00	1.541063108715756158e+01
3.025337405144251424e+00	1.162620716151013944e+01	-5.659661131240387277e+00	1.543372852307566845e+01
3.031623734799107961e+00	1.166368224064346393e+01	-5.656783662332457219e+00	1.549832683398685518e+01
3.037908962055872575e+00	1.172197261161156767e+01	-5.736422422308649516e+00	1.555722226550081189e+01
3.044195067146031608e+00	1.179708337485785918e+01	-5.818620856507395800e+00	1.567029587594734608e+01
3.050475543482170426e+00	1.183088468879362409e+01	-5.806079686216212288e+00	1.564195268270853845e+01
3.056754954538277502e+00	1.187157686153111058e+01	-5.884879537056995957e+00	1.569539077555668527e+01
3.063040539557494668e+00	1.191358242185841299e+01	-5.795865550989517168e+00	1.575254944554398051e+01
3.069323699454357346e+00	1.200169627786862492e+01	-5.935776328621683362e+00	1.589690556568889868e+01
3.075610692642898769e+00	1.199496599677719288e+01	-5.889874012448270690e+00	1.576799520283631750e+01
3.081893798009918584e+00	1.208017752584305526e+01	-5.988034065614567858e+00	1.593842233059703162e+01
3.088174549548037717e+00	1.214999474766367094e+01	-6.052715111912530865e+00	1.603303325151263081e+01
3.094458635632868493e+00	1.219054494621389928e+01	-6.103008313139612007e+00	1.605709401210328124e+01
3.100743982931558840e+00	1.226108381026593896e+01	-6.115971631150430632e+00	1.608015421236196829e+01
3.107028111748448396e+00	1.230684222858844912e+01	-6.163915253498419844e+00	1.623853786265365784e+01
3.113309299655494300e+00	1.236767486634977686e+01	-6.186844642892276980e+00	1.628515530441741532e+01
3.119590662867241626e+00	1.239357909580042083e+01	-6.236722272611845419e+00	1.627676195523381963e+01
3.125874006820172912e+00	1.247779211625494256e+01	-6.281640130501713770e+00	1.641852060817079817e+01
3.132159251154602586e+00	1.251908922104768784e+01	-6.268752758288371751e+00	1.651471925191494705e+01
3.138439172765940643e+00	1.256263354493579243e+01	-6.354074454877413736e+00	1.653928383039622929e+01
3.144723867719826593e+00	1.264362887923019052e+01	-6.375147843061782282e+00	1.668240295073816526e+01
3.151003951258561031e+00	1.268595804521106629e+01	-6.411982617603487533e+00	1.671469976345921182e+01
3.157283664131563139e+00	1.278397329642756830e+01	-6.455980068909787484e+00	1.690010813495180031e+01
3.163569317183839935e+00	1.283323079614580386e+01	-6.510517321654216261e+00	1.692435556084236481e+01
3.169851661717792091e+00	1.290828675869048148e+01	-6.617468948489140246e+00	1.705468624303574288e+01
3.176137704316093657e+00	1.293863436567652947e+01	-6.596708055562075401e+00	1.701898965230647320e+01
3.182420924828643916e+00	1.302020695057185762e+01	-6.696429344512507598e+00	1.722759184232883101e+01
3.188702811875577581e+00	1.307567009527073942e+01	-6.664740774296644688e+00	1.728182476212591823e+01
3.194990520008989865e+00	1.313253068743999563e+01	-6.713154242702511709e+00	1.741760362048146149e+01
3.201275324656983834e+00	1.320716923096560613e+01	-6.752339901406974931e+00	1.750140576116216451e+01
3.207551352179861759e+00	1.332262243236744048e+01	-6.919975007567480851e+00	1.774941038813665983e+01
3.213835216737041645e+00	1.334188285035323851e+01	-6.877398016497950906e+00	1.779170485655404477e+01
3.220122579819103770e+00	1.314816684965158977e+01	-6.377323807770183706e+00	1.676144962477015810e+01
3.226406606618656525e+00	1.263447047381151833e+01	-5.104424130690137673e+00	1.455917701980295220e+01
3.232687390085645429e+00	1.223330405907781149e+01	-4.178319952775626511e+00	1.267571527762994243e+01
3.238969121280456331e+00	1.191315750037445298e+01	-3.407908486417788207e+00	1.121305933754681128e+01
3.245254751548589667e+00	1.159827918901163279e+01	-2.755596556465250924e+00	9.714115851470856100e+00
3.251534499036136783e+00	1.137018927065186347e+01	-2.192075292753198124e+00	8.521611840589589093e+00
3.257817780791052442e+00	1.116417695200387961e+01	-1.769120535365382496e+00	7.504394427941282864e+00
3.264102164154097263e+00	1.101406851217153893e+01	-1.449166976824084019e+00	6.485990577167417115e+00
3.270384152138468892e+00	1.086150014627029492e+01	-1.044472109213365973e+00	5.615562125856171427e+00
3.276669427476867735e+00	1.070558520638390299e+01	-7.849323425154309808e-01	4.793376839070431217e+00
3.282954688864507808e+00	1.058701524392366089e+01	-5.342440791686630108e-01	3.979292137860899636e+00
3.289237200334947264e+00	1.046366594138882178e+01	-3.322994916075023841e-01	3.252164060369794552e+00
3.295519587088236779e+00	1.039105236310125768e+01	-1.234097728139895017e-01	2.568094798383476096e+00
3.301805977329951958e+00	1.031247722165956660e+01	8.611916249849982385e-02	1.970699467141967531e+00
3.308087486222440088e+00	1.023680407469345433e+01	2.162248318366918887e-01	1.367193097469024954e+00
3.314367630234227313e+00	1.015557079667106599e+01	3.568941586921751674e-01	8.063937617470321451e-01
3.320651909732194262e+00	1.011020908110443628e+01	4.564215961046031445e-01	3.040415730737502931e-01
3.326931260376857047e+00	1.007110483670964740e+01	5.549144347586159043e-01	-2.557446345976555069e-01
3.333216512447217728e+00	1.002199871570444323e+01	6.427599315440767347e-01	-7.371235457238146660e-01
3.339504489419978128e+00	9.989584280392055149e+00	7.041061169742399706e-01	-1.173941845487918245e+00
3.345786804809928405e+00	9.946034213527067180e+00	7.737019789391678115e-01	-1.611635850892731536e+00
3.352071130016277767e+00	9.924302807844927798e+00	8.420952553158685960e-01	-2.054605354201072043e+00
3.358351496304225581e+00	9.911512236272312037e+00	8.865806273585368213e-01	-2.456536429589033510e+00
3.364630591073392019e+00	9.871793022013534369e+00	9.303642869461494769e-01	-2.891551923685069525e+00
3.370916305215045483e+00	9.890454971403173090e+00	9.178121675119186307e-01	-3.182664410177742376e+00
3.377197952029413752e+00	9.868927731057665298e+00	9.739751002994868623e-01	-3.606108968749090149e+00
3.383483063818085501e+00	9.850906322327700693e+00	9.838174807735959870e-01	-3.984705220974102513e+00
3.389769992424469969e+00	9.849557952126724913e+00	1.044547669535440981e+00	-4.311829047907320245e+00
3.396051330885982100e+00	9.873922064790905395e+00	1.064445123983449148e+00	-4.617891370353951253e+00
3.402330879139463971e+00	9.864638758229844484e+00	1.048113887772200492e+00	-4.963037542466838481e+00
3.408610488352048495e+00	9.852160580862365791e+00	1.068102776834769285e+00	-5.258252792304851653e+00
3.414897837696641236e+00	9.872666684987798646e+00	1.075031605827902803e+00	-5.569603625747968856e+00
3.421180484052105619e+00	9.872300966348806384e+00	1.059122984079782004e+00	-5.851230747988587666e+00
3.427461639653846870e+00	9.894639470324868569e+00	1.089960766556864025e+00	-6.229020371179047721e+00
3.433749159643459059e+00	9.921986497072113664e+00	1.045499870282613930e+00	-6.446793536967221350e+00
3.440032646656798310e+00	9.925638684324761485e+00	1.060325512583847551e+00	-6.733833089625769652e+00
3.446313366033385339e+00	9.954043383630184039e+00	1.015702862518709448e+00	-6.999962414484646622e+00
3.452600135384134905e+00	9.948413619246395001e+00	1.007311342723723024e+00	-7.282345333326002645e+00
3.458883152815406703e+00	9.993698666871660308e+00	9.815418908129490694e-01	-7.527853988006992125e+00
3.465163834403715448e+00	1.002775788975231208e+01	9.688353738319476216e-01	-7.758060930839533853e+00
3.471449329786229221e+00	1.001699102536121444e+01	9.739663804116579504e-01	-8.006274609958754951e+00
3.477734476754053894e+00	1.006047923035268354e+01	9.100558953009637575e-01	-8.256430207698521428e+00
3.484019652467224226e+00	1.007566340744891242e+01	9.144668276118694816e-01	-8.524220023312603089e+00
3.490297019369712928e+00	1.010846866950379663e+01	8.740051020021880612e-01	-8.747886896959185421e+00
3.496582486484379970e+00	1.015905317384327589e+01	8.474073210081698448e-01	-8.955894078451470008e+00
3.502868048046865024e+00	1.018253379817921278e+01	8.319292897836801925e-01	-9.212749090589213097e+00
3.509144649545451244e+00	1.021757067580391798e+01	7.678022682945173649e-01	-9.443052504612456488e+00
3.515428082003116295e+00	1.023005126155021216e+01	7.652116383065519223e-01	-9.688321662996354888e+00
3.521711031624695565e+00	1.026311429469705949e+01	6.831263345884968086e-01	-9.840539105832817768e+00
3.527991850954735664e+00	1.030547283924984114e+01	7.017747899242821052e-01	-1.008232374006579946e+01
3.534275545726699885e+00	1.035265006219541561e+01	6.711873097517986331e-01	-1.032385298833636078e+01
3.540562632020772149e+00	1.036613892478355403e+01	6.217463421622034803e-01	-1.054540691227104077e+01
3.546844410757220789e+00	1.040748915748551440e+01	6.193559214800314905e-01	-1.074449359986842012e+01
3.553131386753758836e+00	1.044970589490273838e+01	5.753123935869202121e-01	-1.096001562851133215e+01
3.559419203211965144e+00	1.048872443910884122e+01	5.345577456694554641e-01	-1.112781167071663546e+01
3.565697971577579839e+00	1.053211722528074823e+01	4.542651872433046689e-01	-1.137525118008992386e+01
3.571979559134798254e+00	1.057361670835317646e+01	4.576744461674182585e-01	-1.151515365384744705e+01
3.578265774595833726e+00	1.061182034699956134e+01	3.960819324830964772e-01	-1.173077707040586937e+01
3.584548309769353125e+00	1.065139252319933583e+01	3.714253503079540386e-01	-1.189186559298680557e+01
3.590826843920031486e+00	1.067080434794635480e+01	3.567268378195666556e-01	-1.214063285866695630e+01
3.597107306745233934e+00	1.074787294846423791e+01	2.747667437808849478e-01	-1.228821142810787137e+01
3.603392831792229245e+00	1.079486743206364885e+01	2.265751502435436326e-01	-1.246826341263242099e+01
3.609673209822572559e+00	1.082662664074359427e+01	2.047481149803962452e-01	-1.264379998808556316e+01
3.615955412133016189e+00	1.088022585587885693e+01	1.422727973728251383e-01	-1.279963599466395152e+01
3.622241607772384686e+00	1.090035713170641074e+01	1.317254454215190662e-01	-1.301893767986180706e+01
3.628520252736676444e+00	1.097725864488333158e+01	1.092184514951997504e-01	-1.315915382489307461e+01
3.634804827569451113e+00	1.101689895390216911e+01	7.839219639753126911e-02	-1.338712546470697617e+01
3.641094981788862928e+00	1.108547910822991156e+01	-2.025277285437729682e-02	-1.350587602171060908e+01
3.647383514928639325e+00	1.108582976788221153e+01	-4.750496512937196075e-02	-1.368649341812994891e+01
3.653663283927725658e+00	1.115379540873021114e+01	-7.722883240446871966e-02	-1.388195355895621574e+01
3.659943504072155296e+00	1.122628291378253529e+01	-1.520810168735099166e-01	-1.400537149255557168e+01
3.666232000281138603e+00	1.124742525018217343e+01	-1.920678298098678349e-01	-1.417392033869717949e+01
3.672514211678317597e+00	1.130683987655423905e+01	-2.236763466215779261e-01	-1.436392241394586478e+01
3.678794154686042539e+00	1.135901431851146981e+01	-2.695253270972127746e-01	-1.455125477547117185e+01
3.685078621861909820e+00	1.140604087154982516e+01	-2.828134010610625082e-01	-1.474943732026911469e+01
3.691359210097977961e+00	1.147496304651461330e+01	-3.826575373917013856e-01	-1.488797125901629137e+01
3.697642368173791105e+00	1.148908227782244929e+01	-3.657368111101990116e-01	-1.508556769059268277e+01
3.703925796735277665e+00	1.159845912032694315e+01	-4.746811774566854769e-01	-1.520285197478748884e+01
3.710208240364660348e+00	1.159677913639724522e+01	-4.602492524326149970e-01	-1.539066502549506410e+01
3.716494593122387169e+00	1.168695016008320486e+01	-5.461965368537048393e-01	-1.554814339609797713e+01
3.722775386659595398e+00	1.171578623941420005e+01	-5.482141833740739045e-01	-1.572120924341837522e+01
3.729058392883481510e+00	1.178739807650407556e+01	-6.259199693661140484e-01	-1.581839388990577433e+01
3.735339748210807720e+00	1.183763015745406477e+01	-6.736311412546421851e-01	-1.602760927350546893e+01
3.741620776392969638e+00	1.188536099325222217e+01	-7.407674328544130438e-01	-1.614693380990913951e+01
3.747904795418762980e+00	1.194192777322157006e+01	-7.753447861441027378e-01	-1.627907691336523399e+01
3.754190633281219380e+00	1.200160275241240626e+01	-8.071616293812962084e-01	-1.647999417784381038e+01
3.760478208018912749e+00	1.205542721074677459e+01	-8.238860789335015200e-01	-1.664080834184112945e+01
3.766755538573464346e+00	1.210034057398866914e+01	-9.088653202065432035e-01	-1.674542330314650940e+01
3.773032090135151506e+00	1.216382927913089951e+01	-9.136290732916477753e-01	-1.700498292172328973e+01
3.779322553012896879e+00	1.223231983469133155e+01	-9.768631645107350714e-01	-1.705988705714694120e+01
3.785609109731308930e+00	1.226767706897399535e+01	-1.052887929013622159e+00	-1.718856850030051220e+01
3.791889825936295200e+00	1.231168588642970718e+01	-1.057174456008928232e+00	-1.732522390698720827e+01
3.798174822702435893e+00	1.236846714897308530e+01	-1.137072579377817361e+00	-1.749476191580068019e+01
3.804458658753491651e+00	1.241967534699413633e+01	-1.129310734504608726e+00	-1.774188113295286939e+01
3.810738438095723435e+00	1.251432025447369512e+01	-1.235860564572835329e+00	-1.777829624729412217e+01
3.817018850285747167e+00	1.254735384876705417e+01	-1.267615384389217503e+00	-1.798897269822950662e+01
3.823305314209427763e+00	1.262417441349694514e+01	-1.308331104725566352e+00	-1.809966582138978097e+01
3.829591295197792178e+00	1.267306182409990178e+01	-1.337606754542332910e+00	-1.821970101384276930e+01
3.835872296070849341e+00	1.270003029784141546e+01	-1.375693138953284045e+00	-1.842860164011129598e+01
3.842156279590906109e+00	1.279337285816440151e+01	-1.438802324354732987e+00	-1.848331255097572523e+01
3.848441511099312429e+00	1.282451773687840380e+01	-1.454306600094616098e+00	-1.873857334403906094e+01
3.854723334376886079e+00	1.288648559680639671e+01	-1.521239986352162621e+00	-1.885382654795788682e+01
3.861004740704794713e+00	1.295352730369226535e+01	-1.562320646834559845e+00	-1.899863895179411344e+01
3.867284336650660848e+00	1.301661154671625198e+01	-1.632575877601440739e+00	-1.912924766349627248e+01
3.873567367678779849e+00	1.309060045855141219e+01	-1.693258719882323682e+00	-1.923527687583395362e+01
3.879850662830422792e+00	1.314582329117642523e+01	-1.661999374836702348e+00	-1.953986235897142265e+01
3.886137063198143338e+00	1.322100979564689283e+01	-1.733299771889563745e+00	-1.963294730053394943e+01
3.892419463049126005e+00	1.326550905313484385e+01	-1.737985278949700785e+00	-1.983434151577003846e+01
3.898703740328622658e+00	1.333285708840109329e+01	-1.832207276310158228e+00	-1.989876658314976154e+01
3.904991458788179326e+00	1.337950553195018877e+01	-1.909584089550403041e+00	-2.001402063655932650e+01
3.911270842222104083e+00	1.343552868197351202e+01	-1.922219548927320831e+00	-2.023089129529162733e+01
3.917549806479573071e+00	1.351274228653488940e+01	-1.998329587621969550e+00	-2.030280689592154175e+01
3.923836006203090587e+00	1.357837992777784208e+01	-2.005704123700563279e+00	-2.054258816622203554e+01
3.930121452497870926e+00	1.361511400162464192e+01	-2.078992564086817207e+00	-2.056132408896868569e+01
3.936398172858230460e+00	1.370399768033524879e+01	-2.111535273421797143e+00	-2.082867511931895521e+01
3.942683040425962293e+00	1.372844359343565301e+01	-2.093566163032323235e+00	-2.099876522485294217e+01
3.948974759704379611e+00	1.383593189613396035e+01	-2.184344015836831243e+00	-2.112153439471304139e+01
3.955259227995065352e+00	1.385752239394468077e+01	-2.153011478154202241e+00	-2.138650365939228948e+01
3.961537174921395454e+00	1.395747733534988733e+01	-2.289150989593637497e+00	-2.140379744213682756e+01
3.967820217617139544e+00	1.398681042023107501e+01	-2.206050239470656038e+00	-2.171465896901167625e+01
3.974105559832568968e+00	1.405144453364796320e+01	-2.300329585447963954e+00	-2.178356018543355788e+01
3.980384727931198352e+00	1.413968178001538156e+01	-2.427803100759615695e+00	-2.182609693988588262e+01
3.986664590839849698e+00	1.418946469439648261e+01	-2.399577189300648339e+00	-2.211381053585345668e+01
3.992949619150675034e+00	1.427943194677918370e+01	-2.493839024073662536e+00	-2.220621050872899005e+01
3.999235075769965952e+00	1.433884755720157500e+01	-2.472147131183142665e+00	-2.245387628719738515e+01
4.005515715515433506e+00	1.441515207812694754e+01	-2.512512661207077613e+00	-2.263796419267189108e+01
4.011798434346478537e+00	1.444204767902313158e+01	-2.530143268284403835e+00	-2.278082196213988553e+01
4.018083716245132386e+00	1.451207650091057566e+01	-2.532133836420338735e+00	-2.301509968954002261e+01
4.024365700052603856e+00	1.460253463479260994e+01	-2.672441547246660054e+00	-2.299830982528219181e+01
4.030643960839860540e+00	1.468171846370085554e+01	-2.597423932718071704e+00	-2.348309019637665784e+01
4.036928708926215137e+00	1.473576918952212012e+01	-2.724333026097375487e+00	-2.343867892439294920e+01
4.043218157412017177e+00	1.480991536292953548e+01	-2.704270759909976007e+00	-2.371287254544209233e+01
4.049503019487663558e+00	1.484745338766871825e+01	-2.740053113295405129e+00	-2.386644514812575935e+01
4.055781898960511000e+00	1.494784043424711228e+01	-2.806581439055150895e+00	-2.402055316904687388e+01
4.062060795621602161e+00	1.496421436837266583e+01	-2.796236381406872695e+00	-2.425822533260279812e+01
4.068347865354716042e+00	1.510671277935687584e+01	-2.893369263207455244e+00	-2.439065070233632326e+01
4.074631027173265529e+00	1.512127829809513990e+01	-2.853979184356066678e+00	-2.464186051190622351e+01
4.080910837526078971e+00	1.523659661021974721e+01	-3.003770630916910545e+00	-2.468813721997736721e+01
4.087201203341442657e+00	1.527954559323928052e+01	-2.982345928584237083e+00	-2.492652016433037687e+01
4.093486818591942189e+00	1.531133854410120776e+01	-2.968146909211227147e+00	-2.511919636860343630e+01
4.099764387336505500e+00	1.542861774369468186e+01	-3.030314178869631281e+00	-2.528816100875832973e+01
4.106049166937662420e+00	1.544096845627307246e+01	-3.021219750954810657e+00	-2.553476604561313934e+01
4.112334559041358695e+00	1.556923493561869343e+01	-3.062071657699555249e+00	-2.574728380025606000e+01
4.118618926059533614e+00	1.561716118650797469e+01	-3.052839899170784133e+00	-2.601405632555700720e+01
4.124898942031112625e+00	1.567097823020588798e+01	-3.120586092407025891e+00	-2.616603387069374520e+01
4.131175432561665417e+00	1.576972114763180954e+01	-3.059722606258959754e+00	-2.651052013834223331e+01
4.137461563786142271e+00	1.581177585946592323e+01	-3.092588847308828548e+00	-2.674355829516824556e+01
4.143746006210170307e+00	1.593690617157711387e+01	-3.221102739024004791e+00	-2.677129048919185550e+01
4.150029800482964326e+00	1.597969884529475770e+01	-3.232300798458376700e+00	-2.701015128234756091e+01
4.156313390684649001e+00	1.604036194063898435e+01	-3.174689276602977284e+00	-2.732638475150204727e+01
4.162596105843763716e+00	1.615262477568734667e+01	-3.295258421387024406e+00	-2.749747073632591921e+01
4.168881843141768684e+00	1.615980773613801702e+01	-3.265408611674523343e+00	-2.767961933348941628e+01
4.175162111073220217e+00	1.628619497357168555e+01	-3.267802957781117179e+00	-2.800115834965990302e+01
4.181448573417560155e+00	1.628790280905569432e+01	-3.236273307967107105e+00	-2.821556297627687115e+01
4.187738782464171194e+00	1.639845900227041753e+01	-3.289994103388456104e+00	-2.842833007880481233e+01
4.194017437180169061e+00	1.648042823513186050e+01	-3.335342260587186303e+00	-2.863028584552582956e+01
4.200293572701767175e+00	1.653244139766759346e+01	-3.376455924496367000e+00	-2.884288307535147666e+01
4.206580195481546269e+00	1.660944514334100930e+01	-3.374586904976534019e+00	-2.904568617355819171e+01
4.212860644652220543e+00	1.668149737545048339e+01	-3.314332710583782315e+00	-2.948151397846281796e+01
4.219138153430114002e+00	1.673111268891053527e+01	-3.323359148532663898e+00	-2.964808870162882215e+01
4.225426162098283811e+00	1.680330606904029622e+01	-3.293705951772795792e+00	-3.007087254683900213e+01
4.231713506719782636e+00	1.690807456866700775e+01	-3.438641720013602576e+00	-3.004712850379069167e+01
4.237990056577191744e+00	1.698215944958539225e+01	-3.349830780543703312e+00	-3.051669605419109388e+01
4.244267783646744618e+00	1.702906705599506765e+01	-3.332250334902555178e+00	-3.082007471479574789e+01
4.250560660182562955e+00	1.712035696189358802e+01	-3.427173047155587682e+00	-3.089182080084036031e+01
4.256847734842668096e+00	1.715116655959084824e+01	-3.388877415026339435e+00	-3.122240670292072551e+01
4.263127100734456221e+00	1.730215708624063708e+01	-3.450568370851752498e+00	-3.149482393421397575e+01
4.269406860432507500e+00	1.733991287842775364e+01	-3.414708359745467270e+00	-3.181705875633760172e+01
4.275691671482192646e+00	1.737690662488449078e+01	-3.354345293948030271e+00	-3.216597687001453920e+01
4.281972414189518794e+00	1.747390756281127011e+01	-3.455858138503657528e+00	-3.226543425292710765e+01
4.288253516806755705e+00	1.754358279536168652e+01	-3.403010694549825299e+00	-3.269619048343031409e+01
4.294540520160492925e+00	1.762397600252285557e+01	-3.394654590850030740e+00	-3.297241965624052540e+01
4.300825742921731809e+00	1.766905511255751193e+01	-3.374715100422200909e+00	-3.331192138809354475e+01
4.307109835491901961e+00	1.777129753618573815e+01	-3.415077164600024417e+00	-3.361390167970491660e+01
4.313390926478413157e+00	1.786690954712057078e+01	-3.409629968420511137e+00	-3.389119894085833806e+01
4.319667979480563247e+00	1.785526116066881031e+01	-3.339975171171923218e+00	-3.429691496264933903e+01
4.325952598143786076e+00	1.803589093484574946e+01	-3.472706392341760484e+00	-3.437592092331097149e+01
4.332241647035422361e+00	1.801841582436134104e+01	-3.343121433381431196e+00	-3.488707324113695307e+01
4.338524445619096781e+00	1.804984239739314944e+01	-3.306904702338711921e+00	-3.514978756395364456e+01
4.344809348131129845e+00	1.817001790171567421e+01	-3.353332044824927749e+00	-3.547363166204477380e+01
4.351090699193166600e+00	1.819518653255156693e+01	-3.242186585813388700e+00	-3.598405568480779237e+01
4.357369710808320029e+00	1.836272479933111512e+01	-3.385069399582142591e+00	-3.607230768782449104e+01
4.363659348967174445e+00	1.836209096336075319e+01	-3.316133128759075177e+00	-3.649082149977058975e+01
4.369947418280990981e+00	1.843607996547839178e+01	-3.299003757731353126e+00	-3.677429725310790332e+01
4.376226569265827315e+00	1.851985725889797862e+01	-3.298488742866954038e+00	-3.718790790343251729e+01
4.382499356631129217e+00	1.853023713587553090e+01	-3.234723639043703081e+00	-3.755088896256266651e+01
4.388784975178015024e+00	1.861444524726897853e+01	-3.157738045402833205e+00	-3.803106857797258300e+01
4.395068696309480494e+00	1.860510729621344694e+01	-3.095386226450018707e+00	-3.844859833438220420e+01
4.401347962382031298e+00	1.879805633008818688e+01	-3.174907960230862525e+00	-3.877175782461353037e+01
4.407628405096517099e+00	1.880784471161570437e+01	-3.080146512141440862e+00	-3.921867453950704174e+01
4.413915862185140426e+00	1.884016273021070731e+01	-3.072474537792210914e+00	-3.959136247649981044e+01
4.420203163534264235e+00	1.894165860227217379e+01	-3.061977215057605228e+00	-3.993656566427388555e+01
4.426480311003382795e+00	1.883658284686318396e+01	-2.796623879059105366e+00	-4.062186722496464597e+01
4.432765973643649104e+00	1.907354520397027287e+01	-2.984468575707586613e+00	-4.073214821905122562e+01
4.439053392023870614e+00	1.895028544385971259e+01	-2.800883693314990985e+00	-4.126750108004398498e+01
4.445336141335588742e+00	1.912159370857280294e+01	-2.924293698143038966e+00	-4.155398234805483781e+01
4.451617241414883352e+00	1.908732294094589221e+01	-2.751409832580542059e+00	-4.215093576851350576e+01
4.457901500730311106e+00	1.901289185717160279e+01	-2.657728970069799246e+00	-4.247781759526577616e+01
4.464189501093017043e+00	1.921034364615595891e+01	-2.657655779837813537e+00	-4.302760799724662633e+01
4.470470197548729985e+00	1.906367850771589190e+01	-2.400083652175320381e+00	-4.367201801903756575e+01
4.476748044268524573e+00	1.927169556927904992e+01	-2.505686008342572269e+00	-4.399216640237368381e+01
4.483035990164653484e+00	1.915574877890627903e+01	-2.349517230446119598e+00	-4.456229584806242627e+01
4.489323331650528104e+00	1.926251316092829668e+01	-2.298754569042023910e+00	-4.512450971112599518e+01
4.495599111667934800e+00	1.919396034697573583e+01	-2.183754604067622118e+00	-4.552567609899847412e+01
4.501870922878794090e+00	1.917854488146304703e+01	-1.988858977837672626e+00	-4.633647603790711145e+01
4.508155162877705457e+00	1.926088995089159184e+01	-1.998044975683404001e+00	-4.668748422981729362e+01
4.514446451153479423e+00	1.912872207095479737e+01	-1.841830653724354949e+00	-4.725814352572609067e+01
4.520723894043856994e+00	1.921625096203793959e+01	-1.829777259815476453e+00	-4.774428216031097350e+01
4.527003782460155890e+00	1.907545108585283700e+01	-1.599334415580535573e+00	-4.835471150447624922e+01
4.533293086610313161e+00	1.906845399634834948e+01	-1.546810098300270386e+00	-4.890591094235248448e+01
4.539578989864040182e+00	1.900251777183730439e+01	-1.306802331266252448e+00	-4.961971444829708844e+01
4.545857164866476730e+00	1.891139748394779119e+01	-1.085718826067228804e+00	-5.032681476037143398e+01
4.552138955546025656e+00	1.880115196344556949e+01	-1.041332682230716067e+00	-5.065685303615262569e+01
4.558432046889146605e+00	1.881061671041458183e+01	-8.998598762617588953e-01	-5.138071974130912167e+01
4.564713463378488711e+00	1.878525809931631230e+01	-8.116776467931824390e-01	-5.182244843542897428e+01
4.570987274133244682e+00	1.878228349378405326e+01	-7.813121471288104747e-01	-5.226722503598370650e+01
4.577274818151045643e+00	1.885630229621549603e+01	-6.780602472260999214e-01	-5.296153346947077978e+01
4.583563263889338657e+00	1.894316730306875129e+01	-7.042535822614838237e-01	-5.344689756614756249e+01
4.589844917004465508e+00	1.889165400851790011e+01	-6.267589848820827036e-01	-5.373694152499346899e+01
4.596126259982004747e+00	1.891770851371891027e+01	-6.371319516326245935e-01	-5.415556092342987426e+01
4.602409075598298926e+00	1.899030990282910025e+01	-6.249043031495165046e-01	-5.462286205692439722e+01
4.608696634867644804e+00	1.908336922972989669e+01	-6.471057981596279873e-01	-5.503854111337572874e+01
4.614977646498861219e+00	1.913642458237422517e+01	-6.257136882132590117e-01	-5.554566628571227938e+01
4.621258953029527383e+00	1.919995452760090870e+01	-6.995513410186882108e-01	-5.585831194550734580e+01
4.627547993978874175e+00	1.919074283967028194e+01	-5.862778109353730116e-01	-5.620709441112543914e+01
4.633830152730579854e+00	1.929906455336293902e+01	-6.042765925137897343e-01	-5.676804320708620821e+01
4.640104005367354567e+00	1.941696577259585155e+01	-6.396822689715911947e-01	-5.726824275689899224e+01
4.646382060386754276e+00	1.939366017244537233e+01	-5.876779326987801033e-01	-5.751458422380202506e+01
4.652674213731970987e+00	1.953207848704482430e+01	-5.947813592590178722e-01	-5.814595183019536506e+01
4.658958291796220230e+00	1.954730362370929697e+01	-5.340802143061009755e-01	-5.841660078920597243e+01
4.665233615070169648e+00	1.971498863916722044e+01	-6.087125170321477929e-01	-5.906227053999275256e+01
4.671520675710307380e+00	1.977469940408483495e+01	-5.896815494548599546e-01	-5.946123228701222274e+01
4.677814351732177300e+00	1.992739895762114699e+01	-6.155325426061644123e-01	-6.003488263188635443e+01
4.684093699744638073e+00	1.986966944007737013e+01	-6.415327465281497332e-01	-6.003353051637765958e+01
4.690368661472568590e+00	1.998310819419016227e+01	-6.269558952071491165e-01	-6.060447858159400170e+01
4.696663270746453733e+00	2.008099481574187806e+01	-6.186241252337384422e-01	-6.108784212817606374e+01
4.702945459248681459e+00	2.020662704056306325e+01	-5.888851857407845225e-01	-6.174785422422048953e+01
4.709209170841929470e+00	2.033634579962977185e+01	-6.357554406372755151e-01	-6.220205132618951893e+01
4.715491634753063543e+00	2.035069883249556000e+01	-6.081880328589743812e-01	-6.244463581818030207e+01
4.721784316284933780e+00	2.049491328389618872e+01	-7.018995300715517027e-01	-6.296238802175762572e+01
4.728063062331094635e+00	2.055345086190161297e+01	-6.615676071376678236e-01	-6.331589396130834047e+01
4.734337423381671073e+00	2.070426952318915070e+01	-6.448039395524738371e-01	-6.396241311564708099e+01
4.740627024094544062e+00	2.083945897029161642e+01	-6.353411983810083319e-01	-6.463224093206603982e+01
4.746914995664547554e+00	2.089050770799056167e+01	-6.377080609270381339e-01	-6.491912466588806296e+01
4.753194740071086777e+00	2.099244689559338894e+01	-6.151014042382877411e-01	-6.540917287240907285e+01
4.759478891864783456e+00	2.111814376226280388e+01	-6.647879922728898716e-01	-6.594095394900014639e+01
4.765762396877359031e+00	2.117995586609973913e+01	-6.626277444831579766e-01	-6.629221672732796833e+01
4.772049481246195768e+00	2.139881418041139227e+01	-6.540503657473730748e-01	-6.710030637763222217e+01
4.778335091022592351e+00	2.148845849093922311e+01	-6.559863567505967996e-01	-6.753416305992278978e+01
4.784610831402393849e+00	2.155040737400587503e+01	-6.722760756119352532e-01	-6.786576868230771709e+01
4.790907306208476157e+00	2.168465102783193288e+01	-6.103797769827268294e-01	-6.849595928846385107e+01
4.797204047706418173e+00	2.187233370616915096e+01	-5.755953155119881703e-01	-6.932633343855137298e+01
4.803470827697504220e+00	2.187411912955188953e+01	-6.040690810596985871e-01	-6.941288553379956738e+01
4.809748850577324042e+00	2.197808760729261479e+01	-5.901128642477433406e-01	-6.992008973759764956e+01
4.816045316586602176e+00	2.214600386103492724e+01	-5.697904674242831868e-01	-7.063090821543984532e+01
4.822329240673497885e+00	2.224383298145045629e+01	-6.229333072443692387e-01	-7.099460646563287014e+01
4.828596758226470165e+00	2.235409264592953349e+01	-5.891563949322027316e-01	-7.154450266862536978e+01
4.834890332961369275e+00	2.240360868329544530e+01	-5.787702850263234389e-01	-7.183807204723441941e+01
4.841191655056394261e+00	2.253194965510953196e+01	-5.822395760521448249e-01	-7.240110717476622426e+01
4.847460407468000554e+00	2.277921484565364452e+01	-5.454816225869989488e-01	-7.334674188271296202e+01
4.853732128521334843e+00	2.287453601584260809e+01	-6.511249439263476768e-01	-7.365304263376724236e+01
4.860029138783373170e+00	2.297908865856644312e+01	-5.372805824739160796e-01	-7.431009284198351850e+01
4.866314601732018019e+00	2.309041916990631549e+01	-6.459106134174344982e-01	-7.467841536150568515e+01
4.872587026269203925e+00	2.335169930691890983e+01	-5.571536327305459668e-01	-7.569942461347746132e+01
4.878874221748241702e+00	2.331903435170560357e+01	-5.258598882921614592e-01	-7.578845896464909515e+01
4.885171078138658807e+00	2.351262083578411577e+01	-4.994507027241446018e-01	-7.659773079336122237e+01
4.891450629931857641e+00	2.371340467892764536e+01	-5.638237691352440129e-01	-7.723896625176513453e+01
4.897716482750221978e+00	2.390822809525427317e+01	-4.957477961207721329e-01	-7.807864726708255887e+01
4.904002834596266069e+00	2.403847323478814957e+01	-5.604038009022659361e-01	-7.863653934688086622e+01
4.910295858205786068e+00	2.422451232586021064e+01	-4.992824821462011897e-01	-7.940347158159458729e+01
4.916575188115905881e+00	2.417936017851698338e+01	-5.097576031859261114e-01	-7.930079494297393694e+01
4.922847946197084212e+00	2.433077894589445123e+01	-4.778027308828445840e-01	-8.002200741162775444e+01
4.929131667457151700e+00	2.450910169006455774e+01	-4.724157014522410991e-01	-8.076168836885078406e+01
4.935434460144239033e+00	2.466248879755026735e+01	-5.111713809260720609e-01	-8.124798539966910482e+01
4.941718513303545279e+00	2.484099858199519417e+01	-4.953118177211160433e-01	-8.198875486882808161e+01
4.947978624761803168e+00	2.486689947562402381e+01	-4.241280457022996719e-01	-8.231349882459242906e+01
4.954274999209829389e+00	2.514263788224314311e+01	-4.874402238403291454e-01	-8.323020044447888210e+01
4.960571094729937514e+00	2.530121296404333364e+01	-3.938078133946392168e-01	-8.394773046851869935e+01
4.966823207626954506e+00	2.561969024623484614e+01	-4.276310779024247721e-01	-8.513205349038760517e+01
4.973097418390337587e+00	2.566633505723386577e+01	-3.884308754712192391e-01	-8.544304822674394018e+01
4.979415129936382023e+00	2.595073446324696675e+01	-4.178320679678134142e-01	-8.642211665873105630e+01
4.985702082330368157e+00	2.597742332553842814e+01	-4.481592516511888058e-01	-8.661543267955975978e+01
4.991949985828016523e+00	2.632426532760018745e+01	-4.188647237092542608e-01	-8.790032483107515304e+01
4.998241586316924057e+00	2.623112507666393611e+01	-3.486454349120713392e-01	-8.776576600467579681e+01
5.004556635606089543e+00	2.657917726935659175e+01	-4.183681674417088492e-01	-8.893953456764751309e+01
5.010828655701208945e+00	2.668208232536838054e+01	-3.803167882453810655e-01	-8.945929928475247550e+01
5.017077229702536556e+00	2.682395131053012705e+01	-2.611778195081300158e-01	-9.013632572525293085e+01
5.023374414758113637e+00	2.698634441096472258e+01	-3.222558866148562129e-01	-9.075171990747156769e+01
5.029688873569548413e+00	2.713179752642270515e+01	-3.091622392220412241e-01	-9.135138721442768883e+01
5.035958413584124216e+00	2.763078480319519414e+01	-2.513110593267656734e-01	-9.315449975866013688e+01
5.042232667658486989e+00	2.753872794375933353e+01	-3.203922710454084610e-01	-9.288993836932610293e+01
5.048528755870775875e+00	2.769248218476761636e+01	-2.481420596028297565e-01	-9.358946846070675463e+01
5.054821121427484520e+00	2.791947645372136932e+01	-2.500714209636885621e-01	-9.441805827222437131e+01
5.061069509814582368e+00	2.797378597375635678e+01	-3.239268207107585118e-01	-9.462084974933635806e+01
5.067347812754101177e+00	2.854731128557069653e+01	-3.105319056862755334e-01	-9.666731742744805445e+01
5.073675050630431116e+00	2.845045234855744098e+01	-2.455860044142685050e-01	-9.650908735990360299e+01
5.079945928388977627e+00	2.869966596794495928e+01	-2.815305739685524111e-01	-9.738523438180513381e+01
5.086192992546071601e+00	2.898618380744075651e+01	-2.496224589344558931e-01	-9.846353792280703487e+01
5.092484128970163226e+00	2.908018201306910555e+01	-2.770748727828508673e-01	-9.889072858115228826e+01
5.098802924706086870e+00	2.924396266991079685e+01	-1.784948140508433867e-01	-9.961764799106663304e+01
5.105078217426394005e+00	2.944451987176016061e+01	-2.275495099146800093e-01	-1.003084092046503173e+02
5.111325076574067872e+00	2.985275448997243330e+01	-2.211721289462283413e-01	-1.017947812445773224e+02
5.117628358851224135e+00	3.012117792880087208e+01	-2.492400849124582485e-01	-1.027825847640327055e+02
5.123935939383525984e+00	3.037967641354054393e+01	-2.638919055534146296e-01	-1.037243224127113308e+02
5.130199176325612065e+00	3.045856199769010786e+01	-2.402705710617693835e-01	-1.040640525014135136e+02
5.136469985878846956e+00	3.083097674033745861e+01	-1.423767369147646844e-01	-1.055597919985584952e+02
5.142797788696348071e+00	3.126796296455103175e+01	-1.225163661286865768e-01	-1.071633306730156505e+02
5.149090378043822192e+00	3.140452625738572223e+01	-1.920110017552953963e-01	-1.076097195940392055e+02
5.155289879840074363e+00	3.148906206334615732e+01	-1.789812870411638668e-01	-1.079636657950531884e+02
5.161564521234301317e+00	3.184247102060498591e+01	-1.984700988840113756e-01	-1.092561476114108103e+02
5.167916673496016244e+00	3.165156703117397186e+01	-1.861322906212159178e-01	-1.086646661682631532e+02
5.174205974602950064e+00	3.208233109538200267e+01	-2.142305982650195006e-01	-1.101738767193602797e+02
5.180434820793812456e+00	3.250030281134210242e+01	-1.324542038706699731e-01	-1.117701906790749860e+02
5.186729096569634656e+00	3.306998476502879214e+01	-1.503295342106888977e-01	-1.138179936273953246e+02
5.193058481037780894e+00	3.320660034912867076e+01	-2.167803275583781164e-01	-1.142694072631841777e+02
5.199319511444338460e+00	3.332269491278910323e+01	-7.778689244555438143e-02	-1.148628670090894559e+02
5.205574295584361799e+00	3.358436950579651636e+01	-6.496878849294396296e-02	-1.158582399963872405e+02
5.211894977074066126e+00	3.393855369435606661e+01	-1.277905542742266143e-01	-1.170912107359248182e+02
5.218201708336958511e+00	3.440042278474283677e+01	-2.072518188620856572e-01	-1.186454749494347141e+02
5.224411911780083351e+00	3.461703865821563397e+01	-1.008830834207906091e-01	-1.195510944221318681e+02
5.230677632666463239e+00	3.485906458015804077e+01	-1.131710883024500403e-01	-1.204700398637591832e+02
5.237056729559757429e+00	3.482689007571910622e+01	-1.425424128053155715e-01	-1.203901301785609803e+02
5.243336785035660697e+00	3.548944594985231760e+01	-9.202019232078836874e-02	-1.227748052148132700e+02
5.249493476178225038e+00	3.616321709768175907e+01	-4.729310986322328436e-02	-1.251873571078742486e+02
5.255787017738318134e+00	3.633968830698679398e+01	-2.290735477636968512e-03	-1.259723684422724830e+02
5.262205327426889845e+00	3.658500653949123205e+01	-1.531926256514098139e-01	-1.266845993920243245e+02
5.268477758348532269e+00	3.696875159329309923e+01	-9.533962275301603728e-02	-1.281251323670186935e+02
5.274632213654732560e+00	3.750859986804834989e+01	-4.958390881205634523e-03	-1.301182145547138873e+02
5.280950543314659740e+00	3.746248021878836454e+01	-1.133424719775591588e-01	-1.299359473509039731e+02
5.287327645024750389e+00	3.806824429166820778e+01	3.138167575506006779e-02	-1.322308454022722231e+02
5.293582359180156516e+00	3.851235929619469545e+01	-5.926269462913478885e-03	-1.337518078219351878e+02
5.299789992649893478e+00	3.857751285595034574e+01	-4.712646816242595932e-02	-1.340207462245768397e+02
5.306111460381987222e+00	3.891688669968328185e+01	-8.502390993366200356e-02	-1.352329351033391447e+02
5.312452717892129250e+00	3.912668529537096873e+01	-7.924120086735074453e-02	-1.359751836420080053e+02
5.318650122853046724e+00	4.006660968496661468e+01	-1.899477288818740214e-02	-1.393368839790525726e+02
5.324923043129819789e+00	4.050583104433358272e+01	-3.029312864841818623e-02	-1.409423509886320574e+02
5.331330237158205421e+00	4.033150259575727858e+01	-8.689124239597387223e-02	-1.403240255517059438e+02
5.337586726886338617e+00	4.070470844130878874e+01	1.876830316380495578e-02	-1.417513222323703133e+02
5.343685192440848830e+00	4.158096710834353615e+01	4.478812541807582898e-02	-1.448481877857324776e+02
5.350070659715249199e+00	4.156548986261550027e+01	-2.857790598175820318e-02	-1.448253234717043370e+02
5.356556762554878226e+00	4.259201230326658560e+01	3.981012278119056697e-02	-1.484993074427767965e+02
5.362691868684501095e+00	4.270184647087224050e+01	1.206103815408925313e-02	-1.488541979278441829e+02
5.368769208912516966e+00	4.284268004081561543e+01	-1.006218509339835698e-01	-1.492544543046232093e+02
5.375270137997677722e+00	4.340637110164539791e+01	-2.382105272709892502e-02	-1.513951220327450073e+02
5.381769983045385786e+00	4.422397891272516546e+01	-5.376300940931213329e-02	-1.542402021460835329e+02
5.387701030372958222e+00	4.378434622459121783e+01	3.383883375287341511e-02	-1.527757233095628635e+02
5.393786668001271600e+00	4.477486956059218670e+01	6.964541193961723553e-02	-1.563333390803636860e+02
5.400446161099396569e+00	4.517182052560084315e+01	5.154196992480926387e-02	-1.577584670208626960e+02
5.406957063684501463e+00	4.597054734808309462e+01	4.787837884476292202e-03	-1.605218478546356380e+02
5.412655672453426270e+00	4.740033417621732781e+01	-9.749126290317235155e-02	-1.653819355216673728e+02
5.418821279260546575e+00	4.749117657631024514e+01	-6.205491038322332592e-02	-1.658187707803685953e+02
5.425690594366304076e+00	4.783501108819860548e+01	-6.389427638709717361e-02	-1.670716991732369934e+02
5.432217487502165376e+00	4.798973553184671914e+01	3.689806510697694886e-02	-1.677329114836216206e+02
5.437649811577258241e+00	4.897955818548847162e+01	-1.138013251332090775e-01	-1.709899969273584475e+02
5.443914404015878006e+00	5.107448826075687975e+01	-1.900729817213264380e-02	-1.784865083119650819e+02
5.450953501686320202e+00	4.937747943210695212e+01	-1.409818058101528285e-02	-1.726083572525581644e+02
5.457483690405861232e+00	5.069404718518917008e+01	-3.475993127862677529e-02	-1.772073157538253554e+02
5.462715250135157241e+00	5.118129714332485491e+01	-4.512781934638098250e-03	-1.789069748965952442e+02
5.469033575551323523e+00	5.071610583410242157e+01	1.778639604315953443e-02	-1.773681685589963024e+02
5.476177730420278778e+00	5.311836607650159436e+01	8.359854724546149363e-02	-1.858570678092225421e+02
5.482708935702562236e+00	5.377874819416388874e+01	-5.883668687024502797e-02	-1.880475814011527405e+02
5.487722405008360838e+00	5.162524339234460768e+01	2.338430093888456754e-02	-1.805776095372192174e+02
5.494194284996126498e+00	5.305832378208305755e+01	1.254053114468215227e-02	-1.856278313974336811e+02
5.501391471009256406e+00	5.710748136512852824e+01	4.843713982487583836e-02	-1.998434969058221498e+02
5.507128202673079009e+00	5.580997685384160434e+01	-4.322448609793911461e-02	-1.952248967751523878e+02
5.512278020050448646e+00	5.481844497014179751e+01	5.408469024994200236e-02	-1.918597110242272379e+02
5.519395563377015534e+00	5.846076615320369285e+01	4.811918966789727886e-02	-2.046131340008690529e+02
5.526598678609708770e+00	5.689524366490029195e+01	5.664504206967073408e-02	-1.991562825230535339e+02
5.532162682462509196e+00	5.513133436085478678e+01	-5.229032390234051447e-04	-1.929337933304019259e+02
5.537397124017139127e+00	6.051361634298662295e+01	-2.048790198426379827e-02	-2.117548484336536490e+02
5.544582756485218589e+00	6.023695544392531787e+01	9.841909547172678074e-02	-2.109133595347816765e+02
5.551739327507637434e+00	6.282781128416086602e+01	3.676386404089201920e-02	-2.199262685429150110e+02
5.557493306674907707e+00	5.703354288616210255e+01	1.680775832115883467e-02	-1.996299753122257812e+02
5.562281709102816940e+00	7.499379649004305293e+01	1.246523891829635390e-02	-2.624871967352091247e+02
5.569272720323164449e+00	4.680645798308074745e+01	2.046776031892638681e-02	-1.638428435001636387e+02
