8.899641224696953554e-03	1.883486741108233900e+03	5.957358807766911468e+02	-3.832747597876658347e+03
1.507912216506557788e-02	2.382235176541910278e+03	1.273927738614669352e+03	-1.019694432269767930e+02
2.144790186456836667e-02	2.645586571444878246e+03	2.292498342736183076e+03	8.242876754038060199e+02
2.783660776489276650e-02	2.321850076005913252e+03	1.503820896927797321e+03	-3.716704372202418654e+02
3.435099785803411021e-02	1.861708108700846196e+03	1.492719866827093256e+03	-1.025720393912478357e+03
4.047886761425745911e-02	1.869558012649901229e+03	1.697566816158701840e+03	1.148927721035594914e+03
4.676716683575679601e-02	1.751162197671966624e+03	1.810715590274071928e+03	3.443265124774624724e+02
5.308225101765951665e-02	1.571748905574944274e+03	1.208496813674615169e+03	-3.147406002709315089e+02
5.945362440940590160e-02	1.581380005824522868e+03	1.480963121549205653e+03	7.980470933675896106e+01
6.576224814588792211e-02	1.339580632175728397e+03	1.336673678947781582e+03	2.450378836309532176e+02
7.196632906698736953e-02	1.332283793188294567e+03	1.256335740695159302e+03	1.901310215157168670e+01
7.827860915688347743e-02	1.242251412418648215e+03	1.213473793741279678e+03	-4.498406104395603222e+01
8.470398945834539672e-02	1.162046754511294012e+03	1.146162747459924276e+03	3.222955009601608936e+02
9.096854620527369817e-02	1.044667838847662779e+03	9.621687065976144595e+02	1.265715067179202009e+02
9.720789776830213169e-02	9.105596452347782588e+02	8.415207900225543654e+02	3.174076192321717471e+01
1.034763038959366499e-01	8.737314004038792064e+02	9.108891015646287315e+02	2.718227073349224270e+02
1.097576444254559219e-01	8.025127221991140232e+02	8.065337431291533221e+02	7.684277223186995798e+01
1.160543084780093354e-01	6.938597152137887178e+02	6.149315885345365587e+02	4.894218409901186284e+00
1.223669666537485351e-01	6.954136986371966032e+02	6.852360200495130584e+02	1.251089233409973076e+02
1.286817263090294094e-01	6.319243348692421023e+02	6.043115543651817916e+02	5.352756352843656629e+01
1.349500801664080818e-01	6.071887906666415802e+02	6.114155878879460033e+02	1.449031737619293096e+02
1.411949558842147678e-01	5.903812221486361977e+02	5.653218964729968548e+02	9.957298934505482180e+01
1.475133575747468451e-01	5.420816986957049721e+02	5.103678514050190529e+02	7.986700625857989166e+01
1.537865074252268427e-01	5.081021043654919254e+02	4.656273983656258793e+02	-3.034927771223473059e+01
1.600657544051110326e-01	4.667556918295487094e+02	4.705921715410077582e+02	9.729029145984648608e+01
1.663991168687080635e-01	4.361970038581550853e+02	4.194444459028998722e+02	1.017740400871069539e+02
1.727195645776442856e-01	4.124863340601808090e+02	4.092997807702884643e+02	3.725316309994313713e+01
1.789765213377084718e-01	3.892764193716232626e+02	4.019833149962099128e+02	9.661420000026627974e+01
1.852353690647852158e-01	3.541757984900272618e+02	3.512533377071745235e+02	6.587229998760984984e+01
1.914806787341157279e-01	3.482181449882469337e+02	3.581301848844029223e+02	9.666564864892022513e+01
1.977889868651535599e-01	3.228444744144997571e+02	2.958067934433342430e+02	3.407041703385259979e+01
2.040937735447724277e-01	3.217593732666608730e+02	3.086336355614731133e+02	5.525544355870875535e+01
2.103939302609846018e-01	3.013732796589099507e+02	2.865197807417090985e+02	4.756273383761634221e+01
2.166909709822301688e-01	2.863030566605222589e+02	2.636844644337598993e+02	5.063540066990043442e+01
2.229700281216152047e-01	2.826407455758023275e+02	2.801314400428281601e+02	5.756050163848861700e+01
2.292620027086341994e-01	2.655377766277504747e+02	2.584920043314332929e+02	4.360264619924479490e+01
2.355141508366812297e-01	2.509561210071678374e+02	2.419166745781705004e+02	4.495910897919151239e+01
2.417910583817859116e-01	2.435184818255571599e+02	2.280230298626867977e+02	3.359755803357803927e+01
2.480856539439619257e-01	2.250712565974079951e+02	2.121312420283529434e+02	3.132883916079345710e+01
2.543492256872954549e-01	2.151873856246882895e+02	2.137980401622428417e+02	4.612509065702776212e+01
2.606334251884805386e-01	2.103329071214243982e+02	2.087770821201046090e+02	4.486618179136166162e+01
2.669257370896960802e-01	1.997300342816051568e+02	1.956494016862198180e+02	3.407126975322810125e+01
2.732423343141155980e-01	1.931043294634189635e+02	1.899611584738906629e+02	5.397915023865025574e+01
2.795529680084415936e-01	1.810973913881763337e+02	1.693069931973062694e+02	3.923385461375028882e+01
2.858366292314493129e-01	1.777834946608651308e+02	1.724483814845021072e+02	4.655968439932364333e+01
2.920876271394311496e-01	1.740583135900219816e+02	1.644928598755046210e+02	2.776823006887858725e+01
2.983449844439822751e-01	1.641634770571146476e+02	1.598354901344750658e+02	3.841138836766833009e+01
3.046382639407197446e-01	1.602155588834087325e+02	1.604669417335879871e+02	2.785396091724550161e+01
3.109279127003197196e-01	1.532039928950635215e+02	1.489964617659342707e+02	2.743260839704839782e+01
3.172168171618398036e-01	1.468770375802987758e+02	1.449943394718853540e+02	2.981901641929742297e+01
3.235187567944423082e-01	1.421011693986422983e+02	1.371782750011645078e+02	3.339865924422745991e+01
3.298168217550395687e-01	1.386337328787169838e+02	1.350680915303310314e+02	3.565124722278337543e+01
3.361176429457156667e-01	1.321893348947946834e+02	1.236862635500827139e+02	2.512657260969394102e+01
3.423700375709273769e-01	1.295976025153331364e+02	1.252901448430604887e+02	2.905608783155672015e+01
3.486478192666269682e-01	1.258896413561101184e+02	1.259793066222035804e+02	3.401092697811832011e+01
3.549411614411318028e-01	1.204755052087602962e+02	1.197230154733632475e+02	2.985040799362654340e+01
3.611916935421040642e-01	1.188099265863638720e+02	1.194419379166087083e+02	3.813897802210909305e+01
3.674767089563572564e-01	1.128836308657131866e+02	1.116317436918056956e+02	2.707894802393366618e+01
3.737647795277591056e-01	1.102509534663433470e+02	1.094572543997916512e+02	3.296068309216073544e+01
3.800654031475132477e-01	1.070994330566236243e+02	1.056652824252149543e+02	2.858360941615502071e+01
3.863539861259823738e-01	1.026185264036431590e+02	1.024934018773135591e+02	3.387472319409833688e+01
3.926140181364449755e-01	1.017946025218480486e+02	1.000481646901146604e+02	2.748886341980491821e+01
3.989264500321934581e-01	9.815345943636890524e+01	9.552467686517709922e+01	2.741074636723413604e+01
4.052073244576828714e-01	9.466102966785869910e+01	9.162817970752979591e+01	2.791617219750680690e+01
4.114916477570477182e-01	9.193437647384052980e+01	9.040776995463664889e+01	2.611461476577308716e+01
4.177814272116491257e-01	9.011284257852265966e+01	8.933345625535534396e+01	2.677192712367517657e+01
4.240400648725131116e-01	8.648186789441412259e+01	8.499939859810375253e+01	2.557007646473579499e+01
4.303425690270192283e-01	8.413862334863422632e+01	8.181508882857868059e+01	2.343847966916505854e+01
4.366358560255625965e-01	8.243288940329722436e+01	8.148865674731140984e+01	2.668524836265017086e+01
4.428996183220763605e-01	8.007995397164080487e+01	7.894532985233463762e+01	2.403464292742355823e+01
4.491634418529859563e-01	7.825439405006646609e+01	7.409844990473311555e+01	1.874298633751168452e+01
4.554414146254732731e-01	7.559395036365286558e+01	7.377475401569687108e+01	2.084565117594289063e+01
4.617634470301058558e-01	7.417684532362719096e+01	7.310916081491035357e+01	2.281434854745208085e+01
4.680644242023710433e-01	7.156874188761298683e+01	6.994209487449143126e+01	2.470133987736125647e+01
4.743485242764365895e-01	7.014094981184091182e+01	6.892068339608869110e+01	2.508663408047439347e+01
4.806356136815400082e-01	6.839511286900545883e+01	6.832871244135496624e+01	2.347050734659913829e+01
4.869019258388697646e-01	6.661206497881615007e+01	6.614923689383346073e+01	2.472568093258975708e+01
4.931697099599955947e-01	6.487613916811760362e+01	6.332792521292678600e+01	2.270143499074954718e+01
4.994506747144535908e-01	6.315667988791248177e+01	6.257677005546913307e+01	2.247156199293459622e+01
5.057159051335421429e-01	6.214176893248302491e+01	6.054846006657826507e+01	2.138298359898226408e+01
5.119923996268095356e-01	6.084352436450460999e+01	6.021197763702127048e+01	2.148738171411941877e+01
5.183126097768406826e-01	5.879586732993262643e+01	5.801982476718676907e+01	2.374580348092010951e+01
5.246089638029100000e-01	5.738859629301619236e+01	5.546792354325721419e+01	2.153680365038491828e+01
5.308757308483337267e-01	5.615828533493503016e+01	5.429458390086352892e+01	1.917796533832000705e+01
5.371573527946726934e-01	5.449019663251654322e+01	5.243969923018026691e+01	1.919152545545162170e+01
5.434579563783791256e-01	5.340383013725858063e+01	5.197094932976412451e+01	1.972803632699664789e+01
5.497430652392217842e-01	5.210601878981434254e+01	4.929375371511119397e+01	1.790947364493386829e+01
5.559937427501778773e-01	5.125603811274385180e+01	4.958881026260827696e+01	1.860088377653482183e+01
5.622854676609657654e-01	4.961245751873085652e+01	4.805468884843690347e+01	1.911468816949392746e+01
5.686011537227265711e-01	4.893586395016598090e+01	4.787566948559305757e+01	1.889423560766233479e+01
5.748804589422079614e-01	4.801038557653297545e+01	4.682675204790574952e+01	1.985662343352907655e+01
5.811550210340560296e-01	4.669342569446164504e+01	4.541674214941189547e+01	1.821585109934241231e+01
5.874394496660968468e-01	4.559184942347214076e+01	4.448383589070255084e+01	1.881031890525097339e+01
5.937176220296899176e-01	4.495771774899044004e+01	4.352782343681483468e+01	1.754623840434078375e+01
5.999971954793682505e-01	4.376664013606878001e+01	4.163687587673562263e+01	1.845341713966032060e+01
6.062679115124277596e-01	4.308234570861918655e+01	4.207580069380951215e+01	1.830278888688609840e+01
6.125469576444534381e-01	4.218746358725147871e+01	4.081407886967114962e+01	1.843876254920233748e+01
6.188477733041515272e-01	4.109499845428685205e+01	3.921969816924498531e+01	1.747654064823914766e+01
6.251310567437898813e-01	4.022052943464044716e+01	3.885196379093755326e+01	1.653827395032183745e+01
6.314027450383210560e-01	3.940958349126029248e+01	3.713731317494276851e+01	1.751642675134044680e+01
6.377003562732055375e-01	3.879722810726681104e+01	3.748530876889540764e+01	1.687618153955975941e+01
6.439857783314556494e-01	3.791463976400586233e+01	3.625911292195218749e+01	1.583347850851959571e+01
6.502685417166111925e-01	3.683199601860452077e+01	3.480863836706839010e+01	1.609526242182909783e+01
6.565586117699038216e-01	3.637257992525668726e+01	3.476140524961765976e+01	1.562312492359471072e+01
6.628369282359254377e-01	3.546348644362397096e+01	3.362303200600548081e+01	1.549578992253390197e+01
6.691185444962194362e-01	3.464562253389665614e+01	3.253421798940641452e+01	1.497599203491317077e+01
6.754070198575605755e-01	3.422138276516377431e+01	3.176833160832673997e+01	1.476268611730123403e+01
6.816835514593204692e-01	3.355448292602665816e+01	3.179375338375477966e+01	1.528482709834236708e+01
6.879592533861698112e-01	3.257341578661992543e+01	3.039312099735213835e+01	1.434651782660582242e+01
6.942344317039531587e-01	3.225680630842146712e+01	3.021868235076489029e+01	1.501717277874930723e+01
7.005175402434737908e-01	3.183618850943432221e+01	2.994799243794131982e+01	1.516496632990962112e+01
7.068124956608716758e-01	3.087835075780469651e+01	2.878078127175480105e+01	1.405409360646265782e+01
7.131019009674921527e-01	3.045059253183379866e+01	2.839086932824854159e+01	1.382617773311826248e+01
7.193918251171427247e-01	3.003067789818631184e+01	2.797633919690568050e+01	1.398230282545484471e+01
7.256833807598113140e-01	2.936915958411175254e+01	2.754061124099555613e+01	1.444555089551078630e+01
7.319652682709349989e-01	2.901379244126575685e+01	2.793755855796722543e+01	1.462295354112736234e+01
7.382507990484923344e-01	2.814564312206107388e+01	2.578849908323261175e+01	1.334556444380714701e+01
7.445265842115937893e-01	2.785638700828156900e+01	2.622211865244612738e+01	1.339618870690079078e+01
7.507871101942712455e-01	2.706755577598466544e+01	2.496712700318178335e+01	1.286236925760212735e+01
7.570758465316046459e-01	2.670477714724867369e+01	2.454938102795506438e+01	1.245379219041490337e+01
7.633641233600957365e-01	2.611850068948726644e+01	2.396018194308693339e+01	1.285929310757759403e+01
7.696462959862266917e-01	2.582532880397344854e+01	2.373789810435611614e+01	1.321015663380039840e+01
7.759394865175414102e-01	2.515469369803409094e+01	2.310676422141649056e+01	1.240820747368226407e+01
7.822329141989586843e-01	2.480035121562032785e+01	2.263248283188607601e+01	1.307858711722713885e+01
7.885314936520240181e-01	2.442322973660582264e+01	2.265159963549523070e+01	1.282381790750411987e+01
7.947896566979522071e-01	2.403881993949251594e+01	2.210067808327492855e+01	1.297753391788068633e+01
8.010491096592354809e-01	2.353504694649408435e+01	2.157687744237133387e+01	1.240411440539747367e+01
8.073364061727361651e-01	2.318447165614449190e+01	2.077392974163127803e+01	1.217920067676641338e+01
8.136229488373866170e-01	2.267028152979158762e+01	2.025274622038256211e+01	1.158030682221045815e+01
8.199152998961036776e-01	2.246011136320516854e+01	2.045031349171629742e+01	1.189294267105431402e+01
8.261952636392789762e-01	2.201086776040186166e+01	1.989512051786664060e+01	1.175815878238147327e+01
8.324897070080405914e-01	2.163664594876927438e+01	1.943672830074778801e+01	1.183715125617375641e+01
8.387959309210778480e-01	2.128940493978735660e+01	1.934007506315230529e+01	1.200468091890572708e+01
8.450634639703045181e-01	2.085137854146757874e+01	1.860017467978535777e+01	1.144516461567043208e+01
8.513282867562648182e-01	2.055299171738298369e+01	1.866056525192922066e+01	1.116318443486372836e+01
8.576198263902009566e-01	2.016775570598257517e+01	1.813567977257754293e+01	1.098526459276309275e+01
8.639058477062415697e-01	1.991089858048016836e+01	1.775209885344611394e+01	1.107006856559384111e+01
8.701838745487597837e-01	1.943867891619776955e+01	1.724764656510618721e+01	1.034307194356838977e+01
8.764641096075268534e-01	1.924990742085460838e+01	1.743401762512904796e+01	1.101770979898378577e+01
8.827503873399735745e-01	1.897408527660877198e+01	1.671651298368756144e+01	1.051951050178795732e+01
8.890332768393869323e-01	1.867080618626614452e+01	1.667265528889486959e+01	1.088520077259231655e+01
8.953084247113127780e-01	1.828131643100177328e+01	1.620323877312789307e+01	1.026597463275956557e+01
9.015956521667095602e-01	1.806789455339182027e+01	1.601815368291593700e+01	9.975875625599480045e+00
9.078833328094829680e-01	1.771485891183401407e+01	1.564499416625041839e+01	1.017246343625149940e+01
9.141744106319863450e-01	1.760954128587117751e+01	1.567017944696507037e+01	1.012376694646280662e+01
9.204630817717615043e-01	1.719008178866041092e+01	1.511469256798831751e+01	9.923762478922784069e+00
9.267434415264711456e-01	1.691807967185350847e+01	1.499879972488969493e+01	1.021078805406208367e+01
9.330324197354928906e-01	1.671375311584845491e+01	1.449750726740798967e+01	9.666071070794894027e+00
9.393265785573878812e-01	1.645992563099368766e+01	1.456293986594993228e+01	1.002723647992523581e+01
9.455974810398196650e-01	1.625600462966378501e+01	1.406417112039227213e+01	9.468973490726346753e+00
9.518660018545171964e-01	1.589463105497725159e+01	1.376748004128857694e+01	9.497474831431683029e+00
9.581413255531838757e-01	1.566592629750645749e+01	1.362686603984958644e+01	9.116194529633563803e+00
9.644350945109106954e-01	1.550351626690730100e+01	1.336264756023974698e+01	9.584313275882999861e+00
9.707355633568249820e-01	1.526060513069965197e+01	1.299563612738746166e+01	9.159430107067839444e+00
9.770080768450029041e-01	1.502273860902065117e+01	1.279669524102808609e+01	9.222498854702710247e+00
9.832823325363413414e-01	1.475524176191604653e+01	1.267392123268703408e+01	8.929987615337084961e+00
9.895569691966674686e-01	1.453789241356664697e+01	1.230037970583987494e+01	8.627502342147225889e+00
9.958456301921106979e-01	1.435705934237715020e+01	1.244728581723915184e+01	8.796619116091925150e+00
1.002136210743837408e+00	1.409466668383055499e+01	1.198214281285012461e+01	8.704827057320621009e+00
1.008404825335135424e+00	1.384834031603786286e+01	1.177671836375601266e+01	8.401831183179977458e+00
1.014694149836243398e+00	1.379078673496310792e+01	1.180344993342350080e+01	8.903393167957661447e+00
1.020992555437297167e+00	1.355034176659657774e+01	1.159456617487800578e+01	8.409703565463409802e+00
1.027273980437394485e+00	1.328260695952303827e+01	1.117992033386400230e+01	8.395286718581076002e+00
1.033559181896017254e+00	1.316476533428428475e+01	1.101887166463264300e+01	8.361773129447717778e+00
1.039847557392594934e+00	1.294501433948614633e+01	1.091662299179122897e+01	8.056658200200594422e+00
1.046126974943305088e+00	1.281345904295984717e+01	1.067393272363873358e+01	8.096119010497794477e+00
1.052403436811028659e+00	1.262305595261821978e+01	1.074260634987083662e+01	7.952144142734389298e+00
1.058680704651608684e+00	1.244757402523004330e+01	1.062879873244220263e+01	8.241200072539184518e+00
1.064964333065789193e+00	1.221773714175107806e+01	1.014020720270675291e+01	7.899609926862875220e+00
1.071256777440835473e+00	1.209196406508638155e+01	1.015382245828046415e+01	8.044919530385291395e+00
1.077544048801078125e+00	1.193450666775366642e+01	1.007975554834652598e+01	7.729679397145949871e+00
1.083824820188043603e+00	1.180427821292770929e+01	9.851857566305882941e+00	7.694299489791277757e+00
1.090108023942816695e+00	1.161859268226586117e+01	9.689538682626251287e+00	7.812706570317956789e+00
1.096389665956643222e+00	1.147696121631449628e+01	9.663151548831276472e+00	7.778099893205845383e+00
1.102681132058841440e+00	1.129350387059720617e+01	9.299543602446643575e+00	7.445479098763355452e+00
1.108963047594879958e+00	1.121322793520797667e+01	9.351001782445379718e+00	7.592243295942848746e+00
1.115225428463759272e+00	1.103366307353703668e+01	9.094112451739558622e+00	7.501905166982608897e+00
1.121502127614767863e+00	1.091373822075576072e+01	9.124095152284443344e+00	7.497477204425614161e+00
1.127792573824792033e+00	1.072994221228677070e+01	9.026476752191820552e+00	7.460178411974504264e+00
1.134089552668382961e+00	1.061496061510629652e+01	8.782008355101590169e+00	7.420095732381532194e+00
1.140364049650405942e+00	1.047540671122177791e+01	8.639553129855231717e+00	7.189464388536030093e+00
1.146639180320979445e+00	1.036147464270950103e+01	8.665466627454039283e+00	7.259901313502965081e+00
1.152942412991649901e+00	1.022776320479091439e+01	8.433262501623076446e+00	7.247893221301324296e+00
1.159228906751078814e+00	1.007946675643132650e+01	8.277067114600930253e+00	7.250175898784593898e+00
1.165508721887268173e+00	9.959686253447360471e+00	8.247473880526730028e+00	7.217854187030679824e+00
1.171793076256210320e+00	9.837266395483373671e+00	8.144232265795752213e+00	7.060747240793942225e+00
1.178087436369658958e+00	9.757149776456367718e+00	8.073679015135070358e+00	7.083710296263632245e+00
1.184367654251526902e+00	9.623819951800618000e+00	7.932526792999335719e+00	6.989982958581681061e+00
1.190634642299266632e+00	9.504081047677280125e+00	7.843657093228822319e+00	6.970177463568714593e+00
1.196912208834400859e+00	9.404332575199598310e+00	7.747914340875927230e+00	7.076143190848206643e+00
1.203201577354146234e+00	9.292696721679233107e+00	7.656971481511765099e+00	6.784358705915021659e+00
1.209486844441705733e+00	9.165730758107704546e+00	7.569509950229862838e+00	6.878193773049607884e+00
1.215763902074809888e+00	9.039493530861765436e+00	7.450769579062261450e+00	6.811842214183081445e+00
1.222049755171146668e+00	8.954944507236076490e+00	7.366577427286257418e+00	6.723921597865712307e+00
1.228340616621486969e+00	8.879123343852295847e+00	7.341585526427667929e+00	6.759707802203317684e+00
1.234632986576932767e+00	8.759844459994750920e+00	7.270948695315410326e+00	6.579403250070889442e+00
1.240902247176856488e+00	8.674119025670135485e+00	7.166712080288104580e+00	6.727344354613760125e+00
1.247174839144687519e+00	8.545622367911134276e+00	7.131769675213769588e+00	6.549669506695075860e+00
1.253465459933442272e+00	8.484548488667755350e+00	6.986413474466882434e+00	6.673041603875319971e+00
1.259749951892178421e+00	8.394831148753249650e+00	7.079824980704194637e+00	6.687442022610904147e+00
1.266032143127253873e+00	8.302322472882284643e+00	6.916364802649008325e+00	6.653166649836581570e+00
1.272316288472006507e+00	8.175004263472189336e+00	6.808530694709443054e+00	6.573533060451028476e+00
1.278604155058621350e+00	8.141149008825991018e+00	6.811589049857095013e+00	6.530750238969972976e+00
1.284886588933593865e+00	8.027737683762271814e+00	6.627503696609734263e+00	6.562002302357280215e+00
1.291175420066583257e+00	7.933479299053919576e+00	6.565192293060989392e+00	6.370337650268025342e+00
1.297465726373772332e+00	7.893277688858693963e+00	6.755815862250925008e+00	6.625732927755209722e+00
1.303741827011944299e+00	7.803452998657774309e+00	6.586347239392394748e+00	6.595424317516759949e+00
1.310017322922761851e+00	7.739940524334122607e+00	6.607107589352759547e+00	6.584207972896281902e+00
1.316301447662886703e+00	7.610364278874823363e+00	6.446263373997856760e+00	6.521235581653359148e+00
1.322586760363303249e+00	7.562348879985467676e+00	6.432987550226936690e+00	6.403059201631522868e+00
1.328865492452874664e+00	7.519029028391726044e+00	6.458134338462858892e+00	6.603380062393973127e+00
1.335144804954555564e+00	7.435225858229761897e+00	6.246415676609468726e+00	6.448560368388411845e+00
1.341440516272275119e+00	7.319742928112114022e+00	6.240383928558722815e+00	6.397876264293782533e+00
1.347730868417094552e+00	7.290196202431922678e+00	6.234267230449121122e+00	6.522707679279904802e+00
1.354001589994877630e+00	7.230859738051490737e+00	6.248624371112619258e+00	6.523510610035271107e+00
1.360282609297778444e+00	7.149720423005493153e+00	6.137872324946925140e+00	6.491398907976403621e+00
1.366565686457597906e+00	7.083507119779014261e+00	6.064557390608669607e+00	6.376158633175292856e+00
1.372851498482432708e+00	6.992851270299917488e+00	5.990348369900294401e+00	6.346950824831069760e+00
1.379135372929401804e+00	6.998177012859048141e+00	6.115308487940690263e+00	6.634580705470529693e+00
1.385409567149057164e+00	6.877026629485579967e+00	6.019279799847639723e+00	6.374681659693090197e+00
1.391698641219299315e+00	6.840186505897996483e+00	5.998018186065299240e+00	6.457787813500696750e+00
1.397984451439470810e+00	6.783165487829256435e+00	5.990828564850847471e+00	6.502129285022420824e+00
1.404267883409181961e+00	6.713915934759218551e+00	5.936818537129037843e+00	6.522029591806216331e+00
1.410554779484869181e+00	6.674602384871255900e+00	5.887960133141603158e+00	6.575841594050541694e+00
1.416837833547465397e+00	6.652161586811435434e+00	5.958361157166952360e+00	6.551959136263706185e+00
1.423118177187137068e+00	6.563326025623058335e+00	5.875633815026348294e+00	6.488711748057572670e+00
1.429397801164240089e+00	6.492881414510728533e+00	5.802612090633814113e+00	6.482091000968526195e+00
1.435686921822787232e+00	6.444557419582213065e+00	5.742574093142716052e+00	6.459125426481462817e+00
1.441977121769299597e+00	6.417224859482975496e+00	5.801692902491131676e+00	6.532424182151779668e+00
1.448253667853332427e+00	6.349707462662549595e+00	5.779531909731400852e+00	6.535558085843423903e+00
1.454532348972172651e+00	6.307186879298966709e+00	5.740951390542167410e+00	6.600570295654093478e+00
1.460819319151879903e+00	6.263853790187142501e+00	5.766905822640259416e+00	6.554393287116303313e+00
1.467110364402026468e+00	6.247810485300555605e+00	5.778382071027447608e+00	6.684772835114737077e+00
1.473392908948962132e+00	6.199627853867614391e+00	5.759202685690953949e+00	6.620831711452946244e+00
1.479669965243598950e+00	6.160191737895044817e+00	5.718980252340029047e+00	6.628960428675696903e+00
1.485956144602843532e+00	6.069260027278709835e+00	5.570957199342580601e+00	6.568436048497829916e+00
1.492233610763115115e+00	6.049682161823597859e+00	5.710085294215086371e+00	6.690819689188364450e+00
1.498502470379980078e+00	6.022482988509123558e+00	5.635234123772852044e+00	6.724712197365418476e+00
1.504785752051182701e+00	5.984641494611202539e+00	5.647291171877932392e+00	6.719362503523472085e+00
1.511075991894575976e+00	5.943218099460108483e+00	5.652339775305452285e+00	6.766100994597318063e+00
1.517361634985162189e+00	5.889160073442765153e+00	5.579703105155579657e+00	6.763046884005557757e+00
1.523648570969130533e+00	5.875751322410295963e+00	5.651495231272857467e+00	6.788056682969293654e+00
1.529938035715892264e+00	5.854083445140666697e+00	5.701635243320393620e+00	6.936027644960582883e+00
1.536230176913891965e+00	5.804653653613673470e+00	5.604505035980048788e+00	6.853647399852204281e+00
1.542510718779388279e+00	5.774683198462182254e+00	5.665360480156205192e+00	6.931090673695936566e+00
1.548783963082980275e+00	5.735601625047809016e+00	5.576648147086805452e+00	6.846178870222733970e+00
1.555073069779651318e+00	5.701280839123917588e+00	5.581632455306079876e+00	6.979380288458619574e+00
1.561357324927233892e+00	5.671253706412723972e+00	5.604358712226715333e+00	6.937089746915585664e+00
1.567629121053141006e+00	5.657604427615248177e+00	5.616819308788116416e+00	7.055619207582767949e+00
1.573913697404382583e+00	5.635664235379985954e+00	5.614906426039659948e+00	7.126818546055779358e+00
1.580203545230874029e+00	5.610864705391880314e+00	5.653147909716938813e+00	7.094015150804229286e+00
1.586485393434537983e+00	5.576249573645229773e+00	5.606620171912855888e+00	7.173322126544556809e+00
1.592760014263005841e+00	5.527482435224309043e+00	5.623282111686549456e+00	7.214123811747322534e+00
1.599046436394670812e+00	5.509722209548137073e+00	5.609875081424144483e+00	7.178866338244468182e+00
1.605342136637478934e+00	5.516830137355783314e+00	5.627975352643441731e+00	7.370001678095005282e+00
1.611619860919608627e+00	5.475310310770517219e+00	5.597222502859071191e+00	7.334353473244293653e+00
1.617897597081673799e+00	5.445394936480016490e+00	5.632102377459928810e+00	7.390513650090516862e+00
1.624183235481122756e+00	5.434211629116554754e+00	5.607894935650681312e+00	7.399621644473798554e+00
1.630464598531913722e+00	5.395147715332850424e+00	5.599358451179491603e+00	7.422345699569879329e+00
1.636748985747638274e+00	5.393284377858038603e+00	5.609196250149492080e+00	7.477165560698861846e+00
1.643030923698886259e+00	5.368058896010721170e+00	5.649851658378947761e+00	7.566023155768568209e+00
1.649309176648513064e+00	5.366674662910142501e+00	5.688920366214238911e+00	7.650897346418683576e+00
1.655593633940351861e+00	5.319954414177797020e+00	5.609395301844127601e+00	7.510127629106263747e+00
1.661879571405086464e+00	5.318585722099591351e+00	5.611393450732681032e+00	7.640690925686298485e+00
1.668169361685170271e+00	5.300202656812162516e+00	5.719118419292933631e+00	7.711292021377654571e+00
1.674450151530487485e+00	5.294341834345115849e+00	5.637303999704779578e+00	7.778713619641482779e+00
1.680722718978495900e+00	5.270509037725808810e+00	5.641681322922041275e+00	7.798256850185339317e+00
1.687013891340952476e+00	5.257336166528791210e+00	5.631247460784670089e+00	7.811318552620380551e+00
1.693308984907921033e+00	5.253189542792640054e+00	5.663287537649593695e+00	7.978915606899519730e+00
1.699582147428448486e+00	5.233893386246028179e+00	5.641305659671395745e+00	7.920393816773871443e+00
1.705863747055134105e+00	5.240494238034520080e+00	5.758571269128493597e+00	8.059184093177789165e+00
1.712154434283889470e+00	5.202036217416486252e+00	5.671368722377255978e+00	8.065623509903687705e+00
1.718438381579399321e+00	5.188949621136119461e+00	5.608091243424486727e+00	8.043209593983540628e+00
1.724721264464063930e+00	5.194195610139755281e+00	5.662110870895866732e+00	8.135313669351857513e+00
1.730997441276920679e+00	5.181870910124961149e+00	5.722886780850378052e+00	8.261586953729080918e+00
1.737287073528269499e+00	5.169585859840998054e+00	5.660914791040324801e+00	8.271822370086091780e+00
1.743567991878527401e+00	5.184213206910961880e+00	5.700915083419139329e+00	8.440545769180280544e+00
1.749840680212231048e+00	5.171692776758879617e+00	5.794242589745416616e+00	8.501504228434930255e+00
1.756128549091961144e+00	5.168999097442304347e+00	5.818287026820502916e+00	8.531775737923055658e+00
1.762413535324792502e+00	5.146199324629035843e+00	5.720765199156745417e+00	8.487350555744345826e+00
1.768696187669963837e+00	5.139699209820409287e+00	5.702968990421959816e+00	8.542255901801057760e+00
1.774979359379055266e+00	5.131894640331267077e+00	5.734040492793606170e+00	8.601868857190991591e+00
1.781265555576432957e+00	5.127503731174263280e+00	5.689843166242710915e+00	8.613280822731859132e+00
1.787549427830244619e+00	5.131228178307055465e+00	5.779577402047586965e+00	8.809108552748389442e+00
1.793834120011633004e+00	5.104423693970320031e+00	5.714138000712694065e+00	8.722545972640959988e+00
1.800115051552487300e+00	5.116842646477891776e+00	5.755459017458302462e+00	8.862963661203972165e+00
1.806393904854530330e+00	5.129649386605056982e+00	5.777159010322149513e+00	8.931004263363435669e+00
1.812674089667083432e+00	5.119393618327009676e+00	5.721609852632235871e+00	8.909166518014192349e+00
1.818956920109354058e+00	5.121081260455002671e+00	5.705344530675025005e+00	8.933564563238510559e+00
1.825244164118212220e+00	5.119060099600348579e+00	5.707957545309825242e+00	9.064132607458923019e+00
1.831527256642196955e+00	5.114817511306961606e+00	5.745792904944551083e+00	9.152716897589323608e+00
1.837811294935716599e+00	5.114286131198728214e+00	5.730004207896866042e+00	9.166666570533685388e+00
1.844100717411196744e+00	5.121686088249766122e+00	5.724344852941161577e+00	9.267951154137120895e+00
1.850384816792487230e+00	5.113369702820137697e+00	5.733078679520829724e+00	9.291062680429353904e+00
1.856666059735203822e+00	5.118091817377472985e+00	5.752424114006142730e+00	9.318328765561211924e+00
1.862947728675613979e+00	5.130539175341075619e+00	5.727216212691315533e+00	9.491584024332542668e+00
1.869229324466858078e+00	5.131818440491832334e+00	5.640729353267052382e+00	9.456527189676389611e+00
1.875517616802973686e+00	5.113507916127902675e+00	5.652016760332480239e+00	9.454496874366617121e+00
1.881800769033795229e+00	5.122724937676314205e+00	5.658342089142100129e+00	9.552078772750212110e+00
1.888078863416442710e+00	5.131908197020654150e+00	5.684958699364290879e+00	9.677320608413255698e+00
1.894353975182237582e+00	5.155047341373671266e+00	5.740553616406120163e+00	9.734842566282285503e+00
1.900642716154182565e+00	5.121499757761097449e+00	5.667561609598586791e+00	9.681066667747801446e+00
1.906933494748685121e+00	5.143943242772619051e+00	5.655113752723538667e+00	9.802832885181684830e+00
1.913207568676573933e+00	5.168012961947598960e+00	5.702393224103997404e+00	9.903697224834713708e+00
1.919490884732178992e+00	5.161901842180506073e+00	5.610856475856088821e+00	9.960062639532267781e+00
1.925776855684274480e+00	5.153875775951831884e+00	5.630051646520358943e+00	9.904043816642877474e+00
1.932064452961978152e+00	5.185501242336557404e+00	5.594714793753979620e+00	1.001317549395365347e+01
1.938342610030488800e+00	5.176860711008074212e+00	5.562071285901791562e+00	1.005750502888868603e+01
1.944618341543410178e+00	5.197692219748093478e+00	5.594252516647770790e+00	1.015348335994833917e+01
1.950906260203513876e+00	5.202984306400672665e+00	5.586498877762950954e+00	1.019905213902926988e+01
1.957194556613796488e+00	5.211392275974226607e+00	5.577495073323436081e+00	1.025013249655661696e+01
1.963479614559011432e+00	5.223419623493071207e+00	5.527813374735868202e+00	1.022166619775042662e+01
1.969760361532916226e+00	5.237066599161706471e+00	5.499590307485727081e+00	1.040648977371711226e+01
1.976048367034604736e+00	5.244008830728091652e+00	5.460104232681186609e+00	1.040251995549476405e+01
1.982337990217652335e+00	5.270362113361304779e+00	5.513518614813266439e+00	1.056423372432957564e+01
1.988617489259562721e+00	5.249285048521199926e+00	5.407192818616828767e+00	1.044625097472241215e+01
1.994896320665194178e+00	5.266283818020663254e+00	5.396213391212910437e+00	1.050186036090058828e+01
2.001179596222827151e+00	5.277378598592200376e+00	5.377393953523938563e+00	1.052335352930653301e+01
2.007459756923499761e+00	5.288839848514157893e+00	5.332616002119046961e+00	1.058796711588362882e+01
2.013737397779169935e+00	5.306153970108370643e+00	5.278730825627116374e+00	1.066748886060788060e+01
2.020017234677497164e+00	5.312189846362015189e+00	5.253397806155892802e+00	1.064634502325567489e+01
2.026310251015072783e+00	5.336432500833490522e+00	5.323767481329635842e+00	1.081420909003802855e+01
2.032600542948020284e+00	5.343855955297414972e+00	5.216820782746427021e+00	1.076971524311805872e+01
2.038873863192099289e+00	5.346877699178952170e+00	5.205886328253617634e+00	1.082436489049390183e+01
2.045154087821675404e+00	5.357937601265557959e+00	5.131164263326136954e+00	1.081527852712126858e+01
2.051444704514288730e+00	5.385530788912779698e+00	5.093092997169997638e+00	1.091973057802144531e+01
2.057730430280644729e+00	5.394409640581811161e+00	5.081315063782033015e+00	1.097018791475528410e+01
2.064013940455224461e+00	5.435518949027561497e+00	5.068460539495178274e+00	1.109776231599437857e+01
2.070299891179459895e+00	5.433597312710518601e+00	5.040085602593517677e+00	1.106467342430160272e+01
2.076589719964883951e+00	5.458534751478141267e+00	5.029919395774763657e+00	1.119010377868445794e+01
2.082865483794470673e+00	5.486224637287040018e+00	5.006791693295491008e+00	1.123913603936012962e+01
2.089134494859368640e+00	5.491247723033499284e+00	4.983080491838270731e+00	1.127467758998057334e+01
2.095424211360070288e+00	5.492352985898474316e+00	4.846671110598006926e+00	1.126197591909368434e+01
2.101707116664804254e+00	5.524708396569604218e+00	4.831611500822094563e+00	1.137234598002682873e+01
2.107986473933564309e+00	5.542911085366942103e+00	4.753534461048048776e+00	1.136389702639750254e+01
2.114271806543862375e+00	5.570338611167422904e+00	4.731777974401387254e+00	1.141626192011433538e+01
2.120552717288892275e+00	5.579057187929187478e+00	4.699591363315884784e+00	1.146426173801721760e+01
2.126836933207161717e+00	5.601992005876334169e+00	4.652959271755631399e+00	1.153692188000235141e+01
2.133122044791171845e+00	5.630001198251192385e+00	4.605605415763712962e+00	1.159827204906235920e+01
2.139411711910842673e+00	5.652255892471121257e+00	4.533481709050795949e+00	1.162846472467205672e+01
2.145697076775292089e+00	5.665567449355035201e+00	4.505830075217048147e+00	1.168128889839118401e+01
2.151973548606471276e+00	5.695469078288038389e+00	4.476503530333571845e+00	1.176157144246727881e+01
2.158259913555724108e+00	5.715693478611169276e+00	4.396648926989436212e+00	1.174219431660254997e+01
2.164545396699105506e+00	5.725257709605982015e+00	4.296295862267561994e+00	1.174840389405587615e+01
2.170830700377734068e+00	5.766121413071266133e+00	4.342549391928939073e+00	1.190176453546819424e+01
2.177114138849150393e+00	5.792227769546463456e+00	4.257602054359155730e+00	1.194568055183530930e+01
2.183387647576827018e+00	5.797575203578136716e+00	4.200608119558967957e+00	1.191432495666704661e+01
2.189670273687676971e+00	5.835283501767125180e+00	4.107281864803781879e+00	1.198872233759882810e+01
2.195960147934207463e+00	5.853622392410780861e+00	3.960424440132297885e+00	1.198949341594645546e+01
2.202242556317716371e+00	5.881345982976779574e+00	4.009671607596827059e+00	1.207368418865773663e+01
2.208521655981037668e+00	5.920303860124211504e+00	3.896139656457635603e+00	1.217346193170474677e+01
2.214804637081333016e+00	5.946627748151479764e+00	3.907473841879605558e+00	1.224844875367613461e+01
2.221092583349425276e+00	5.968221035419585263e+00	3.793179678853747738e+00	1.220238037450983626e+01
2.227372893591468728e+00	6.000571200486987777e+00	3.770543728107242032e+00	1.232799980598672640e+01
2.233657161144248171e+00	6.021433580186032586e+00	3.689661332644024849e+00	1.235283912823704000e+01
2.239943485394438660e+00	6.044848322159185550e+00	3.538038957243565985e+00	1.232965606545209347e+01
2.246224175264620815e+00	6.062213830273014636e+00	3.532171119104129620e+00	1.234295295248521462e+01
2.252506378421252009e+00	6.105607936660909729e+00	3.437508741866585282e+00	1.242884842850861737e+01
2.258783417054270437e+00	6.140008783010624249e+00	3.424171221129892473e+00	1.252330589492078694e+01
2.265069077371457684e+00	6.168060580767770418e+00	3.371620437169788875e+00	1.255642960411618247e+01
2.271350377044131452e+00	6.199694469837651489e+00	3.218631040650512976e+00	1.258875681602551033e+01
2.277633995145353918e+00	6.223852971210421359e+00	3.137859027507752696e+00	1.257244015494445755e+01
2.283922419579920149e+00	6.258290004687180996e+00	3.023599913595631072e+00	1.270976236379969393e+01
2.290202874392252674e+00	6.299967496291045244e+00	3.017212308543206767e+00	1.274121177362172119e+01
2.296490779970905560e+00	6.313385567968329504e+00	2.891044985019071589e+00	1.269113078709322195e+01
2.302771769934229162e+00	6.346236614551411748e+00	2.810487763035948383e+00	1.278432384254108634e+01
2.309051364164305564e+00	6.391540201211226346e+00	2.715086362466926140e+00	1.286380706055399692e+01
2.315338502539088239e+00	6.444989850575246315e+00	2.575696905055132824e+00	1.298149331984555666e+01
2.321627336503874428e+00	6.470477098695507578e+00	2.576642171678324100e+00	1.296554257680741884e+01
2.327911878297218795e+00	6.497600288786891554e+00	2.502779675931013692e+00	1.298781370001526803e+01
2.334186238580297168e+00	6.520986904908992798e+00	2.406068995530899368e+00	1.304021490461277821e+01
2.340467971862688401e+00	6.553399331730314969e+00	2.368425511622965551e+00	1.301513350654833445e+01
2.346756940970738725e+00	6.606110544294907960e+00	2.301466441667080698e+00	1.320902854888139721e+01
2.353044444556199988e+00	6.635754795977477194e+00	2.163532494270681727e+00	1.312085814872036593e+01
2.359327653314069906e+00	6.688409264987187797e+00	2.091000794599278123e+00	1.328103833486649599e+01
2.365603048789861607e+00	6.696362108135142321e+00	2.024125328981690508e+00	1.319257935670220228e+01
2.371885911737665165e+00	6.745823722113728493e+00	1.949691106675668584e+00	1.333613690160659715e+01
2.378173303594019572e+00	6.784846858332890918e+00	1.795406178261682806e+00	1.341080309703771256e+01
2.384454016539381271e+00	6.827761220221525207e+00	1.767841706167109894e+00	1.339363649825005709e+01
2.390736447344785187e+00	6.884630746667495416e+00	1.611559356370306562e+00	1.352300866717729377e+01
2.397014133897952259e+00	6.915421616507365421e+00	1.496552543319197959e+00	1.353780424884888411e+01
2.403295490074321972e+00	6.960484495561031437e+00	1.468912939419720232e+00	1.364687886738848022e+01
2.409585049672506862e+00	6.985591186545751619e+00	1.372018896769305663e+00	1.361863610588168783e+01
2.415871703165322071e+00	7.013605829686277993e+00	1.250153706974283629e+00	1.360933841024336566e+01
2.422160652369088840e+00	7.079453967234113243e+00	1.099342617655898469e+00	1.375984975056375426e+01
2.428440167222748691e+00	7.123271827333300443e+00	1.056182892629578873e+00	1.380218597185512408e+01
2.434717472383889803e+00	7.153106956354626789e+00	9.499475597583336706e-01	1.379384312487014519e+01
2.441002456202044257e+00	7.194519049006981248e+00	9.191413982636499336e-01	1.387150404011550897e+01
2.447289980304530488e+00	7.235288526701483924e+00	7.361127750087799182e-01	1.388362361732827566e+01
2.453571844729242279e+00	7.283707700372644922e+00	7.049985180046324240e-01	1.403400036458135780e+01
2.459852705114058846e+00	7.321643284162727916e+00	5.903726657224128704e-01	1.397317866724350566e+01
2.466139233225018934e+00	7.361629311346857385e+00	5.002777853649741369e-01	1.408518289955281233e+01
2.472421963421291391e+00	7.406611133556421755e+00	3.915318223107738804e-01	1.411677176453140525e+01
2.478698519174224568e+00	7.436435040162936438e+00	2.720814876986998865e-01	1.407120687452144736e+01
2.484980841400355800e+00	7.475968022534946300e+00	2.100138114608234852e-01	1.412480068226039087e+01
2.491269319409339822e+00	7.522629315740581468e+00	1.115932236005333505e-01	1.418284634418231427e+01
2.497548505139029373e+00	7.574992491003912143e+00	2.732191518783701548e-02	1.432062378094652999e+01
2.503831667172610853e+00	7.610671386197029875e+00	-5.190785712205118335e-02	1.429896581525608568e+01
2.510117938323931153e+00	7.678936767125997598e+00	-1.389430567519220616e-01	1.442540485977606579e+01
2.516400733681277480e+00	7.707998627308056072e+00	-3.089311526527011575e-01	1.443919348498405419e+01
2.522688226833368130e+00	7.762112440490729348e+00	-4.212807263387510215e-01	1.446656820063449267e+01
2.528971695852665569e+00	7.785257213248135244e+00	-4.246316572347122453e-01	1.450755941807920735e+01
2.535252039407670299e+00	7.860561759295331186e+00	-5.708391575576355903e-01	1.457747660318936589e+01
2.541537514142774512e+00	7.906258059140522931e+00	-5.686477908582732166e-01	1.470735110112794430e+01
2.547823008847572179e+00	7.951277203011035688e+00	-7.695985154442135379e-01	1.475832403278787552e+01
2.554100666580690238e+00	7.963329334187079667e+00	-8.376910473520687850e-01	1.462813365067545490e+01
2.560376788884177301e+00	8.025656068155640810e+00	-9.834240059385235266e-01	1.469599901279874210e+01
2.566667521601497359e+00	8.082218324592719938e+00	-1.076207961164162397e+00	1.476447730675424630e+01
2.572955062237090473e+00	8.160033478352353598e+00	-1.211927799764642044e+00	1.498634714187386408e+01
2.579233771797999175e+00	8.182550983589058191e+00	-1.223299838632891934e+00	1.495824563354652703e+01
2.585520164300948220e+00	8.246266529565389192e+00	-1.375351102364563038e+00	1.496918082952502793e+01
2.591805130332431872e+00	8.324961731080643190e+00	-1.564774190652657326e+00	1.521227731333161870e+01
2.598084074692260881e+00	8.356293334525300764e+00	-1.583534233173551353e+00	1.516426286292909609e+01
2.604360404197643586e+00	8.385557626155152988e+00	-1.668630908942778879e+00	1.518952578966417022e+01
2.610647185140439142e+00	8.411449136912732882e+00	-1.704278899350308185e+00	1.512020636229163983e+01
2.616931864059273138e+00	8.480694474142600470e+00	-1.796509092533694396e+00	1.522616625302059390e+01
2.623206107911065565e+00	8.513898851325913952e+00	-1.834685443408470062e+00	1.515573479833393478e+01
2.629491626543270844e+00	8.548103545976085016e+00	-1.947199496620795944e+00	1.521827318815438268e+01
2.635778507982642349e+00	8.606774852383525243e+00	-2.039971452555204845e+00	1.531869560409927011e+01
2.642061039325260818e+00	8.686135213303149527e+00	-2.175844271668087693e+00	1.540657187371253478e+01
2.648343840729305843e+00	8.714725637038204908e+00	-2.315923166206494077e+00	1.543213718949262514e+01
2.654631838974855551e+00	8.763619005954607744e+00	-2.363489583850664211e+00	1.546855636873685036e+01
2.660919001246303761e+00	8.787123545506974054e+00	-2.432905289301859675e+00	1.538735974040854515e+01
2.667198525130066056e+00	8.843416161124761032e+00	-2.471401575634841308e+00	1.553178803801239916e+01
2.673484307038032526e+00	8.895517489555764712e+00	-2.633325857502760936e+00	1.551419478336975111e+01
2.679773388053849459e+00	8.977584207050048448e+00	-2.738014751643640388e+00	1.568468421978524319e+01
2.686058217632288692e+00	8.991246760387912929e+00	-2.745670410518940230e+00	1.560182080079079725e+01
2.692338738200057868e+00	9.044473550992417898e+00	-2.826558145219173923e+00	1.566253542252111330e+01
2.698618022887226964e+00	9.101677558942766311e+00	-2.986480062118599399e+00	1.574017673347813506e+01
2.704895450708277860e+00	9.187592754048003130e+00	-3.126683873232530608e+00	1.588341206789007387e+01
2.711175674923682166e+00	9.214734369355848997e+00	-3.161351228757897314e+00	1.589576430227808324e+01
2.717459832966957922e+00	9.223807613845279363e+00	-3.118860138832573625e+00	1.574018627992202290e+01
2.723745731959044569e+00	9.291961150480357645e+00	-3.308864635642188912e+00	1.582984318638603938e+01
2.730038414850594730e+00	9.340703248912243239e+00	-3.363095093774430833e+00	1.593763153709121916e+01
2.736317989800789441e+00	9.380192079000062577e+00	-3.403927559797765401e+00	1.587949735600624024e+01
2.742591858549239703e+00	9.450984889344139717e+00	-3.660399504856114206e+00	1.601368353258334665e+01
2.748879749010778362e+00	9.490835600175786979e+00	-3.626123050042804774e+00	1.599633406550490911e+01
2.755163403825859447e+00	9.535253775578093283e+00	-3.696832300080203471e+00	1.598918457481712529e+01
2.761446955625852073e+00	9.574813705514287676e+00	-3.725434241187848716e+00	1.606942269510460264e+01
2.767732088935374701e+00	9.673160483833685319e+00	-3.873863044206594886e+00	1.624482268452331724e+01
2.774015452421743966e+00	9.734152573314888812e+00	-3.988583098819357353e+00	1.633269024648611989e+01
2.780298635700591436e+00	9.769720497278528981e+00	-4.105598642398184062e+00	1.632973458069190897e+01
2.786577474762241380e+00	9.787868180079987823e+00	-4.082970064900337981e+00	1.626701778465043802e+01
2.792857983210164541e+00	9.835864958401288050e+00	-4.123078543496839110e+00	1.627088747912654654e+01
2.799143790920211483e+00	9.883110545619384624e+00	-4.141445602865601927e+00	1.629373801142088496e+01
2.805430058399325244e+00	9.918883766633159738e+00	-4.194938284758142011e+00	1.632230184716872046e+01
2.811715058209780072e+00	9.964936252740354661e+00	-4.341071059631572027e+00	1.630784372629586088e+01
2.817989272498773623e+00	1.004583601396349835e+01	-4.475277245114803293e+00	1.648186303908992656e+01
2.824269171595737760e+00	1.007458889571844551e+01	-4.478299146273243103e+00	1.638709960790057707e+01
2.830563016441804081e+00	1.014934812166988642e+01	-4.560286612326958533e+00	1.652475320350795585e+01
2.836848750951622034e+00	1.018342371719088746e+01	-4.601967567623995947e+00	1.654191634340116224e+01
2.843130027866129783e+00	1.024371543023753794e+01	-4.632768058656726140e+00	1.657939997377268071e+01
2.849413896912404986e+00	1.027410303394400515e+01	-4.726623136788126622e+00	1.655663679285112266e+01
2.855697464522425566e+00	1.035457676288937101e+01	-4.835316820586663233e+00	1.665744511928689775e+01
2.861978799810683594e+00	1.037315128953486365e+01	-4.866802041898441900e+00	1.666642436092626056e+01
2.868262469415629567e+00	1.043871201491719702e+01	-4.926572409480550085e+00	1.670807541683373998e+01
2.874547359206753860e+00	1.048760643434711426e+01	-5.079981642941752362e+00	1.679719507153192026e+01
2.880831111471525041e+00	1.054841172731328136e+01	-5.101565690080610338e+00	1.682108762279754188e+01
2.887113216972382546e+00	1.059917510566939214e+01	-5.142483822585150577e+00	1.685280964840347195e+01
2.893394504725182781e+00	1.062548973863351165e+01	-5.236534205169382616e+00	1.685901279690469323e+01
2.899673662137033592e+00	1.066038401276369996e+01	-5.183161094625606147e+00	1.673500861738316914e+01
2.905953958587380814e+00	1.070706451990148800e+01	-5.234969431068027923e+00	1.677200830676267884e+01
2.912241118105161064e+00	1.077901473434558355e+01	-5.372831790574135624e+00	1.688807594706574022e+01
2.918525996366671205e+00	1.085010807438074032e+01	-5.460762873792164740e+00	1.700719145279727940e+01
2.924809035425688819e+00	1.085273042214005024e+01	-5.446340325312141850e+00	1.692457042413345292e+01
2.931095916293684933e+00	1.092247448447429292e+01	-5.529968648358678074e+00	1.700621292259002004e+01
2.937378182606774413e+00	1.099470921483993990e+01	-5.599969024907061055e+00	1.713350181448813458e+01
2.943659980254369923e+00	1.101680323122934446e+01	-5.625720965562511111e+00	1.705733522479667741e+01
2.949946454403890250e+00	1.105930326586947920e+01	-5.600294587721418971e+00	1.711710575014373603e+01
2.956227653702202307e+00	1.111823591001607703e+01	-5.730142332968114260e+00	1.718730311061362670e+01
2.962510478867462993e+00	1.117587636278927832e+01	-5.735866532139654694e+00	1.722240748427379131e+01
2.968796535179442309e+00	1.121998105560256320e+01	-5.795015573764072059e+00	1.721857342587832562e+01
2.975077657376874907e+00	1.128835699637018664e+01	-5.855875413271348862e+00	1.720912900533085121e+01
2.981359866759223376e+00	1.135562646963407829e+01	-5.937668272394657443e+00	1.740895331679149294e+01
2.987646761575656562e+00	1.136161412514090152e+01	-5.865667276813198328e+00	1.732742669717370632e+01
2.993929038370399365e+00	1.144487481427229270e+01	-6.022556543192065348e+00	1.742084509474155496e+01
3.000206214840962726e+00	1.149839116946499118e+01	-6.042004125174308626e+00	1.751078555597782582e+01
3.006486172402415669e+00	1.151658522802435591e+01	-6.021740564541159024e+00	1.740476916348066183e+01
3.012769812211594456e+00	1.158463510986364398e+01	-6.143624092613062082e+00	1.752844533484109135e+01
3.019053144326170113e+00	1.165353961637169533e+01	-6.233212930087245418e+00	1.767202515820787312e+01
3.025337405144251424e+00	1.167555918659412129e+01	-6.222876956856774555e+00	1.752396916700018181e+01
3.031623734799107961e+00	1.176609460008492469e+01	-6.349020379024982397e+00	1.773305740925194129e+01
3.037908962055872575e+00	1.180189260998716350e+01	-6.308813693086478658e+00	1.769316262190481837e+01
3.044195067146031608e+00	1.186945400842621190e+01	-6.341019944511920414e+00	1.783877540055956246e+01
3.050475543482170426e+00	1.188980232520799873e+01	-6.411795779479735558e+00	1.776866030709592792e+01
3.056754954538277502e+00	1.197851468348394555e+01	-6.498187897457143869e+00	1.791208832808443674e+01
3.063040539557494668e+00	1.204839696945293070e+01	-6.601197582321477242e+00	1.800839423055183630e+01
3.069323699454357346e+00	1.208428762663907641e+01	-6.590127720019076207e+00	1.799251897899888775e+01
3.075610692642898769e+00	1.214325563150563703e+01	-6.591568269284689308e+00	1.810041869907389867e+01
3.081893798009918584e+00	1.222840872137827439e+01	-6.695533057402854205e+00	1.822836267856111192e+01
3.088174549548037717e+00	1.224207722107304264e+01	-6.668502491859519488e+00	1.814547191170813534e+01
3.094458635632868493e+00	1.232526855196776872e+01	-6.804490557629741865e+00	1.824273916787839767e+01
3.100743982931558840e+00	1.237164430089529787e+01	-6.762708470356490587e+00	1.829959917829721050e+01
3.107028111748448396e+00	1.243125336459052477e+01	-6.844612183977727859e+00	1.842352280525255637e+01
3.113309299655494300e+00	1.252703805115822178e+01	-6.967271641667935889e+00	1.849709464217328403e+01
3.119590662867241626e+00	1.250974668459960526e+01	-6.851843335347272301e+00	1.839328789627224836e+01
3.125874006820172912e+00	1.260302126313147042e+01	-6.978175328162836699e+00	1.860002012419011663e+01
3.132159251154602586e+00	1.268700453376625958e+01	-7.084974616161439087e+00	1.877323519386924389e+01
3.138439172765940643e+00	1.272421009488591004e+01	-7.039059116385809389e+00	1.867730028724298919e+01
3.144723867719826593e+00	1.282334678786348903e+01	-7.093489258149500820e+00	1.886696145392073376e+01
3.151003951258561031e+00	1.287028632616184254e+01	-7.214853661531235751e+00	1.904643365050934634e+01
3.157283664131563139e+00	1.295953233999804510e+01	-7.219843648589203688e+00	1.902113626547992453e+01
3.163569317183839935e+00	1.302426195153583244e+01	-7.331751919098411285e+00	1.925130210539017028e+01
3.169851661717792091e+00	1.312207674970728277e+01	-7.384721503714951396e+00	1.937307934831579459e+01
3.176137704316093657e+00	1.316850605989849399e+01	-7.452575573528838149e+00	1.943081890361028385e+01
3.182420924828643916e+00	1.324694914231608145e+01	-7.488186420049994574e+00	1.959921626160512531e+01
3.188702811875577581e+00	1.328576728373382210e+01	-7.504333689827174858e+00	1.953944962776851568e+01
3.194990520008989865e+00	1.334479725104489134e+01	-7.518911757509288307e+00	1.965742630854727224e+01
3.201275324656983834e+00	1.342536324267265080e+01	-7.550058189300503209e+00	1.979955568177501846e+01
3.207551352179861759e+00	1.352760117936373341e+01	-7.710076715746758680e+00	1.994938492536504882e+01
3.213835216737041645e+00	1.356090352037757008e+01	-7.767159133410932448e+00	1.999749311472468705e+01
3.220122579819103770e+00	1.335107895827445113e+01	-7.151242964951830317e+00	1.889640022549392384e+01
3.226406606618656525e+00	1.265187314290897547e+01	-5.537651177943983427e+00	1.612224017780686580e+01
3.232687390085645429e+00	1.219533363337048293e+01	-4.466311684502096924e+00	1.400106633687771662e+01
3.238969121280456331e+00	1.181734258768141288e+01	-3.599011352430352417e+00	1.235007220861930044e+01
3.245254751548589667e+00	1.147905804382081385e+01	-2.856355483694973607e+00	1.075175629080089301e+01
3.251534499036136783e+00	1.119113851745853694e+01	-2.194424857900547643e+00	9.317630601223436670e+00
3.257817780791052442e+00	1.093456924260614471e+01	-1.685111831591231457e+00	8.079332284692494426e+00
3.264102164154097263e+00	1.075175386143819800e+01	-1.329483555624809688e+00	7.012025056550118762e+00
3.270384152138468892e+00	1.052843732116077469e+01	-8.649970148448022922e-01	5.951494916008697622e+00
3.276669427476867735e+00	1.037808535310214886e+01	-5.995820465560884882e-01	5.064892002766984369e+00
3.282954688864507808e+00	1.025282620076976947e+01	-2.653450862418200717e-01	4.183334322313129405e+00
3.289237200334947264e+00	1.011593318801849151e+01	-4.715271528703400550e-02	3.439180052706000357e+00
3.295519587088236779e+00	9.993427142069217339e+00	2.061303521008230888e-01	2.645404813404396371e+00
3.301805977329951958e+00	9.913248051580090703e+00	3.899554614859352397e-01	2.013090555866428044e+00
3.308087486222440088e+00	9.831432040738233624e+00	5.207423493639934398e-01	1.379747623499465226e+00
3.314367630234227313e+00	9.746705298723895794e+00	6.835683480427416914e-01	7.981152397623321182e-01
3.320651909732194262e+00	9.704591647183750780e+00	7.901446224455324074e-01	2.570655861946227194e-01
3.326931260376857047e+00	9.661885205591378423e+00	9.288405954375175133e-01	-3.177149038527207203e-01
3.333216512447217728e+00	9.573573029225228126e+00	9.956237308174895606e-01	-7.845788621753954084e-01
3.339504489419978128e+00	9.554582907124796520e+00	1.065454856381811144e+00	-1.234617257620425734e+00
3.345786804809928405e+00	9.504457551267071480e+00	1.177978185065421401e+00	-1.736241957404524472e+00
3.352071130016277767e+00	9.472118577483769286e+00	1.236630807817262756e+00	-2.165751534365754960e+00
3.358351496304225581e+00	9.457061601746913126e+00	1.246546146794078380e+00	-2.591624259475319381e+00
3.364630591073392019e+00	9.415931698173771736e+00	1.277899376667864573e+00	-3.020242169576959679e+00
3.370916305215045483e+00	9.414124796265816997e+00	1.291890688818971844e+00	-3.396590226288710213e+00
3.377197952029413752e+00	9.410095923443968502e+00	1.378521702010350181e+00	-3.763699931545497090e+00
3.383483063818085501e+00	9.408426335099399296e+00	1.379352492663069807e+00	-4.101087702811690328e+00
3.389769992424469969e+00	9.410450216405127577e+00	1.353947775768612694e+00	-4.463354186777956478e+00
3.396051330885982100e+00	9.403446966730466983e+00	1.349641682303971857e+00	-4.768561271978511762e+00
3.402330879139463971e+00	9.425163198040968027e+00	1.401558765681549579e+00	-5.118114863409624071e+00
3.408610488352048495e+00	9.411692871185646680e+00	1.363872034831241642e+00	-5.431829448810048255e+00
3.414897837696641236e+00	9.421022222359638931e+00	1.357112362666659466e+00	-5.759794182805912044e+00
3.421180484052105619e+00	9.437000532922176887e+00	1.364121867287232170e+00	-6.036719145988307389e+00
3.427461639653846870e+00	9.422764211527498546e+00	1.378040548699381418e+00	-6.328365625080337509e+00
3.433749159643459059e+00	9.453318276489923733e+00	1.324808561550195218e+00	-6.623896418801292540e+00
3.440032646656798310e+00	9.467272275440768325e+00	1.315952378118725674e+00	-6.885312033110932539e+00
3.446313366033385339e+00	9.524407893470986153e+00	1.282344500632046858e+00	-7.201902857478457598e+00
3.452600135384134905e+00	9.520402124870663840e+00	1.313867430327507080e+00	-7.404464425216046308e+00
3.458883152815406703e+00	9.543207692771899175e+00	1.285738618644277409e+00	-7.680161727020490048e+00
3.465163834403715448e+00	9.584180807638331245e+00	1.219890312442077462e+00	-7.865832862276258552e+00
3.471449329786229221e+00	9.581753832225357925e+00	1.221657899439133388e+00	-8.145202605063644796e+00
3.477734476754053894e+00	9.644854531257321284e+00	1.163104390055956561e+00	-8.382906196939570620e+00
3.484019652467224226e+00	9.646655280809344646e+00	1.196483042732391366e+00	-8.672965386745392635e+00
3.490297019369712928e+00	9.712416750322701020e+00	1.120006898086391756e+00	-8.874587834342962722e+00
3.496582486484379970e+00	9.741092964390135833e+00	1.087058095878999264e+00	-9.118812595323921855e+00
3.502868048046865024e+00	9.767292251690715688e+00	1.033375019588879784e+00	-9.308818131319458899e+00
3.509144649545451244e+00	9.803781756906523981e+00	1.042147320022153822e+00	-9.549255385220588366e+00
3.515428082003116295e+00	9.826567601734968349e+00	1.001954718010393153e+00	-9.760371525691692085e+00
3.521711031624695565e+00	9.887598092858041809e+00	9.400889078209689886e-01	-9.907647195779828664e+00
3.527991850954735664e+00	9.915528278769212278e+00	8.996769724399299450e-01	-1.015768330755667925e+01
3.534275545726699885e+00	9.969534848492974888e+00	8.497579934764486476e-01	-1.035533076847339906e+01
3.540562632020772149e+00	9.992340043974870412e+00	8.145414032397590987e-01	-1.056486529273740516e+01
3.546844410757220789e+00	1.003851346302979586e+01	8.170381651860558758e-01	-1.073973320838276990e+01
3.553131386753758836e+00	1.009418162423110310e+01	7.492566061310076408e-01	-1.096242466830696571e+01
3.559419203211965144e+00	1.013425878687019299e+01	7.236467896306073566e-01	-1.117830213409495954e+01
3.565697971577579839e+00	1.018717313681945669e+01	6.622844149044279094e-01	-1.138011994325414378e+01
3.571979559134798254e+00	1.024045299239304363e+01	5.823956631745731416e-01	-1.153518449757904918e+01
3.578265774595833726e+00	1.026330780084954064e+01	5.725638314328361789e-01	-1.172097891085711474e+01
3.584548309769353125e+00	1.033314009972283998e+01	4.984384112995203231e-01	-1.186775554726190940e+01
3.590826843920031486e+00	1.035893612408232478e+01	4.699037957452513181e-01	-1.207255783857550213e+01
3.597107306745233934e+00	1.043132385929500927e+01	4.141627150720630923e-01	-1.218800498694281309e+01
3.603392831792229245e+00	1.046877477006591661e+01	3.975520162918959044e-01	-1.244823552363659935e+01
3.609673209822572559e+00	1.054389418798643874e+01	3.193546196969833662e-01	-1.263489451629497040e+01
3.615955412133016189e+00	1.061103458079414530e+01	2.580779031110333466e-01	-1.277710897828466052e+01
3.622241607772384686e+00	1.062628205392312353e+01	2.390477167703420058e-01	-1.297618030684314405e+01
3.628520252736676444e+00	1.070514717546136296e+01	2.037682220524116850e-01	-1.314243146967196196e+01
3.634804827569451113e+00	1.072772858245490291e+01	1.722794641895326329e-01	-1.332982684043830979e+01
3.641094981788862928e+00	1.080890902651621488e+01	7.371047359270080368e-02	-1.345858354568914272e+01
3.647383514928639325e+00	1.088216086362843527e+01	6.892932146679000595e-03	-1.363780361129122376e+01
3.653663283927725658e+00	1.089845613072152908e+01	-4.498235526745984238e-03	-1.380499583994848045e+01
3.659943504072155296e+00	1.096824340900851702e+01	-9.155914385675953393e-02	-1.389617645818529645e+01
3.666232000281138603e+00	1.101807301115316484e+01	-1.232728326376992950e-01	-1.407616359955234664e+01
3.672514211678317597e+00	1.109797460458081275e+01	-1.966874123730895929e-01	-1.424400804035471957e+01
3.678794154686042539e+00	1.113833551593178406e+01	-2.265751746897507468e-01	-1.439250375124832537e+01
3.685078621861909820e+00	1.120342553880631797e+01	-2.920501509133246465e-01	-1.459631725115002432e+01
3.691359210097977961e+00	1.126246474326680946e+01	-3.303222198759811490e-01	-1.470323152005951250e+01
3.697642368173791105e+00	1.132031502050470984e+01	-3.898380106602393758e-01	-1.484832301617194972e+01
3.703925796735277665e+00	1.140599013364697534e+01	-4.800559016287898051e-01	-1.496709405026555295e+01
3.710208240364660348e+00	1.142994383502879074e+01	-4.741122307572022132e-01	-1.519317228118896601e+01
3.716494593122387169e+00	1.153780780121341110e+01	-5.321769877403200733e-01	-1.539769686096775914e+01
3.722775386659595398e+00	1.157158190746597981e+01	-6.285190810312331067e-01	-1.541733693025505936e+01
3.729058392883481510e+00	1.162515287729118363e+01	-5.932612693494182521e-01	-1.566869373027519963e+01
3.735339748210807720e+00	1.171171871743712778e+01	-7.020948784567896395e-01	-1.573164041319099482e+01
3.741620776392969638e+00	1.175924819138384159e+01	-7.323056810078408807e-01	-1.592065856957483838e+01
3.747904795418762980e+00	1.184433707369094080e+01	-8.162124454979090560e-01	-1.606959722045807126e+01
3.754190633281219380e+00	1.190663327065662358e+01	-8.794024773856441435e-01	-1.621592310659632830e+01
3.760478208018912749e+00	1.194603764998142204e+01	-8.848191287202376021e-01	-1.636528508799542436e+01
3.766755538573464346e+00	1.203990572714067753e+01	-1.006302207318588993e+00	-1.645622467160727709e+01
3.773032090135151506e+00	1.204761667272494563e+01	-9.855800912866877761e-01	-1.663486409508289654e+01
3.779322553012896879e+00	1.215629432189526149e+01	-1.074090175877347120e+00	-1.677650942966240777e+01
3.785609109731308930e+00	1.220582359652085458e+01	-1.173650189071110184e+00	-1.687510395775981564e+01
3.791889825936295200e+00	1.225394807897193239e+01	-1.153107888231629241e+00	-1.704604071757806594e+01
3.798174822702435893e+00	1.235117999152034329e+01	-1.261296156891491327e+00	-1.720896408198971983e+01
3.804458658753491651e+00	1.239001188237744877e+01	-1.241230092003017704e+00	-1.739189767663481945e+01
3.810738438095723435e+00	1.246332612874016732e+01	-1.381586818228620617e+00	-1.742961280433115689e+01
3.817018850285747167e+00	1.251445418692424560e+01	-1.420603652488737545e+00	-1.756786593288931186e+01
3.823305314209427763e+00	1.262965574211258257e+01	-1.500519855872459285e+00	-1.772834284499046120e+01
3.829591295197792178e+00	1.269765527726291232e+01	-1.554681917939253921e+00	-1.791736076567158520e+01
3.835872296070849341e+00	1.272162868727742513e+01	-1.576680287927494151e+00	-1.807641854976185058e+01
3.842156279590906109e+00	1.282058844139052667e+01	-1.661046007618045994e+00	-1.812389205334732267e+01
3.848441511099312429e+00	1.284748084450923500e+01	-1.694130716018442007e+00	-1.823796283724996670e+01
3.854723334376886079e+00	1.295209800249535625e+01	-1.754892937530451169e+00	-1.844996567209328830e+01
3.861004740704794713e+00	1.300407897542372382e+01	-1.787368055234283215e+00	-1.857472204161286200e+01
3.867284336650660848e+00	1.309771765855890813e+01	-1.866328427301216841e+00	-1.871622011233393224e+01
3.873567367678779849e+00	1.315612768473941863e+01	-1.908659216945269188e+00	-1.886905608519582955e+01
3.879850662830422792e+00	1.320383565839718365e+01	-1.930046493728513557e+00	-1.905098601178599793e+01
3.886137063198143338e+00	1.331476243383316849e+01	-2.080202546681199305e+00	-1.907639826180200160e+01
3.892419463049126005e+00	1.333210774802430976e+01	-2.034407031419049439e+00	-1.929050089058774020e+01
3.898703740328622658e+00	1.346443369437877280e+01	-2.155949171998084779e+00	-1.945396591832434652e+01
3.904991458788179326e+00	1.350437660409512119e+01	-2.177645561784191663e+00	-1.955336676388414219e+01
3.911270842222104083e+00	1.355250314469780726e+01	-2.212099148066098309e+00	-1.969753737625437751e+01
3.917549806479573071e+00	1.367165328271026858e+01	-2.295002406495387337e+00	-1.987253842992829789e+01
3.923836006203090587e+00	1.369292046019821996e+01	-2.336974688709295478e+00	-1.999124254652890542e+01
3.930121452497870926e+00	1.383467685340122344e+01	-2.427625945774183780e+00	-2.013486134448057641e+01
3.936398172858230460e+00	1.388728186621398919e+01	-2.482822910110010550e+00	-2.028462792469855458e+01
3.942683040425962293e+00	1.394979724039042779e+01	-2.495531950689394929e+00	-2.050562433980397969e+01
3.948974759704379611e+00	1.400417424848094150e+01	-2.586448963069184259e+00	-2.052169319745847176e+01
3.955259227995065352e+00	1.409047772553843458e+01	-2.679446777032744365e+00	-2.067586389272615222e+01
3.961537174921395454e+00	1.421536704530396911e+01	-2.761508052754587883e+00	-2.076916528665777761e+01
3.967820217617139544e+00	1.423184059939974411e+01	-2.726570401977525648e+00	-2.103602031566877173e+01
3.974105559832568968e+00	1.431678306227189168e+01	-2.788562344676017712e+00	-2.114666565371284435e+01
3.980384727931198352e+00	1.435906533520908646e+01	-2.831285591061464046e+00	-2.131040954102510554e+01
3.986664590839849698e+00	1.443629712441018675e+01	-2.918251166565017929e+00	-2.143689826898119222e+01
3.992949619150675034e+00	1.454573743100055516e+01	-2.985359790287704040e+00	-2.153485944146780540e+01
3.999235075769965952e+00	1.458276889424643841e+01	-2.961615888965401400e+00	-2.180949100045835820e+01
4.005515715515433506e+00	1.467973797520988377e+01	-3.029409444798499607e+00	-2.198443257721823230e+01
4.011798434346478537e+00	1.476816684990108008e+01	-3.138925103865808364e+00	-2.202565841290885373e+01
4.018083716245132386e+00	1.478260902449276770e+01	-3.090480213359396267e+00	-2.227436565306274119e+01
4.024365700052603856e+00	1.489442427099729649e+01	-3.190028459109195857e+00	-2.240682688715565263e+01
4.030643960839860540e+00	1.493749433980372388e+01	-3.181507448935058324e+00	-2.263316967405343405e+01
4.036928708926215137e+00	1.507332290613691406e+01	-3.379974616727666525e+00	-2.263349011999237703e+01
4.043218157412017177e+00	1.511742225149566110e+01	-3.288229039221242544e+00	-2.301601047894097718e+01
4.049503019487663558e+00	1.518177184467982954e+01	-3.367440573963067951e+00	-2.309804884339383335e+01
4.055781898960511000e+00	1.526519679659726769e+01	-3.435625949510181965e+00	-2.319415669061932306e+01
4.062060795621602161e+00	1.527909931169999780e+01	-3.389261617776930358e+00	-2.346995840609997330e+01
4.068347865354716042e+00	1.546983158721418761e+01	-3.568932672263390948e+00	-2.351154447709654960e+01
4.074631027173265529e+00	1.550279651859579744e+01	-3.567476994627891251e+00	-2.377930566624336350e+01
4.080910837526078971e+00	1.555192303631339890e+01	-3.606643828976547006e+00	-2.391700510454897710e+01
4.087201203341442657e+00	1.566729058243460138e+01	-3.681283388233152376e+00	-2.409837891012864119e+01
4.093486818591942189e+00	1.570291503766426366e+01	-3.655381647353141972e+00	-2.438086735508598935e+01
4.099764387336505500e+00	1.581451246209605443e+01	-3.708994745948030580e+00	-2.453611256028681709e+01
4.106049166937662420e+00	1.587239909578791419e+01	-3.740246828152316461e+00	-2.477170921825400995e+01
4.112334559041358695e+00	1.597952964832489720e+01	-3.859099323221347966e+00	-2.482720989286781688e+01
4.118618926059533614e+00	1.604128187256646498e+01	-3.868082971477892151e+00	-2.504541968727652801e+01
4.124898942031112625e+00	1.611612945054733714e+01	-3.811126068509435694e+00	-2.543706675663244710e+01
4.131175432561665417e+00	1.618939976549961557e+01	-3.929018790781820147e+00	-2.539614109872378123e+01
4.137461563786142271e+00	1.624788964115303003e+01	-3.916462711918935025e+00	-2.577979866960572153e+01
4.143746006210170307e+00	1.640190359153679012e+01	-4.041437193415729823e+00	-2.587660949479399264e+01
4.150029800482964326e+00	1.639628453979662481e+01	-3.971031200974008968e+00	-2.618389908216812501e+01
4.156313390684649001e+00	1.653895764398733448e+01	-4.037511100246499396e+00	-2.643773212639029424e+01
4.162596105843763716e+00	1.663380093896171275e+01	-4.105688246802901453e+00	-2.660946532957706623e+01
4.168881843141768684e+00	1.665171946678195170e+01	-4.069959235652123475e+00	-2.686021052706460921e+01
4.175162111073220217e+00	1.675354295981131969e+01	-4.210059144027260558e+00	-2.684848618533546727e+01
4.181448573417560155e+00	1.680676598369173647e+01	-4.164413062226603124e+00	-2.724186345461178860e+01
4.187738782464171194e+00	1.692747363095573832e+01	-4.282522913695133049e+00	-2.730667676839215829e+01
4.194017437180169061e+00	1.699818896644540445e+01	-4.178572061692160666e+00	-2.779824608793033391e+01
4.200293572701767175e+00	1.707564803750961602e+01	-4.284832838939347077e+00	-2.794131554583186272e+01
4.206580195481546269e+00	1.716897247750904043e+01	-4.308774255381948137e+00	-2.813606250911979956e+01
4.212860644652220543e+00	1.717252048792263253e+01	-4.196118423103580852e+00	-2.853753610236527294e+01
4.219138153430114002e+00	1.731124388474713882e+01	-4.367314704045739404e+00	-2.854388010465090630e+01
4.225426162098283811e+00	1.736028038718967181e+01	-4.283823745422289164e+00	-2.898549470793643223e+01
4.231713506719782636e+00	1.745632343109890172e+01	-4.352833553010424517e+00	-2.922481625862091903e+01
4.237990056577191744e+00	1.757030225388268363e+01	-4.478911107458397822e+00	-2.927110527832340026e+01
4.244267783646744618e+00	1.757455683890268716e+01	-4.332890324121488668e+00	-2.982808389194234877e+01
4.250560660182562955e+00	1.775593631486033175e+01	-4.500404953172370881e+00	-2.990705511513383996e+01
4.256847734842668096e+00	1.777497880133684660e+01	-4.360152872849356598e+00	-3.038511250126420649e+01
4.263127100734456221e+00	1.782299257612403665e+01	-4.392841763674913302e+00	-3.057257697782280914e+01
4.269406860432507500e+00	1.789116207033679373e+01	-4.380723003877472266e+00	-3.086809861745860317e+01
4.275691671482192646e+00	1.798031991244634398e+01	-4.390127176582654833e+00	-3.120847993676988352e+01
4.281972414189518794e+00	1.808672002701329262e+01	-4.403363128749069766e+00	-3.149180498342497003e+01
4.288253516806755705e+00	1.809525358531929840e+01	-4.416560845951248204e+00	-3.171266467507702558e+01
4.294540520160492925e+00	1.817837043331451241e+01	-4.361808910505629022e+00	-3.209169079642339284e+01
4.300825742921731809e+00	1.825494442595590172e+01	-4.417571491946270967e+00	-3.231104382107762518e+01
4.307109835491901961e+00	1.832575083500408297e+01	-4.379991330022664719e+00	-3.271503266423302847e+01
4.313390926478413157e+00	1.843791655997877044e+01	-4.432995274298674460e+00	-3.292280141762767443e+01
4.319667979480563247e+00	1.839864312914527744e+01	-4.289416572562479324e+00	-3.342695063698179325e+01
4.325952598143786076e+00	1.861154010122386993e+01	-4.477421710430882662e+00	-3.349026146142342242e+01
4.332241647035422361e+00	1.860479765892467086e+01	-4.352744374509332381e+00	-3.399035926180989975e+01
4.338524445619096781e+00	1.874158718573245608e+01	-4.372328725971260432e+00	-3.435351513279834279e+01
4.344809348131129845e+00	1.883245932435074721e+01	-4.454024045887372552e+00	-3.458467536097789008e+01
4.351090699193166600e+00	1.881295688700027569e+01	-4.304225235222726376e+00	-3.508951857452481704e+01
4.357369710808320029e+00	1.895464972972757778e+01	-4.435836486973099291e+00	-3.517227084650974689e+01
4.363659348967174445e+00	1.896216252142922798e+01	-4.214226150680699945e+00	-3.590001650578913939e+01
4.369947418280990981e+00	1.909932838853786663e+01	-4.339649530943564315e+00	-3.615084414008882163e+01
4.376226569265827315e+00	1.909985502577200123e+01	-4.230394526863496374e+00	-3.648896470359800759e+01
4.382499356631129217e+00	1.915060866742061663e+01	-4.218120016799543848e+00	-3.687554280241120352e+01
4.388784975178015024e+00	1.921373045767805365e+01	-4.244005090672911429e+00	-3.711997962338540447e+01
4.395068696309480494e+00	1.921923063979893698e+01	-4.097559373620946133e+00	-3.770911872278448840e+01
4.401347962382031298e+00	1.932448606868357643e+01	-4.125279396169160506e+00	-3.798456726233026615e+01
4.407628405096517099e+00	1.932999060324889129e+01	-4.015925987213218917e+00	-3.853823020288232470e+01
4.413915862185140426e+00	1.943117000256812688e+01	-3.943543801267115789e+00	-3.905598082729353138e+01
4.420203163534264235e+00	1.949841833304115113e+01	-3.922521186936896775e+00	-3.940213159492380157e+01
4.426480311003382795e+00	1.946960544695386730e+01	-3.832189305277899471e+00	-4.005052344599469905e+01
4.432765973643649104e+00	1.970227149307840975e+01	-4.002415768661339079e+00	-4.008441471046298687e+01
4.439053392023870614e+00	1.951684219027754708e+01	-3.632153043841233497e+00	-4.094360395215685600e+01
4.445336141335588742e+00	1.970440803942551256e+01	-3.742463833920190108e+00	-4.123971872638759351e+01
4.451617241414883352e+00	1.965291603829681577e+01	-3.651756392100666382e+00	-4.165164302966559973e+01
4.457901500730311106e+00	1.965862701376461175e+01	-3.447396141913475986e+00	-4.244597145538345728e+01
4.464189501093017043e+00	1.975611984153220035e+01	-3.537376293327358479e+00	-4.255015212763447607e+01
4.470470197548729985e+00	1.960806124448818011e+01	-3.290975716204144863e+00	-4.329592451425042299e+01
4.476748044268524573e+00	1.984364821655361766e+01	-3.351509468483320209e+00	-4.371228530314560601e+01
4.483035990164653484e+00	1.961971701670143275e+01	-3.150885609502590334e+00	-4.416832271266373056e+01
4.489323331650528104e+00	1.976891950784322205e+01	-3.100569854749119614e+00	-4.481073884463804546e+01
4.495599111667934800e+00	1.978247208963645321e+01	-3.042267748524895676e+00	-4.529946271401471591e+01
4.501870922878794090e+00	1.959339990282159150e+01	-2.679250223668315112e+00	-4.610062975199631552e+01
4.508155162877705457e+00	1.973523144754139125e+01	-2.786191612961849362e+00	-4.644132051831777375e+01
4.514446451153479423e+00	1.953246410163659519e+01	-2.443493295532116694e+00	-4.716155512057280674e+01
4.520723894043856994e+00	1.961935153225667250e+01	-2.358236175714899741e+00	-4.781211378209402341e+01
4.527003782460155890e+00	1.948908381936093548e+01	-2.069855610648313693e+00	-4.873692707675281355e+01
4.533293086610313161e+00	1.942010815461086892e+01	-1.940730295092946589e+00	-4.919839396150504740e+01
4.539578989864040182e+00	1.935085960072368749e+01	-1.822167560331322100e+00	-4.971774835017401273e+01
4.545857164866476730e+00	1.928297808998093643e+01	-1.532448090519027417e+00	-5.072530305409409834e+01
4.552138955546025656e+00	1.920637936001265800e+01	-1.387363047062329269e+00	-5.131443113336607809e+01
4.558432046889146605e+00	1.912714270194758370e+01	-1.230146793016173579e+00	-5.184567687277812098e+01
4.564713463378488711e+00	1.914731933954722720e+01	-1.117278326655648746e+00	-5.252002874832361812e+01
4.570987274133244682e+00	1.910958204959431939e+01	-1.071311146717333074e+00	-5.294871368334293038e+01
4.577274818151045643e+00	1.918440596045020641e+01	-1.017309320273251716e+00	-5.354745109570620087e+01
4.583563263889338657e+00	1.925056006623184857e+01	-1.063313169092701127e+00	-5.404127031061815956e+01
4.589844917004465508e+00	1.924388946603581729e+01	-1.022050011468361053e+00	-5.433659960131119249e+01
4.596126259982004747e+00	1.923731216142265055e+01	-9.412035438160729628e-01	-5.484983059166296471e+01
4.602409075598298926e+00	1.922798252952627962e+01	-9.654136833111303106e-01	-5.505365959027632528e+01
4.608696634867644804e+00	1.943223883721110568e+01	-9.555640386074352177e-01	-5.586030988393194718e+01
4.614977646498861219e+00	1.949212679878306886e+01	-8.839308510824958054e-01	-5.639551789528482573e+01
4.621258953029527383e+00	1.957673034229807740e+01	-8.947541091315008854e-01	-5.688495348450129541e+01
4.627547993978874175e+00	1.961915938765587697e+01	-8.924541221646126177e-01	-5.731541402338299918e+01
4.633830152730579854e+00	1.972011855977691397e+01	-8.718706677557613860e-01	-5.784616282629415451e+01
4.640104005367354567e+00	1.979789852799215311e+01	-9.572570626131708948e-01	-5.812730374481131435e+01
4.646382060386754276e+00	1.988423940111331234e+01	-9.269089282325270185e-01	-5.872364812276658341e+01
4.652674213731970987e+00	1.999124027789449087e+01	-9.320309181797701292e-01	-5.927470242979752157e+01
4.658958291796220230e+00	2.001969944972569948e+01	-9.004937625785989219e-01	-5.952215243367468389e+01
4.665233615070169648e+00	2.017213378705682203e+01	-9.068942754277360407e-01	-6.021423906104854495e+01
4.671520675710307380e+00	2.025800977410886361e+01	-8.905106248711512906e-01	-6.072856993198848130e+01
4.677814351732177300e+00	2.036102915560259063e+01	-9.518183738917612713e-01	-6.110176366594022568e+01
4.684093699744638073e+00	2.045888749400493367e+01	-9.178356822109068336e-01	-6.162535400364086513e+01
4.690368661472568590e+00	2.053832501963852053e+01	-9.399985469906720903e-01	-6.208138786522713559e+01
4.696663270746453733e+00	2.066034352491605119e+01	-9.025212840461320773e-01	-6.266104859267612426e+01
4.702945459248681459e+00	2.076401175139412203e+01	-9.453534918712089841e-01	-6.311432973986656947e+01
4.709209170841929470e+00	2.090717934996961702e+01	-9.221531467108428082e-01	-6.376057903281161288e+01
4.715491634753063543e+00	2.095081538432294721e+01	-9.793857668416676709e-01	-6.400092857371433297e+01
4.721784316284933780e+00	2.104258989932228729e+01	-9.513006196073504617e-01	-6.448307466643461794e+01
4.728063062331094635e+00	2.110754303025289147e+01	-9.135318736250999105e-01	-6.487404983148881854e+01
4.734337423381671073e+00	2.132908864149224115e+01	-9.281152677342675572e-01	-6.568612802064704681e+01
4.740627024094544062e+00	2.146273920290698811e+01	-9.731092665597975699e-01	-6.629128482504654585e+01
4.746914995664547554e+00	2.159239847618954400e+01	-9.262785698796449640e-01	-6.688483632991783168e+01
4.753194740071086777e+00	2.162276587331115252e+01	-9.645791706583646263e-01	-6.705768647863972376e+01
4.759478891864783456e+00	2.184324428127835915e+01	-9.509235807479078373e-01	-6.796202057014387776e+01
4.765762396877359031e+00	2.198296711945767967e+01	-9.226621587297247906e-01	-6.859993323966796197e+01
4.772049481246195768e+00	2.201436591160243594e+01	-9.089648357134644252e-01	-6.883946930561265276e+01
4.778335091022592351e+00	2.208455740061550898e+01	-9.370287496507416769e-01	-6.918556101615887144e+01
4.784610831402393849e+00	2.223867937643543513e+01	-8.774908944623764917e-01	-6.992114660192014242e+01
4.790907306208476157e+00	2.241383559708974005e+01	-9.325560510906826250e-01	-7.052672600921422941e+01
4.797204047706418173e+00	2.258381730479486293e+01	-9.583042731286407490e-01	-7.118715826895457610e+01
4.803470827697504220e+00	2.262260763497621241e+01	-9.430450376535993717e-01	-7.150812428959586953e+01
4.809748850577324042e+00	2.282761077829587393e+01	-9.314824426367176446e-01	-7.232754571826259848e+01
4.816045316586602176e+00	2.288077651477983210e+01	-8.840271969614988956e-01	-7.267287836191442807e+01
4.822329240673497885e+00	2.299747433120046480e+01	-8.419622052012509794e-01	-7.321861021305906547e+01
4.828596758226470165e+00	2.329932044102383415e+01	-9.069808066978275463e-01	-7.423320616847288989e+01
4.834890332961369275e+00	2.334449550908654913e+01	-9.858730618567841386e-01	-7.443347999830034212e+01
4.841191655056394261e+00	2.347081906870942092e+01	-9.216125584459652353e-01	-7.508381876098238195e+01
4.847460407468000554e+00	2.366021724669496606e+01	-9.373930678210036227e-01	-7.577750114293588979e+01
4.853732128521334843e+00	2.370294241233471055e+01	-8.230852645232267228e-01	-7.619965191017853101e+01
4.860029138783373170e+00	2.384884257857985190e+01	-8.531002318031927212e-01	-7.680219704170343675e+01
4.866314601732018019e+00	2.407664241673349537e+01	-8.541448071819776056e-01	-7.764051626478537571e+01
4.872587026269203925e+00	2.410499379575563239e+01	-8.800316162908407014e-01	-7.780398440478863620e+01
4.878874221748241702e+00	2.425785994795172229e+01	-8.416377599818918309e-01	-7.850815536042470910e+01
4.885171078138658807e+00	2.439725703710452720e+01	-7.792421576444100717e-01	-7.919083704144598812e+01
4.891450629931857641e+00	2.448530713706280082e+01	-8.272184629914591802e-01	-7.952670671365768840e+01
4.897716482750221978e+00	2.483002953989441863e+01	-8.019301429552648797e-01	-8.078559457638935726e+01
4.904002834596266069e+00	2.486940635744177897e+01	-8.168110559112540248e-01	-8.108119821555088436e+01
4.910295858205786068e+00	2.508448542874539200e+01	-8.101716627388556580e-01	-8.190841564635026373e+01
4.916575188115905881e+00	2.527433242834640126e+01	-8.019051950265810857e-01	-8.264047084007407307e+01
4.922847946197084212e+00	2.524277771386767455e+01	-7.275855405845438328e-01	-8.274404042895562839e+01
4.929131667457151700e+00	2.542987705163498902e+01	-7.054914103054351626e-01	-8.352713726680624973e+01
4.935434460144239033e+00	2.566712079465779084e+01	-8.571773107576949879e-01	-8.417783281641992232e+01
4.941718513303545279e+00	2.582520824635635037e+01	-8.036935960749103103e-01	-8.490672272416286148e+01
4.947978624761803168e+00	2.594371597630070170e+01	-7.324146947385684614e-01	-8.554320209393515029e+01
4.954274999209829389e+00	2.621414996063896297e+01	-6.827360222359839526e-01	-8.655969996376779818e+01
4.960571094729937514e+00	2.637478501019408839e+01	-7.087339003457191478e-01	-8.719343171259664871e+01
4.966823207626954506e+00	2.656103640396395349e+01	-6.230230621965949789e-01	-8.806159607896240971e+01
4.973097418390337587e+00	2.661438652375019132e+01	-5.511655259477131752e-01	-8.844314531759087572e+01
4.979415129936382023e+00	2.683045293304501655e+01	-6.327312695839750756e-01	-8.915474267620592741e+01
4.985702082330368157e+00	2.721135856180649171e+01	-6.626756632259300783e-01	-9.048086963010405270e+01
4.991949985828016523e+00	2.707938984563557483e+01	-6.603682019896560673e-01	-9.015335851056993022e+01
4.998241586316924057e+00	2.753732430802089581e+01	-6.278859316150802172e-01	-9.188017485846502552e+01
5.004556635606089543e+00	2.772787105018741016e+01	-6.180193119329616680e-01	-9.257720245623460187e+01
5.010828655701208945e+00	2.774352951285407798e+01	-5.789765149453773851e-01	-9.280156836246433727e+01
5.017077229702536556e+00	2.801134192309215720e+01	-6.280083001546321597e-01	-9.371939133188378435e+01
5.023374414758113637e+00	2.820673691621103885e+01	-6.296550884233604872e-01	-9.447527853264146813e+01
5.029688873569548413e+00	2.850066589312687526e+01	-6.078341818344441538e-01	-9.561689509645674434e+01
5.035958413584124216e+00	2.871992062795166234e+01	-5.425196537347959369e-01	-9.650143622144101130e+01
5.042232667658486989e+00	2.880124826516027881e+01	-5.117377875643068785e-01	-9.694301655960788366e+01
5.048528755870775875e+00	2.889799817776338031e+01	-5.148037592217475922e-01	-9.737594737710192305e+01
5.054821121427484520e+00	2.923246860981059214e+01	-4.829933677096727718e-01	-9.861170308761623460e+01
5.061069509814582368e+00	2.918332402683028448e+01	-4.116384293500355840e-01	-9.862609446799912405e+01
5.067347812754101177e+00	2.946590783256432999e+01	-4.581769796763430769e-01	-9.965237544589537322e+01
5.073675050630431116e+00	2.976302474694881184e+01	-4.576763603793604362e-01	-1.007180795989280853e+02
5.079945928388977627e+00	2.999423476748335560e+01	-4.215987289877169975e-01	-1.016493078738121767e+02
5.086192992546071601e+00	3.032664327711140118e+01	-3.999074544257042452e-01	-1.028804102133549492e+02
5.092484128970163226e+00	3.046527129725053484e+01	-4.008220111261632801e-01	-1.034778406770427068e+02
5.098802924706086870e+00	3.064107017361497753e+01	-3.223132887587593087e-01	-1.042191929887854513e+02
5.105078217426394005e+00	3.093522636573169748e+01	-3.602917118895787030e-01	-1.052596529825887188e+02
5.111325076574067872e+00	3.110653005128806114e+01	-3.057709665859708048e-01	-1.059768357311601505e+02
5.117628358851224135e+00	3.131744977387742068e+01	-3.453190535740540135e-01	-1.067565549389040314e+02
5.123935939383525984e+00	3.163330866225279792e+01	-3.700463527107160644e-01	-1.078877864392721477e+02
5.130199176325612065e+00	3.195626642920157678e+01	-2.399444179326049864e-01	-1.091610332489112380e+02
5.136469985878846956e+00	3.226562918807155000e+01	-3.292635156244715366e-01	-1.102771187245421913e+02
5.142797788696348071e+00	3.239649074750222724e+01	-3.497144209018377969e-01	-1.107679973961769093e+02
5.149090378043822192e+00	3.266986410326511958e+01	-2.183574877229020605e-01	-1.119251446302236133e+02
5.155289879840074363e+00	3.282535656297045534e+01	-3.234590956786848048e-01	-1.123800176886156095e+02
5.161564521234301317e+00	3.313326343269432073e+01	-2.313235485486556386e-01	-1.136715563891888365e+02
5.167916673496016244e+00	3.335961418326791517e+01	-3.399301600822292047e-01	-1.143774607647137316e+02
5.174205974602950064e+00	3.360207597383826794e+01	-2.610508589227005238e-01	-1.153481304304023212e+02
5.180434820793812456e+00	3.406119812597164298e+01	-2.146836025264714232e-01	-1.170459695691503725e+02
5.186729096569634656e+00	3.428605269414842383e+01	-1.758167402935722767e-01	-1.179823607159778902e+02
5.193058481037780894e+00	3.471605204281799928e+01	-2.502691043913756186e-01	-1.194417743591655778e+02
5.199319511444338460e+00	3.481390706994978501e+01	-3.294672216652739793e-01	-1.197275563602964468e+02
5.205574295584361799e+00	3.473476967165091622e+01	-2.343034211557450675e-01	-1.196459209482965491e+02
5.211894977074066126e+00	3.572455517718972828e+01	-1.486961331919261775e-01	-1.232312739756562365e+02
5.218201708336958511e+00	3.595864530261758318e+01	-1.545256356063684222e-01	-1.240729277465669469e+02
5.224411911780083351e+00	3.580593968845851549e+01	-8.897026988686485005e-02	-1.236756458073947869e+02
5.230677632666463239e+00	3.644181415034639571e+01	-2.102677339314129590e-01	-1.258314419529227308e+02
5.237056729559757429e+00	3.682850648292365747e+01	-5.822625461312298106e-02	-1.273897051877476514e+02
5.243336785035660697e+00	3.715508010448497345e+01	-1.525519766782407194e-01	-1.284722112546740220e+02
5.249493476178225038e+00	3.765064140750101984e+01	-1.809342074647539156e-01	-1.301802766136760852e+02
5.255787017738318134e+00	3.791064431428348769e+01	-1.302652077974637002e-01	-1.312774561829211564e+02
5.262205327426889845e+00	3.799375224332663947e+01	-1.313779196630215640e-01	-1.315776517530312617e+02
5.268477758348532269e+00	3.803837593149757623e+01	-8.881324758815074827e-02	-1.318315225072457508e+02
5.274632213654732560e+00	3.873630596902074785e+01	-1.996192284005499917e-01	-1.341737199454338736e+02
5.280950543314659740e+00	3.936852636460438504e+01	-9.937444178875995404e-02	-1.365826802487342206e+02
5.287327645024750389e+00	3.952408696518945419e+01	-1.077781959345443102e-01	-1.371336577058970647e+02
5.293582359180156516e+00	3.998921182347292813e+01	-1.640401062828507062e-01	-1.387121584227784012e+02
5.299789992649893478e+00	4.040259359509128245e+01	-1.141363345929174156e-01	-1.402854873526003416e+02
5.306111460381987222e+00	4.018390661452100687e+01	-2.259574377135390236e-02	-1.396993864593438559e+02
5.312452717892129250e+00	4.086235296519220128e+01	1.010064951156309024e-02	-1.421116134509813946e+02
5.318650122853046724e+00	4.119337538736166948e+01	-5.773173459078468489e-02	-1.432156090362352643e+02
5.324923043129819789e+00	4.156438847921079116e+01	-6.083548907426578056e-02	-1.445958482208309306e+02
5.331330237158205421e+00	4.289722330950382911e+01	8.342172811252395685e-04	-1.493380554137896468e+02
5.337586726886338617e+00	4.192678299942881637e+01	6.235622174936941708e-02	-1.460396081336562020e+02
5.343685192440848830e+00	4.308428320137423384e+01	-1.375596422038554423e-01	-1.498905315628061885e+02
5.350070659715249199e+00	4.361648789001521465e+01	-5.273743315645357255e-02	-1.519473871777399268e+02
5.356556762554878226e+00	4.364951318932449453e+01	-4.067642419070988113e-02	-1.520947503537771013e+02
5.362691868684501095e+00	4.485007492556108843e+01	4.703424310878172310e-02	-1.563655680381552600e+02
5.368769208912516966e+00	4.498265477407169755e+01	4.994290298888193896e-02	-1.568809580406202997e+02
5.375270137997677722e+00	4.599432899810040709e+01	5.220311479021199491e-02	-1.604978857803684491e+02
5.381769983045385786e+00	4.557845481763577311e+01	-2.233927598719444643e-02	-1.589971095607446898e+02
5.387701030372958222e+00	4.585666792273317327e+01	4.154911110351680592e-02	-1.600238710354166471e+02
5.393786668001271600e+00	4.716198034054662713e+01	-1.156097529312930111e-01	-1.644684247722996702e+02
5.400446161099396569e+00	4.754064763217422040e+01	-6.927735747632615682e-02	-1.659131705650219999e+02
5.406957063684501463e+00	4.889179573463162853e+01	-5.979074271063110346e-02	-1.706537617852335416e+02
5.412655672453426270e+00	4.849146997048953978e+01	-3.551652399563064860e-02	-1.692464040776876857e+02
5.418821279260546575e+00	5.047587026174494440e+01	-1.879633631576830069e-02	-1.762825527982313361e+02
5.425690594366304076e+00	4.825030235643011878e+01	-8.505188413854859741e-02	-1.684889107794948302e+02
5.432217487502165376e+00	5.085367675902867290e+01	4.990349501681110717e-02	-1.777461837787696197e+02
5.437649811577258241e+00	5.130682916035463847e+01	-1.257721338799636379e-01	-1.791040924324439061e+02
5.443914404015878006e+00	5.144207710991071281e+01	-3.404507663515594224e-02	-1.797636309991395080e+02
5.450953501686320202e+00	5.233664011350828105e+01	8.568208887782544081e-02	-1.830514163027505390e+02
5.457483690405861232e+00	5.274481358047776780e+01	5.614393327062611183e-02	-1.844771522067041474e+02
5.462715250135157241e+00	5.488986634553452149e+01	-3.429939891487580883e-02	-1.918396381476854344e+02
5.469033575551323523e+00	5.364215686187097987e+01	-8.170578869564792956e-02	-1.874937310744147112e+02
5.476177730420278778e+00	5.589520609042151023e+01	4.320182226292676453e-02	-1.955298889794017327e+02
5.482708935702562236e+00	5.504357573722257513e+01	-1.313985038067466415e-01	-1.924042501902466711e+02
5.487722405008360838e+00	5.541309299763202034e+01	8.690824266202964998e-02	-1.938964640047897774e+02
5.494194284996126498e+00	5.812585803986680588e+01	5.238496383673407059e-02	-2.033908892704019422e+02
5.501391471009256406e+00	5.672734470436486021e+01	2.680516314494180846e-02	-1.984919162259361372e+02
5.507128202673079009e+00	5.944375342760060477e+01	5.987568634461794270e-02	-2.080397634080991338e+02
5.512278020050448646e+00	5.842885310662872911e+01	1.891812106755093592e-01	-2.046266091899574064e+02
5.519395563377015534e+00	5.775910634342211836e+01	2.656440296164248524e-02	-2.021356195445403614e+02
5.526598678609708770e+00	5.996449060898834915e+01	7.867565439303599029e-02	-2.099189525113959860e+02
5.532162682462509196e+00	6.275485540758774050e+01	1.453608546224946160e-02	-2.196257573164910468e+02
5.537397124017139127e+00	6.488044969530984929e+01	4.450875419887716927e-02	-2.271032642801897623e+02
5.544582756485218589e+00	7.133414384172435518e+01	7.903082718520554328e-02	-2.497316690073984375e+02
5.551739327507637434e+00	7.275872589458555240e+01	-3.323180839873621922e-02	-2.546123628060183535e+02
5.557493306674907707e+00	6.682893270513325490e+01	-6.231826091619323271e-02	-2.338351091036576292e+02
5.562281709102816940e+00	7.208939421176818030e+01	-2.479017714970028693e-02	-2.522849577437575306e+02
5.569272720323164449e+00	5.893361727849346465e+01	1.708233157995896201e-01	-2.064380076864094349e+02
