8.899641224696953554e-03	1.380722947723553716e+03	2.718829908273949513e+03	1.704449059431785372e+03
1.507912216506557788e-02	1.449050772085728113e+03	1.127979763352539749e+03	-9.799968570807856167e+02
2.144790186456836667e-02	1.603613065854275874e+03	1.867140568259202837e+03	6.208727734512341812e+01
2.783660776489276650e-02	1.524938892823721289e+03	2.340727308983358853e+03	1.526542866728864738e+03
3.435099785803411021e-02	1.061081819049737987e+03	9.656913564126798519e+02	2.090181217423780993e+02
4.047886761425745911e-02	1.107067224310048005e+03	1.199758232731042881e+03	6.710941944715351610e+02
4.676716683575679601e-02	1.016205297739160528e+03	1.008291545229173153e+03	-3.608208740436030553e+02
5.308225101765951665e-02	9.154073139643043078e+02	7.548425472468946964e+02	-9.636929266155374307e+01
5.945362440940590160e-02	9.070007035675596399e+02	7.941001110151050852e+02	-2.507257979526343092e+02
6.576224814588792211e-02	7.789595407923806079e+02	8.053004546746559527e+02	1.038172184940633400e+02
7.196632906698736953e-02	7.690354737438999564e+02	7.165552720414810892e+02	-4.727400065588852129e+01
7.827860915688347743e-02	7.026573348279684978e+02	6.242043527934158647e+02	-3.115869121003596121e+01
8.470398945834539672e-02	6.703411110855770403e+02	6.684066980379921006e+02	1.962851207979036019e+02
9.096854620527369817e-02	6.073779924232915164e+02	5.914864012019829715e+02	2.311745928125210625e+01
9.720789776830213169e-02	5.379226107050512837e+02	5.744013651992934228e+02	1.541810202514518835e+01
1.034763038959366499e-01	5.037176784695995480e+02	4.944322394040282802e+02	2.289640506603004155e+01
1.097576444254559219e-01	4.610820214318088119e+02	4.748141548937244920e+02	6.484713389241467496e+01
1.160543084780093354e-01	4.156007444383579355e+02	4.532798093276367126e+02	4.799528688680537414e+01
1.223669666537485351e-01	4.015923506600775568e+02	3.911561594016760637e+02	6.820073090994695519e+01
1.286817263090294094e-01	3.620851710794241285e+02	3.415323580552147291e+02	4.024613907549249348e+01
1.349500801664080818e-01	3.546218332803024964e+02	3.713222785456846964e+02	1.156571018884709474e+02
1.411949558842147678e-01	3.422687873510130885e+02	3.405913984027156971e+02	3.561498711631507774e+01
1.475133575747468451e-01	3.191305904653994503e+02	3.340524007094668377e+02	5.020554179742418199e+01
1.537865074252268427e-01	2.952417654963332438e+02	2.795632661241585311e+02	1.370697514431642183e+01
1.600657544051110326e-01	2.689804959659547308e+02	2.764565306196444681e+02	6.030121240115818182e+01
1.663991168687080635e-01	2.573424193180352972e+02	2.685566304739184034e+02	4.181855605292034994e+01
1.727195645776442856e-01	2.368218030916540897e+02	2.437123776350615856e+02	3.170528420296880512e+01
1.789765213377084718e-01	2.231390352923590399e+02	2.302695297718123015e+02	5.139571954087811179e+01
1.852353690647852158e-01	2.056299721554026121e+02	2.031257189935310521e+02	2.780403378211095244e+01
1.914806787341157279e-01	1.998203868977699926e+02	2.007214313828657737e+02	3.752792503459956208e+01
1.977889868651535599e-01	1.898700906842923075e+02	1.909797983173166074e+02	2.582695008979368367e+01
2.040937735447724277e-01	1.870459945106630926e+02	1.923148143805259167e+02	3.448510224199210938e+01
2.103939302609846018e-01	1.744761371257910412e+02	1.726785836770004323e+02	2.267581585825239898e+01
2.166909709822301688e-01	1.693961755766644330e+02	1.735289431529191688e+02	4.236857566543187659e+01
2.229700281216152047e-01	1.621491511202010543e+02	1.616328677928965192e+02	3.077122275091164383e+01
2.292620027086341994e-01	1.514352192363182326e+02	1.412904865193617638e+02	4.623221376097017554e+00
2.355141508366812297e-01	1.479450861373431110e+02	1.595110975691633257e+02	3.478565936707056494e+01
2.417910583817859116e-01	1.418180930977794958e+02	1.456498480379214584e+02	3.014216332091676520e+01
2.480856539439619257e-01	1.320991484487869059e+02	1.406723426299947164e+02	3.468967833921099952e+01
2.543492256872954549e-01	1.247409027946431479e+02	1.283516546490090491e+02	3.087736529432761046e+01
2.606334251884805386e-01	1.215003414191812965e+02	1.213493264554390549e+02	1.490016617731466297e+01
2.669257370896960802e-01	1.156922821542870565e+02	1.192326421712263311e+02	2.133899195421376760e+01
2.732423343141155980e-01	1.126620620433300530e+02	1.175323003378433668e+02	2.709802292552578962e+01
2.795529680084415936e-01	1.055924629116407658e+02	1.089582703555415719e+02	2.131276511083639846e+01
2.858366292314493129e-01	1.035163310435646906e+02	1.094834528379534930e+02	2.906813134583185132e+01
2.920876271394311496e-01	1.012563317659989650e+02	1.057714255628451667e+02	2.006285722792239667e+01
2.983449844439822751e-01	9.554269697391239902e+01	9.965615534844245360e+01	2.149078680827407339e+01
3.046382639407197446e-01	9.162346720640404385e+01	9.156415353089384723e+01	1.428817051232300273e+01
3.109279127003197196e-01	8.912920165449308740e+01	9.281511492335302194e+01	1.733365257289972661e+01
3.172168171618398036e-01	8.464139347322138462e+01	8.621160365235323297e+01	1.988041326921227991e+01
3.235187567944423082e-01	8.286004141233973996e+01	8.987073465414739815e+01	2.178545125017792472e+01
3.298168217550395687e-01	8.063235456538336621e+01	8.647235579009723949e+01	2.446746626046663309e+01
3.361176429457156667e-01	7.806402634432005527e+01	8.347275815470173654e+01	1.961258953795311299e+01
3.423700375709273769e-01	7.591270162966257828e+01	8.075676394726102103e+01	2.226844815320101745e+01
3.486478192666269682e-01	7.256644230162582687e+01	7.643123856096809732e+01	1.918506425066720666e+01
3.549411614411318028e-01	6.993600931106693963e+01	7.374222648812471448e+01	1.678232538593616141e+01
3.611916935421040642e-01	6.846870233130087513e+01	7.402315635011115091e+01	2.080908809455631214e+01
3.674767089563572564e-01	6.517591995247225611e+01	6.727347974015107468e+01	1.527833266174276616e+01
3.737647795277591056e-01	6.377930287078924465e+01	6.793698410498173246e+01	1.821357536091025864e+01
3.800654031475132477e-01	6.242983364430335058e+01	6.845262787370462831e+01	2.056155123224167980e+01
3.863539861259823738e-01	5.915104998372363809e+01	6.342194044981755496e+01	1.634378391115329165e+01
3.926140181364449755e-01	5.920620552659421065e+01	6.466699468754400471e+01	2.079478410489813101e+01
3.989264500321934581e-01	5.679970348234163424e+01	5.891869627786344665e+01	1.581223157295385562e+01
4.052073244576828714e-01	5.538518813336970936e+01	6.098382614552399872e+01	2.178061639709207498e+01
4.114916477570477182e-01	5.327633616391162974e+01	5.690654104872357522e+01	1.639737145821613140e+01
4.177814272116491257e-01	5.236669302866431508e+01	5.639680154171409043e+01	1.699492679970776621e+01
4.240400648725131116e-01	5.016066787511126535e+01	5.359314840221581022e+01	1.704734073641178682e+01
4.303425690270192283e-01	4.882079472711621548e+01	5.296282403466136657e+01	1.792433436851607453e+01
4.366358560255625965e-01	4.771522048026877627e+01	5.058084004752537766e+01	1.587099259111594840e+01
4.428996183220763605e-01	4.633563172458239166e+01	4.839846192946754400e+01	1.272928875776033308e+01
4.491634418529859563e-01	4.573537109518206023e+01	5.055875368192743480e+01	1.539201659617901363e+01
4.554414146254732731e-01	4.416929565971825866e+01	4.876634040986188978e+01	1.520504260349553860e+01
4.617634470301058558e-01	4.289822717509191108e+01	4.647105237466688266e+01	1.533726159398656996e+01
4.680644242023710433e-01	4.186342137960787113e+01	4.666430054273421035e+01	1.548779100729971603e+01
4.743485242764365895e-01	4.053092598900537524e+01	4.428023304788220571e+01	1.593929666794448252e+01
4.806356136815400082e-01	3.927070158390543497e+01	4.186688459167459797e+01	1.393196132920961183e+01
4.869019258388697646e-01	3.903052118126517911e+01	4.351116152930784864e+01	1.547433471094794299e+01
4.931697099599955947e-01	3.786470240247525965e+01	4.256989176045644285e+01	1.404271640875333382e+01
4.994506747144535908e-01	3.666317099827820414e+01	3.903672540686927306e+01	1.453617970034401807e+01
5.057159051335421429e-01	3.608949186541995857e+01	4.022136314620586717e+01	1.453645085745525556e+01
5.119923996268095356e-01	3.498077831222946799e+01	3.839419230724227816e+01	1.467900711608725928e+01
5.183126097768406826e-01	3.414126491241687233e+01	3.829517386730587702e+01	1.504569588620444165e+01
5.246089638029100000e-01	3.349549378102614838e+01	3.780404844142440624e+01	1.440904938900887089e+01
5.308757308483337267e-01	3.284605168984234780e+01	3.689276975560642313e+01	1.495976017146048065e+01
5.371573527946726934e-01	3.208992069138453473e+01	3.663451732070276989e+01	1.420036025023951254e+01
5.434579563783791256e-01	3.123423741189083458e+01	3.498245430146871371e+01	1.486176089258002619e+01
5.497430652392217842e-01	3.051100641789278711e+01	3.440164881151797260e+01	1.279079710406631776e+01
5.559937427501778773e-01	2.996330114048049609e+01	3.415135123495138458e+01	1.419756085452525518e+01
5.622854676609657654e-01	2.895693872947077097e+01	3.208279281167761354e+01	1.278936030325657036e+01
5.686011537227265711e-01	2.861464059964042050e+01	3.290118367634580210e+01	1.320463502835314529e+01
5.748804589422079614e-01	2.792973193910254892e+01	3.130956421830596881e+01	1.168346219905335737e+01
5.811550210340560296e-01	2.718700331058592568e+01	3.124842327224025595e+01	1.278371740156455338e+01
5.874394496660968468e-01	2.674079787753048265e+01	3.015621918821428338e+01	1.243610914067663842e+01
5.937176220296899176e-01	2.626592766227596698e+01	3.018568263617287073e+01	1.321814837886504002e+01
5.999971954793682505e-01	2.572178916813179228e+01	2.958136863644871539e+01	1.273013739960502200e+01
6.062679115124277596e-01	2.525067645290772234e+01	2.921031553296205985e+01	1.264177672441697453e+01
6.125469576444534381e-01	2.459004189570164556e+01	2.840612988998084631e+01	1.212594701510010964e+01
6.188477733041515272e-01	2.414212253383412587e+01	2.771447320389695079e+01	1.221688374055224635e+01
6.251310567437898813e-01	2.362831130678728542e+01	2.734524487984312913e+01	1.181613989461108005e+01
6.314027450383210560e-01	2.338542958339462885e+01	2.719037873494661639e+01	1.258855741895184899e+01
6.377003562732055375e-01	2.271924920946913673e+01	2.652650553060473726e+01	1.185630411812987717e+01
6.439857783314556494e-01	2.222884633644981633e+01	2.514697762803365677e+01	1.115106671178714848e+01
6.502685417166111925e-01	2.179298709834029779e+01	2.591820481625020989e+01	1.274401653498830278e+01
6.565586117699038216e-01	2.130988999329640521e+01	2.447290339666336578e+01	1.049707448841711432e+01
6.628369282359254377e-01	2.084240324914453524e+01	2.389903185671211716e+01	1.072938603790262313e+01
6.691185444962194362e-01	2.044176814348530158e+01	2.399012691624142235e+01	1.173773233539408878e+01
6.754070198575605755e-01	2.011863115881358510e+01	2.315804687022052732e+01	1.103068754350723424e+01
6.816835514593204692e-01	1.982976278257981662e+01	2.310368509508122514e+01	1.163619891057131284e+01
6.879592533861698112e-01	1.930727281715536492e+01	2.252390298396388602e+01	1.058697799572042264e+01
6.942344317039531587e-01	1.911265984075546243e+01	2.261048410667719466e+01	1.131975965938225137e+01
7.005175402434737908e-01	1.880688359837300894e+01	2.220801905527028808e+01	1.055221712026763115e+01
7.068124956608716758e-01	1.832236050176310727e+01	2.103184757481425038e+01	1.044208203835623472e+01
7.131019009674921527e-01	1.800086536026914530e+01	2.110517062125731869e+01	1.035235334076359948e+01
7.193918251171427247e-01	1.780156048221677167e+01	2.131730427563189068e+01	1.067202536789119627e+01
7.256833807598113140e-01	1.746254906330126744e+01	2.094073434418675816e+01	1.060955573720907630e+01
7.319652682709349989e-01	1.695770806895019689e+01	1.977479667005401964e+01	9.833349506284909225e+00
7.382507990484923344e-01	1.671548031528032752e+01	1.950842871955956070e+01	9.870636210269109867e+00
7.445265842115937893e-01	1.649565387945767725e+01	1.984120457257298398e+01	1.012182417217763408e+01
7.507871101942712455e-01	1.611743878397139440e+01	1.941736503037799366e+01	1.050950699981118142e+01
7.570758465316046459e-01	1.594245504286122816e+01	1.914989523599836119e+01	9.848409163902566377e+00
7.633641233600957365e-01	1.560328804762325028e+01	1.861191981376193993e+01	9.803551613367289974e+00
7.696462959862266917e-01	1.547466905990220809e+01	1.876411960091092368e+01	9.886282358795954295e+00
7.759394865175414102e-01	1.494820698519287383e+01	1.769576343084414916e+01	9.257334012337736340e+00
7.822329141989586843e-01	1.473403681867344872e+01	1.781280464476574465e+01	1.012041802367877530e+01
7.885314936520240181e-01	1.454096701075906317e+01	1.740671073609276576e+01	9.179647212715710936e+00
7.947896566979522071e-01	1.434797655907531322e+01	1.707142088405780811e+01	9.100978780570846638e+00
8.010491096592354809e-01	1.407561035399205096e+01	1.705441582422809788e+01	9.241325403476439604e+00
8.073364061727361651e-01	1.392096756809242919e+01	1.701491486025168243e+01	9.501738529645340492e+00
8.136229488373866170e-01	1.362587296033573914e+01	1.656188597744555580e+01	9.018598089009428165e+00
8.199152998961036776e-01	1.335663396623143839e+01	1.616646041283691559e+01	8.939151505233784434e+00
8.261952636392789762e-01	1.325259849859699912e+01	1.614298755347264347e+01	9.110487777210122928e+00
8.324897070080405914e-01	1.297504715525981389e+01	1.579478931658433005e+01	8.849088945754326474e+00
8.387959309210778480e-01	1.276083622754945601e+01	1.554396342559729760e+01	8.639499012567396719e+00
8.450634639703045181e-01	1.252765206188780844e+01	1.524443944544738194e+01	8.887528149473551409e+00
8.513282867562648182e-01	1.231250886078298379e+01	1.511354394528632561e+01	8.851120191783087066e+00
8.576198263902009566e-01	1.216829675465364424e+01	1.487048879863152706e+01	8.504670954494407908e+00
8.639058477062415697e-01	1.195494145311286616e+01	1.460386321370242690e+01	8.622814540822188789e+00
8.701838745487597837e-01	1.172577447882615154e+01	1.437625293311536012e+01	8.425792474482067362e+00
8.764641096075268534e-01	1.155439806299529515e+01	1.413232715999438405e+01	8.274523046955932770e+00
8.827503873399735745e-01	1.146303306460312577e+01	1.414341162654839756e+01	8.208640163055102690e+00
8.890332768393869323e-01	1.122101262431294444e+01	1.398941418412890769e+01	8.267119639798558239e+00
8.953084247113127780e-01	1.095116758193623951e+01	1.331941459270879413e+01	8.017951239421366338e+00
9.015956521667095602e-01	1.081572307266541699e+01	1.329101222815420513e+01	7.994579021320564749e+00
9.078833328094829680e-01	1.071894085512781025e+01	1.333107482157976520e+01	8.176320582563024075e+00
9.141744106319863450e-01	1.053593856255693240e+01	1.303688871657764281e+01	7.934624122173707050e+00
9.204630817717615043e-01	1.041381003156870655e+01	1.304840205628596550e+01	8.108976370826901814e+00
9.267434415264711456e-01	1.018854343486976433e+01	1.250737489027263649e+01	7.516835114926806227e+00
9.330324197354928906e-01	1.007648536690652286e+01	1.255482095563059808e+01	7.740525614009313493e+00
9.393265785573878812e-01	9.939545964301084169e+00	1.235189938458877279e+01	7.733493830443784134e+00
9.455974810398196650e-01	9.816680619123040685e+00	1.232732692693355681e+01	7.603004139909788961e+00
9.518660018545171964e-01	9.654612805362868144e+00	1.221762797566939618e+01	7.915181992507431374e+00
9.581413255531838757e-01	9.509653218427081001e+00	1.194389870178153323e+01	7.493425921917121535e+00
9.644350945109106954e-01	9.381417047896764672e+00	1.170327642009070246e+01	7.474663367627293553e+00
9.707355633568249820e-01	9.284479493374968584e+00	1.164015768970432596e+01	7.416843685298647237e+00
9.770080768450029041e-01	9.164408662300402852e+00	1.154428782000552189e+01	7.468088492020805269e+00
9.832823325363413414e-01	8.917833942862404939e+00	1.120366533314447821e+01	7.161840486983976461e+00
9.895569691966674686e-01	8.819278404306398755e+00	1.117871309900109544e+01	7.409271352536262789e+00
9.958456301921106979e-01	8.640140079606680956e+00	1.071727950256470940e+01	6.975223994089940760e+00
1.002136210743837408e+00	8.575956107314372190e+00	1.079841558394926260e+01	7.013102184215815882e+00
1.008404825335135424e+00	8.411767474645337472e+00	1.059630978944571389e+01	6.890928459670501383e+00
1.014694149836243398e+00	8.404469863137460806e+00	1.078263967242771670e+01	7.036942959472298753e+00
1.020992555437297167e+00	8.218451798503295436e+00	1.046108560754274919e+01	6.896902088448681134e+00
1.027273980437394485e+00	8.105577620306455344e+00	1.030991887662996120e+01	6.885413561904511148e+00
1.033559181896017254e+00	8.029136212831726738e+00	1.032596137024570560e+01	6.904151574741702824e+00
1.039847557392594934e+00	7.867965859796025363e+00	9.994585412744354969e+00	6.693826929913244683e+00
1.046126974943305088e+00	7.777017333610315220e+00	9.895404751618780637e+00	6.641691155228240717e+00
1.052403436811028659e+00	7.692148487101805543e+00	9.861934725086440423e+00	6.713834608669843718e+00
1.058680704651608684e+00	7.541404368778796830e+00	9.603463972460039244e+00	6.509126825960136031e+00
1.064964333065789193e+00	7.455041481553018379e+00	9.435904972029451443e+00	6.355363157811055430e+00
1.071256777440835473e+00	7.380678742303280693e+00	9.542797708387951161e+00	6.702927872800565900e+00
1.077544048801078125e+00	7.260327967830186857e+00	9.376962187441733931e+00	6.519094407206175390e+00
1.083824820188043603e+00	7.168199892985386512e+00	9.184540703424676877e+00	6.454350595916428013e+00
1.090108023942816695e+00	7.113638342974686779e+00	9.135095624763696520e+00	6.418358211600996732e+00
1.096389665956643222e+00	6.982155730749149747e+00	9.030828184482741605e+00	6.372817363778706223e+00
1.102681132058841440e+00	6.913061510776959295e+00	8.935115755244806834e+00	6.253625392137907468e+00
1.108963047594879958e+00	6.818137497053940344e+00	8.732834762792938577e+00	6.133418524826430129e+00
1.115225428463759272e+00	6.734714378054320605e+00	8.750760127423935941e+00	6.182655816455627118e+00
1.121502127614767863e+00	6.642195777687008196e+00	8.657263917190348934e+00	6.125533194086228761e+00
1.127792573824792033e+00	6.556248841639211733e+00	8.529322988329161248e+00	6.092343663781736751e+00
1.134089552668382961e+00	6.444042180555705102e+00	8.309174378485737478e+00	5.913085461225828787e+00
1.140364049650405942e+00	6.401305055860606608e+00	8.313528888781451798e+00	6.004013063065115396e+00
1.146639180320979445e+00	6.302766129780582816e+00	8.267432840175596098e+00	6.018869607708722036e+00
1.152942412991649901e+00	6.241547259631659905e+00	8.114893372877272526e+00	5.989193361190042530e+00
1.159228906751078814e+00	6.148952566254287433e+00	8.022681571836635328e+00	5.928213690101071798e+00
1.165508721887268173e+00	6.091736291817620774e+00	7.993074614943437517e+00	5.956488938140539702e+00
1.171793076256210320e+00	6.000137616963348464e+00	7.890692464886775781e+00	5.802677251948073156e+00
1.178087436369658958e+00	5.942166044538932823e+00	7.857223721054650944e+00	5.911659843345186793e+00
1.184367654251526902e+00	5.891636240391803447e+00	7.789175566605599954e+00	5.942736758990418977e+00
1.190634642299266632e+00	5.783697012667758486e+00	7.617221793312229039e+00	5.627516786832749141e+00
1.196912208834400859e+00	5.741593703846828767e+00	7.571322840611557581e+00	5.732169872522455023e+00
1.203201577354146234e+00	5.668813906451954487e+00	7.498831449372637792e+00	5.726671680245096319e+00
1.209486844441705733e+00	5.607082760000911215e+00	7.443783514248734967e+00	5.697304277459620536e+00
1.215763902074809888e+00	5.528948408566802364e+00	7.316691584396214587e+00	5.493267309626099326e+00
1.222049755171146668e+00	5.466280151206928117e+00	7.281893614773486512e+00	5.509842432420155589e+00
1.228340616621486969e+00	5.411428710670618258e+00	7.231850183161330214e+00	5.530930873492469146e+00
1.234632986576932767e+00	5.337267910710276730e+00	7.126186153429714842e+00	5.439484833193833246e+00
1.240902247176856488e+00	5.292245629698845377e+00	7.072913434180582826e+00	5.483621208333281594e+00
1.247174839144687519e+00	5.213652744262978977e+00	6.958279962641289451e+00	5.402176579294392766e+00
1.253465459933442272e+00	5.174864538172481154e+00	6.975739788162149679e+00	5.495661568684139908e+00
1.259749951892178421e+00	5.094843398362644216e+00	6.804832249344343609e+00	5.317247441098678529e+00
1.266032143127253873e+00	5.056101719180627008e+00	6.843461772823034472e+00	5.336002411976506821e+00
1.272316288472006507e+00	4.994234520877324890e+00	6.741396467402688941e+00	5.310010131108646725e+00
1.278604155058621350e+00	4.961700791700528690e+00	6.725430445864793327e+00	5.321683276244282723e+00
1.284886588933593865e+00	4.900968179458020657e+00	6.683597475797700582e+00	5.371744392884057362e+00
1.291175420066583257e+00	4.833186117772385160e+00	6.536285559577202697e+00	5.251802532025267034e+00
1.297465726373772332e+00	4.775971642082073032e+00	6.459447908555171480e+00	5.172535135574344523e+00
1.303741827011944299e+00	4.735253202850713272e+00	6.450776044737053461e+00	5.254609019296234251e+00
1.310017322922761851e+00	4.679689577641640952e+00	6.417185592033882280e+00	5.228736842474754454e+00
1.316301447662886703e+00	4.644104282434775577e+00	6.392154206787767912e+00	5.221688677753467900e+00
1.322586760363303249e+00	4.588213191599868956e+00	6.320025252889251988e+00	5.220607296925186880e+00
1.328865492452874664e+00	4.558729799121105764e+00	6.325268727359500964e+00	5.236312684184690092e+00
1.335144804954555564e+00	4.518513420768227817e+00	6.206322899577025431e+00	5.200099378967649066e+00
1.341440516272275119e+00	4.466799274328130842e+00	6.202396559721484515e+00	5.153819087817089972e+00
1.347730868417094552e+00	4.421578830091137391e+00	6.121710575528442888e+00	5.086198072146028260e+00
1.354001589994877630e+00	4.376239229750011006e+00	6.087482764718354922e+00	5.113392490905700249e+00
1.360282609297778444e+00	4.338255972649280423e+00	6.069311181207103445e+00	5.157948129489086320e+00
1.366565686457597906e+00	4.306403130930676504e+00	6.074066371369246653e+00	5.151093324485591651e+00
1.372851498482432708e+00	4.244544356730706625e+00	5.904824232775830239e+00	5.028272465584035622e+00
1.379135372929401804e+00	4.225425729064933300e+00	5.987917144761934374e+00	5.189407122703610931e+00
1.385409567149057164e+00	4.160620203045893639e+00	5.844203929399979458e+00	5.018946547218232190e+00
1.391698641219299315e+00	4.132282453274260803e+00	5.809103779601129780e+00	5.023689245981797669e+00
1.397984451439470810e+00	4.097011604502586835e+00	5.782180534183400944e+00	5.037426632900646517e+00
1.404267883409181961e+00	4.037121871058644729e+00	5.706593452821850043e+00	4.960479622070793404e+00
1.410554779484869181e+00	4.013555729896011393e+00	5.684673891649037358e+00	4.997730122968488509e+00
1.416837833547465397e+00	3.998302541265073007e+00	5.719326906983120296e+00	5.091516860824908619e+00
1.423118177187137068e+00	3.946692494647444871e+00	5.636918137679218788e+00	5.037603756890833395e+00
1.429397801164240089e+00	3.920028345820204763e+00	5.621759237470054238e+00	5.032448919301425683e+00
1.435686921822787232e+00	3.875520669349879377e+00	5.574866691714582601e+00	5.022731446192998384e+00
1.441977121769299597e+00	3.857466986190261071e+00	5.592625902895425938e+00	5.001405640928840768e+00
1.448253667853332427e+00	3.826215341945983006e+00	5.541813172647069408e+00	5.029496644241233660e+00
1.454532348972172651e+00	3.777440344859531951e+00	5.481869126410371607e+00	5.027525944921188206e+00
1.460819319151879903e+00	3.763489209474261354e+00	5.503230410533005212e+00	5.049940936917363565e+00
1.467110364402026468e+00	3.749434602783765058e+00	5.518394916353114965e+00	5.082706485791338658e+00
1.473392908948962132e+00	3.718189425973378981e+00	5.473414718973494963e+00	5.056938028269690300e+00
1.479669965243598950e+00	3.677800118158174758e+00	5.403972436103841481e+00	5.101052583708900912e+00
1.485956144602843532e+00	3.642905624574490631e+00	5.392510731226118459e+00	5.046967540380453698e+00
1.492233610763115115e+00	3.615749298544539414e+00	5.360026636158218061e+00	5.064531347458860466e+00
1.498502470379980078e+00	3.604957148330956596e+00	5.396701084475001409e+00	5.126989482547085863e+00
1.504785752051182701e+00	3.572138067931949212e+00	5.314926432504073261e+00	5.067079760586083559e+00
1.511075991894575976e+00	3.551319223026774274e+00	5.303193928905560739e+00	5.064272166076601245e+00
1.517361634985162189e+00	3.524781661992877790e+00	5.300582661492706293e+00	5.158608000249921055e+00
1.523648570969130533e+00	3.495453915195261274e+00	5.269508601336897691e+00	5.170477043898412006e+00
1.529938035715892264e+00	3.491827919498108113e+00	5.344571035448231200e+00	5.269170771572818879e+00
1.536230176913891965e+00	3.461041788813084441e+00	5.258030251614294492e+00	5.171629950529151643e+00
1.542510718779388279e+00	3.441181524068898323e+00	5.265319390829881208e+00	5.183555034103488168e+00
1.548783963082980275e+00	3.411616149345201077e+00	5.219279527476398783e+00	5.203608454511711834e+00
1.555073069779651318e+00	3.400759151950460968e+00	5.246657985869980223e+00	5.281123225628717499e+00
1.561357324927233892e+00	3.368615750947209886e+00	5.191416941776945571e+00	5.216396321641574296e+00
1.567629121053141006e+00	3.358230183445811257e+00	5.162951265873191531e+00	5.264144702180969304e+00
1.573913697404382583e+00	3.347727771216481241e+00	5.243891367400652648e+00	5.377168611906956386e+00
1.580203545230874029e+00	3.321731895604808749e+00	5.169117579516990801e+00	5.289113346591269860e+00
1.586485393434537983e+00	3.306160823159301376e+00	5.146657466556004756e+00	5.365851965028280546e+00
1.592760014263005841e+00	3.296370056049847008e+00	5.189465164329114089e+00	5.410824393870627524e+00
1.599046436394670812e+00	3.277355552224209934e+00	5.184077815067031914e+00	5.403160663296809219e+00
1.605342136637478934e+00	3.273403919205022827e+00	5.121028619392737902e+00	5.508423893878322097e+00
1.611619860919608627e+00	3.245486653578732561e+00	5.176511747311702827e+00	5.517892144548222966e+00
1.617897597081673799e+00	3.229921489304820703e+00	5.114572732714773196e+00	5.497194016600142064e+00
1.624183235481122756e+00	3.224645810542076774e+00	5.139316886749828228e+00	5.550374417901750235e+00
1.630464598531913722e+00	3.209783832660921377e+00	5.155738237087190257e+00	5.596791395077601372e+00
1.636748985747638274e+00	3.193545857538993893e+00	5.152860375843039797e+00	5.637898532335232638e+00
1.643030923698886259e+00	3.182027160886701900e+00	5.151499371030881846e+00	5.654137628494855683e+00
1.649309176648513064e+00	3.172587512413512112e+00	5.184448367772877653e+00	5.746853027205388820e+00
1.655593633940351861e+00	3.149984144561998711e+00	5.118277925083537738e+00	5.675824814655332951e+00
1.661879571405086464e+00	3.161521597535696060e+00	5.176874368190913067e+00	5.790776553099157731e+00
1.668169361685170271e+00	3.139727085922313865e+00	5.155459568737010834e+00	5.821604676263997469e+00
1.674450151530487485e+00	3.134983278840755894e+00	5.148822584355891685e+00	5.884553295764725966e+00
1.680722718978495900e+00	3.120808135472381117e+00	5.163914576772547171e+00	5.944031620286312823e+00
1.687013891340952476e+00	3.123682092171173430e+00	5.201920841009593843e+00	6.006717524209071790e+00
1.693308984907921033e+00	3.117778990410659201e+00	5.188532931284826510e+00	6.064933180597159357e+00
1.699582147428448486e+00	3.102641641204705092e+00	5.167534617092022664e+00	6.066211302447999998e+00
1.705863747055134105e+00	3.092473455479318734e+00	5.163193419354328739e+00	6.059777039907148222e+00
1.712154434283889470e+00	3.099056194287506116e+00	5.210708665045330257e+00	6.210291772948589362e+00
1.718438381579399321e+00	3.080054491542865147e+00	5.154887783165277959e+00	6.183327125749668696e+00
1.724721264464063930e+00	3.073285605350606353e+00	5.173801493962872478e+00	6.244399040774307963e+00
1.730997441276920679e+00	3.072679590545051465e+00	5.166368156799526545e+00	6.272634928468236559e+00
1.737287073528269499e+00	3.068468418383639928e+00	5.194059618538808820e+00	6.374247397198349319e+00
1.743567991878527401e+00	3.072872754658414252e+00	5.213673435002799117e+00	6.448064792709021553e+00
1.749840680212231048e+00	3.064953800872816547e+00	5.237309801792079611e+00	6.526965986997089963e+00
1.756128549091961144e+00	3.051926616002383685e+00	5.212419802176994743e+00	6.503565483214430287e+00
1.762413535324792502e+00	3.070590043498205191e+00	5.269058852732587006e+00	6.642754890361067588e+00
1.768696187669963837e+00	3.056878703716172208e+00	5.234351886754188499e+00	6.639750773473295453e+00
1.774979359379055266e+00	3.064303203387288566e+00	5.271490603706347144e+00	6.744718643418631920e+00
1.781265555576432957e+00	3.068348427727998207e+00	5.303398964424694384e+00	6.877391765931725409e+00
1.787549427830244619e+00	3.070379924286927853e+00	5.324337723341535877e+00	6.908704979915836653e+00
1.793834120011633004e+00	3.060790892378432826e+00	5.309697395668072417e+00	6.925665850960251113e+00
1.800115051552487300e+00	3.069748088949842302e+00	5.330007008831682214e+00	7.024636917025995686e+00
1.806393904854530330e+00	3.068462216644082918e+00	5.340384977684445644e+00	7.093335032278242025e+00
1.812674089667083432e+00	3.063398592007291477e+00	5.312222046923422702e+00	7.102312939423654825e+00
1.818956920109354058e+00	3.067749568120942794e+00	5.317152909339257327e+00	7.182156525590752238e+00
1.825244164118212220e+00	3.079048561551771535e+00	5.378709581662589834e+00	7.314121990483023694e+00
1.831527256642196955e+00	3.081909108912061157e+00	5.391891946973674798e+00	7.371060000661884715e+00
1.837811294935716599e+00	3.083673466848924960e+00	5.381815846621656796e+00	7.422008407911662609e+00
1.844100717411196744e+00	3.083803381119115894e+00	5.391883204525686146e+00	7.507002786777663417e+00
1.850384816792487230e+00	3.098903831406748743e+00	5.424175985300937697e+00	7.604532805109700533e+00
1.856666059735203822e+00	3.109481405550539090e+00	5.477563603144857574e+00	7.705275932137540806e+00
1.862947728675613979e+00	3.108417307647332706e+00	5.482722862283676335e+00	7.822640153456660528e+00
1.869229324466858078e+00	3.109053723464063168e+00	5.466389722701176623e+00	7.802881943235450812e+00
1.875517616802973686e+00	3.126445440644140650e+00	5.517237950851966666e+00	7.937969877431487298e+00
1.881800769033795229e+00	3.109709770899076187e+00	5.454275002808646633e+00	7.880882192126015262e+00
1.888078863416442710e+00	3.138628693321972030e+00	5.525535612033425359e+00	8.101033990084440362e+00
1.894353975182237582e+00	3.155229815285003347e+00	5.578454076486313085e+00	8.208808912386587053e+00
1.900642716154182565e+00	3.147436031988049443e+00	5.546319446992113100e+00	8.212621764216587295e+00
1.906933494748685121e+00	3.156764770507528794e+00	5.586371925691795859e+00	8.357118335366612527e+00
1.913207568676573933e+00	3.172760058060788868e+00	5.600256022074812989e+00	8.392679753500569717e+00
1.919490884732178992e+00	3.187915940723021979e+00	5.623862296917801373e+00	8.530483978814613621e+00
1.925776855684274480e+00	3.178281556040934763e+00	5.581025946873799271e+00	8.503979954572775668e+00
1.932064452961978152e+00	3.197332989552059246e+00	5.623778871107867339e+00	8.636342877349855840e+00
1.938342610030488800e+00	3.201941806523072920e+00	5.608725931946599630e+00	8.676010211869247257e+00
1.944618341543410178e+00	3.221668302538373663e+00	5.682748670104023958e+00	8.806429808688298166e+00
1.950906260203513876e+00	3.243550801551774665e+00	5.707906939580031036e+00	8.977034614698249371e+00
1.957194556613796488e+00	3.247626664620644199e+00	5.668514381069953423e+00	8.996641251718626719e+00
1.963479614559011432e+00	3.248682854898459205e+00	5.695523072973604606e+00	9.061600820444715154e+00
1.969760361532916226e+00	3.264026569490170893e+00	5.700538559785751858e+00	9.139086965798812301e+00
1.976048367034604736e+00	3.276365612504600122e+00	5.720056234623492664e+00	9.196789986507058146e+00
1.982337990217652335e+00	3.292735210199755347e+00	5.725477398516206406e+00	9.334383234781117977e+00
1.988617489259562721e+00	3.302316460793753183e+00	5.728137592447827053e+00	9.414074387484994588e+00
1.994896320665194178e+00	3.325849711494802463e+00	5.823004538388564910e+00	9.619838802870251726e+00
2.001179596222827151e+00	3.334644037846484554e+00	5.822649032568787852e+00	9.664018247026387343e+00
2.007459756923499761e+00	3.353160700397480820e+00	5.809825748605277340e+00	9.735897091155374383e+00
2.013737397779169935e+00	3.374777142624610704e+00	5.793190156761825804e+00	9.847050851968942808e+00
2.020017234677497164e+00	3.399040510329266684e+00	5.899396537040918709e+00	1.005378977619765557e+01
2.026310251015072783e+00	3.401586077981316514e+00	5.831175616904336501e+00	1.002200160710091303e+01
2.032600542948020284e+00	3.419857967923965791e+00	5.849073838580793883e+00	1.011544492448859067e+01
2.038873863192099289e+00	3.436410256433583665e+00	5.868994529389760295e+00	1.024861974963348210e+01
2.045154087821675404e+00	3.446165765660603064e+00	5.868403143146231571e+00	1.027681639326175578e+01
2.051444704514288730e+00	3.467745667384255714e+00	5.872955356520548342e+00	1.039720480175918027e+01
2.057730430280644729e+00	3.493408244923938533e+00	5.913065084776872204e+00	1.054167883682313800e+01
2.064013940455224461e+00	3.523669835788262095e+00	5.952965874483038711e+00	1.069537699394611430e+01
2.070299891179459895e+00	3.526725324361641878e+00	5.924015021553381999e+00	1.073037069430909973e+01
2.076589719964883951e+00	3.546702873575211967e+00	5.929647301614510368e+00	1.080543206796152589e+01
2.082865483794470673e+00	3.549882305529827420e+00	5.828039058791218530e+00	1.077380960384584974e+01
2.089134494859368640e+00	3.595096603803566548e+00	5.971140329873078301e+00	1.106061891654379004e+01
2.095424211360070288e+00	3.605956333305407657e+00	5.953386569930725791e+00	1.110256626508574840e+01
2.101707116664804254e+00	3.625267844537649164e+00	5.921544054997521123e+00	1.119548825175569107e+01
2.107986473933564309e+00	3.650258092440002322e+00	5.947989842942241978e+00	1.128830979975433380e+01
2.114271806543862375e+00	3.676081453403427624e+00	5.962238103681239743e+00	1.144026724254256244e+01
2.120552717288892275e+00	3.685521674625061639e+00	5.881079613975485287e+00	1.146119828131054241e+01
2.126836933207161717e+00	3.716246352719156487e+00	5.954670598766164780e+00	1.160117671135007633e+01
2.133122044791171845e+00	3.716984266274324877e+00	5.839061015572712954e+00	1.154758124777325712e+01
2.139411711910842673e+00	3.757973729562076315e+00	5.894618936907839668e+00	1.177571987948238430e+01
2.145697076775292089e+00	3.767563940499973008e+00	5.860885356580915584e+00	1.178454584982836373e+01
2.151973548606471276e+00	3.815222995132466099e+00	5.958326836799119341e+00	1.206997535411674072e+01
2.158259913555724108e+00	3.813212253958573328e+00	5.864451278042042581e+00	1.197854747466435121e+01
2.164545396699105506e+00	3.842897787194146098e+00	5.845837274156294505e+00	1.210089748606962701e+01
2.170830700377734068e+00	3.866650709282044573e+00	5.851251748572066980e+00	1.221998740414548124e+01
2.177114138849150393e+00	3.905456121057194085e+00	5.892913676174553750e+00	1.240007313390203336e+01
2.183387647576827018e+00	3.938700626381503866e+00	5.959481336798050144e+00	1.256628878328827348e+01
2.189670273687676971e+00	3.957682277163793394e+00	5.854873712074489589e+00	1.259047318613042066e+01
2.195960147934207463e+00	4.012299949948513245e+00	5.940372933555808643e+00	1.291361957625922408e+01
2.202242556317716371e+00	4.011154760625603721e+00	5.865569126627299568e+00	1.279417964126050400e+01
2.208521655981037668e+00	4.044881510675840453e+00	5.838806047650660247e+00	1.292811249166357079e+01
2.214804637081333016e+00	4.064461482443193496e+00	5.817401070957092912e+00	1.300099263945215000e+01
2.221092583349425276e+00	4.093723771424418345e+00	5.770755424755992458e+00	1.308598499414635086e+01
2.227372893591468728e+00	4.124487240068699379e+00	5.761289664913135766e+00	1.321251004891666980e+01
2.233657161144248171e+00	4.167622275668984244e+00	5.773405554351360713e+00	1.338644610853506478e+01
2.239943485394438660e+00	4.184805712521622922e+00	5.709166563155231522e+00	1.341078855042451679e+01
2.246224175264620815e+00	4.213256573037283736e+00	5.750164932593780698e+00	1.356876100610222302e+01
2.252506378421252009e+00	4.237307039275396647e+00	5.607311886251260979e+00	1.354749208937353266e+01
2.258783417054270437e+00	4.280451535835319454e+00	5.730360218618238299e+00	1.380324105979539873e+01
2.265069077371457684e+00	4.309006682809057409e+00	5.567739972374416979e+00	1.380180774337111593e+01
2.271350377044131452e+00	4.346257141451158823e+00	5.617214943016692885e+00	1.399365302020657076e+01
2.277633995145353918e+00	4.350693838978653361e+00	5.475711158618834951e+00	1.391747858307000563e+01
2.283922419579920149e+00	4.420136054728969199e+00	5.550467392472238082e+00	1.425824581646882905e+01
2.290202874392252674e+00	4.432739755637660650e+00	5.513752135482439698e+00	1.422267833974880880e+01
2.296490779970905560e+00	4.468751010833059034e+00	5.424560785091555815e+00	1.429627823802652564e+01
2.302771769934229162e+00	4.511633367602763123e+00	5.388669612674214626e+00	1.448778284176133369e+01
2.309051364164305564e+00	4.540754089719396980e+00	5.354188042233822387e+00	1.453003078532343118e+01
2.315338502539088239e+00	4.583936953794911950e+00	5.330038293714417286e+00	1.470905932256725634e+01
2.321627336503874428e+00	4.611676232956829047e+00	5.295483133390852082e+00	1.476917623183854467e+01
2.327911878297218795e+00	4.640721780612657277e+00	5.136464813452396250e+00	1.477336153091471793e+01
2.334186238580297168e+00	4.693347867399231710e+00	5.191981742832984636e+00	1.498698313551419581e+01
2.340467971862688401e+00	4.722596056395465425e+00	5.047713660230940036e+00	1.501396914262067916e+01
2.346756940970738725e+00	4.743874260236911056e+00	4.986919877677385315e+00	1.503933828359285663e+01
2.353044444556199988e+00	4.789413395225864178e+00	4.988927027715776674e+00	1.521653899067387705e+01
2.359327653314069906e+00	4.812606567235387267e+00	4.807366164860614965e+00	1.518549336198232425e+01
2.365603048789861607e+00	4.895971906981945843e+00	4.879057918008392392e+00	1.555093821745652960e+01
2.371885911737665165e+00	4.919237194996934015e+00	4.735571670553365031e+00	1.553450128534480967e+01
2.378173303594019572e+00	4.970745819046052283e+00	4.827580166098649705e+00	1.577268651114271769e+01
2.384454016539381271e+00	5.005234308207247906e+00	4.679348950484935266e+00	1.580280472845269557e+01
2.390736447344785187e+00	5.048817103942997875e+00	4.556483826587040653e+00	1.586772773319974839e+01
2.397014133897952259e+00	5.074635269742995725e+00	4.524066504246131437e+00	1.595324525715370001e+01
2.403295490074321972e+00	5.120372522420378658e+00	4.435020732268881716e+00	1.605810304285075318e+01
2.409585049672506862e+00	5.175872980904264509e+00	4.377649543591973114e+00	1.622235841679384194e+01
2.415871703165322071e+00	5.209758139939633992e+00	4.241411010018087957e+00	1.624537058327079109e+01
2.422160652369088840e+00	5.284700685406259701e+00	4.209172775706925052e+00	1.653360801185631601e+01
2.428440167222748691e+00	5.325880644194960212e+00	4.126996490595277400e+00	1.659011768061779790e+01
2.434717472383889803e+00	5.370073959220446724e+00	4.028366301469735511e+00	1.667310162316260147e+01
2.441002456202044257e+00	5.409362271975698633e+00	3.919473757718159757e+00	1.675107632447442185e+01
2.447289980304530488e+00	5.467201175796834178e+00	3.787739243093951824e+00	1.687031368909509865e+01
2.453571844729242279e+00	5.518485115280216569e+00	3.742556772666544962e+00	1.701564737516020287e+01
2.459852705114058846e+00	5.546221229196538260e+00	3.679924842254313155e+00	1.701735383696163950e+01
2.466139233225018934e+00	5.626948797168483729e+00	3.624219924873456566e+00	1.732602428126528693e+01
2.472421963421291391e+00	5.639619081272266854e+00	3.471566502053145431e+00	1.727473097115739264e+01
2.478698519174224568e+00	5.711003581021656395e+00	3.290112556534645183e+00	1.739724170058313391e+01
2.484980841400355800e+00	5.735882217380612325e+00	3.367802558427218873e+00	1.746401680649270816e+01
2.491269319409339822e+00	5.797497561179976167e+00	3.230849408824038260e+00	1.760060295359950189e+01
2.497548505139029373e+00	5.871985491440455007e+00	3.046312097370836192e+00	1.778437866209355533e+01
2.503831667172610853e+00	5.921629091000117917e+00	3.034520097362283231e+00	1.793088335215907847e+01
2.510117938323931153e+00	5.953955649619257606e+00	2.907273453938388652e+00	1.793091755292930856e+01
2.516400733681277480e+00	6.020406218388484554e+00	2.722733632158590211e+00	1.809229137542460109e+01
2.522688226833368130e+00	6.092547512134864007e+00	2.651412893912909574e+00	1.828240821528570237e+01
2.528971695852665569e+00	6.160254337071211062e+00	2.490817315105480212e+00	1.846290581673554243e+01
2.535252039407670299e+00	6.189158638188668071e+00	2.383918867452722523e+00	1.842462277895926448e+01
2.541537514142774512e+00	6.256652557054142250e+00	2.194009645542887466e+00	1.853647939648011800e+01
2.547823008847572179e+00	6.330588823086603867e+00	2.060448045791021254e+00	1.875402636946910917e+01
2.554100666580690238e+00	6.353677758684924903e+00	2.080716814470733755e+00	1.872871107771089427e+01
2.560376788884177301e+00	6.456284460899153643e+00	1.880393480356103098e+00	1.905922554933930968e+01
2.566667521601497359e+00	6.486531041375612539e+00	1.822072645934250668e+00	1.904082914198237475e+01
2.572955062237090473e+00	6.580338699555547954e+00	1.659537607290155536e+00	1.929035092222921577e+01
2.579233771797999175e+00	6.629407710061608228e+00	1.555106844684659428e+00	1.940225076747629629e+01
2.585520164300948220e+00	6.708000949731471430e+00	1.345245353001075506e+00	1.953949329331075191e+01
2.591805130332431872e+00	6.804486923636330786e+00	1.144518092452188274e+00	1.974712874891729797e+01
2.598084074692260881e+00	6.856889550428570956e+00	1.111935052325565332e+00	1.988396781341062436e+01
2.604360404197643586e+00	6.917323035813798704e+00	9.136934545199536517e-01	1.999783465449085540e+01
2.610647185140439142e+00	6.979107519538656490e+00	8.073845336476256351e-01	2.007338713306273803e+01
2.616931864059273138e+00	7.022249178165809624e+00	6.754509845870975138e-01	2.017011473491578144e+01
2.623206107911065565e+00	7.093364292853189923e+00	5.536422545030385001e-01	2.026156252372584277e+01
2.629491626543270844e+00	7.171400095580295009e+00	3.390618354153175917e-01	2.043892386772009218e+01
2.635778507982642349e+00	7.267268305551776386e+00	1.622167888463659779e-01	2.069278539491842750e+01
2.642061039325260818e+00	7.338704268055310287e+00	2.509502672761603631e-02	2.079253285849762278e+01
2.648343840729305843e+00	7.418395824731301325e+00	-1.685199945354150519e-01	2.095194519489565366e+01
2.654631838974855551e+00	7.493319906361618266e+00	-2.733781671285892001e-01	2.116766297047744771e+01
2.660919001246303761e+00	7.553425001924882309e+00	-3.836354792591907259e-01	2.125395002115234178e+01
2.667198525130066056e+00	7.614988923304560231e+00	-5.846845144148909990e-01	2.131605479451111762e+01
2.673484307038032526e+00	7.735340121060749752e+00	-7.843296182265817595e-01	2.164239072645022688e+01
2.679773388053849459e+00	7.816155323382316666e+00	-1.011502569530648765e+00	2.178574588850183957e+01
2.686058217632288692e+00	7.861585472042029288e+00	-1.036438010643347951e+00	2.184764923542489257e+01
2.692338738200057868e+00	7.923480515685543679e+00	-1.127222962691543096e+00	2.198577745708603359e+01
2.698618022887226964e+00	8.006130813713911110e+00	-1.446640390032823742e+00	2.207825676893691025e+01
2.704895450708277860e+00	8.109170190973475911e+00	-1.512017624293013229e+00	2.239840536111614711e+01
2.711175674923682166e+00	8.211430866979435805e+00	-1.858566003352795981e+00	2.255275054519687217e+01
2.717459832966957922e+00	8.254165801054222484e+00	-1.902200442079878373e+00	2.256490514727870433e+01
2.723745731959044569e+00	8.305351533694501853e+00	-2.122416073314191465e+00	2.261101940394991416e+01
2.730038414850594730e+00	8.444480636900181025e+00	-2.323378341293806493e+00	2.294613403934039653e+01
2.736317989800789441e+00	8.522495738858541614e+00	-2.439972598190499831e+00	2.319071385111741535e+01
2.742591858549239703e+00	8.636037392623499898e+00	-2.708955472756089389e+00	2.337510472347307555e+01
2.748879749010778362e+00	8.691615945115351849e+00	-2.765261371964872428e+00	2.345076310420658317e+01
2.755163403825859447e+00	8.782070433519169939e+00	-3.043110901436213656e+00	2.362185326939704311e+01
2.761446955625852073e+00	8.868465837905892712e+00	-3.165146661101014391e+00	2.377368430162042756e+01
2.767732088935374701e+00	8.995153911737382657e+00	-3.330987960090964428e+00	2.413900405712927011e+01
2.774015452421743966e+00	9.039117516341638847e+00	-3.577377394541401134e+00	2.412268497403956147e+01
2.780298635700591436e+00	9.129249424600470064e+00	-3.728566760226396770e+00	2.430549408674629319e+01
2.786577474762241380e+00	9.269811942153257434e+00	-4.027405635549915708e+00	2.466163925975949311e+01
2.792857983210164541e+00	9.275838551035665347e+00	-4.006258014002538559e+00	2.446858887978970998e+01
2.799143790920211483e+00	9.430014247977881681e+00	-4.288347545905897285e+00	2.491423769951866873e+01
2.805430058399325244e+00	9.463854268080373444e+00	-4.334938272675679549e+00	2.495336486473770066e+01
2.811715058209780072e+00	9.568402226628583307e+00	-4.581856076006641132e+00	2.510293501231952007e+01
2.817989272498773623e+00	9.675535387772384865e+00	-4.849071577853226955e+00	2.532196448059934468e+01
2.824269171595737760e+00	9.724222110379814765e+00	-4.899761393923369290e+00	2.533651075576706191e+01
2.830563016441804081e+00	9.842253441063750330e+00	-5.170138111654726032e+00	2.565120867118348613e+01
2.836848750951622034e+00	9.996104654181401372e+00	-5.453033527473234443e+00	2.602301791138680898e+01
2.843130027866129783e+00	1.007341607451772170e+01	-5.574728003182182867e+00	2.612835827894831908e+01
2.849413896912404986e+00	1.008860347582966099e+01	-5.570012360115222272e+00	2.606413402492619369e+01
2.855697464522425566e+00	1.022796371507383917e+01	-5.925002732620156642e+00	2.627273793787990286e+01
2.861978799810683594e+00	1.034162035279581460e+01	-6.128935634348210648e+00	2.660464116954889491e+01
2.868262469415629567e+00	1.045641250416321810e+01	-6.382443417964287491e+00	2.681365362459848001e+01
2.874547359206753860e+00	1.053007261278926165e+01	-6.534697080533108604e+00	2.692844507174214641e+01
2.880831111471525041e+00	1.057271423538760402e+01	-6.537770017373064846e+00	2.697672297309657807e+01
2.887113216972382546e+00	1.067626432629760025e+01	-6.736787358485848642e+00	2.714991897159620393e+01
2.893394504725182781e+00	1.075294024812022364e+01	-6.857976085365755203e+00	2.725740011057179046e+01
2.899673662137033592e+00	1.083026462418498426e+01	-6.935482531447894061e+00	2.739916249541069959e+01
2.905953958587380814e+00	1.102587379487682639e+01	-7.390580049688443509e+00	2.789433262435861494e+01
2.912241118105161064e+00	1.109521983658619781e+01	-7.499572240205233165e+00	2.801221462295845654e+01
2.918525996366671205e+00	1.124351531172297314e+01	-7.781339884347714175e+00	2.833048052772866754e+01
2.924809035425688819e+00	1.125752505753601262e+01	-7.810335618470467978e+00	2.827353101845493910e+01
2.931095916293684933e+00	1.134996480113715123e+01	-7.982022249956000515e+00	2.833810401724304384e+01
2.937378182606774413e+00	1.144693600798785127e+01	-8.143997965266763117e+00	2.858551920524797652e+01
2.943659980254369923e+00	1.158516887242984694e+01	-8.363469817779886739e+00	2.892364341761360436e+01
2.949946454403890250e+00	1.166293465421738773e+01	-8.491039155888582712e+00	2.898388605490557168e+01
2.956227653702202307e+00	1.178726263685163822e+01	-8.739472578186527230e+00	2.924104476740603786e+01
2.962510478867462993e+00	1.184872346907160967e+01	-8.765595561193370244e+00	2.930323471474781272e+01
2.968796535179442309e+00	1.196810540394607969e+01	-9.021933577832932372e+00	2.964155124863167856e+01
2.975077657376874907e+00	1.210023460127641926e+01	-9.193613235542882123e+00	2.988844912228571360e+01
2.981359866759223376e+00	1.204450086995942470e+01	-9.138269678535644758e+00	2.948026961895457987e+01
2.987646761575656562e+00	1.225822933222970867e+01	-9.527648888125293425e+00	3.009366485468707708e+01
2.993929038370399365e+00	1.233750951465704482e+01	-9.625256906581576288e+00	3.017734880745154413e+01
3.000206214840962726e+00	1.243224600442527539e+01	-9.816982559878743686e+00	3.041705642035884694e+01
3.006486172402415669e+00	1.255384680170817546e+01	-1.009356309667757756e+01	3.053824714317382316e+01
3.012769812211594456e+00	1.260014349544303158e+01	-1.001557075531001040e+01	3.068175909117286793e+01
3.019053144326170113e+00	1.276837288091759248e+01	-1.031781092145689982e+01	3.104736934377175217e+01
3.025337405144251424e+00	1.276498194087130500e+01	-1.023409769736597852e+01	3.084108265739840959e+01
3.031623734799107961e+00	1.294578126069464652e+01	-1.063933321809502353e+01	3.137428211610085071e+01
3.037908962055872575e+00	1.299661817522263441e+01	-1.060709903599325443e+01	3.131354368828953838e+01
3.044195067146031608e+00	1.307499946448172778e+01	-1.078269367459705741e+01	3.144370784241712258e+01
3.050475543482170426e+00	1.321318100108448057e+01	-1.101458675596947501e+01	3.174346666190550437e+01
3.056754954538277502e+00	1.327550913822296508e+01	-1.111125734137154097e+01	3.179441547093829712e+01
3.063040539557494668e+00	1.333993428377225143e+01	-1.113477072053726680e+01	3.179936966033716672e+01
3.069323699454357346e+00	1.354749525359574136e+01	-1.157143898361286105e+01	3.235285643873608308e+01
3.075610692642898769e+00	1.355873548904492587e+01	-1.143150977878517693e+01	3.232230087429737608e+01
3.081893798009918584e+00	1.365937475462195216e+01	-1.161184416482818271e+01	3.239938697044318161e+01
3.088174549548037717e+00	1.369880571930565516e+01	-1.159293512790417502e+01	3.244544594234717749e+01
3.094458635632868493e+00	1.387740415731917487e+01	-1.187544676125416565e+01	3.290094197071625359e+01
3.100743982931558840e+00	1.385959754357206641e+01	-1.178174681413859126e+01	3.262358625992553840e+01
3.107028111748448396e+00	1.401814431107604975e+01	-1.207485740151089537e+01	3.310115406129453675e+01
3.113309299655494300e+00	1.408664509611809912e+01	-1.208349605201989441e+01	3.308772911851337994e+01
3.119590662867241626e+00	1.418878351042176789e+01	-1.218895315545179159e+01	3.333991586017836539e+01
3.125874006820172912e+00	1.430175817638281011e+01	-1.237480506751990283e+01	3.347006387433906838e+01
3.132159251154602586e+00	1.440929171553914401e+01	-1.249777413763177947e+01	3.372870204578516962e+01
3.138439172765940643e+00	1.440521530817720652e+01	-1.241914362725205656e+01	3.361346922896718326e+01
3.144723867719826593e+00	1.453556689258820711e+01	-1.263254650912674926e+01	3.380381125098766404e+01
3.151003951258561031e+00	1.470325283254038773e+01	-1.291604507132092827e+01	3.432486650351209079e+01
3.157283664131563139e+00	1.458525472535886358e+01	-1.247847978046253736e+01	3.362534411336713447e+01
3.163569317183839935e+00	1.479601128148028444e+01	-1.288375356991721254e+01	3.420352947945946198e+01
3.169851661717792091e+00	1.498490509642959090e+01	-1.325367605407216232e+01	3.465267796541446188e+01
3.176137704316093657e+00	1.504310958958704703e+01	-1.323352184052966329e+01	3.476757644675478787e+01
3.182420924828643916e+00	1.518374261870821051e+01	-1.345006134810820875e+01	3.511676382949367792e+01
3.188702811875577581e+00	1.525630361684600089e+01	-1.348159462228620775e+01	3.508203604269211695e+01
3.194990520008989865e+00	1.537552622621183041e+01	-1.362870284909554286e+01	3.543644349258977400e+01
3.201275324656983834e+00	1.536359518464712615e+01	-1.347162748361456153e+01	3.520043590244240761e+01
3.207551352179861759e+00	1.548844748293659634e+01	-1.361464578655249369e+01	3.549785266049035926e+01
3.213835216737041645e+00	1.557437769936785976e+01	-1.373749855085329941e+01	3.571666916938203684e+01
3.220122579819103770e+00	1.441827345897765333e+01	-1.082431196295241094e+01	3.132656566479397142e+01
3.226406606618656525e+00	1.241682565391963244e+01	-6.349952813026423115e+00	2.391254295240291583e+01
3.232687390085645429e+00	1.124303218092914669e+01	-3.685093929593099116e+00	1.932685017105194092e+01
3.238969121280456331e+00	1.046818756118038429e+01	-2.189733128973799570e+00	1.620611946386953051e+01
3.245254751548589667e+00	9.835351556277286633e+00	-1.010236252494386644e+00	1.359160206376568603e+01
3.251534499036136783e+00	9.371717345563009616e+00	-1.768960894492402625e-01	1.141586568596052409e+01
3.257817780791052442e+00	8.958547332450693901e+00	4.804678581360591894e-01	9.663612000923171408e+00
3.264102164154097263e+00	8.686401366160955817e+00	9.567719236675024108e-01	8.107883253237380572e+00
3.270384152138468892e+00	8.411230497418776153e+00	1.343981660675848788e+00	6.906135578202468928e+00
3.276669427476867735e+00	8.199054657700216353e+00	1.700240640007979254e+00	5.658992332045073681e+00
3.282954688864507808e+00	8.022911352808385743e+00	1.920025252480288103e+00	4.659014775152749976e+00
3.289237200334947264e+00	7.853809775573693308e+00	2.077284801398850078e+00	3.751375252886303358e+00
3.295519587088236779e+00	7.729411266392424373e+00	2.259451664928462833e+00	2.809762049424958441e+00
3.301805977329951958e+00	7.604417544474473267e+00	2.352528443886323206e+00	2.084837381967001857e+00
3.308087486222440088e+00	7.517334234835622020e+00	2.425260843397100796e+00	1.329789581728390235e+00
3.314367630234227313e+00	7.416803945023361599e+00	2.469414507242239321e+00	5.888730733087822466e-01
3.320651909732194262e+00	7.340992346266649093e+00	2.522698788607141918e+00	4.715936442408689283e-02
3.326931260376857047e+00	7.290445012189620044e+00	2.557345962706133236e+00	-5.989382977162576172e-01
3.333216512447217728e+00	7.224551959299617465e+00	2.608700093812633458e+00	-1.062079778281338260e+00
3.339504489419978128e+00	7.209474109782024520e+00	2.633428654441196226e+00	-1.617244776672616569e+00
3.345786804809928405e+00	7.165539349152901138e+00	2.633877959443216454e+00	-2.078839928567580042e+00
3.352071130016277767e+00	7.136911223140269378e+00	2.637411179072261636e+00	-2.581598665268454607e+00
3.358351496304225581e+00	7.123363261363621746e+00	2.638842368765107249e+00	-2.999755488142265669e+00
3.364630591073392019e+00	7.079664969386952222e+00	2.629913867095657221e+00	-3.392223763736512243e+00
3.370916305215045483e+00	7.101112036660595095e+00	2.615128005016990276e+00	-3.787401380304567411e+00
3.377197952029413752e+00	7.071308935842554710e+00	2.563847098163081650e+00	-4.180478560152493195e+00
3.383483063818085501e+00	7.084999870472593386e+00	2.577894621888986659e+00	-4.525404662712197101e+00
3.389769992424469969e+00	7.084925073397150719e+00	2.531605526028462894e+00	-4.927154812910397474e+00
3.396051330885982100e+00	7.082046219760595562e+00	2.522726254418741210e+00	-5.277892937636977422e+00
3.402330879139463971e+00	7.104425407875421428e+00	2.481673850166423279e+00	-5.557487061717850452e+00
3.408610488352048495e+00	7.100270455780286483e+00	2.438161039224863380e+00	-5.843073205045236307e+00
3.414897837696641236e+00	7.132931419876400447e+00	2.399072468236969069e+00	-6.141617720335470487e+00
3.421180484052105619e+00	7.131802878230221410e+00	2.377741925442564241e+00	-6.413950664988790962e+00
3.427461639653846870e+00	7.163229272302611861e+00	2.354725427965428608e+00	-6.714402008484956497e+00
3.433749159643459059e+00	7.198674006082690369e+00	2.307200985050459785e+00	-6.951468601735850683e+00
3.440032646656798310e+00	7.204831660151103101e+00	2.279960041465322274e+00	-7.194477515893105135e+00
3.446313366033385339e+00	7.280768224898532814e+00	2.227758551597416758e+00	-7.472074765887848358e+00
3.452600135384134905e+00	7.286868764089693862e+00	2.212111034560762857e+00	-7.749765726901549634e+00
3.458883152815406703e+00	7.325746253461355550e+00	2.165545137259971664e+00	-7.996145977429107710e+00
3.465163834403715448e+00	7.370026930238605445e+00	2.135136833125731215e+00	-8.208949843813133640e+00
3.471449329786229221e+00	7.391024868021159655e+00	2.108013849635140158e+00	-8.435138450714068981e+00
3.477734476754053894e+00	7.477473262434891410e+00	2.066007093107577575e+00	-8.695205378636956084e+00
3.484019652467224226e+00	7.502280461507216280e+00	2.013403717148589234e+00	-8.900127597705557392e+00
3.490297019369712928e+00	7.564370825200776416e+00	1.944201006439328694e+00	-9.115310313605437642e+00
3.496582486484379970e+00	7.576998515219819375e+00	1.931865273177950204e+00	-9.259065462573069283e+00
3.502868048046865024e+00	7.639003438437599769e+00	1.872263978667366491e+00	-9.493545660174406819e+00
3.509144649545451244e+00	7.698744211492848599e+00	1.837514272569234608e+00	-9.693158593438164772e+00
3.515428082003116295e+00	7.727542221875293826e+00	1.792788973250488915e+00	-9.860772077078758358e+00
3.521711031624695565e+00	7.829289229529722505e+00	1.752865863000687252e+00	-1.008620743572892664e+01
3.527991850954735664e+00	7.862826496640410667e+00	1.702991612429853863e+00	-1.029011469695040581e+01
3.534275545726699885e+00	7.933835679749658532e+00	1.656309923307643706e+00	-1.045598264475204076e+01
3.540562632020772149e+00	8.003971201657471113e+00	1.575479102480312310e+00	-1.064164036582176465e+01
3.546844410757220789e+00	8.046422503474099486e+00	1.573013174449856333e+00	-1.079818529963216456e+01
3.553131386753758836e+00	8.138001527924773271e+00	1.507229025014940715e+00	-1.101139632220957587e+01
3.559419203211965144e+00	8.177007646874878688e+00	1.476842927319763188e+00	-1.119201274469464202e+01
3.565697971577579839e+00	8.269030423329823520e+00	1.439029325061209175e+00	-1.140028201425292309e+01
3.571979559134798254e+00	8.344654509549309651e+00	1.391025564101174394e+00	-1.156853648732913342e+01
3.578265774595833726e+00	8.393521913504544685e+00	1.364123714584452030e+00	-1.177331952304466434e+01
3.584548309769353125e+00	8.498259324146740568e+00	1.281331071385809484e+00	-1.188546611284204424e+01
3.590826843920031486e+00	8.527310426760397633e+00	1.244902546186602343e+00	-1.205525743313229192e+01
3.597107306745233934e+00	8.621977337217247239e+00	1.189842103739229051e+00	-1.220987988600719376e+01
3.603392831792229245e+00	8.698957638257191149e+00	1.132284503712875035e+00	-1.237286627969985453e+01
3.609673209822572559e+00	8.762336337032619937e+00	1.091354233848024435e+00	-1.253060691781557523e+01
3.615955412133016189e+00	8.876319760043770657e+00	9.948895773076694704e-01	-1.266052596636234640e+01
3.622241607772384686e+00	8.917107239849711320e+00	1.010762169594685789e+00	-1.292182197819916922e+01
3.628520252736676444e+00	9.060563052050367716e+00	8.982425155153750396e-01	-1.304589259954242308e+01
3.634804827569451113e+00	9.107358510233485305e+00	8.588256973574069919e-01	-1.321362117995800567e+01
3.641094981788862928e+00	9.195160652916895216e+00	8.345858894761187807e-01	-1.332496067811335294e+01
3.647383514928639325e+00	9.297319871842962158e+00	7.597964991722997441e-01	-1.353733250486834550e+01
3.653663283927725658e+00	9.342385221178012955e+00	7.198594460671233763e-01	-1.361160008219457396e+01
3.659943504072155296e+00	9.483129299619916353e+00	5.935372377747121231e-01	-1.375537702909644544e+01
3.666232000281138603e+00	9.525439599550495018e+00	5.882474808048090420e-01	-1.394117913192055092e+01
3.672514211678317597e+00	9.639109338730168730e+00	4.638513174409695794e-01	-1.401771131129428660e+01
3.678794154686042539e+00	9.731559885201313875e+00	4.727494444433331666e-01	-1.422517538542025051e+01
3.685078621861909820e+00	9.834733375689740598e+00	3.967391639932775771e-01	-1.437695091679321635e+01
3.691359210097977961e+00	9.938038627085679977e+00	3.163007082942492221e-01	-1.450844123148534948e+01
3.697642368173791105e+00	9.992270167596393193e+00	2.836057710646963659e-01	-1.468018402071146866e+01
3.703925796735277665e+00	1.015692079980340523e+01	1.623112305015492474e-01	-1.476058296385723878e+01
3.710208240364660348e+00	1.018815540081947013e+01	1.510097761319209031e-01	-1.494488785555411425e+01
3.716494593122387169e+00	1.030258902644739649e+01	6.539990865556219446e-02	-1.507872990955275228e+01
3.722775386659595398e+00	1.041194715821450245e+01	-3.735691827040511087e-02	-1.514903167856658683e+01
3.729058392883481510e+00	1.051689160008614898e+01	-8.601069460695871804e-02	-1.530364595694473273e+01
3.735339748210807720e+00	1.061044977301870595e+01	-2.157845946702578732e-01	-1.528561244472158975e+01
3.741620776392969638e+00	1.071141691284848285e+01	-2.244527899138324678e-01	-1.558758221086061546e+01
3.747904795418762980e+00	1.083439941090032832e+01	-3.560450985539663216e-01	-1.563386668455081185e+01
3.754190633281219380e+00	1.091485818722002143e+01	-3.769195569979460481e-01	-1.584216096554706965e+01
3.760478208018912749e+00	1.102028016798493226e+01	-4.859883914523568382e-01	-1.591810877208703801e+01
3.766755538573464346e+00	1.117386091907744472e+01	-6.059446798203046436e-01	-1.604226778379085161e+01
3.773032090135151506e+00	1.120857131888869951e+01	-5.960872994214508891e-01	-1.618812226161038481e+01
3.779322553012896879e+00	1.139181075410983368e+01	-7.907539005858150727e-01	-1.620728315613597204e+01
3.785609109731308930e+00	1.142468226191640390e+01	-7.401668546658748404e-01	-1.646977799130154096e+01
3.791889825936295200e+00	1.156990613707484528e+01	-8.912826935741973156e-01	-1.648992188874508713e+01
3.798174822702435893e+00	1.168844335496841857e+01	-9.927993973401192385e-01	-1.658973411816356247e+01
3.804458658753491651e+00	1.174270585385127852e+01	-9.584683971382518264e-01	-1.692356720048504570e+01
3.810738438095723435e+00	1.196320043375306597e+01	-1.222120320318092146e+00	-1.674985531572104946e+01
3.817018850285747167e+00	1.201576384066267877e+01	-1.187053375770441344e+00	-1.707992391538378030e+01
3.823305314209427763e+00	1.211413281980653700e+01	-1.283300381394254064e+00	-1.715713178891700963e+01
3.829591295197792178e+00	1.226503748210462241e+01	-1.474360747962578655e+00	-1.710529653035353448e+01
3.835872296070849341e+00	1.234198135972426869e+01	-1.509891958865853478e+00	-1.726917981392205803e+01
3.842156279590906109e+00	1.256034631260065026e+01	-1.737995651018610310e+00	-1.721469425230709760e+01
3.848441511099312429e+00	1.258583527387147960e+01	-1.691466713591440962e+00	-1.749619074046309208e+01
3.854723334376886079e+00	1.276668181364254373e+01	-1.844433540710259667e+00	-1.756918147153238507e+01
3.861004740704794713e+00	1.284867859197916573e+01	-1.936491724655743596e+00	-1.763095985448812186e+01
3.867284336650660848e+00	1.295097042562878542e+01	-1.977920336575209603e+00	-1.780327323459421152e+01
3.873567367678779849e+00	1.310686462001594599e+01	-2.160209138303563758e+00	-1.778860972166352639e+01
3.879850662830422792e+00	1.316330518800492655e+01	-2.223576045265388323e+00	-1.788736499043286088e+01
3.886137063198143338e+00	1.337209080250442739e+01	-2.467929971173109749e+00	-1.787050347249978799e+01
3.892419463049126005e+00	1.343246068999489928e+01	-2.367631384495566316e+00	-1.820663091687513813e+01
3.898703740328622658e+00	1.357288382813366923e+01	-2.586244265916084029e+00	-1.814242349701646262e+01
3.904991458788179326e+00	1.370389156074461567e+01	-2.681653728307722417e+00	-1.824439332378277356e+01
3.911270842222104083e+00	1.380341170651939287e+01	-2.811897544707675944e+00	-1.835258914498811933e+01
3.917549806479573071e+00	1.398450783416925880e+01	-2.941542838232761969e+00	-1.836251828164905575e+01
3.923836006203090587e+00	1.404638705931225751e+01	-2.979157877149423150e+00	-1.852723828514083948e+01
3.930121452497870926e+00	1.424694568941478501e+01	-3.218740759159460119e+00	-1.855723584092896772e+01
3.936398172858230460e+00	1.430918528199943651e+01	-3.274672516054816462e+00	-1.864600971657786843e+01
3.942683040425962293e+00	1.441315295970223254e+01	-3.352657529261585445e+00	-1.866552152387832919e+01
3.948974759704379611e+00	1.461804080892893332e+01	-3.620491754275957597e+00	-1.863452477166508814e+01
3.955259227995065352e+00	1.467907918377099818e+01	-3.638223724571618245e+00	-1.880704301625643637e+01
3.961537174921395454e+00	1.489321804178485387e+01	-3.907304797009977015e+00	-1.873961020549329248e+01
3.967820217617139544e+00	1.497472090059894079e+01	-4.000026840288462004e+00	-1.881626318847188628e+01
3.974105559832568968e+00	1.508995050095853330e+01	-4.017535614777393072e+00	-1.905732091327010735e+01
3.980384727931198352e+00	1.527948089365409601e+01	-4.255982035728578694e+00	-1.898062533176651812e+01
3.986664590839849698e+00	1.534492025104693802e+01	-4.243209821601953813e+00	-1.924275652160482508e+01
3.992949619150675034e+00	1.561778501317723666e+01	-4.586520868840020526e+00	-1.912457147664302681e+01
3.999235075769965952e+00	1.564573223180402906e+01	-4.546023608717486120e+00	-1.935493539066344226e+01
4.005515715515433506e+00	1.581119663420740373e+01	-4.790995195506865478e+00	-1.926123502664229648e+01
4.011798434346478537e+00	1.595716660813285515e+01	-4.993629752929331644e+00	-1.923862935866282697e+01
4.018083716245132386e+00	1.601925357214578582e+01	-4.966563587690622228e+00	-1.949197748069926206e+01
4.024365700052603856e+00	1.625004298835221661e+01	-5.280520255674958641e+00	-1.935658250205597852e+01
4.030643960839860540e+00	1.626971702851360746e+01	-5.193741785065517647e+00	-1.967388098696990184e+01
4.036928708926215137e+00	1.655014316680164299e+01	-5.435583515886135864e+00	-1.973210532716730725e+01
4.043218157412017177e+00	1.662175936440609547e+01	-5.723208858583210379e+00	-1.945225642074905892e+01
4.049503019487663558e+00	1.672491188746025514e+01	-5.724314872043660074e+00	-1.973224847589537845e+01
4.055781898960511000e+00	1.695370404363002237e+01	-5.927157278466031798e+00	-1.982936804689626697e+01
4.062060795621602161e+00	1.695323022327289664e+01	-5.901622131989559428e+00	-2.006510072600000072e+01
4.068347865354716042e+00	1.727721864330084500e+01	-6.350495221802199275e+00	-1.970921034512015169e+01
4.074631027173265529e+00	1.729718939841714942e+01	-6.354577530575299171e+00	-1.991364401160188891e+01
4.080910837526078971e+00	1.746736933285790272e+01	-6.474463562733096644e+00	-2.007466672057749335e+01
4.087201203341442657e+00	1.754795227658719270e+01	-6.630951338549500029e+00	-2.003462145090258772e+01
4.093486818591942189e+00	1.763879203717573318e+01	-6.658900287515638894e+00	-2.028270223941396821e+01
4.099764387336505500e+00	1.795232808126903024e+01	-7.061877899243580003e+00	-2.009179647562945448e+01
4.106049166937662420e+00	1.798162746495770392e+01	-6.985751607715275036e+00	-2.050572283461427503e+01
4.112334559041358695e+00	1.822445711250522393e+01	-7.294656255082583307e+00	-2.033647300191167773e+01
4.118618926059533614e+00	1.835583576490827795e+01	-7.346175618981031441e+00	-2.063198860192333228e+01
4.124898942031112625e+00	1.843162530661057374e+01	-7.456967337173789012e+00	-2.071206645019098502e+01
4.131175432561665417e+00	1.867143015753715218e+01	-7.820559292575105736e+00	-2.051119003765480997e+01
4.137461563786142271e+00	1.860295840744169737e+01	-7.678624512856419670e+00	-2.086970277894533154e+01
4.143746006210170307e+00	1.893960487940544013e+01	-8.031013749884937880e+00	-2.079010318660043666e+01
4.150029800482964326e+00	1.901133779028025472e+01	-8.183367362609432760e+00	-2.084052951753775318e+01
4.156313390684649001e+00	1.919179039489574734e+01	-8.375085160564688991e+00	-2.087606654528329031e+01
4.162596105843763716e+00	1.931617260569361605e+01	-8.461429237627177358e+00	-2.109059485245893484e+01
4.168881843141768684e+00	1.929895124988927080e+01	-8.285913816693060596e+00	-2.155905519751708610e+01
4.175162111073220217e+00	1.967757024814476807e+01	-8.811630677131793377e+00	-2.122075817817907861e+01
4.181448573417560155e+00	1.971700690136441381e+01	-8.928789694413328704e+00	-2.128365108509931858e+01
4.187738782464171194e+00	1.988026790351484507e+01	-8.964340932492488534e+00	-2.157667988647748558e+01
4.194017437180169061e+00	2.007495125606969921e+01	-9.265578131895024327e+00	-2.150570663590670506e+01
4.200293572701767175e+00	2.006747775316654270e+01	-9.081290506401186846e+00	-2.207609650289760239e+01
4.206580195481546269e+00	2.033216791463075879e+01	-9.447083267339769108e+00	-2.191743564818123957e+01
4.212860644652220543e+00	2.035043234557650393e+01	-9.456817265813592499e+00	-2.213335207540370320e+01
4.219138153430114002e+00	2.064281119850151214e+01	-9.766077765599748162e+00	-2.214338547169382210e+01
4.225426162098283811e+00	2.059547380432724850e+01	-9.636855216315547423e+00	-2.254661112750207508e+01
4.231713506719782636e+00	2.078284640226678093e+01	-9.804823606100780964e+00	-2.265867420846414504e+01
4.237990056577191744e+00	2.092245911406832803e+01	-9.936054322597442479e+00	-2.279621572564298404e+01
4.244267783646744618e+00	2.093665221919232167e+01	-9.887682465214460592e+00	-2.317557452960843989e+01
4.250560660182562955e+00	2.136941822857880524e+01	-1.051561249868197478e+01	-2.280164632856258677e+01
4.256847734842668096e+00	2.120633502936432180e+01	-1.001804411451666965e+01	-2.377029346997981918e+01
4.263127100734456221e+00	2.152029804917822986e+01	-1.055242017115768149e+01	-2.340820929580647558e+01
4.269406860432507500e+00	2.161644202187972041e+01	-1.047454656391342098e+01	-2.393522827818173937e+01
4.275691671482192646e+00	2.158098194991160668e+01	-1.044176058741913771e+01	-2.417803883553240496e+01
4.281972414189518794e+00	2.193922397100316957e+01	-1.090613993418693006e+01	-2.402331014676482113e+01
4.288253516806755705e+00	2.183160426130546483e+01	-1.055489587691065267e+01	-2.475844697112896498e+01
4.294540520160492925e+00	2.206690374076806549e+01	-1.087539361330684962e+01	-2.469947745146791362e+01
4.300825742921731809e+00	2.214228808795472858e+01	-1.098511854576582536e+01	-2.489673055362301213e+01
4.307109835491901961e+00	2.223591058317242286e+01	-1.094407734407095489e+01	-2.536628850820987324e+01
4.313390926478413157e+00	2.249736782571174487e+01	-1.124734128395568256e+01	-2.537167772387749309e+01
4.319667979480563247e+00	2.221375030114924343e+01	-1.064554485788777605e+01	-2.646877179478379105e+01
4.325952598143786076e+00	2.274495430214432545e+01	-1.142283823698383927e+01	-2.586043534218695328e+01
4.332241647035422361e+00	2.257564698546246262e+01	-1.101424134623072959e+01	-2.673182870394837707e+01
4.338524445619096781e+00	2.272101878629471017e+01	-1.121817455599071245e+01	-2.679640819520098916e+01
4.344809348131129845e+00	2.286907192517807630e+01	-1.123616469800725426e+01	-2.725544164364549360e+01
4.351090699193166600e+00	2.275430309373595605e+01	-1.100796874105486012e+01	-2.787309213592647339e+01
4.357369710808320029e+00	2.313009039469943318e+01	-1.135765511875506029e+01	-2.792437828424997903e+01
4.363659348967174445e+00	2.295739976087334000e+01	-1.105420579542990289e+01	-2.863247150725340973e+01
4.369947418280990981e+00	2.324110969680485539e+01	-1.132718843055454450e+01	-2.873471775307217868e+01
4.376226569265827315e+00	2.328240152485422243e+01	-1.110701737726566307e+01	-2.955183202012640820e+01
4.382499356631129217e+00	2.314584586404208721e+01	-1.095658665981641278e+01	-2.994170351332247293e+01
4.388784975178015024e+00	2.349942901350201652e+01	-1.122900609823122409e+01	-3.020103586742422053e+01
4.395068696309480494e+00	2.322135312505958282e+01	-1.076312838547072204e+01	-3.115428949302905792e+01
4.401347962382031298e+00	2.353630576189794965e+01	-1.122881372522786769e+01	-3.082709081769319326e+01
4.407628405096517099e+00	2.344258944422760038e+01	-1.095588265110416337e+01	-3.165527702683163369e+01
4.413915862185140426e+00	2.334494318701018756e+01	-1.055549420346371647e+01	-3.267012893880492896e+01
4.420203163534264235e+00	2.359071151035685787e+01	-1.079179134868858903e+01	-3.281746025453163895e+01
4.426480311003382795e+00	2.314240706967426320e+01	-9.972204981735306006e+00	-3.421838194990019844e+01
4.432765973643649104e+00	2.388834538712568190e+01	-1.086794293268861722e+01	-3.380441591976924087e+01
4.439053392023870614e+00	2.330521701668252987e+01	-9.948029986003504632e+00	-3.525114575116117521e+01
4.445336141335588742e+00	2.365499748621519771e+01	-1.045621366713820066e+01	-3.503351984292461907e+01
4.451617241414883352e+00	2.339488531686987471e+01	-9.699662472793134427e+00	-3.657073821407873027e+01
4.457901500730311106e+00	2.316158708968698576e+01	-9.218943570689756228e+00	-3.753878215452515121e+01
4.464189501093017043e+00	2.349379324081072795e+01	-9.689411565831372641e+00	-3.746787307584341420e+01
4.470470197548729985e+00	2.305730885350926584e+01	-8.688823690207515327e+00	-3.931477496333554456e+01
4.476748044268524573e+00	2.336463366956220611e+01	-9.105115264718259382e+00	-3.918136796989671211e+01
4.483035990164653484e+00	2.290436897409587402e+01	-8.277508267190802016e+00	-4.074024648406275162e+01
4.489323331650528104e+00	2.299136579166721361e+01	-8.255780441201583386e+00	-4.126637656289453560e+01
4.495599111667934800e+00	2.279600464148955297e+01	-7.768973545405879477e+00	-4.238520063364204304e+01
4.501870922878794090e+00	2.236906874066543338e+01	-6.927044279866165333e+00	-4.388402550186707884e+01
4.508155162877705457e+00	2.282457875383351009e+01	-7.672748537427962034e+00	-4.354136696930559225e+01
4.514446451153479423e+00	2.210397694984023076e+01	-6.370261847935435817e+00	-4.558338677263228078e+01
4.520723894043856994e+00	2.219852328780612893e+01	-6.265740401599726006e+00	-4.632138058058145447e+01
4.527003782460155890e+00	2.172109241783557465e+01	-5.434687145239782247e+00	-4.784109760805072398e+01
4.533293086610313161e+00	2.151727479235692186e+01	-5.072317943910177540e+00	-4.869789960500858683e+01
4.539578989864040182e+00	2.130250020463872929e+01	-4.405656798605673607e+00	-5.031221936320574883e+01
4.545857164866476730e+00	2.083286503791092414e+01	-3.705591462164633754e+00	-5.142373833695973673e+01
4.552138955546025656e+00	2.065384865779184409e+01	-3.223364308460363148e+00	-5.286863536248318240e+01
4.558432046889146605e+00	2.045225042494325507e+01	-2.919376243954539429e+00	-5.369052125349466564e+01
4.564713463378488711e+00	2.044478178091437215e+01	-2.661696662747049302e+00	-5.467634665057647680e+01
4.570987274133244682e+00	2.038513823549378046e+01	-2.542285975435878864e+00	-5.535102630089507159e+01
4.577274818151045643e+00	2.043286684214074711e+01	-2.418340758453977557e+00	-5.611965155731138566e+01
4.583563263889338657e+00	2.043895681569237155e+01	-2.283680713858732503e+00	-5.682852692857913013e+01
4.589844917004465508e+00	2.052235707419173139e+01	-2.271722089572511649e+00	-5.747295548462594894e+01
4.596126259982004747e+00	2.052716910440941689e+01	-2.239658357783966824e+00	-5.801939961950795066e+01
4.602409075598298926e+00	2.075836484479818367e+01	-2.278291266820057448e+00	-5.895877837102361241e+01
4.608696634867644804e+00	2.088517952502422759e+01	-2.257330445478289427e+00	-5.959989920455330292e+01
4.614977646498861219e+00	2.107129616593282861e+01	-2.263149914314471545e+00	-6.053515072586818491e+01
4.621258953029527383e+00	2.117138445229481292e+01	-2.253451936516178034e+00	-6.110892472638633421e+01
4.627547993978874175e+00	2.131881448434528892e+01	-2.301632026391334129e+00	-6.176196169560946458e+01
4.633830152730579854e+00	2.148332487204960728e+01	-2.315164703249128486e+00	-6.252078957679628246e+01
4.640104005367354567e+00	2.167430562787121673e+01	-2.305210174124645128e+00	-6.329334212261110792e+01
4.646382060386754276e+00	2.184958115587448191e+01	-2.307782586662366686e+00	-6.419753376515336640e+01
4.652674213731970987e+00	2.201507118037156019e+01	-2.367009327859832535e+00	-6.482124683943045795e+01
4.658958291796220230e+00	2.219417671416591276e+01	-2.328534961044657958e+00	-6.555975667936417040e+01
4.665233615070169648e+00	2.241953914233728185e+01	-2.409266689259870198e+00	-6.638639732372118374e+01
4.671520675710307380e+00	2.264923309932626339e+01	-2.400118917661115514e+00	-6.736328437801350333e+01
4.677814351732177300e+00	2.289454274889256880e+01	-2.465345278008116203e+00	-6.819922250287402221e+01
4.684093699744638073e+00	2.303206805265091006e+01	-2.426602948813108451e+00	-6.885079819956311553e+01
4.690368661472568590e+00	2.329071029579085206e+01	-2.546358094013686735e+00	-6.965346426924170942e+01
4.696663270746453733e+00	2.350258171478082758e+01	-2.505938561690287614e+00	-7.060752558903334375e+01
4.702945459248681459e+00	2.375221703766705517e+01	-2.495780759828651885e+00	-7.157407315211024468e+01
4.709209170841929470e+00	2.391578716165014384e+01	-2.605295016433629041e+00	-7.207924981911490647e+01
4.715491634753063543e+00	2.420682662054328205e+01	-2.634978644285136173e+00	-7.319214517373653450e+01
4.721784316284933780e+00	2.443805955696182863e+01	-2.606423870790054220e+00	-7.409896918893873874e+01
4.728063062331094635e+00	2.471855610309158635e+01	-2.608404417435234546e+00	-7.516238507106827171e+01
4.734337423381671073e+00	2.502150385547676947e+01	-2.684636571601167088e+00	-7.616058026466419051e+01
4.740627024094544062e+00	2.524354378631000628e+01	-2.712077233270871801e+00	-7.703473088286688153e+01
4.746914995664547554e+00	2.548874061658690948e+01	-2.711901906107653915e+00	-7.793848104464440496e+01
4.753194740071086777e+00	2.576622444155821512e+01	-2.754718871860164509e+00	-7.890449524543275572e+01
4.759478891864783456e+00	2.602677288549485013e+01	-2.674041475002968848e+00	-8.002512959670022497e+01
4.765762396877359031e+00	2.639791709883286686e+01	-2.661578522579142181e+00	-8.141016649505509406e+01
4.772049481246195768e+00	2.645986751178022445e+01	-2.740363983080629673e+00	-8.164707598935818567e+01
4.778335091022592351e+00	2.672314169943187423e+01	-2.755232925658065213e+00	-8.259362144357132252e+01
4.784610831402393849e+00	2.717827218683037671e+01	-2.705683497188830611e+00	-8.429456128017663730e+01
4.790907306208476157e+00	2.729104130503793968e+01	-2.721280781299456830e+00	-8.480212200402093004e+01
4.797204047706418173e+00	2.773388103232723978e+01	-2.791515440617224897e+00	-8.625265105287645895e+01
4.803470827697504220e+00	2.779693630993493869e+01	-2.706123686176318710e+00	-8.673133974150188408e+01
4.809748850577324042e+00	2.815464738953915003e+01	-2.749041608062968933e+00	-8.798727450501409919e+01
4.816045316586602176e+00	2.849129351131627530e+01	-2.750765056389990360e+00	-8.925057792196605533e+01
4.822329240673497885e+00	2.865288513707382023e+01	-2.839286736743173112e+00	-8.973896047549004606e+01
4.828596758226470165e+00	2.909102149101030932e+01	-2.855865773469902003e+00	-9.127735233263355497e+01
4.834890332961369275e+00	2.923615972808998364e+01	-2.816313033410221323e+00	-9.197217940907771094e+01
4.841191655056394261e+00	2.950149757518333971e+01	-2.793613888072820295e+00	-9.302637648949551874e+01
4.847460407468000554e+00	2.979780215621518735e+01	-2.771384073216253352e+00	-9.413013680574492525e+01
4.853732128521334843e+00	3.018017104292605524e+01	-2.751367795590411003e+00	-9.554847298104688491e+01
4.860029138783373170e+00	3.049525039814351146e+01	-2.681075383336888773e+00	-9.685836167666599295e+01
4.866314601732018019e+00	3.087822879911336926e+01	-2.777418375134685924e+00	-9.812268390484484826e+01
4.872587026269203925e+00	3.105147637592460796e+01	-2.695168096472322805e+00	-9.889607659123235806e+01
4.878874221748241702e+00	3.152309711616559085e+01	-2.842688220822652490e+00	-1.004296587253628843e+02
4.885171078138658807e+00	3.173559364938748217e+01	-2.743924932178873011e+00	-1.014152996780695020e+02
4.891450629931857641e+00	3.198808905328761654e+01	-2.724209902593314858e+00	-1.023590624620401712e+02
4.897716482750221978e+00	3.225732205550329468e+01	-2.710288523222924351e+00	-1.033747435884915831e+02
4.904002834596266069e+00	3.262930119320121491e+01	-2.642719496338263419e+00	-1.049432249933904586e+02
4.910295858205786068e+00	3.301144010915244564e+01	-2.598284399573425496e+00	-1.063468910082482495e+02
4.916575188115905881e+00	3.339322820755234034e+01	-2.696079370296690758e+00	-1.075874546818293851e+02
4.922847946197084212e+00	3.371087655491015767e+01	-2.677481119559203204e+00	-1.088555621703418552e+02
4.929131667457151700e+00	3.395463840849127735e+01	-2.582949196663178348e+00	-1.099031666854367870e+02
4.935434460144239033e+00	3.429397833496412318e+01	-2.660994000234509826e+00	-1.110393736426490676e+02
4.941718513303545279e+00	3.476382627317367735e+01	-2.557218591363305649e+00	-1.128669930261311265e+02
4.947978624761803168e+00	3.498131882349034072e+01	-2.490173181769236965e+00	-1.138779638311301170e+02
4.954274999209829389e+00	3.527014199518310278e+01	-2.529613766740441694e+00	-1.148831417661741767e+02
4.960571094729937514e+00	3.547322790794112990e+01	-2.527633492364353973e+00	-1.156657873740892484e+02
4.966823207626954506e+00	3.580431779729133979e+01	-2.392768300951866323e+00	-1.171413489036109041e+02
4.973097418390337587e+00	3.624669364981347286e+01	-2.431655027326621088e+00	-1.186692640847145697e+02
4.979415129936382023e+00	3.657856836557729707e+01	-2.404560803892938470e+00	-1.199469436436122010e+02
4.985702082330368157e+00	3.674676637025486770e+01	-2.350515817571553701e+00	-1.207107258795491447e+02
4.991949985828016523e+00	3.729506629337813450e+01	-2.485136905322153478e+00	-1.225162978024163323e+02
4.998241586316924057e+00	3.774913599352174742e+01	-2.316633473692650380e+00	-1.243997707500971899e+02
5.004556635606089543e+00	3.779224221493268487e+01	-2.367145810423555208e+00	-1.245833575704464806e+02
5.010828655701208945e+00	3.818224772154868418e+01	-2.186853259747242095e+00	-1.262689116401964213e+02
5.017077229702536556e+00	3.858873596963618979e+01	-2.183795263277973575e+00	-1.277333318580248260e+02
5.023374414758113637e+00	3.909683941143261166e+01	-2.189258844860389797e+00	-1.296095148968817341e+02
5.029688873569548413e+00	3.911023041629765373e+01	-2.039078288067632805e+00	-1.299516699447756025e+02
5.035958413584124216e+00	3.954551527073613926e+01	-2.159635946755050107e+00	-1.313670562946982727e+02
5.042232667658486989e+00	4.009620952560778306e+01	-2.168903622782557328e+00	-1.333878475064315126e+02
5.048528755870775875e+00	4.040896888298185985e+01	-2.065663693092659958e+00	-1.346897339431652654e+02
5.054821121427484520e+00	4.087377635756003258e+01	-1.980172859134731178e+00	-1.364942150106834333e+02
5.061069509814582368e+00	4.105759459315022752e+01	-2.011100230391347221e+00	-1.371863487695447930e+02
5.067347812754101177e+00	4.153865607667732718e+01	-1.964905208232277767e+00	-1.389928167807859154e+02
5.073675050630431116e+00	4.164684476207923325e+01	-1.796564775958348070e+00	-1.397175064805639408e+02
5.079945928388977627e+00	4.195915877727859566e+01	-1.819537246599693070e+00	-1.408413968507109360e+02
5.086192992546071601e+00	4.248403040433773015e+01	-1.857128953259492787e+00	-1.426162471583274112e+02
5.092484128970163226e+00	4.285383109010216884e+01	-1.756927300357097765e+00	-1.442426716020378592e+02
5.098802924706086870e+00	4.325500048973130873e+01	-1.731997182447909900e+00	-1.457152040645162003e+02
5.105078217426394005e+00	4.374959011701918143e+01	-1.699554051338018734e+00	-1.475265867041037495e+02
5.111325076574067872e+00	4.403019966576447075e+01	-1.686554365260791721e+00	-1.486273449675640563e+02
5.117628358851224135e+00	4.424673313690740173e+01	-1.587649393036233203e+00	-1.496179140608630576e+02
5.123935939383525984e+00	4.481316893345069019e+01	-1.438668169381142725e+00	-1.518466150494467968e+02
5.130199176325612065e+00	4.550925541206799352e+01	-1.557567003649158455e+00	-1.541608338166662691e+02
5.136469985878846956e+00	4.550156246287548356e+01	-1.456899813420038159e+00	-1.543914136085256814e+02
5.142797788696348071e+00	4.581462261864335517e+01	-1.388255671392536694e+00	-1.556620023305362679e+02
5.149090378043822192e+00	4.612544329686117806e+01	-1.349641906764815102e+00	-1.568498951609253425e+02
5.155289879840074363e+00	4.685759747765175831e+01	-1.200300449865067121e+00	-1.596353870297240007e+02
5.161564521234301317e+00	4.721000643556339327e+01	-1.289141746437323377e+00	-1.609124858594650220e+02
5.167916673496016244e+00	4.774136229537389653e+01	-1.204163911773962869e+00	-1.628979122490277121e+02
5.174205974602950064e+00	4.789837583957368139e+01	-1.254562256460602487e+00	-1.634552236789898814e+02
5.180434820793812456e+00	4.856612426702994156e+01	-1.303684160991160468e+00	-1.658020537063686106e+02
5.186729096569634656e+00	4.885221548219048771e+01	-9.879432122799732818e-01	-1.673017977071226312e+02
5.193058481037780894e+00	4.925588837267257958e+01	-1.122093871031115020e+00	-1.686221707950706730e+02
5.199319511444338460e+00	5.060703439355416577e+01	-1.027266559474071306e+00	-1.734377101974694142e+02
5.205574295584361799e+00	5.031025891972836916e+01	-1.001065129824783240e+00	-1.725569896671138679e+02
5.211894977074066126e+00	5.059797485496208935e+01	-9.957776885202033190e-01	-1.736949427069484955e+02
5.218201708336958511e+00	5.148793476667238878e+01	-9.496645021142660070e-01	-1.768582666086049073e+02
5.224411911780083351e+00	5.160513988422828646e+01	-1.000460633179353298e+00	-1.772833929045327750e+02
5.230677632666463239e+00	5.265250919903099458e+01	-7.848895248679905734e-01	-1.812895807944055377e+02
5.237056729559757429e+00	5.270336475346086758e+01	-7.494135156637959927e-01	-1.815973431243945981e+02
5.243336785035660697e+00	5.326221938235319442e+01	-7.368320182256263839e-01	-1.835994453917758449e+02
5.249493476178225038e+00	5.333726161388001685e+01	-6.404522413655797664e-01	-1.839918716249638067e+02
5.255787017738318134e+00	5.404513596721635338e+01	-6.424493109728417473e-01	-1.866505666459476345e+02
5.262205327426889845e+00	5.507552522148831287e+01	-7.756227814563050327e-01	-1.900846880230354827e+02
5.268477758348532269e+00	5.480641315952534853e+01	-6.142363298232431656e-01	-1.894198453780494731e+02
5.274632213654732560e+00	5.620954894200835383e+01	-7.151165080990753431e-01	-1.942366514169174820e+02
5.280950543314659740e+00	5.625442913865824579e+01	-5.630821292130133715e-01	-1.946896302625682438e+02
5.287327645024750389e+00	5.695612674418246257e+01	-5.025059272718754855e-01	-1.972649707693000209e+02
5.293582359180156516e+00	5.776435900891706865e+01	-4.640065459269858139e-01	-2.001273802023995643e+02
5.299789992649893478e+00	5.808652052944795230e+01	-5.459251183941649099e-01	-2.012763263133457201e+02
5.306111460381987222e+00	5.886438443094048267e+01	-5.341581053507429289e-01	-2.040824034755334253e+02
5.312452717892129250e+00	5.989016866183652610e+01	-4.504139734262724293e-01	-2.077811653836209587e+02
5.318650122853046724e+00	6.031048018312058190e+01	-3.876632149719961840e-01	-2.093341337558486828e+02
5.324923043129819789e+00	6.046838018042306118e+01	-4.097126603915023924e-01	-2.100231778401226848e+02
5.331330237158205421e+00	6.086472549088717443e+01	-3.810185543562378263e-01	-2.114758034491916021e+02
5.337586726886338617e+00	6.256164405682637408e+01	-2.419580892646966963e-01	-2.175663692545749086e+02
5.343685192440848830e+00	6.257067377707366518e+01	-3.910182385805386351e-01	-2.174785904559953167e+02
5.350070659715249199e+00	6.350057879243342995e+01	-2.904880030894586573e-01	-2.209781887180936621e+02
5.356556762554878226e+00	6.396757035227195587e+01	-1.763404716641528980e-01	-2.227641705157869580e+02
5.362691868684501095e+00	6.497245628534741968e+01	-1.689631128778968649e-01	-2.262860098672928757e+02
5.368769208912516966e+00	6.476361566390562530e+01	-1.304209144078754268e-01	-2.256400133205918621e+02
5.375270137997677722e+00	6.624118895948153352e+01	-1.159982761266592916e-01	-2.309421880166481458e+02
5.381769983045385786e+00	6.646912084066124748e+01	-7.443944926508351545e-02	-2.318332136636932717e+02
5.387701030372958222e+00	6.667527684041331781e+01	-1.146493930692899649e-01	-2.324818657789550116e+02
5.393786668001271600e+00	6.867402586668887920e+01	-3.688308816422019021e-01	-2.392675878789032424e+02
5.400446161099396569e+00	6.744506478980052577e+01	-6.678943135722591184e-02	-2.353846533117409763e+02
5.406957063684501463e+00	6.857409443164112872e+01	-1.699457970563887643e-01	-2.392675000869579094e+02
5.412655672453426270e+00	6.968440631993138368e+01	-1.346172351819917012e-01	-2.431133178545341877e+02
5.418821279260546575e+00	7.034379779096157392e+01	-1.299231796309545661e-01	-2.455703297860063117e+02
5.425690594366304076e+00	7.209601179250397252e+01	-7.903166166136384174e-02	-2.518142075354469398e+02
5.432217487502165376e+00	7.309411676123630741e+01	1.669768311389637459e-03	-2.554088308357092671e+02
5.437649811577258241e+00	7.408278058669685606e+01	-1.305950661653153266e-01	-2.586557947148582457e+02
5.443914404015878006e+00	7.246994375967679503e+01	4.867382409797434833e-02	-2.533437587287471615e+02
5.450953501686320202e+00	7.481705774207875947e+01	-6.339029685919460311e-02	-2.614845782275891679e+02
5.457483690405861232e+00	7.760145037361762377e+01	-3.457647659272684165e-02	-2.712808282599778522e+02
5.462715250135157241e+00	7.498816529867687564e+01	-4.255283243563213330e-02	-2.620874171809194877e+02
5.469033575551323523e+00	7.547194529100529792e+01	4.651245323205466763e-03	-2.639164801235629625e+02
5.476177730420278778e+00	7.859303210794108452e+01	1.956140522454786201e-01	-2.750746047544357680e+02
5.482708935702562236e+00	8.378022694349687072e+01	-1.552344664387872442e-01	-2.929009082247363835e+02
5.487722405008360838e+00	7.812391433261940676e+01	-1.403418290990802730e-01	-2.730934264476150020e+02
5.494194284996126498e+00	8.323125570880598900e+01	-1.848067493992236743e-01	-2.909739035452859639e+02
5.501391471009256406e+00	8.442561006591604666e+01	-5.465234918467628579e-03	-2.953651625077058611e+02
5.507128202673079009e+00	8.051789606157380774e+01	1.690389005490793017e-01	-2.818942096062237965e+02
5.512278020050448646e+00	8.117678612436961316e+01	2.005000661787719601e-02	-2.840494868420432795e+02
5.519395563377015534e+00	9.354017868237860966e+01	8.977768119033462113e-02	-3.274073941961445939e+02
5.526598678609708770e+00	8.151351477383212796e+01	1.965610751561169128e-02	-2.852714887866313802e+02
5.532162682462509196e+00	8.237977010494576291e+01	-1.493916483406579621e-01	-2.881409759048353862e+02
5.537397124017139127e+00	8.835164517886627777e+01	-1.444875920153211590e-01	-3.090507824420756720e+02
5.544582756485218589e+00	8.619941003406957236e+01	-7.708092758864440452e-02	-3.016033749838584868e+02
5.551739327507637434e+00	7.363628986123970321e+01	-1.121101714491598567e-01	-2.576044313121319647e+02
5.557493306674907707e+00	1.134944609189668228e+02	9.319649943251617774e-02	-3.973110120533380609e+02
5.562281709102816940e+00	7.466944528873997911e+01	-2.202021152648114821e-03	-2.613381216642196136e+02
5.569272720323164449e+00	1.017236909792120514e+02	-1.117383599876792394e-01	-3.559195632969501162e+02
