8.899641224696953554e-03	5.310691481792993000e+04	3.997957008671705262e+04	-3.260112140146757520e+04
1.507912216506557788e-02	4.203422211908151075e+04	4.271931192998754705e+04	-9.261330419051637364e+03
2.144790186456836667e-02	2.888818615636467075e+04	1.737859470940491155e+04	1.408961801083282353e+03
2.783660776489276650e-02	2.297535811203816775e+04	2.026845193479616864e+04	1.189654790202748336e+04
3.435099785803411021e-02	2.120160433554772317e+04	1.748631048827478298e+04	5.192417170741197197e+02
4.047886761425745911e-02	1.683512193575956189e+04	1.013115925993699238e+04	2.628234334309442602e+03
4.676716683575679601e-02	1.810329729196063272e+04	1.572682956821894368e+04	-1.763464215246699041e+03
5.308225101765951665e-02	1.541934183318351279e+04	1.120636736970336642e+04	3.063514749287279756e+03
5.945362440940590160e-02	1.371291755685062708e+04	9.962393379291383098e+03	1.356659625002988605e+03
6.576224814588792211e-02	1.231846879538020949e+04	1.013953108185646124e+04	1.145421081110878049e+03
7.196632906698736953e-02	1.157536629968435045e+04	7.062540451986429616e+03	8.691531237496557196e+02
7.827860915688347743e-02	9.883400937042037185e+03	5.969315724867340577e+03	-1.702059941654948261e+03
8.470398945834539672e-02	8.694592495139169841e+03	6.198679084357939246e+03	1.643728131759581856e+02
9.096854620527369817e-02	7.597614300707683469e+03	3.920574590736981008e+03	1.102239518425208189e+02
9.720789776830213169e-02	6.687227208212471851e+03	4.931067781027732053e+03	8.194368578761976778e+02
1.034763038959366499e-01	5.941293052555737631e+03	3.431586912048395334e+03	6.875684173670135806e+02
1.097576444254559219e-01	5.694330050471331560e+03	3.287348339276475144e+03	-9.126704324319655370e+01
1.160543084780093354e-01	5.206898774530160154e+03	2.832272981125863680e+03	2.327544082020664291e+02
1.223669666537485351e-01	4.725291669793710753e+03	2.369232446024920137e+03	3.505101747436353321e+02
1.286817263090294094e-01	4.628252683333116693e+03	2.567012169210154752e+03	5.340355691305552455e+02
1.349500801664080818e-01	4.202156555651272356e+03	2.019232448006373488e+03	9.393298174695456737e+02
1.411949558842147678e-01	3.871927937090589694e+03	1.587656344654457371e+03	-2.124968556191186906e+02
1.475133575747468451e-01	3.463183522568980607e+03	1.633019750383157998e+03	1.064583240118189877e+02
1.537865074252268427e-01	3.224249024138307504e+03	1.133582548557760674e+03	3.921494988933332593e+01
1.600657544051110326e-01	2.900365126458777013e+03	1.212524249081297967e+03	3.442727578691240637e+02
1.663991168687080635e-01	2.818696733086262611e+03	1.291768887416967573e+03	4.936469677313351667e+02
1.727195645776442856e-01	2.620615572870500273e+03	9.826018299383819112e+02	3.777539533664104852e+02
1.789765213377084718e-01	2.408126645773866585e+03	9.006793495386126551e+02	2.911221798464892458e+02
1.852353690647852158e-01	2.317242247107903495e+03	7.500658033541421901e+02	2.344842957349725054e+02
1.914806787341157279e-01	2.158398059531743002e+03	6.866942849854501674e+02	2.207949438737512935e+02
1.977889868651535599e-01	2.069842538755640362e+03	6.075181733212095878e+02	1.880226281453289232e+02
2.040937735447724277e-01	1.931831381335877950e+03	5.335002683327002160e+02	4.126617702563755756e+02
2.103939302609846018e-01	1.820724977668959127e+03	4.353959421983011566e+02	2.218616533193219311e+02
2.166909709822301688e-01	1.684905676518269502e+03	4.137498271923834636e+02	3.405190299299787853e+02
2.229700281216152047e-01	1.580052383701747885e+03	3.347735923293674318e+02	2.348407122111769922e+02
2.292620027086341994e-01	1.481230133769050553e+03	2.858883696438703623e+02	2.076680478684042441e+02
2.355141508366812297e-01	1.432438882912697636e+03	2.131012256719412790e+02	3.007249127583102108e+02
2.417910583817859116e-01	1.359428082203082340e+03	1.488772004717675941e+02	1.544831510621948496e+02
2.480856539439619257e-01	1.264836189770794590e+03	2.143185645412069675e+02	2.732471875137065922e+02
2.543492256872954549e-01	1.214789260701684952e+03	6.815142973373599489e+01	1.911236906842877374e+02
2.606334251884805386e-01	1.162077588070067804e+03	8.548476793777453508e+01	1.699762499976043841e+02
2.669257370896960802e-01	1.113979571192031926e+03	2.953319459939139691e+01	2.866945442605718313e+02
2.732423343141155980e-01	1.059222049547334564e+03	9.012991746368383517e+00	2.591652236853779527e+02
2.795529680084415936e-01	9.995327319764239746e+02	-2.280258729808126361e+01	2.139724171183848682e+02
2.858366292314493129e-01	9.591882775418846450e+02	-6.481937683658983929e+01	2.555768050015225015e+02
2.920876271394311496e-01	9.115577447989879829e+02	-5.865245246582735916e+01	2.559463565988693290e+02
2.983449844439822751e-01	8.707541044413413829e+02	-9.185479898350079964e+01	2.214917420142972446e+02
3.046382639407197446e-01	8.309297904569709772e+02	-9.499647484562777322e+01	2.504359957645832253e+02
3.109279127003197196e-01	7.957811968632996695e+02	-1.060955486135918164e+02	2.508991523058838311e+02
3.172168171618398036e-01	7.701364758661986798e+02	-1.498253447325794809e+02	2.652261799906074202e+02
3.235187567944423082e-01	7.286169287254508617e+02	-1.214361173991068341e+02	2.303273000901791363e+02
3.298168217550395687e-01	6.971604644555733330e+02	-1.474859839699386725e+02	2.493494204201746243e+02
3.361176429457156667e-01	6.665762731368165532e+02	-1.628304931131170008e+02	2.448001442950810826e+02
3.423700375709273769e-01	6.473860281991022703e+02	-1.780728816554967864e+02	2.346419310937983767e+02
3.486478192666269682e-01	6.195906916857400120e+02	-1.532991038157882144e+02	2.495549771235023968e+02
3.549411614411318028e-01	5.911834871793699904e+02	-1.870815290157659661e+02	2.311710410926795589e+02
3.611916935421040642e-01	5.715072785737121421e+02	-1.829192026183174562e+02	2.437644772730420755e+02
3.674767089563572564e-01	5.495209809363365139e+02	-1.903320985102147347e+02	2.103402653848676778e+02
3.737647795277591056e-01	5.296577831745534013e+02	-1.821180305569531299e+02	2.272579331901860371e+02
3.800654031475132477e-01	5.093118071733270540e+02	-2.035174513263757490e+02	2.241770414041446315e+02
3.863539861259823738e-01	4.926444186028440981e+02	-2.071596752218302129e+02	2.260680284132585314e+02
3.926140181364449755e-01	4.717052678284305784e+02	-1.937180150095562396e+02	2.166609112126726870e+02
3.989264500321934581e-01	4.579876990802999330e+02	-2.045114504548717491e+02	2.256222997387597502e+02
4.052073244576828714e-01	4.364428169116566210e+02	-1.992446707557887464e+02	2.037031821513390639e+02
4.114916477570477182e-01	4.222960877124368153e+02	-2.128477727289020720e+02	2.131163535715255648e+02
4.177814272116491257e-01	4.116201288862821457e+02	-2.099822573075499861e+02	2.201907029661541060e+02
4.240400648725131116e-01	3.975306914455690617e+02	-2.106360500442075363e+02	2.073475739069407666e+02
4.303425690270192283e-01	3.864276260938166274e+02	-2.093507817922910021e+02	2.265939651486655748e+02
4.366358560255625965e-01	3.732224521473009986e+02	-2.190894421985499889e+02	2.238381417767781159e+02
4.428996183220763605e-01	3.618132015501383876e+02	-2.162365182180604677e+02	2.127850518981858841e+02
4.491634418529859563e-01	3.519111177898945471e+02	-2.178935144348172059e+02	2.018727468719190483e+02
4.554414146254732731e-01	3.377881680786740048e+02	-2.088335435954710988e+02	2.083481875358785089e+02
4.617634470301058558e-01	3.290090621018956654e+02	-2.202046885157445502e+02	2.257961281972983727e+02
4.680644242023710433e-01	3.208086809945331765e+02	-2.230172204229870943e+02	2.074692259566679411e+02
4.743485242764365895e-01	3.114180204239111731e+02	-2.130738147887772698e+02	2.087087594043745185e+02
4.806356136815400082e-01	3.011548039429420669e+02	-2.163927561804350717e+02	2.085481323397126516e+02
4.869019258388697646e-01	2.885288615928830609e+02	-2.062039137103131452e+02	1.963029435600882096e+02
4.931697099599955947e-01	2.839262114289064698e+02	-2.147302515714073934e+02	2.036652479468324941e+02
4.994506747144535908e-01	2.757809959278168890e+02	-2.117874522943246518e+02	1.982573154162249409e+02
5.057159051335421429e-01	2.678806969943937020e+02	-2.097285760016163465e+02	2.010698327081880734e+02
5.119923996268095356e-01	2.617631958222734170e+02	-2.089632591200210072e+02	2.030072037058943977e+02
5.183126097768406826e-01	2.535910501045557055e+02	-2.077996830792891956e+02	1.971302782886636464e+02
5.246089638029100000e-01	2.463189570736057021e+02	-2.092960746250018929e+02	2.032843738891201610e+02
5.308757308483337267e-01	2.397523453851204067e+02	-2.040614634497268867e+02	1.902619098335382546e+02
5.371573527946726934e-01	2.349662909603514152e+02	-2.085459409102280404e+02	1.956678435697107261e+02
5.434579563783791256e-01	2.266031117770783396e+02	-2.021821306109411580e+02	1.936062364314489628e+02
5.497430652392217842e-01	2.234023346848629785e+02	-2.010645900489640212e+02	1.898174113912842813e+02
5.559937427501778773e-01	2.167536225697466818e+02	-2.000506223557603107e+02	1.885329098125619964e+02
5.622854676609657654e-01	2.128607120946970497e+02	-1.994793222599736566e+02	1.885010642236100864e+02
5.686011537227265711e-01	2.061205305382616189e+02	-1.947345884671204317e+02	1.847014322548754137e+02
5.748804589422079614e-01	2.009655886535700233e+02	-1.951594263847271407e+02	1.813551823388155810e+02
5.811550210340560296e-01	1.959700597608317025e+02	-1.905490707735367835e+02	1.833513352754994230e+02
5.874394496660968468e-01	1.908492217729739195e+02	-1.889670564574140315e+02	1.791574390865588668e+02
5.937176220296899176e-01	1.860483189140087745e+02	-1.864603029764897144e+02	1.778750308473987047e+02
5.999971954793682505e-01	1.822623483862167859e+02	-1.861273473735213031e+02	1.775071691473366400e+02
6.062679115124277596e-01	1.769491492336934471e+02	-1.823450936206901076e+02	1.720675159855450715e+02
6.125469576444534381e-01	1.738610527241380623e+02	-1.813793407521850440e+02	1.723729714865176845e+02
6.188477733041515272e-01	1.690243767317524828e+02	-1.766759662754776059e+02	1.682650774141087595e+02
6.251310567437898813e-01	1.661733588079459878e+02	-1.782779459902565407e+02	1.723242318397365693e+02
6.314027450383210560e-01	1.621328686638917418e+02	-1.756741847559981977e+02	1.656137426682056173e+02
6.377003562732055375e-01	1.596726070445601238e+02	-1.752487402520999069e+02	1.655194636840041653e+02
6.439857783314556494e-01	1.567130175801645180e+02	-1.748623568715749172e+02	1.697018765255002393e+02
6.502685417166111925e-01	1.517591187616984882e+02	-1.687490900709408379e+02	1.618103795620512528e+02
6.565586117699038216e-01	1.485044265437825288e+02	-1.674790792460024420e+02	1.621168887133990211e+02
6.628369282359254377e-01	1.459802919201229940e+02	-1.673736816461811543e+02	1.603461629009748037e+02
6.691185444962194362e-01	1.427120950955128933e+02	-1.644260185131996366e+02	1.569900926662868983e+02
6.754070198575605755e-01	1.401299077926048255e+02	-1.631030696931040325e+02	1.584329379258166171e+02
6.816835514593204692e-01	1.375583633593320201e+02	-1.609295942370506225e+02	1.557528534980069423e+02
6.879592533861698112e-01	1.348354482556038647e+02	-1.615870474790297351e+02	1.555299852747515672e+02
6.942344317039531587e-01	1.318411221862896525e+02	-1.569523547570373125e+02	1.519614889275527787e+02
7.005175402434737908e-01	1.298821805114359620e+02	-1.584348387267618534e+02	1.533284566715124413e+02
7.068124956608716758e-01	1.265349707698096324e+02	-1.539445112076175519e+02	1.510745331240100597e+02
7.131019009674921527e-01	1.246969034572288990e+02	-1.539052821295071283e+02	1.511461238977616972e+02
7.193918251171427247e-01	1.226126056108804363e+02	-1.519936371797530796e+02	1.497980126440218953e+02
7.256833807598113140e-01	1.195249590696964788e+02	-1.494387799335723344e+02	1.471148793915174622e+02
7.319652682709349989e-01	1.175595207141054317e+02	-1.486319155343628893e+02	1.461243722850340703e+02
7.382507990484923344e-01	1.148796668770239080e+02	-1.452130566246272849e+02	1.430586078463692843e+02
7.445265842115937893e-01	1.135580975895699112e+02	-1.451293806505867963e+02	1.434922228965324109e+02
7.507871101942712455e-01	1.116401420117031051e+02	-1.453760692047009684e+02	1.424572762378381299e+02
7.570758465316046459e-01	1.094442654470127962e+02	-1.420879192720348101e+02	1.390595387273905033e+02
7.633641233600957365e-01	1.074579174377116857e+02	-1.407836514986397276e+02	1.402862865068661904e+02
7.696462959862266917e-01	1.057670123763656278e+02	-1.395586199538961694e+02	1.391116035002748674e+02
7.759394865175414102e-01	1.040117035958946872e+02	-1.385979230244971347e+02	1.373992475209039128e+02
7.822329141989586843e-01	1.023651442060226060e+02	-1.367178042497545505e+02	1.366099481966602696e+02
7.885314936520240181e-01	1.009221629399943936e+02	-1.359076771509371611e+02	1.369127442716539917e+02
7.947896566979522071e-01	9.841558220144987956e+01	-1.325183849554010749e+02	1.331671392927142108e+02
8.010491096592354809e-01	9.579295231477691175e+01	-1.287347389919738418e+02	1.294499879063979790e+02
8.073364061727361651e-01	9.500393806730760105e+01	-1.292883712458493903e+02	1.315402275339090750e+02
8.136229488373866170e-01	9.364462662183916564e+01	-1.286323473777793254e+02	1.296962434837429328e+02
8.199152998961036776e-01	9.315071914455641888e+01	-1.291018610798964801e+02	1.318093894145228262e+02
8.261952636392789762e-01	9.054897028002217496e+01	-1.249983649049772225e+02	1.267513158327603833e+02
8.324897070080405914e-01	8.889768630511655090e+01	-1.232076168552904392e+02	1.260149580420472546e+02
8.387959309210778480e-01	8.826519877693486649e+01	-1.239722543858338781e+02	1.268943402348350844e+02
8.450634639703045181e-01	8.558355580009137498e+01	-1.195528873144212270e+02	1.215941534496663365e+02
8.513282867562648182e-01	8.513136753308747018e+01	-1.201552346252006913e+02	1.234273247423271016e+02
8.576198263902009566e-01	8.348917645188858216e+01	-1.181318040919068721e+02	1.216154261258773346e+02
8.639058477062415697e-01	8.213319897821911297e+01	-1.165317786930371398e+02	1.201546955756296313e+02
8.701838745487597837e-01	8.102637526286365244e+01	-1.154307180498089735e+02	1.185087381817186269e+02
8.764641096075268534e-01	7.968971216849899974e+01	-1.142021195976989674e+02	1.178143048799813926e+02
8.827503873399735745e-01	7.885146912885416270e+01	-1.130853845623257996e+02	1.168848591759883817e+02
8.890332768393869323e-01	7.808128073476622433e+01	-1.139570335695495942e+02	1.186853112284959622e+02
8.953084247113127780e-01	7.684253800270948886e+01	-1.116842929811981548e+02	1.166553790825233250e+02
9.015956521667095602e-01	7.515050661449970448e+01	-1.089733947770692879e+02	1.130419072245014718e+02
9.078833328094829680e-01	7.417552356220930676e+01	-1.083627181352306934e+02	1.135622427379445583e+02
9.141744106319863450e-01	7.308952665958562989e+01	-1.074695957499300931e+02	1.118068162693531775e+02
9.204630817717615043e-01	7.245497754950895342e+01	-1.066903929355430165e+02	1.123347412825131926e+02
9.267434415264711456e-01	7.083984263660974534e+01	-1.040961739113053284e+02	1.098764181996029379e+02
9.330324197354928906e-01	7.019983423043505866e+01	-1.038913753554554233e+02	1.092918333289685933e+02
9.393265785573878812e-01	6.946709119399086774e+01	-1.034705794386757987e+02	1.089031697192307604e+02
9.455974810398196650e-01	6.813890806814535495e+01	-1.013833041227980658e+02	1.075736994612331472e+02
9.518660018545171964e-01	6.682300021022372505e+01	-9.975155685237533021e+01	1.054452336582737360e+02
9.581413255531838757e-01	6.684858104761516984e+01	-1.007471189422568330e+02	1.073690724462639565e+02
9.644350945109106954e-01	6.554908025724681409e+01	-9.836268696518189358e+01	1.044684917368528261e+02
9.707355633568249820e-01	6.465317946122345916e+01	-9.738285486519893652e+01	1.037112350931269162e+02
9.770080768450029041e-01	6.431514135288642819e+01	-9.724660263485051814e+01	1.040681977752350491e+02
9.832823325363413414e-01	6.278097856193910076e+01	-9.493162824513822784e+01	1.016069559548232064e+02
9.895569691966674686e-01	6.248134337083040180e+01	-9.504493964961653774e+01	1.026926939192883310e+02
9.958456301921106979e-01	6.124111429179463073e+01	-9.297755913209329037e+01	9.989133687151235108e+01
1.002136210743837408e+00	6.054152590114198063e+01	-9.214179414906023169e+01	9.955479311556349842e+01
1.008404825335135424e+00	6.014727426883608530e+01	-9.193362270947697823e+01	9.986926361132988461e+01
1.014694149836243398e+00	5.902900621185361985e+01	-9.050452473100202155e+01	9.799028420136426121e+01
1.020992555437297167e+00	5.854166372824182218e+01	-8.984666167283191385e+01	9.778511407362944396e+01
1.027273980437394485e+00	5.745965029423637560e+01	-8.813828074657239142e+01	9.572847415692169193e+01
1.033559181896017254e+00	5.703819355320478479e+01	-8.777653112908296862e+01	9.572417553150235392e+01
1.039847557392594934e+00	5.610615367978358137e+01	-8.607788722462015585e+01	9.405323405026126693e+01
1.046126974943305088e+00	5.583448683453064376e+01	-8.619976411771989433e+01	9.476343244244809227e+01
1.052403436811028659e+00	5.518601531967058094e+01	-8.528240231231188773e+01	9.348446501701981504e+01
1.058680704651608684e+00	5.445909060934717161e+01	-8.434381938662183131e+01	9.268019052311764483e+01
1.064964333065789193e+00	5.365206264357252763e+01	-8.307909404895971761e+01	9.138597925669708388e+01
1.071256777440835473e+00	5.298959321397648381e+01	-8.226936908106587509e+01	9.080340471696302984e+01
1.077544048801078125e+00	5.238786998720206611e+01	-8.129033775044227639e+01	8.965855372447813920e+01
1.083824820188043603e+00	5.198006586369206161e+01	-8.094141560528876767e+01	8.981410539045988628e+01
1.090108023942816695e+00	5.144332593267052545e+01	-8.037237433716202872e+01	8.953448623061940737e+01
1.096389665956643222e+00	5.079145243813047017e+01	-7.921168633564998629e+01	8.851258063288962319e+01
1.102681132058841440e+00	5.034727185220825163e+01	-7.862369858123346944e+01	8.776928242557275439e+01
1.108963047594879958e+00	4.959638398264705472e+01	-7.737716755725722351e+01	8.635150540525353335e+01
1.115225428463759272e+00	4.918087547174649643e+01	-7.683838320122519860e+01	8.575347535471763649e+01
1.121502127614767863e+00	4.838414401423226963e+01	-7.566103268113987212e+01	8.461497922148926421e+01
1.127792573824792033e+00	4.791417189631148688e+01	-7.498404556009688804e+01	8.418864349819124016e+01
1.134089552668382961e+00	4.722168231804836580e+01	-7.382306492633784956e+01	8.278726548572608124e+01
1.140364049650405942e+00	4.721923569590048686e+01	-7.443953122929291055e+01	8.388232107585207586e+01
1.146639180320979445e+00	4.681798759331877591e+01	-7.378277522445105774e+01	8.367411132425027631e+01
1.152942412991649901e+00	4.575747476357860677e+01	-7.167244033589319940e+01	8.113707544916955783e+01
1.159228906751078814e+00	4.568347468508396503e+01	-7.190501488180606771e+01	8.126817257686421669e+01
1.165508721887268173e+00	4.503558720666139692e+01	-7.078193420734754682e+01	8.052131964394547481e+01
1.171793076256210320e+00	4.447100531656673894e+01	-6.989246612415890070e+01	7.928847222936148853e+01
1.178087436369658958e+00	4.399230629931820857e+01	-6.902225108981821222e+01	7.851456709719332139e+01
1.184367654251526902e+00	4.389172918858096750e+01	-6.941925915978865191e+01	7.918195401425204238e+01
1.190634642299266632e+00	4.308967015079588947e+01	-6.779506016310534733e+01	7.739654924884419529e+01
1.196912208834400859e+00	4.281782511968455651e+01	-6.739754186379128953e+01	7.721055447542788386e+01
1.203201577354146234e+00	4.236782135102555458e+01	-6.673373256892639915e+01	7.647434773514768835e+01
1.209486844441705733e+00	4.178863044971219409e+01	-6.580839106283703188e+01	7.545034676036738119e+01
1.215763902074809888e+00	4.158698301195160241e+01	-6.556330805225431391e+01	7.525405628414588932e+01
1.222049755171146668e+00	4.106866936344214736e+01	-6.473823892146020853e+01	7.460695152717293865e+01
1.228340616621486969e+00	4.074993322637884319e+01	-6.420152155889491041e+01	7.407723568975094963e+01
1.234632986576932767e+00	4.040002568529131111e+01	-6.349961910672226395e+01	7.332095479793152037e+01
1.240902247176856488e+00	4.001536534877713081e+01	-6.313554235811049153e+01	7.296846447742579755e+01
1.247174839144687519e+00	3.981535191680195140e+01	-6.289346626939139639e+01	7.302743885189903494e+01
1.253465459933442272e+00	3.921538755058771386e+01	-6.157677499975565638e+01	7.175082856629603612e+01
1.259749951892178421e+00	3.909307304700022456e+01	-6.186538008551049472e+01	7.194889819075076787e+01
1.266032143127253873e+00	3.862038511978610700e+01	-6.090348080779496343e+01	7.106880519458239576e+01
1.272316288472006507e+00	3.806011157696391223e+01	-5.980080873203292668e+01	6.952628811794997432e+01
1.278604155058621350e+00	3.795727099718151010e+01	-5.987485937401314828e+01	6.974720401071189713e+01
1.284886588933593865e+00	3.762576118867200137e+01	-5.925950318878221168e+01	6.950856235088978963e+01
1.291175420066583257e+00	3.742658131025130075e+01	-5.906725248803113004e+01	6.915975690216471605e+01
1.297465726373772332e+00	3.702589351189185152e+01	-5.846025382801498438e+01	6.842437653163449340e+01
1.303741827011944299e+00	3.644172321727353392e+01	-5.709349912552042383e+01	6.689928885508501821e+01
1.310017322922761851e+00	3.653516122714608372e+01	-5.773076021482608411e+01	6.782340240522417218e+01
1.316301447662886703e+00	3.587856836684824913e+01	-5.637208132911105452e+01	6.624246910716080095e+01
1.322586760363303249e+00	3.590236671141633451e+01	-5.657786827258943418e+01	6.693053383185191763e+01
1.328865492452874664e+00	3.526018702159452545e+01	-5.528774034098592693e+01	6.524854653850152886e+01
1.335144804954555564e+00	3.516660908470048952e+01	-5.529255426026342235e+01	6.547139948682607269e+01
1.341440516272275119e+00	3.481585323674066501e+01	-5.467413445137124484e+01	6.451142459240348614e+01
1.347730868417094552e+00	3.447546207791494766e+01	-5.403730821544562701e+01	6.390967971980893481e+01
1.354001589994877630e+00	3.409451688783909162e+01	-5.332818992550306092e+01	6.322843371609599927e+01
1.360282609297778444e+00	3.403172148311008272e+01	-5.341985836756837358e+01	6.314517343241548986e+01
1.366565686457597906e+00	3.376440510664859573e+01	-5.294434032564763015e+01	6.303637691475714888e+01
1.372851498482432708e+00	3.337963102391550052e+01	-5.210412893048658134e+01	6.186032080706863212e+01
1.379135372929401804e+00	3.294521813568668023e+01	-5.139757729200783132e+01	6.112791453943974318e+01
1.385409567149057164e+00	3.313075969068334814e+01	-5.208801547527102116e+01	6.203490500646672245e+01
1.391698641219299315e+00	3.274051142541195958e+01	-5.128331544939526054e+01	6.123309384918403708e+01
1.397984451439470810e+00	3.248254224327402540e+01	-5.084221679845318675e+01	6.068788278298718808e+01
1.404267883409181961e+00	3.231083131784451723e+01	-5.053507956749390218e+01	6.038134695761470283e+01
1.410554779484869181e+00	3.193317274716769560e+01	-4.975202126667806368e+01	5.956091235140875284e+01
1.416837833547465397e+00	3.155778040565419573e+01	-4.914475004148479798e+01	5.882198100782103722e+01
1.423118177187137068e+00	3.143341204262187816e+01	-4.885861147498708590e+01	5.869628096437357101e+01
1.429397801164240089e+00	3.118405529597744419e+01	-4.842540842332709161e+01	5.810331165292929967e+01
1.435686921822787232e+00	3.083606105669875319e+01	-4.775954646221398292e+01	5.734142886707456910e+01
1.441977121769299597e+00	3.082725871360351633e+01	-4.787847326879901999e+01	5.750176616454580625e+01
1.448253667853332427e+00	3.055050343088908349e+01	-4.740687026512527780e+01	5.703469431184525718e+01
1.454532348972172651e+00	3.032667800350809273e+01	-4.694520282643715348e+01	5.651276376702350746e+01
1.460819319151879903e+00	3.007938009354764475e+01	-4.648228726026535895e+01	5.607439707171845811e+01
1.467110364402026468e+00	2.993654732461541457e+01	-4.636903208365162499e+01	5.586428446751138921e+01
1.473392908948962132e+00	2.968997466775788041e+01	-4.579304831565465861e+01	5.541722754511366844e+01
1.479669965243598950e+00	2.943850650487919296e+01	-4.530569356111722357e+01	5.472214876809773898e+01
1.485956144602843532e+00	2.926136807292751740e+01	-4.505376326221972505e+01	5.439836328763313844e+01
1.492233610763115115e+00	2.907609366063153189e+01	-4.472047363856773217e+01	5.399706260336385100e+01
1.498502470379980078e+00	2.875285509072558554e+01	-4.399564638538248573e+01	5.328617148281176696e+01
1.504785752051182701e+00	2.859513892989878059e+01	-4.386708574720672260e+01	5.311035595790070829e+01
1.511075991894575976e+00	2.839686364399225482e+01	-4.354929051615782498e+01	5.260714535854525309e+01
1.517361634985162189e+00	2.840287453872409174e+01	-4.344164914292428392e+01	5.286821847277055753e+01
1.523648570969130533e+00	2.810671623408284958e+01	-4.299904263720599573e+01	5.207187722372636784e+01
1.529938035715892264e+00	2.800666581383753950e+01	-4.290813821274425521e+01	5.206791223546343161e+01
1.536230176913891965e+00	2.788780752201044422e+01	-4.267688035865914742e+01	5.188413360958309539e+01
1.542510718779388279e+00	2.749514498277137875e+01	-4.171809625864287341e+01	5.072993867582274419e+01
1.548783963082980275e+00	2.745530239506917525e+01	-4.186561842415459012e+01	5.088315740869254711e+01
1.555073069779651318e+00	2.716772649233844916e+01	-4.127737782410176948e+01	5.022787554699354473e+01
1.561357324927233892e+00	2.706666568185024602e+01	-4.102001921014196029e+01	5.003280075662681270e+01
1.567629121053141006e+00	2.681297463111031476e+01	-4.066635767218441089e+01	4.949139239446078875e+01
1.573913697404382583e+00	2.664459698859872105e+01	-4.031401283508630229e+01	4.902714727215249013e+01
1.580203545230874029e+00	2.669764677262344321e+01	-4.048887508867334617e+01	4.930088673608570105e+01
1.586485393434537983e+00	2.648577834801181652e+01	-4.012369483673868586e+01	4.888276105997996268e+01
1.592760014263005841e+00	2.620816120725114118e+01	-3.948460367912208824e+01	4.822746765641569056e+01
1.599046436394670812e+00	2.612638988276874841e+01	-3.938357070535840876e+01	4.797516576854626891e+01
1.605342136637478934e+00	2.587175734635930269e+01	-3.895393915772660876e+01	4.750388889612818843e+01
1.611619860919608627e+00	2.574787943543324076e+01	-3.867014462119198726e+01	4.724911638167525751e+01
1.617897597081673799e+00	2.557082291409140851e+01	-3.834343329976771741e+01	4.685099828924755627e+01
1.624183235481122756e+00	2.524155220885497641e+01	-3.770136486780900498e+01	4.599726882860295518e+01
1.630464598531913722e+00	2.538787784549012727e+01	-3.799591505184420015e+01	4.643073548468642286e+01
1.636748985747638274e+00	2.506589047304933970e+01	-3.741509124862215430e+01	4.562264833579664014e+01
1.643030923698886259e+00	2.485975865537731977e+01	-3.685772653544972854e+01	4.513726220893426699e+01
1.649309176648513064e+00	2.473200372526302715e+01	-3.664945662132749504e+01	4.480985837576435671e+01
1.655593633940351861e+00	2.469219731890598268e+01	-3.665996145727984867e+01	4.488995373496679520e+01
1.661879571405086464e+00	2.450845635224706953e+01	-3.629384731413360043e+01	4.444364124031376662e+01
1.668169361685170271e+00	2.450323733245861391e+01	-3.621779315282178402e+01	4.428430655135225891e+01
1.674450151530487485e+00	2.426713946134848499e+01	-3.566447772429475549e+01	4.377629343095179593e+01
1.680722718978495900e+00	2.415043772616177264e+01	-3.568130558266317820e+01	4.367179414110271551e+01
1.687013891340952476e+00	2.409144206734466209e+01	-3.551811814858848493e+01	4.364362157603265757e+01
1.693308984907921033e+00	2.375234396826873606e+01	-3.479213207459265078e+01	4.270800196432029594e+01
1.699582147428448486e+00	2.374796066024064345e+01	-3.470220483853883309e+01	4.268573561825983376e+01
1.705863747055134105e+00	2.355710266880540260e+01	-3.446948412289679453e+01	4.234519366593973899e+01
1.712154434283889470e+00	2.347695756834568570e+01	-3.425324457386457766e+01	4.209823790200561433e+01
1.718438381579399321e+00	2.339147572874300351e+01	-3.414645180919075784e+01	4.197142173522104258e+01
1.724721264464063930e+00	2.322059114354722453e+01	-3.377363828266210533e+01	4.151307493555218997e+01
1.730997441276920679e+00	2.309463599391953181e+01	-3.357682314021149494e+01	4.130122883312124316e+01
1.737287073528269499e+00	2.303885893360917692e+01	-3.349073966967317517e+01	4.111672934768711229e+01
1.743567991878527401e+00	2.281794957054152206e+01	-3.297689505227261719e+01	4.059653566360400134e+01
1.749840680212231048e+00	2.280193830441297109e+01	-3.299644945630441129e+01	4.058020558309519288e+01
1.756128549091961144e+00	2.260577227479424067e+01	-3.256439498268345289e+01	4.000912476390757178e+01
1.762413535324792502e+00	2.255780889280756440e+01	-3.253484757545104600e+01	3.991584622928854031e+01
1.768696187669963837e+00	2.237149385987840589e+01	-3.208899108723837656e+01	3.946612073377002616e+01
1.774979359379055266e+00	2.226737378461003658e+01	-3.190349593638676495e+01	3.925963405765787684e+01
1.781265555576432957e+00	2.210615993192041628e+01	-3.153974281426638981e+01	3.886321383368061078e+01
1.787549427830244619e+00	2.206727339915663677e+01	-3.151418604467889750e+01	3.886516979033596897e+01
1.793834120011633004e+00	2.198389210899314605e+01	-3.132151283195238989e+01	3.862906212454304011e+01
1.800115051552487300e+00	2.187509354761291647e+01	-3.107481499741946251e+01	3.834316506458434048e+01
1.806393904854530330e+00	2.173387937716813667e+01	-3.081625621857551423e+01	3.799540280635826406e+01
1.812674089667083432e+00	2.175201171657278110e+01	-3.097629842229003572e+01	3.814074906046281654e+01
1.818956920109354058e+00	2.151699354592750524e+01	-3.043661928708071684e+01	3.754145146690564161e+01
1.825244164118212220e+00	2.150742346603382416e+01	-3.049571084889501549e+01	3.762877720049643671e+01
1.831527256642196955e+00	2.130540562084927458e+01	-2.995593800530951256e+01	3.687033309274775661e+01
1.837811294935716599e+00	2.126103722668567997e+01	-2.993041465256334988e+01	3.687485521439344893e+01
1.844100717411196744e+00	2.122478336483291272e+01	-2.985944636090401616e+01	3.680487699062758367e+01
1.850384816792487230e+00	2.102640544960626201e+01	-2.938051955480769450e+01	3.621086884579990794e+01
1.856666059735203822e+00	2.089983824284287550e+01	-2.909027908293875697e+01	3.593838418480795838e+01
1.862947728675613979e+00	2.087667882945991593e+01	-2.905200007245796456e+01	3.591327508884010911e+01
1.869229324466858078e+00	2.082307843097023081e+01	-2.902887136409683677e+01	3.584991314885117930e+01
1.875517616802973686e+00	2.053647518522942050e+01	-2.832964404293187144e+01	3.497441219288435832e+01
1.881800769033795229e+00	2.049147331704937258e+01	-2.831462659298719231e+01	3.490517672386319248e+01
1.888078863416442710e+00	2.057521246740721921e+01	-2.849166104868924876e+01	3.515929951318910440e+01
1.894353975182237582e+00	2.039399411767888637e+01	-2.812425924565057400e+01	3.474937060278842438e+01
1.900642716154182565e+00	2.036546320568720247e+01	-2.804284078462831786e+01	3.462885047136833805e+01
1.906933494748685121e+00	2.020107174126470539e+01	-2.764987979700905996e+01	3.423298699435441961e+01
1.913207568676573933e+00	2.014681326334233091e+01	-2.758904857762401974e+01	3.411132700971247544e+01
1.919490884732178992e+00	2.002896001297750317e+01	-2.731748735244967463e+01	3.385241042327302807e+01
1.925776855684274480e+00	1.992822008892386876e+01	-2.704834655930634213e+01	3.342567122511869115e+01
1.932064452961978152e+00	1.991382598992868935e+01	-2.711434925936687179e+01	3.363719844304328888e+01
1.938342610030488800e+00	1.968074009124053347e+01	-2.652506270080637307e+01	3.280417870754496334e+01
1.944618341543410178e+00	1.964940114883131272e+01	-2.650194513696807164e+01	3.286361468911911032e+01
1.950906260203513876e+00	1.961908569246440237e+01	-2.642819060996016134e+01	3.275798880525591983e+01
1.957194556613796488e+00	1.957494802483017082e+01	-2.639213411638020546e+01	3.267197510880453848e+01
1.963479614559011432e+00	1.943969429114773462e+01	-2.611828803496108975e+01	3.232103389205575183e+01
1.969760361532916226e+00	1.939272007187831193e+01	-2.599938575766483240e+01	3.228457404491589244e+01
1.976048367034604736e+00	1.935543958159345124e+01	-2.592657712977952755e+01	3.213289110659516723e+01
1.982337990217652335e+00	1.924715912936994044e+01	-2.564882819209974585e+01	3.188300904554699500e+01
1.988617489259562721e+00	1.908169077478586573e+01	-2.531076061023835777e+01	3.135979178092026487e+01
1.994896320665194178e+00	1.905308675105501948e+01	-2.526124433186134155e+01	3.125752520018679093e+01
2.001179596222827151e+00	1.898276349492072157e+01	-2.513718261663058584e+01	3.114442830104897197e+01
2.007459756923499761e+00	1.889857089311798433e+01	-2.491706318846125612e+01	3.086557538804724743e+01
2.013737397779169935e+00	1.882739136010482639e+01	-2.472223377965121927e+01	3.067823384297227562e+01
2.020017234677497164e+00	1.876476411988743465e+01	-2.464423974766126335e+01	3.058620225116444402e+01
2.026310251015072783e+00	1.869876981337671751e+01	-2.449221334222859525e+01	3.038541636521311418e+01
2.032600542948020284e+00	1.861645167061300299e+01	-2.425982133056949053e+01	3.005146155979084810e+01
2.038873863192099289e+00	1.853685631097054198e+01	-2.411607841076299508e+01	2.996872240068219995e+01
2.045154087821675404e+00	1.845341190523648933e+01	-2.387525808682025286e+01	2.960727877699244104e+01
2.051444704514288730e+00	1.841678828678497126e+01	-2.387105919869710746e+01	2.961095797694957810e+01
2.057730430280644729e+00	1.830879991890406799e+01	-2.369695482907208017e+01	2.943820831083586498e+01
2.064013940455224461e+00	1.830598924862133714e+01	-2.361004844070421171e+01	2.946708424544120675e+01
2.070299891179459895e+00	1.809902772505007817e+01	-2.318415438107314586e+01	2.871175913443171268e+01
2.076589719964883951e+00	1.805603892188375781e+01	-2.306555126882422613e+01	2.872919060095442845e+01
2.082865483794470673e+00	1.806792857446922085e+01	-2.310776765125840981e+01	2.875654441325698585e+01
2.089134494859368640e+00	1.794400907840977055e+01	-2.281721310134711089e+01	2.838836684379774056e+01
2.095424211360070288e+00	1.789447151054067930e+01	-2.266260167134039705e+01	2.833059417429800675e+01
2.101707116664804254e+00	1.785231394174699560e+01	-2.266054448924456111e+01	2.812339480523258572e+01
2.107986473933564309e+00	1.780921972133819153e+01	-2.254983485354679118e+01	2.811081087172294701e+01
2.114271806543862375e+00	1.773515738351378701e+01	-2.234409285548416335e+01	2.781811411205028506e+01
2.120552717288892275e+00	1.757883086052605748e+01	-2.203918219548932100e+01	2.740054025521317982e+01
2.126836933207161717e+00	1.755516658058061807e+01	-2.202968216811419921e+01	2.740408880183901630e+01
2.133122044791171845e+00	1.749992321905157766e+01	-2.184187810679988928e+01	2.727412902859873256e+01
2.139411711910842673e+00	1.742955325841007053e+01	-2.170035497714072292e+01	2.697197942045523078e+01
2.145697076775292089e+00	1.741838776614775597e+01	-2.166758829494757421e+01	2.694179191633458004e+01
2.151973548606471276e+00	1.727387515763079406e+01	-2.133090270565267588e+01	2.661192051856643204e+01
2.158259913555724108e+00	1.728576132932724363e+01	-2.129599521445268806e+01	2.658829789515360886e+01
2.164545396699105506e+00	1.720933355136574150e+01	-2.118310107575521783e+01	2.646972409348741806e+01
2.170830700377734068e+00	1.717360745243313147e+01	-2.113475791901534961e+01	2.626846657633173265e+01
2.177114138849150393e+00	1.715597121151479953e+01	-2.106558700349779656e+01	2.634672260715397130e+01
2.183387647576827018e+00	1.704071640812105315e+01	-2.082370695682778461e+01	2.600920649727538958e+01
2.189670273687676971e+00	1.698199260740697980e+01	-2.070594206784854308e+01	2.581308523798160692e+01
2.195960147934207463e+00	1.691802099106728363e+01	-2.050943538591026183e+01	2.562151884336859808e+01
2.202242556317716371e+00	1.691852633078885759e+01	-2.054774029837719240e+01	2.560247070481190335e+01
2.208521655981037668e+00	1.683095812529511193e+01	-2.027831383493560224e+01	2.536282725025622398e+01
2.214804637081333016e+00	1.677890095377938451e+01	-2.023852095108989957e+01	2.532681832381281239e+01
2.221092583349425276e+00	1.672720513095824657e+01	-2.012584228122717178e+01	2.519707667068109913e+01
2.227372893591468728e+00	1.663916197587875345e+01	-1.993579452038971311e+01	2.489835763986990713e+01
2.233657161144248171e+00	1.659699507993729384e+01	-1.982629416760989116e+01	2.480734647950399818e+01
2.239943485394438660e+00	1.656724756250982722e+01	-1.970690116413202375e+01	2.463856701805613980e+01
2.246224175264620815e+00	1.650715119794124419e+01	-1.956461692888780846e+01	2.457460901728700975e+01
2.252506378421252009e+00	1.644233667865785975e+01	-1.944630409164787821e+01	2.431525885960623512e+01
2.258783417054270437e+00	1.642216198634431024e+01	-1.938717789838844752e+01	2.422740126349084733e+01
2.265069077371457684e+00	1.635820790378876666e+01	-1.918245723283860826e+01	2.412188002875556592e+01
2.271350377044131452e+00	1.629697184428564327e+01	-1.906745847119948678e+01	2.395207096189446005e+01
2.277633995145353918e+00	1.626730158391976389e+01	-1.900923789967406208e+01	2.382949228152337895e+01
2.283922419579920149e+00	1.617871084491538269e+01	-1.877616868207541856e+01	2.354923119634368334e+01
2.290202874392252674e+00	1.618968398377427320e+01	-1.880308995188951826e+01	2.368667483563437415e+01
2.296490779970905560e+00	1.612481503699295615e+01	-1.869235702827053913e+01	2.349972271085946574e+01
2.302771769934229162e+00	1.602713713260838801e+01	-1.846030495833360874e+01	2.314700858995867705e+01
2.309051364164305564e+00	1.607651182890969110e+01	-1.858057564634462366e+01	2.333868163050776801e+01
2.315338502539088239e+00	1.593602310157167068e+01	-1.820767961265380208e+01	2.295497137394709952e+01
2.321627336503874428e+00	1.594965335701904330e+01	-1.820229896012586934e+01	2.290914147770032372e+01
2.327911878297218795e+00	1.589384051220389615e+01	-1.813744381125192362e+01	2.283122895782975448e+01
2.334186238580297168e+00	1.580430095942790913e+01	-1.790211525853444385e+01	2.254276367763841193e+01
2.340467971862688401e+00	1.577276214534143328e+01	-1.779421639370709940e+01	2.245784528546330705e+01
2.346756940970738725e+00	1.571967788774073860e+01	-1.768658127295389093e+01	2.235978676372636187e+01
2.353044444556199988e+00	1.573515457737876844e+01	-1.775075906737524178e+01	2.233807736638481600e+01
2.359327653314069906e+00	1.567363304772333876e+01	-1.753496906345805328e+01	2.218625776952209350e+01
2.365603048789861607e+00	1.559832663396295693e+01	-1.737914210918572167e+01	2.198423729465486076e+01
2.371885911737665165e+00	1.558862249466365490e+01	-1.733529081383501591e+01	2.188251771442592997e+01
2.378173303594019572e+00	1.556660605916940021e+01	-1.734065284118721806e+01	2.197483787577105474e+01
2.384454016539381271e+00	1.547425521074876009e+01	-1.708991721734678393e+01	2.166074078620757959e+01
2.390736447344785187e+00	1.546481762352289024e+01	-1.702098207752013082e+01	2.161873885104563797e+01
2.397014133897952259e+00	1.541130583450246760e+01	-1.691293868155802471e+01	2.143075762160038522e+01
2.403295490074321972e+00	1.544401246715496967e+01	-1.700597368197282933e+01	2.158085450040954356e+01
2.409585049672506862e+00	1.534187950819118740e+01	-1.672292664250050009e+01	2.124494259925600659e+01
2.415871703165322071e+00	1.533585064551526322e+01	-1.672448460474828380e+01	2.123492097617732810e+01
2.422160652369088840e+00	1.527509925323842488e+01	-1.659637824337238854e+01	2.105088793369941769e+01
2.428440167222748691e+00	1.528741896974172398e+01	-1.657915897495288249e+01	2.108834262679674154e+01
2.434717472383889803e+00	1.519098874910176278e+01	-1.632079126654459600e+01	2.083291471021058427e+01
2.441002456202044257e+00	1.516712099345692089e+01	-1.631211855835135438e+01	2.073760173373174709e+01
2.447289980304530488e+00	1.511975290633889735e+01	-1.618280482208101745e+01	2.062681921925253548e+01
2.453571844729242279e+00	1.511792206523024440e+01	-1.613044786223960969e+01	2.062292563548700386e+01
2.459852705114058846e+00	1.509947070593205432e+01	-1.608827642548936510e+01	2.059264904887429282e+01
2.466139233225018934e+00	1.507923506285925974e+01	-1.596543795307160707e+01	2.045360663396937184e+01
2.472421963421291391e+00	1.502687033229500280e+01	-1.592826578573587071e+01	2.036839321760944443e+01
2.478698519174224568e+00	1.502101053003799613e+01	-1.587951151063398747e+01	2.032484089031347096e+01
2.484980841400355800e+00	1.493187058358754804e+01	-1.567244338129138370e+01	2.007542426781252942e+01
2.491269319409339822e+00	1.489033233461440098e+01	-1.555888586753635217e+01	1.996441646332211306e+01
2.497548505139029373e+00	1.485615810914841006e+01	-1.546111931903957526e+01	1.983138893943343817e+01
2.503831667172610853e+00	1.489003774566563010e+01	-1.551354741657082670e+01	1.999330825953127189e+01
2.510117938323931153e+00	1.484050965262468580e+01	-1.539968669272848700e+01	1.981958474675367299e+01
2.516400733681277480e+00	1.483557828262079425e+01	-1.537107493747047293e+01	1.980961607740162123e+01
2.522688226833368130e+00	1.477558439372054444e+01	-1.518060293505327074e+01	1.959728715848630998e+01
2.528971695852665569e+00	1.475198815761675242e+01	-1.516159908162214087e+01	1.962712770712404975e+01
2.535252039407670299e+00	1.474575562166600484e+01	-1.510735955254797069e+01	1.945830160883235038e+01
2.541537514142774512e+00	1.466548988935917919e+01	-1.490127419175155055e+01	1.926278082215214837e+01
2.547823008847572179e+00	1.466674664639121417e+01	-1.490084247825788388e+01	1.923368231060317513e+01
2.554100666580690238e+00	1.465049145093796668e+01	-1.485721990091727385e+01	1.925183674142195400e+01
2.560376788884177301e+00	1.467499054804626546e+01	-1.489353502424215137e+01	1.929895834817688893e+01
2.566667521601497359e+00	1.458925636705480677e+01	-1.466806422633924711e+01	1.906155934721068590e+01
2.572955062237090473e+00	1.453541266270673660e+01	-1.449719255279599039e+01	1.883726411386956912e+01
2.579233771797999175e+00	1.455033777586372956e+01	-1.457542481562319736e+01	1.897286580642124676e+01
2.585520164300948220e+00	1.455642808228955154e+01	-1.456845477905727293e+01	1.895818435422611614e+01
2.591805130332431872e+00	1.448400769318029546e+01	-1.430814458539630785e+01	1.862023052890832631e+01
2.598084074692260881e+00	1.450694667155676854e+01	-1.432950995939077288e+01	1.865950732209497787e+01
2.604360404197643586e+00	1.444746851213277061e+01	-1.416688892200897953e+01	1.854594460259487931e+01
2.610647185140439142e+00	1.445112718042185485e+01	-1.419877375631152994e+01	1.865198024986078451e+01
2.616931864059273138e+00	1.441972312744996465e+01	-1.412185774949450945e+01	1.850266246041337581e+01
2.623206107911065565e+00	1.440468707875158927e+01	-1.406292862974948044e+01	1.841270738371821736e+01
2.629491626543270844e+00	1.437031534959464096e+01	-1.397016702820228673e+01	1.829258233675803424e+01
2.635778507982642349e+00	1.435917086151924771e+01	-1.389565909210078054e+01	1.832685007286329437e+01
2.642061039325260818e+00	1.437679695828719773e+01	-1.392566778363694802e+01	1.834536868151754874e+01
2.648343840729305843e+00	1.433256144389266673e+01	-1.377849867845874776e+01	1.817896271029370325e+01
2.654631838974855551e+00	1.430276280905351705e+01	-1.369939405054430814e+01	1.806619884405864340e+01
2.660919001246303761e+00	1.431331573430668058e+01	-1.370909161937686171e+01	1.809910232291865384e+01
2.667198525130066056e+00	1.428339497184546403e+01	-1.360086386111733781e+01	1.805034582445923874e+01
2.673484307038032526e+00	1.424146195380383517e+01	-1.350194782223884538e+01	1.790693465426457820e+01
2.679773388053849459e+00	1.423469935615493398e+01	-1.341797069239914464e+01	1.781111081796027307e+01
2.686058217632288692e+00	1.423595776921776412e+01	-1.342716710103669620e+01	1.779209883865020103e+01
2.692338738200057868e+00	1.424063537220032316e+01	-1.339419646091268312e+01	1.790677879365492586e+01
2.698618022887226964e+00	1.420503647791718826e+01	-1.323494014407523878e+01	1.768178296924684290e+01
2.704895450708277860e+00	1.416010741652663185e+01	-1.319830413440905836e+01	1.755974741312795828e+01
2.711175674923682166e+00	1.415492707765364422e+01	-1.315451170533903991e+01	1.760952485352739671e+01
2.717459832966957922e+00	1.420030270921900595e+01	-1.321718227548829994e+01	1.774181778373372964e+01
2.723745731959044569e+00	1.415659870409482401e+01	-1.310639553717578032e+01	1.758184959746535370e+01
2.730038414850594730e+00	1.415672080654469234e+01	-1.303256532640227938e+01	1.752559030598038348e+01
2.736317989800789441e+00	1.414980039481189600e+01	-1.298215165598174714e+01	1.752584137715096801e+01
2.742591858549239703e+00	1.411646683290754289e+01	-1.292786137990207962e+01	1.742603455151296643e+01
2.748879749010778362e+00	1.412993106228875639e+01	-1.293914303962899837e+01	1.750801560484468311e+01
2.755163403825859447e+00	1.408233123002898424e+01	-1.276425004174395106e+01	1.728971238215347483e+01
2.761446955625852073e+00	1.409898615509437469e+01	-1.278031368646661470e+01	1.730937173981536503e+01
2.767732088935374701e+00	1.407510257236421047e+01	-1.271044191341560392e+01	1.725048326936326148e+01
2.774015452421743966e+00	1.404564859920313147e+01	-1.258634669610105838e+01	1.713284887436977399e+01
2.780298635700591436e+00	1.404467232334840787e+01	-1.257121662516432359e+01	1.708884017638558106e+01
2.786577474762241380e+00	1.404627321506538351e+01	-1.246757677720954582e+01	1.709899362541168699e+01
2.792857983210164541e+00	1.408800988035614310e+01	-1.258384110699481795e+01	1.719795225324318011e+01
2.799143790920211483e+00	1.405311338722064285e+01	-1.244075742805628160e+01	1.705655330578294837e+01
2.805430058399325244e+00	1.407284510689614265e+01	-1.250556411737076523e+01	1.715500752285907282e+01
2.811715058209780072e+00	1.405551974050781183e+01	-1.242468266274060973e+01	1.709245807080227308e+01
2.817989272498773623e+00	1.405954572751042875e+01	-1.236727596543185115e+01	1.705465946766975094e+01
2.824269171595737760e+00	1.405528680313902612e+01	-1.232809823350931744e+01	1.698394630766586388e+01
2.830563016441804081e+00	1.405888667305360329e+01	-1.231949627844987383e+01	1.706123876060415512e+01
2.836848750951622034e+00	1.404296423527974191e+01	-1.223297443288397091e+01	1.694086496668647968e+01
2.843130027866129783e+00	1.401775980311062320e+01	-1.215030949695140094e+01	1.689976464954947843e+01
2.849413896912404986e+00	1.402754309420727807e+01	-1.210307037482187908e+01	1.687060616967259463e+01
2.855697464522425566e+00	1.404831066976736587e+01	-1.216686251474792080e+01	1.697729946378294485e+01
2.861978799810683594e+00	1.398305793215239845e+01	-1.197090614754512039e+01	1.674205761007922888e+01
2.868262469415629567e+00	1.405530441450593138e+01	-1.200909494250399767e+01	1.686086066794644367e+01
2.874547359206753860e+00	1.407755410212258518e+01	-1.205701645916836107e+01	1.696441889709748807e+01
2.880831111471525041e+00	1.405784577983631678e+01	-1.199468407812404180e+01	1.688101498106060561e+01
2.887113216972382546e+00	1.407043974238328587e+01	-1.198713959305852228e+01	1.689469977000434753e+01
2.893394504725182781e+00	1.404810294209413080e+01	-1.188469649542878770e+01	1.679944168096757906e+01
2.899673662137033592e+00	1.404506589696167751e+01	-1.184357974662794710e+01	1.683811868127951783e+01
2.905953958587380814e+00	1.404250479973389965e+01	-1.178146869443893330e+01	1.681835689005192336e+01
2.912241118105161064e+00	1.411087771673271618e+01	-1.187690619195204178e+01	1.689881708007748529e+01
2.918525996366671205e+00	1.406422822671325434e+01	-1.175057503417393612e+01	1.679505514342281103e+01
2.924809035425688819e+00	1.410541660257691099e+01	-1.177574507481795152e+01	1.686596744410766391e+01
2.931095916293684933e+00	1.410570465880273439e+01	-1.175192780947816473e+01	1.687349252396150945e+01
2.937378182606774413e+00	1.409351097147324161e+01	-1.171906442007464832e+01	1.676015998516795236e+01
2.943659980254369923e+00	1.413902934173053438e+01	-1.172311538983723622e+01	1.681004298023039922e+01
2.949946454403890250e+00	1.412723494179466677e+01	-1.161150858765045335e+01	1.683610804167848940e+01
2.956227653702202307e+00	1.413283623533403954e+01	-1.160898128059240797e+01	1.678551192118007762e+01
2.962510478867462993e+00	1.415622745680417971e+01	-1.162552467162744740e+01	1.691414600027221127e+01
2.968796535179442309e+00	1.412277311876257535e+01	-1.147643393838444226e+01	1.675844472652776673e+01
2.975077657376874907e+00	1.418566021310130409e+01	-1.157425651772206443e+01	1.694697191307728801e+01
2.981359866759223376e+00	1.420187877766492690e+01	-1.157004271902017400e+01	1.691394735183943610e+01
2.987646761575656562e+00	1.418315029130416782e+01	-1.151058206826878383e+01	1.684780609480782942e+01
2.993929038370399365e+00	1.421962235344907022e+01	-1.150496018401240228e+01	1.692731958216776178e+01
3.000206214840962726e+00	1.421845062768301560e+01	-1.141220018268787584e+01	1.690644055641449128e+01
3.006486172402415669e+00	1.423208512392429448e+01	-1.143401847780824809e+01	1.689182203420829609e+01
3.012769812211594456e+00	1.429496313505755545e+01	-1.147048155488816334e+01	1.710366028657541548e+01
3.019053144326170113e+00	1.429039072037911851e+01	-1.144800689863600951e+01	1.699091008431862448e+01
3.025337405144251424e+00	1.429455942076500463e+01	-1.137887777030633885e+01	1.699349900128022384e+01
3.031623734799107961e+00	1.429507090696245264e+01	-1.130939363401984110e+01	1.695080469228393483e+01
3.037908962055872575e+00	1.433028570210104036e+01	-1.134944416139614098e+01	1.704743575228916441e+01
3.044195067146031608e+00	1.434486618978711014e+01	-1.133684271277161137e+01	1.711259472524323755e+01
3.050475543482170426e+00	1.438168614313217120e+01	-1.139712235732547363e+01	1.715410106445845173e+01
3.056754954538277502e+00	1.438839723312449159e+01	-1.128313403974468088e+01	1.710893728953400128e+01
3.063040539557494668e+00	1.441905399335347759e+01	-1.130401305967601644e+01	1.723371941550213648e+01
3.069323699454357346e+00	1.448214349954478486e+01	-1.140155763858923343e+01	1.740136353663109503e+01
3.075610692642898769e+00	1.445459212792914272e+01	-1.123783452010496653e+01	1.730071634130390024e+01
3.081893798009918584e+00	1.450239667700908797e+01	-1.133427233773599596e+01	1.739665414631560125e+01
3.088174549548037717e+00	1.448524640936557617e+01	-1.123109292004761706e+01	1.730040777397704588e+01
3.094458635632868493e+00	1.453850876769562284e+01	-1.126052232206384751e+01	1.738677405528928333e+01
3.100743982931558840e+00	1.460550967963441416e+01	-1.140984915167445202e+01	1.754167746667462779e+01
3.107028111748448396e+00	1.456413590229961486e+01	-1.121300110541645623e+01	1.742120612581973660e+01
3.113309299655494300e+00	1.461343958939351673e+01	-1.124484113879918112e+01	1.754510231710257884e+01
3.119590662867241626e+00	1.466133780324978986e+01	-1.127011448202181576e+01	1.763420595773959576e+01
3.125874006820172912e+00	1.473408224778316544e+01	-1.138394526884619928e+01	1.778604604620185015e+01
3.132159251154602586e+00	1.472225827126494124e+01	-1.127353134906966936e+01	1.770746808178587273e+01
3.138439172765940643e+00	1.472215375497811429e+01	-1.113906157528133711e+01	1.771007569214008370e+01
3.144723867719826593e+00	1.483753707404712863e+01	-1.139182429654565532e+01	1.802238597092331318e+01
3.151003951258561031e+00	1.481991813453347895e+01	-1.128212093427961094e+01	1.793535921219831408e+01
3.157283664131563139e+00	1.487884162812896705e+01	-1.135138575801655492e+01	1.802634967372134511e+01
3.163569317183839935e+00	1.488074404674644668e+01	-1.121479428039065951e+01	1.797097892603378710e+01
3.169851661717792091e+00	1.494649739301998892e+01	-1.129075723895037875e+01	1.812883457668027276e+01
3.176137704316093657e+00	1.498195654042634395e+01	-1.132883301741079229e+01	1.823025764624833656e+01
3.182420924828643916e+00	1.501919675297543399e+01	-1.128323070273190787e+01	1.830216343285954039e+01
3.188702811875577581e+00	1.504208824572248027e+01	-1.126702582029101407e+01	1.826836069506109084e+01
3.194990520008989865e+00	1.508908181311475616e+01	-1.129477617179509608e+01	1.844130107599303869e+01
3.201275324656983834e+00	1.515770845504320086e+01	-1.137250906514199755e+01	1.858133445213089630e+01
3.207551352179861759e+00	1.522347147462131822e+01	-1.144358368535195858e+01	1.872806197117184013e+01
3.213835216737041645e+00	1.525828988814922660e+01	-1.139208928683129329e+01	1.874466456413198046e+01
3.220122579819103770e+00	1.513868131312222154e+01	-1.108404203798870213e+01	1.818253663913426976e+01
3.226406606618656525e+00	1.494574536657940733e+01	-1.055603232635260014e+01	1.708024339724302365e+01
3.232687390085645429e+00	1.478404106341903024e+01	-1.017226515249164898e+01	1.618840340460742411e+01
3.238969121280456331e+00	1.467106538588711118e+01	-9.823680870042343471e+00	1.540299805663580024e+01
3.245254751548589667e+00	1.460274617322073176e+01	-9.642040086593386405e+00	1.476800050399497977e+01
3.251534499036136783e+00	1.447716688954179354e+01	-9.391209789635274419e+00	1.399043159110074441e+01
3.257817780791052442e+00	1.443050427311136730e+01	-9.196057151152116305e+00	1.339519069842179100e+01
3.264102164154097263e+00	1.437222333009648878e+01	-8.994920985373145328e+00	1.287623915916601902e+01
3.270384152138468892e+00	1.430518242639047521e+01	-8.807860445094728874e+00	1.218273680325684438e+01
3.276669427476867735e+00	1.425213504721564028e+01	-8.607047434035022704e+00	1.167221313191030418e+01
3.282954688864507808e+00	1.419735265907012156e+01	-8.451060064421005436e+00	1.107073547030849703e+01
3.289237200334947264e+00	1.413411764448783003e+01	-8.298807846593101445e+00	1.053266053093297927e+01
3.295519587088236779e+00	1.411448842696028194e+01	-8.197174245978636975e+00	1.006754932089421928e+01
3.301805977329951958e+00	1.407080775634491232e+01	-8.099163198176462686e+00	9.599521144071168521e+00
3.308087486222440088e+00	1.406492676667210695e+01	-8.027292382811062055e+00	9.149696468939877647e+00
3.314367630234227313e+00	1.397319956131380891e+01	-7.791597510570829499e+00	8.530944972292676454e+00
3.320651909732194262e+00	1.396848872877519732e+01	-7.718397990723375734e+00	8.147499511919953363e+00
3.326931260376857047e+00	1.393046791693409681e+01	-7.633174565478193507e+00	7.685495336696827273e+00
3.333216512447217728e+00	1.391286525715391775e+01	-7.568538314376500153e+00	7.269106386888653404e+00
3.339504489419978128e+00	1.388035857847985888e+01	-7.384017002068731017e+00	6.740661547118148356e+00
3.345786804809928405e+00	1.384452392745434857e+01	-7.290971137741907526e+00	6.300572585270692194e+00
3.352071130016277767e+00	1.383308096900347373e+01	-7.262334388317484901e+00	5.972701200871169291e+00
3.358351496304225581e+00	1.381453427450968263e+01	-7.186370014620409918e+00	5.534970520295609653e+00
3.364630591073392019e+00	1.377511557880771775e+01	-7.071976462066512426e+00	5.070907456321632090e+00
3.370916305215045483e+00	1.376427900508383928e+01	-6.990804658760116475e+00	4.692692823930807222e+00
3.377197952029413752e+00	1.373539155110370302e+01	-6.876854794625076650e+00	4.272114592509491438e+00
3.383483063818085501e+00	1.374083003226344424e+01	-6.837660377979910997e+00	3.887602318914662902e+00
3.389769992424469969e+00	1.373538996431774351e+01	-6.761155444103940759e+00	3.555332804616010645e+00
3.396051330885982100e+00	1.370795087961519698e+01	-6.695108420255523107e+00	3.150748579980101827e+00
3.402330879139463971e+00	1.369199381850511266e+01	-6.638375958458954784e+00	2.730817894337031149e+00
3.408610488352048495e+00	1.367485358731821954e+01	-6.550390775257366904e+00	2.417441506915868121e+00
3.414897837696641236e+00	1.368040587550298426e+01	-6.574280946993066976e+00	2.042700803402091037e+00
3.421180484052105619e+00	1.365687293255289347e+01	-6.438001823255729228e+00	1.668358724563443252e+00
3.427461639653846870e+00	1.362713485978941641e+01	-6.369691301660192373e+00	1.265810467338650103e+00
3.433749159643459059e+00	1.362231390210894233e+01	-6.306803081316822990e+00	9.692340452971728304e-01
3.440032646656798310e+00	1.362607124670477177e+01	-6.270217169633111709e+00	6.573876335624324607e-01
3.446313366033385339e+00	1.362786354104404829e+01	-6.234939341517630851e+00	2.840770993304744252e-01
3.452600135384134905e+00	1.360803925896906819e+01	-6.142694661609221285e+00	-7.396710206987903991e-02
3.458883152815406703e+00	1.361027432449036922e+01	-6.100284453429580367e+00	-4.325172830114802358e-01
3.465163834403715448e+00	1.361628006303236837e+01	-6.075145767154785936e+00	-6.730922750925957265e-01
3.471449329786229221e+00	1.358440051124411596e+01	-5.899906581334001920e+00	-1.120334381802305490e+00
3.477734476754053894e+00	1.358256425797345379e+01	-5.968496912533079346e+00	-1.379840334913388755e+00
3.484019652467224226e+00	1.356261655173226544e+01	-5.818436541323349864e+00	-1.813837546920587851e+00
3.490297019369712928e+00	1.357976152819957072e+01	-5.845515338638983316e+00	-2.012246241863655971e+00
3.496582486484379970e+00	1.358129442432236011e+01	-5.846868886919926567e+00	-2.291133246712192761e+00
3.502868048046865024e+00	1.356991721712692112e+01	-5.715615120048577857e+00	-2.682553672345000084e+00
3.509144649545451244e+00	1.356636134725377651e+01	-5.699634832155294539e+00	-2.962655180420329160e+00
3.515428082003116295e+00	1.358531939252653942e+01	-5.592330194132534515e+00	-3.265529297177266255e+00
3.521711031624695565e+00	1.358750617316956344e+01	-5.641248069262481124e+00	-3.520535330104143323e+00
3.527991850954735664e+00	1.356631874241840308e+01	-5.514571260439553591e+00	-3.923138098642326987e+00
3.534275545726699885e+00	1.356303253493737593e+01	-5.473145731046238360e+00	-4.257491733678122614e+00
3.540562632020772149e+00	1.358732311818777383e+01	-5.489940804940142804e+00	-4.462449990155404222e+00
3.546844410757220789e+00	1.356933182623414602e+01	-5.372231676587233551e+00	-4.839687281490747672e+00
3.553131386753758836e+00	1.356971710270990883e+01	-5.410367226127916318e+00	-5.029103349655319022e+00
3.559419203211965144e+00	1.358670131630895739e+01	-5.295972138149265263e+00	-5.353749030411957932e+00
3.565697971577579839e+00	1.358692797770891048e+01	-5.328196839722467715e+00	-5.619817805891216267e+00
3.571979559134798254e+00	1.359577659415848494e+01	-5.322652550765227808e+00	-5.834595017570983977e+00
3.578265774595833726e+00	1.358808280517730260e+01	-5.171185889541445313e+00	-6.259124667374614148e+00
3.584548309769353125e+00	1.361780917207648223e+01	-5.192531126912693473e+00	-6.487869003482177988e+00
3.590826843920031486e+00	1.358938097924159649e+01	-5.093763144442621460e+00	-6.855858909467401396e+00
3.597107306745233934e+00	1.360173534268210283e+01	-5.131333475861326932e+00	-7.031097893960097878e+00
3.603392831792229245e+00	1.360732658536271344e+01	-5.080049403240124661e+00	-7.303673007323538968e+00
3.609673209822572559e+00	1.361850770995704885e+01	-5.078504066743290579e+00	-7.555191075814208901e+00
3.615955412133016189e+00	1.363433536436597038e+01	-4.996615010068444107e+00	-7.885630712639331463e+00
3.622241607772384686e+00	1.360619418925270274e+01	-4.953515481244458840e+00	-8.121463176396297001e+00
3.628520252736676444e+00	1.365792718071445400e+01	-5.003876742116602827e+00	-8.277202021404546528e+00
3.634804827569451113e+00	1.364852587292158503e+01	-4.889660570169954035e+00	-8.642954034775288008e+00
3.641094981788862928e+00	1.367763233110953536e+01	-4.879831524422117539e+00	-8.866623820496183583e+00
3.647383514928639325e+00	1.365319445781053886e+01	-4.802396731445413458e+00	-9.224858951740822377e+00
3.653663283927725658e+00	1.366899245648090222e+01	-4.787034987317611012e+00	-9.481281836420476949e+00
3.659943504072155296e+00	1.368985138089971976e+01	-4.781343587980221521e+00	-9.663724494058198999e+00
3.666232000281138603e+00	1.369647619022001450e+01	-4.773702699107214897e+00	-9.860536178538207963e+00
3.672514211678317597e+00	1.372007669891717185e+01	-4.774435605295376028e+00	-1.011268501121416286e+01
3.678794154686042539e+00	1.372207145005787687e+01	-4.677919896544310063e+00	-1.043413253197618218e+01
3.685078621861909820e+00	1.373250672923974136e+01	-4.699254197324473914e+00	-1.067386346436322420e+01
3.691359210097977961e+00	1.373535324577622596e+01	-4.599321611703546253e+00	-1.096488760133522256e+01
3.697642368173791105e+00	1.376186959412089195e+01	-4.606574115561663518e+00	-1.115969433039298941e+01
3.703925796735277665e+00	1.379458793756029422e+01	-4.614164767033916981e+00	-1.131224246218888219e+01
3.710208240364660348e+00	1.376030378728171755e+01	-4.518352358055794049e+00	-1.169461886129929695e+01
3.716494593122387169e+00	1.380753345817650590e+01	-4.507477785541571969e+00	-1.191553004508026525e+01
3.722775386659595398e+00	1.380280448885813094e+01	-4.443103206875117728e+00	-1.217166641769543034e+01
3.729058392883481510e+00	1.384503999260060603e+01	-4.481654098024716149e+00	-1.238468350550554220e+01
3.735339748210807720e+00	1.385826294842131112e+01	-4.455017215291548816e+00	-1.261955886047784503e+01
3.741620776392969638e+00	1.383961475661722140e+01	-4.376898362374215701e+00	-1.289710216317619818e+01
3.747904795418762980e+00	1.390488398991235641e+01	-4.419631516386981929e+00	-1.304534287170773155e+01
3.754190633281219380e+00	1.391518579180691262e+01	-4.358917225884007429e+00	-1.337308558121529956e+01
3.760478208018912749e+00	1.389074824864095348e+01	-4.305141082352772486e+00	-1.359468744559716313e+01
3.766755538573464346e+00	1.392338546788326425e+01	-4.265954428655694741e+00	-1.385067021435702195e+01
3.773032090135151506e+00	1.392651591018472601e+01	-4.202695032748615667e+00	-1.410223924673240603e+01
3.779322553012896879e+00	1.401607929985731360e+01	-4.360205078914758836e+00	-1.416200988834167873e+01
3.785609109731308930e+00	1.400701618921895175e+01	-4.219065149464088726e+00	-1.451420838792938106e+01
3.791889825936295200e+00	1.401644906158310633e+01	-4.163536237663810091e+00	-1.479156833631473233e+01
3.798174822702435893e+00	1.402566388537530351e+01	-4.204881962315940136e+00	-1.490607526901439073e+01
3.804458658753491651e+00	1.402674889647524203e+01	-4.132251371909122284e+00	-1.525108835639868232e+01
3.810738438095723435e+00	1.409140227843622384e+01	-4.222749133168909985e+00	-1.528164405952745319e+01
3.817018850285747167e+00	1.408861218332785903e+01	-4.035656240241748627e+00	-1.576871344084774229e+01
3.823305314209427763e+00	1.412773112800125475e+01	-4.094865177113706345e+00	-1.584221865397959661e+01
3.829591295197792178e+00	1.415706530561461030e+01	-4.050086946726625392e+00	-1.612292600329176651e+01
3.835872296070849341e+00	1.413470437814014424e+01	-4.022117262138582561e+00	-1.636360534481210038e+01
3.842156279590906109e+00	1.423266145835152230e+01	-4.110484576183670136e+00	-1.643210155799331673e+01
3.848441511099312429e+00	1.419646331298646480e+01	-3.897304727911243827e+00	-1.691996706490165892e+01
3.854723334376886079e+00	1.424942464479758364e+01	-4.033979491840927523e+00	-1.694502499718834443e+01
3.861004740704794713e+00	1.427407163892760700e+01	-3.963307719444559396e+00	-1.719922253304206450e+01
3.867284336650660848e+00	1.431361441637671916e+01	-3.996530737035812741e+00	-1.738535069007042111e+01
3.873567367678779849e+00	1.434163331120717366e+01	-3.976040934465116639e+00	-1.757888329509833980e+01
3.879850662830422792e+00	1.434027046740527744e+01	-3.895526025041764928e+00	-1.791396983683389976e+01
3.886137063198143338e+00	1.441031445632051344e+01	-3.988086173533282874e+00	-1.800268797084046923e+01
3.892419463049126005e+00	1.440733706153614158e+01	-3.878618276124565778e+00	-1.830060034790422563e+01
3.898703740328622658e+00	1.444324448278659645e+01	-3.846272269334519933e+00	-1.852329304630568885e+01
3.904991458788179326e+00	1.449239289411409004e+01	-3.885360733269297207e+00	-1.869545789216819642e+01
3.911270842222104083e+00	1.449378287801789433e+01	-3.744417843646607125e+00	-1.907255370853986776e+01
3.917549806479573071e+00	1.454490443367033947e+01	-3.825777271075636143e+00	-1.915192362802516257e+01
3.923836006203090587e+00	1.457077650435417304e+01	-3.728714053203132650e+00	-1.954114145188981055e+01
3.930121452497870926e+00	1.463232860349284259e+01	-3.779089969149272754e+00	-1.967592098265843603e+01
3.936398172858230460e+00	1.462748572157492610e+01	-3.818524845091371134e+00	-1.975209521623597198e+01
3.942683040425962293e+00	1.464248876447375913e+01	-3.694286596429644298e+00	-2.012397449961319751e+01
3.948974759704379611e+00	1.472972357445352998e+01	-3.746995788942615757e+00	-2.028311148511746609e+01
3.955259227995065352e+00	1.469065754638353383e+01	-3.635888243295227529e+00	-2.060044515828704803e+01
3.961537174921395454e+00	1.478204580238236865e+01	-3.721050389926479962e+00	-2.069667537674570568e+01
3.967820217617139544e+00	1.476859815109126473e+01	-3.635509258994579884e+00	-2.100422153272269199e+01
3.974105559832568968e+00	1.483543614308593916e+01	-3.669905713860782459e+00	-2.110041596552253651e+01
3.980384727931198352e+00	1.487295116304808396e+01	-3.651514585395741808e+00	-2.135720444636579884e+01
3.986664590839849698e+00	1.488964157087355211e+01	-3.569123264336727885e+00	-2.168519354942974076e+01
3.992949619150675034e+00	1.498858043915014804e+01	-3.640487603619744217e+00	-2.181668024183943544e+01
3.999235075769965952e+00	1.497466929583045214e+01	-3.553350877648738582e+00	-2.212529076382274340e+01
4.005515715515433506e+00	1.502433246608998374e+01	-3.591477600014001847e+00	-2.225288162879951770e+01
4.011798434346478537e+00	1.504248233167029092e+01	-3.568022780137285022e+00	-2.247554248433943158e+01
4.018083716245132386e+00	1.510360156106017371e+01	-3.510393265851437405e+00	-2.279837306177354961e+01
4.024365700052603856e+00	1.513182711497162458e+01	-3.601116583937909343e+00	-2.279123509911712731e+01
4.030643960839860540e+00	1.515407076752536319e+01	-3.465096352176233019e+00	-2.322037489411496125e+01
4.036928708926215137e+00	1.523982188521338266e+01	-3.479986583179064841e+00	-2.345638522354045463e+01
4.043218157412017177e+00	1.525007215361717172e+01	-3.430233097925682095e+00	-2.369977316599893058e+01
4.049503019487663558e+00	1.530341886590832523e+01	-3.428920557746090836e+00	-2.398719292959507499e+01
4.055781898960511000e+00	1.538330016931800159e+01	-3.502149128739494355e+00	-2.404066643444694051e+01
4.062060795621602161e+00	1.537442621979299950e+01	-3.335434262737113187e+00	-2.449367371707959506e+01
4.068347865354716042e+00	1.547659704494711264e+01	-3.456630494553190047e+00	-2.455851709565792618e+01
4.074631027173265529e+00	1.550608390147731264e+01	-3.426940786991801158e+00	-2.479939789103188730e+01
4.080910837526078971e+00	1.553192567137823232e+01	-3.457753764021727516e+00	-2.491777448526063665e+01
4.087201203341442657e+00	1.561155363655643136e+01	-3.397231729112302201e+00	-2.529843306040553230e+01
4.093486818591942189e+00	1.558014243124056719e+01	-3.252482400977588117e+00	-2.566414784616083011e+01
4.099764387336505500e+00	1.571047105552210432e+01	-3.398974907144613589e+00	-2.569997575146496160e+01
4.106049166937662420e+00	1.569270261721904269e+01	-3.288482325633209413e+00	-2.606030050359834505e+01
4.112334559041358695e+00	1.582114153809024870e+01	-3.389131189482993634e+00	-2.616871088089829200e+01
4.118618926059533614e+00	1.581210878662569108e+01	-3.269675552602944624e+00	-2.652929857897386867e+01
4.124898942031112625e+00	1.585688751753965064e+01	-3.228786584189307529e+00	-2.684197640450180700e+01
4.131175432561665417e+00	1.593016256372918882e+01	-3.296469655457455961e+00	-2.691753564746987948e+01
4.137461563786142271e+00	1.593782143612920343e+01	-3.193160470802021589e+00	-2.731113778319224750e+01
4.143746006210170307e+00	1.603871428650309383e+01	-3.271280005143152092e+00	-2.739939848098978459e+01
4.150029800482964326e+00	1.605092630397663456e+01	-3.226407512490403473e+00	-2.771068923187293365e+01
4.156313390684649001e+00	1.610724812321564414e+01	-3.182101552425044222e+00	-2.796965699928232496e+01
4.162596105843763716e+00	1.618718162873934929e+01	-3.176633448412071736e+00	-2.825152725394653785e+01
4.168881843141768684e+00	1.623196241429614872e+01	-3.163084764645789360e+00	-2.851665798069747737e+01
4.175162111073220217e+00	1.634533850988966108e+01	-3.241086056053406939e+00	-2.866445092705602349e+01
4.181448573417560155e+00	1.634372890920250043e+01	-3.136063961098043418e+00	-2.903944941047734574e+01
4.187738782464171194e+00	1.642457951726884247e+01	-3.162507436085146395e+00	-2.921660341962770246e+01
4.194017437180169061e+00	1.648686921687002993e+01	-3.146383823429553139e+00	-2.949627507535082671e+01
4.200293572701767175e+00	1.645335804351959297e+01	-3.046954349101920645e+00	-2.979176435932609124e+01
4.206580195481546269e+00	1.658135917505394019e+01	-3.065652766290229092e+00	-3.001996822067933124e+01
4.212860644652220543e+00	1.655027495606420018e+01	-2.916880450486160736e+00	-3.049331088114513477e+01
4.219138153430114002e+00	1.670395539004353225e+01	-3.117473911741257098e+00	-3.046788911265100097e+01
4.225426162098283811e+00	1.672984091069128354e+01	-2.945356570268733876e+00	-3.098540755528471280e+01
4.231713506719782636e+00	1.679430324088966486e+01	-3.036549067859185325e+00	-3.107342363925051387e+01
4.237990056577191744e+00	1.688182978883773799e+01	-2.988891303472968719e+00	-3.145415896695631019e+01
4.244267783646744618e+00	1.688157693584506447e+01	-2.850829068560148727e+00	-3.187834001200775447e+01
4.250560660182562955e+00	1.704349114338115001e+01	-3.054132001090929638e+00	-3.188604837254028368e+01
4.256847734842668096e+00	1.701676199623355856e+01	-2.884080661070119511e+00	-3.233836493693191017e+01
4.263127100734456221e+00	1.709829507473282817e+01	-2.922402847267457027e+00	-3.251771666599186972e+01
4.269406860432507500e+00	1.716775828259047287e+01	-2.883460469782004321e+00	-3.286101115510128778e+01
4.275691671482192646e+00	1.720238118945454175e+01	-2.860744777697970864e+00	-3.315929412632689832e+01
4.281972414189518794e+00	1.730050218421240871e+01	-2.903394174898308755e+00	-3.336545227756879228e+01
4.288253516806755705e+00	1.727565257815218303e+01	-2.762832717316465292e+00	-3.379077907161342154e+01
4.294540520160492925e+00	1.738979283291134692e+01	-2.844377043443794939e+00	-3.391954969393252384e+01
4.300825742921731809e+00	1.747519482086078924e+01	-2.784182597284631022e+00	-3.437614712236474190e+01
4.307109835491901961e+00	1.750787229992192806e+01	-2.704840644087000978e+00	-3.472313961299458640e+01
4.313390926478413157e+00	1.758754856707172820e+01	-2.862054713424653674e+00	-3.469893657890133198e+01
4.319667979480563247e+00	1.756791610905519363e+01	-2.622860077560763781e+00	-3.540579670098124154e+01
4.325952598143786076e+00	1.775742463879108257e+01	-2.850563322617817086e+00	-3.529294577515913289e+01
4.332241647035422361e+00	1.774832398487356855e+01	-2.606302596945586636e+00	-3.604816472204035449e+01
4.338524445619096781e+00	1.785508930471831590e+01	-2.677154081991447221e+00	-3.623453900647704984e+01
4.344809348131129845e+00	1.785989818349965219e+01	-2.560798232936797980e+00	-3.661078595639295941e+01
4.351090699193166600e+00	1.793163254561634545e+01	-2.436164468274888417e+00	-3.726648954742262276e+01
4.357369710808320029e+00	1.802963526785938342e+01	-2.581347351460431927e+00	-3.718478473504828230e+01
4.363659348967174445e+00	1.801402259507235826e+01	-2.427903603969497226e+00	-3.771219107666651382e+01
4.369947418280990981e+00	1.813224155714134866e+01	-2.554213951856835418e+00	-3.784463734091575304e+01
4.376226569265827315e+00	1.817456472799866418e+01	-2.443935194267800703e+00	-3.828241891844567846e+01
4.382499356631129217e+00	1.824205460527090850e+01	-2.338027609731380796e+00	-3.888610163802999864e+01
4.388784975178015024e+00	1.833584301301910457e+01	-2.402768215813809949e+00	-3.907052846887808073e+01
4.395068696309480494e+00	1.824843619450932763e+01	-2.222833590106226609e+00	-3.955585540326935501e+01
4.401347962382031298e+00	1.846879063714473546e+01	-2.408238295224372383e+00	-3.966664312835032291e+01
4.407628405096517099e+00	1.843027060736976708e+01	-2.171496548643162772e+00	-4.033106247260613486e+01
4.413915862185140426e+00	1.848983623584715374e+01	-2.188777602033537661e+00	-4.062352438011880906e+01
4.420203163534264235e+00	1.860439616951443398e+01	-2.188583566282331638e+00	-4.098728979818728391e+01
4.426480311003382795e+00	1.847379233304552670e+01	-1.844761490107947655e+00	-4.177163922248993799e+01
4.432765973643649104e+00	1.869908481948324308e+01	-2.290389584844869209e+00	-4.127756031645886736e+01
4.439053392023870614e+00	1.865182406991523223e+01	-1.738479349154382847e+00	-4.279534348947539257e+01
4.445336141335588742e+00	1.881428706975634313e+01	-1.968775109244057742e+00	-4.274511162379494067e+01
4.451617241414883352e+00	1.876913794298045346e+01	-1.836758338689945314e+00	-4.326413574068445200e+01
4.457901500730311106e+00	1.875335026399810445e+01	-1.743048307358670224e+00	-4.367208205762527484e+01
4.464189501093017043e+00	1.893720561425573123e+01	-1.741139962226352811e+00	-4.420646682104955261e+01
4.470470197548729985e+00	1.881865407473637930e+01	-1.440154916554137632e+00	-4.497152172657069968e+01
4.476748044268524573e+00	1.900241357033998923e+01	-1.708596325504668778e+00	-4.484909156867394842e+01
4.483035990164653484e+00	1.884749608272805332e+01	-1.323832291117772231e+00	-4.579533409206523942e+01
4.489323331650528104e+00	1.898072039208950201e+01	-1.356663055241135396e+00	-4.618000696367110436e+01
4.495599111667934800e+00	1.887905592497784468e+01	-1.257531321957660930e+00	-4.650503877582566048e+01
4.501870922878794090e+00	1.885056063750554856e+01	-1.013061787767053135e+00	-4.732442779034771263e+01
4.508155162877705457e+00	1.898326684458428915e+01	-1.190410825179901932e+00	-4.742564774110904580e+01
4.514446451153479423e+00	1.890938055530826034e+01	-9.455853108829297415e-01	-4.826356425675960793e+01
4.520723894043856994e+00	1.894433970078979357e+01	-9.658507256986418321e-01	-4.856008160231752413e+01
4.527003782460155890e+00	1.883821362484516015e+01	-6.653950721054137096e-01	-4.939699674592471013e+01
4.533293086610313161e+00	1.886031479792055165e+01	-5.657969273218212969e-01	-4.997611860064815659e+01
4.539578989864040182e+00	1.882707707415466913e+01	-5.013829619746058563e-01	-5.044551159164139165e+01
4.545857164866476730e+00	1.876634754670784488e+01	-3.518428751603845384e-01	-5.107425794334490377e+01
4.552138955546025656e+00	1.873787714604290500e+01	-2.312927063742271638e-01	-5.163169624142436476e+01
4.558432046889146605e+00	1.875385822700766525e+01	-1.736640891526025909e-01	-5.223430893606608549e+01
4.564713463378488711e+00	1.876503561078356697e+01	-9.134409277587078602e-02	-5.267292817421400031e+01
4.570987274133244682e+00	1.875890851925444736e+01	-4.064952036726664913e-02	-5.307928549236448390e+01
4.577274818151045643e+00	1.879604486163007238e+01	-5.523365925388310643e-02	-5.345826033056285098e+01
4.583563263889338657e+00	1.881952742616756780e+01	-9.115009676891898394e-02	-5.378641913487257398e+01
4.589844917004465508e+00	1.889956367594124842e+01	-7.501976239231708532e-02	-5.428160952889403035e+01
4.596126259982004747e+00	1.889291918583367291e+01	-5.856848450606946116e-02	-5.459517875700053224e+01
4.602409075598298926e+00	1.891740585705399980e+01	-1.227392619004967766e-01	-5.482394458094800882e+01
4.608696634867644804e+00	1.898735284592004646e+01	2.410382175639091268e-02	-5.543600504156869846e+01
4.614977646498861219e+00	1.904800721951971099e+01	5.114265762011679234e-02	-5.593445528514640586e+01
4.621258953029527383e+00	1.905618722339258042e+01	-1.963901911346624049e-02	-5.606571453037822295e+01
4.627547993978874175e+00	1.912726349709169682e+01	4.590939613208895598e-03	-5.658679896701765699e+01
4.633830152730579854e+00	1.918512926151770870e+01	-2.359597725104286420e-02	-5.696850384349789209e+01
4.640104005367354567e+00	1.934140967910450115e+01	-2.683338782301498970e-02	-5.759204410035277988e+01
4.646382060386754276e+00	1.933456739139957037e+01	-1.609988717060325397e-02	-5.782731687184215019e+01
4.652674213731970987e+00	1.940877943195329536e+01	6.670268611358157705e-03	-5.830077820443379721e+01
4.658958291796220230e+00	1.954566695730428805e+01	1.024172886791084418e-02	-5.886758462079915688e+01
4.665233615070169648e+00	1.950211467703553225e+01	2.367753075122729783e-02	-5.903648287642326409e+01
4.671520675710307380e+00	1.959434501760884828e+01	3.802528048519287444e-03	-5.946164283596803557e+01
4.677814351732177300e+00	1.973228491897489789e+01	-1.864153080051004358e-02	-6.002768507523601471e+01
4.684093699744638073e+00	1.967849571990112878e+01	5.339940751085695859e-03	-6.005664615579694754e+01
4.690368661472568590e+00	1.985541010088844516e+01	-1.476509442482619797e-02	-6.078863637611881643e+01
4.696663270746453733e+00	1.988104148047500175e+01	-1.312958090997422451e-02	-6.107344630005726316e+01
4.702945459248681459e+00	2.003945571998757913e+01	-1.580116951744197501e-02	-6.170134855672318963e+01
4.709209170841929470e+00	1.998172550481113063e+01	-1.095436798115138714e-02	-6.167571555369866587e+01
4.715491634753063543e+00	2.011059282247266822e+01	-3.439288337806256646e-02	-6.227573279839647569e+01
4.721784316284933780e+00	2.020413293006803457e+01	-1.048298184908417856e-02	-6.276727129729813726e+01
4.728063062331094635e+00	2.027462322222556068e+01	1.856319162418098093e-02	-6.316251287928771063e+01
4.734337423381671073e+00	2.035480689732364468e+01	2.384380056727669617e-02	-6.358380618904512005e+01
4.740627024094544062e+00	2.048211242764591944e+01	-1.454195933274927098e-02	-6.412976678923865848e+01
4.746914995664547554e+00	2.051082086443892294e+01	3.479315901392068811e-02	-6.445037651739660589e+01
4.753194740071086777e+00	2.058950225008634760e+01	3.503832723877802011e-04	-6.474922827651461432e+01
4.759478891864783456e+00	2.068473360261281258e+01	1.049617445600636682e-02	-6.525874914676468563e+01
4.765762396877359031e+00	2.078319633490693974e+01	7.574187983371080679e-02	-6.579961258330204998e+01
4.772049481246195768e+00	2.092032323221830836e+01	3.214817840841809049e-02	-6.631116461014288177e+01
4.778335091022592351e+00	2.097942875182603117e+01	-1.014113139115261665e-02	-6.662153165361850427e+01
4.784610831402393849e+00	2.109169533080062919e+01	-5.023970867714895594e-02	-6.707307044255021822e+01
4.790907306208476157e+00	2.115869032769846925e+01	-1.410045580419490990e-02	-6.748024959006325219e+01
4.797204047706418173e+00	2.121305696738922819e+01	2.949776953423217593e-02	-6.786039313968200304e+01
4.803470827697504220e+00	2.142447075913346666e+01	-3.545486095619374001e-02	-6.862327628798723822e+01
4.809748850577324042e+00	2.135421578518606722e+01	2.554688835406985700e-02	-6.860770659585797659e+01
4.816045316586602176e+00	2.153386271983714551e+01	-4.523183197294276467e-03	-6.923637113675599153e+01
4.822329240673497885e+00	2.162395309221768258e+01	7.127986966828801785e-02	-6.980001277171577101e+01
4.828596758226470165e+00	2.180518834035996534e+01	-2.256731914908645734e-02	-7.037439897783040976e+01
4.834890332961369275e+00	2.185732449801244925e+01	1.240699814712968758e-02	-7.072282609548445009e+01
4.841191655056394261e+00	2.197548297168967579e+01	1.981732517960408876e-02	-7.125494478356361583e+01
4.847460407468000554e+00	2.204034149135179987e+01	3.664923142609299855e-02	-7.160402831457832917e+01
4.853732128521334843e+00	2.215358055037462393e+01	-4.183426059422993420e-02	-7.199517495564961678e+01
4.860029138783373170e+00	2.222519254721573034e+01	-1.831092539378880585e-02	-7.244372508827211732e+01
4.866314601732018019e+00	2.250481241121222098e+01	3.682483509456425247e-02	-7.353248825823409618e+01
4.872587026269203925e+00	2.254984249239954153e+01	-7.234664299958279421e-02	-7.363290975474559730e+01
4.878874221748241702e+00	2.263207588162117645e+01	-2.129367518899256961e-02	-7.410883269924033812e+01
4.885171078138658807e+00	2.274004322709381398e+01	-3.993195534993113083e-02	-7.458501926314447417e+01
4.891450629931857641e+00	2.288360680334404051e+01	-1.461764987247782775e-02	-7.517150635632110323e+01
4.897716482750221978e+00	2.299232656661695273e+01	-2.861665674332459011e-02	-7.562637348317292663e+01
4.904002834596266069e+00	2.302222470254763920e+01	-2.008199310929948203e-02	-7.590803391305327352e+01
4.910295858205786068e+00	2.334550208408610672e+01	-3.764632527517609156e-02	-7.703323178964065221e+01
4.916575188115905881e+00	2.344619465283056670e+01	3.633419106165448192e-02	-7.752204663494006809e+01
4.922847946197084212e+00	2.355841280478313138e+01	-2.203682317575319030e-02	-7.798564123049820296e+01
4.929131667457151700e+00	2.368410882584352350e+01	3.213039960388592436e-02	-7.859326955228594613e+01
4.935434460144239033e+00	2.379680791998219291e+01	3.743145763830229428e-02	-7.906827649992452223e+01
4.941718513303545279e+00	2.403803370095041814e+01	3.648438730032145527e-02	-7.995693324087606868e+01
4.947978624761803168e+00	2.407899555803852820e+01	3.032355530140727964e-02	-8.021416305993497531e+01
4.954274999209829389e+00	2.426017839471694870e+01	2.424660704239717940e-02	-8.090065583193897680e+01
4.960571094729937514e+00	2.450787243161080653e+01	-4.228649852434508520e-03	-8.177633227973181818e+01
4.966823207626954506e+00	2.460142939504875415e+01	3.722709677321022620e-02	-8.227488491575948615e+01
4.973097418390337587e+00	2.468567121360277028e+01	1.869732766567074392e-02	-8.261645961502235025e+01
4.979415129936382023e+00	2.505193942566108944e+01	-4.343888112137590796e-02	-8.388370082722921950e+01
4.985702082330368157e+00	2.488090432471745928e+01	-3.280362095537138478e-02	-8.343850972828761314e+01
4.991949985828016523e+00	2.527737626702673523e+01	5.401689100947039412e-02	-8.493634930380729031e+01
4.998241586316924057e+00	2.538175952324897366e+01	1.613575135397715687e-02	-8.535506351957974402e+01
5.004556635606089543e+00	2.556437996858392836e+01	-1.416323401492487928e-02	-8.602932201000957946e+01
5.010828655701208945e+00	2.573010288597824413e+01	1.168404939595778062e-02	-8.669910016555549248e+01
5.017077229702536556e+00	2.609901441784087339e+01	-5.430836195554532286e-03	-8.798866097520189555e+01
5.023374414758113637e+00	2.610208744626997657e+01	4.436829255054720866e-02	-8.816885782929124105e+01
5.029688873569548413e+00	2.613523335107315049e+01	-4.675396093198269480e-03	-8.833372058944740957e+01
5.035958413584124216e+00	2.634874616376913181e+01	3.901210672816635139e-02	-8.915387178678460600e+01
5.042232667658486989e+00	2.655134789178596222e+01	1.037043064224992817e-01	-9.002323496562887328e+01
5.048528755870775875e+00	2.672048717680494434e+01	3.975466228336154567e-02	-9.063802393700269988e+01
5.054821121427484520e+00	2.695978267502357184e+01	-6.026497163438354447e-03	-9.144571355586518280e+01
5.061069509814582368e+00	2.717849110932464640e+01	1.451257994130400984e-02	-9.230789747303228410e+01
5.067347812754101177e+00	2.719575424554454202e+01	-5.730532931855435858e-02	-9.235492820874080167e+01
5.073675050630431116e+00	2.726740214557156605e+01	5.350294066491907696e-02	-9.284459436471490790e+01
5.079945928388977627e+00	2.789029653681987853e+01	-8.274225826366700398e-03	-9.494114693564142726e+01
5.086192992546071601e+00	2.789447155604743855e+01	-4.826430017281359286e-02	-9.497631666045855070e+01
5.092484128970163226e+00	2.809165520427712792e+01	4.953391233283286482e-02	-9.589733197820736166e+01
5.098802924706086870e+00	2.838067789560500742e+01	-2.162299816195005150e-02	-9.682783264247123611e+01
5.105078217426394005e+00	2.866458487291256318e+01	5.195921222779177617e-02	-9.797783564917773447e+01
5.111325076574067872e+00	2.860159177788498042e+01	5.581163547950236496e-04	-9.777891390545630657e+01
5.117628358851224135e+00	2.896699783889817681e+01	-1.221590776041652469e-02	-9.909530842855920696e+01
5.123935939383525984e+00	2.916120349901197883e+01	5.659968319474737060e-03	-9.985825205644161429e+01
5.130199176325612065e+00	2.966950200079826772e+01	2.721425741757949046e-02	-1.016480097141732415e+02
5.136469985878846956e+00	2.981991309977894744e+01	4.461619444252901134e-02	-1.023024937418292666e+02
5.142797788696348071e+00	2.991223648407747504e+01	-6.292279384632185057e-03	-1.026450248174882631e+02
5.149090378043822192e+00	3.011196529313948034e+01	1.740443354522351735e-03	-1.033874533965015132e+02
5.155289879840074363e+00	3.045799930783000775e+01	7.741308004010512278e-02	-1.047176563756965919e+02
5.161564521234301317e+00	3.057018803776932714e+01	3.025905416413373836e-02	-1.051555594501285640e+02
5.167916673496016244e+00	3.092804184296702985e+01	2.564234622124009211e-02	-1.064373626969884583e+02
5.174205974602950064e+00	3.124394594863714758e+01	3.215559761818011925e-02	-1.075680456220618879e+02
5.180434820793812456e+00	3.128094996153267715e+01	5.859205975828914170e-02	-1.078096462199676608e+02
5.186729096569634656e+00	3.168388111385191408e+01	-7.600493905789226790e-02	-1.091142149186453594e+02
5.193058481037780894e+00	3.187778161437369207e+01	2.059239851420103032e-02	-1.099489504833367164e+02
5.199319511444338460e+00	3.246894613853892508e+01	3.782432391628157836e-02	-1.120512623930138432e+02
5.205574295584361799e+00	3.240609471180535905e+01	1.594441857689081754e-01	-1.120408457240309161e+02
5.211894977074066126e+00	3.297346907996011112e+01	-3.645472045206778200e-02	-1.138773978574864998e+02
5.218201708336958511e+00	3.308789727672357373e+01	5.055221123007188136e-03	-1.143467076933686428e+02
5.224411911780083351e+00	3.353882794305962278e+01	5.785641712746184689e-02	-1.160215700010748918e+02
5.230677632666463239e+00	3.384250083895113193e+01	5.806802614700369569e-02	-1.171629527354927660e+02
5.237056729559757429e+00	3.395426078061716879e+01	1.799823934460530878e-02	-1.175495296983011855e+02
5.243336785035660697e+00	3.422845120335683333e+01	1.183328627863117627e-01	-1.186410223102492978e+02
5.249493476178225038e+00	3.458668130453399669e+01	5.648088157885343408e-02	-1.198454628471113068e+02
5.255787017738318134e+00	3.469553732847933958e+01	7.230717674146908136e-02	-1.203512700463645331e+02
5.262205327426889845e+00	3.529469493531088631e+01	1.210948804138408698e-02	-1.223820203601235050e+02
5.268477758348532269e+00	3.551561561296935565e+01	4.996427439366799700e-02	-1.232482573904004823e+02
5.274632213654732560e+00	3.637169617304374469e+01	7.982422294048290012e-02	-1.262647099124109218e+02
5.280950543314659740e+00	3.666602396957905086e+01	-1.608890035012842945e-02	-1.272966058613296667e+02
5.287327645024750389e+00	3.650837228573045223e+01	5.013266799412635644e-02	-1.268551909905707902e+02
5.293582359180156516e+00	3.722872466131647684e+01	8.596882183599442728e-02	-1.294022311907199594e+02
5.299789992649893478e+00	3.743253898677105695e+01	4.769857246837359843e-02	-1.301503308053740682e+02
5.306111460381987222e+00	3.757491145587971459e+01	-6.526960333097962808e-02	-1.305869784723809630e+02
5.312452717892129250e+00	3.866981073390046220e+01	1.314495847827230370e-02	-1.344855790707589449e+02
5.318650122853046724e+00	3.903448836972620484e+01	-3.159032541629722135e-02	-1.357374834577584579e+02
5.324923043129819789e+00	3.887841084258383262e+01	8.535959570665643814e-02	-1.354076094398977830e+02
5.331330237158205421e+00	3.938649526648065802e+01	1.379922221903146125e-02	-1.371377801250428092e+02
5.337586726886338617e+00	3.978326036787731823e+01	-5.371758826906759127e-02	-1.384649740447309796e+02
5.343685192440848830e+00	4.073845673455981142e+01	-2.405208815616041718e-02	-1.418462398015945496e+02
5.350070659715249199e+00	4.079233836214559972e+01	-3.714049886487174462e-02	-1.421155365476475367e+02
5.356556762554878226e+00	4.082353850703813691e+01	-5.139300377434089656e-02	-1.422318347926608340e+02
5.362691868684501095e+00	4.162729941953669055e+01	6.735717463081955514e-02	-1.451686014606067658e+02
5.368769208912516966e+00	4.176498921927602481e+01	-1.124910032392573977e-01	-1.454875238056160640e+02
5.375270137997677722e+00	4.211342361416387803e+01	-5.589712270394830290e-02	-1.468484990087027597e+02
5.381769983045385786e+00	4.376351264995614088e+01	-6.967470738684915232e-02	-1.526039211129796627e+02
5.387701030372958222e+00	4.349772358843572562e+01	8.996221898120458638e-02	-1.518365721721455373e+02
5.393786668001271600e+00	4.356700641891664105e+01	-4.935476483635192063e-03	-1.520417703430110805e+02
5.400446161099396569e+00	4.443737682381844678e+01	-1.997402356310432059e-02	-1.551227562708587584e+02
5.406957063684501463e+00	4.513689247553570283e+01	3.541919641857406431e-02	-1.576430361487709320e+02
5.412655672453426270e+00	4.554581010171634858e+01	1.043126897468800857e-01	-1.591257389331416050e+02
5.418821279260546575e+00	4.595204045470881482e+01	-2.909644923984255893e-02	-1.604821421008494724e+02
5.425690594366304076e+00	4.665214498465863358e+01	5.360497559435627168e-02	-1.630516912705295738e+02
5.432217487502165376e+00	4.706090291866249942e+01	6.863190503627782102e-02	-1.645179486287601947e+02
5.437649811577258241e+00	4.826268569234692762e+01	1.100038607149918107e-01	-1.687121419301602430e+02
5.443914404015878006e+00	4.870797157096117758e+01	-3.982370787745238144e-02	-1.701991100583585705e+02
5.450953501686320202e+00	4.861450391683180072e+01	1.255754518993258163e-02	-1.699669671610226658e+02
5.457483690405861232e+00	4.890202916228911789e+01	5.067356611063172922e-02	-1.710348866676408477e+02
5.462715250135157241e+00	5.118894534772707772e+01	3.373439461184440241e-02	-1.789665685417671455e+02
5.469033575551323523e+00	5.190884698878782189e+01	-6.205918565287887878e-02	-1.814591023403151269e+02
5.476177730420278778e+00	5.091255754727393423e+01	1.941967717957030805e-03	-1.780665090257857344e+02
5.482708935702562236e+00	5.074522678409826426e+01	-8.667490297649259323e-02	-1.774122346645295920e+02
5.487722405008360838e+00	5.333001420705839735e+01	-2.330491184075804759e-02	-1.864904323731785212e+02
5.494194284996126498e+00	5.243371153959414954e+01	3.142632868270778257e-02	-1.834557909685400148e+02
5.501391471009256406e+00	5.266972050492505275e+01	3.225738875027237690e-02	-1.842951674570980458e+02
5.507128202673079009e+00	4.963647949484312960e+01	8.035011887211441356e-03	-1.736822941807476184e+02
5.512278020050448646e+00	5.473029830261884143e+01	-9.176852232512786034e-02	-1.914024285751947900e+02
5.519395563377015534e+00	5.152227675884453362e+01	1.662510827618858197e-02	-1.803015381150994756e+02
5.526598678609708770e+00	5.908955240411463450e+01	1.016427487130977872e-02	-2.067869972643923404e+02
5.532162682462509196e+00	6.219986067093365278e+01	4.231553442389131281e-02	-2.177158907124144775e+02
5.537397124017139127e+00	6.112819077416722280e+01	5.016779467554970812e-02	-2.139762646154611900e+02
5.544582756485218589e+00	4.968268862555009946e+01	5.625012540693349883e-02	-1.739345491408030853e+02
5.551739327507637434e+00	5.424300019845550480e+01	1.771073158503896211e-02	-1.898619667956096464e+02
5.557493306674907707e+00	5.411604141101536669e+01	-3.352189726922883556e-02	-1.893685296595079137e+02
5.562281709102816940e+00	5.992471214127676404e+01	-6.641696645062446225e-02	-2.096678097847032234e+02
5.569272720323164449e+00	5.170917042777821138e+01	-1.608990577899336487e-03	-1.809799758655476296e+02
