8.899641224696953554e-03	5.127227761974129862e+03	7.757148119130606574e+03	1.557942348980513452e+04
1.507912216506557788e-02	1.430389157182250165e+04	4.544862887598573252e+03	-3.337951747138964038e+03
2.144790186456836667e-02	1.285776831621275414e+04	8.422548079855749165e+03	5.794117447778278347e+02
2.783660776489276650e-02	1.183754092834376024e+04	9.247260472931577169e+03	2.477826054049897266e+03
3.435099785803411021e-02	1.234631197621509637e+04	9.167344289307317013e+03	-4.271154228834378046e+03
4.047886761425745911e-02	1.056839821088535064e+04	6.776182627169995612e+03	-2.356044712054154843e+03
4.676716683575679601e-02	1.020290673011213585e+04	9.100549933531869101e+03	6.775467072496948049e+02
5.308225101765951665e-02	9.954552243927837480e+03	8.640850253195078039e+03	-5.503437123275565455e+02
5.945362440940590160e-02	8.006137977055041119e+03	5.152345426545305600e+03	4.490854182704637765e+02
6.576224814588792211e-02	7.448633977868390502e+03	5.844408424526252020e+03	1.066284280930126670e+03
7.196632906698736953e-02	7.525435934847465433e+03	5.215809115840771483e+03	2.828620389313451255e+01
7.827860915688347743e-02	6.806317147485834539e+03	3.990084483892052504e+03	-5.847682019934233040e+02
8.470398945834539672e-02	6.582064640700734344e+03	4.273710655618415331e+03	1.711282999836104466e+02
9.096854620527369817e-02	5.690188887539570715e+03	3.280186796714770935e+03	-5.244053941648538739e+02
9.720789776830213169e-02	5.499075752468875180e+03	4.012466539414534509e+03	2.710234346492165400e+02
1.034763038959366499e-01	4.918473677077183311e+03	2.561044324114552637e+03	3.397523514731553291e+02
1.097576444254559219e-01	4.515846377546765325e+03	2.678906461211430724e+03	2.076580257757111667e+02
1.160543084780093354e-01	4.191686797772489626e+03	2.236600894456460992e+03	1.223176889382650927e+02
1.223669666537485351e-01	3.898260676962415346e+03	2.284221122791848302e+03	6.822236708603733177e+02
1.286817263090294094e-01	3.598034206474429539e+03	1.683738788446146373e+03	-4.413897732814221087e+01
1.349500801664080818e-01	3.462837424271689088e+03	1.673704742683622499e+03	2.095743444425648363e+02
1.411949558842147678e-01	3.331876772476608039e+03	1.774458687611627056e+03	1.531220905885830064e+02
1.475133575747468451e-01	3.121447685114294018e+03	1.234755277251970483e+03	1.087710794683908659e+02
1.537865074252268427e-01	2.934073720216576021e+03	1.488204499014203293e+03	8.605085323218526128e+01
1.600657544051110326e-01	2.748027275822879801e+03	1.071474391398084663e+03	4.825699185588119633e+01
1.663991168687080635e-01	2.506488113130727470e+03	8.944664031842719396e+02	2.609642517926507708e+02
1.727195645776442856e-01	2.400026860637424761e+03	8.882141460382715650e+02	2.311033220875887082e+02
1.789765213377084718e-01	2.254767068501017548e+03	7.170606443783317445e+02	2.267533072519601589e+01
1.852353690647852158e-01	2.173199418392560347e+03	6.941890289839494699e+02	1.057951966817435761e+02
1.914806787341157279e-01	2.020543019996801831e+03	6.074058486620949679e+02	2.594847080510893989e+02
1.977889868651535599e-01	1.891384094633120412e+03	6.185692004092472871e+02	1.383841323369977943e+02
2.040937735447724277e-01	1.846228417047324228e+03	5.022828007743081002e+02	1.952167889871010402e+02
2.103939302609846018e-01	1.693787246331402685e+03	3.553365239840138656e+02	1.691078258496724231e+02
2.166909709822301688e-01	1.622032457965687399e+03	3.755867464662216548e+02	2.182153576008326468e+02
2.229700281216152047e-01	1.562940701545278671e+03	2.670191303598084005e+02	7.527432481921331942e+01
2.292620027086341994e-01	1.451762266809756056e+03	2.204624974036640879e+02	1.423843326487370575e+02
2.355141508366812297e-01	1.412282504083702861e+03	2.395207101680494759e+02	2.730027341339040845e+02
2.417910583817859116e-01	1.366747966782141475e+03	1.371493493844605496e+02	2.563884175473627351e+02
2.480856539439619257e-01	1.261297040974067841e+03	1.104100583036537984e+02	1.322135049880155577e+02
2.543492256872954549e-01	1.221071740655837857e+03	7.555218141527619480e+01	2.467205735140693150e+02
2.606334251884805386e-01	1.159757473018193878e+03	9.447066876802850288e+01	2.224080335476716357e+02
2.669257370896960802e-01	1.115170899488204896e+03	3.356229754532037646e+01	1.609933047855508335e+02
2.732423343141155980e-01	1.070384682009616427e+03	2.108704707256761068e+01	1.416267839772395973e+02
2.795529680084415936e-01	1.009662468654609825e+03	-1.794798518140098409e+01	1.353950399623942360e+02
2.858366292314493129e-01	9.734644588831039300e+02	-5.916105025172603149e+01	1.610344682144390731e+02
2.920876271394311496e-01	9.368899714288745599e+02	-5.431784650113623769e+01	1.927289349528457478e+02
2.983449844439822751e-01	8.942358423536212513e+02	-6.672805541593439216e+01	1.839871527119591121e+02
3.046382639407197446e-01	8.522844604421311487e+02	-1.077541434198530368e+02	1.981195996168803788e+02
3.109279127003197196e-01	8.260888800443600530e+02	-1.160456119032531745e+02	1.865939509340674078e+02
3.172168171618398036e-01	7.960503933774107281e+02	-1.177883962650179654e+02	2.186973213250991535e+02
3.235187567944423082e-01	7.551146610017071907e+02	-1.336939199441209780e+02	2.175315646848566757e+02
3.298168217550395687e-01	7.407548227644543886e+02	-1.527095651997103687e+02	2.370842001492881082e+02
3.361176429457156667e-01	6.980779362545554250e+02	-1.512360537308152573e+02	2.308025630298052704e+02
3.423700375709273769e-01	6.713602050032358193e+02	-1.508344747103287489e+02	2.009597682296764276e+02
3.486478192666269682e-01	6.536401302675112674e+02	-1.876421645065340726e+02	2.006826442499143468e+02
3.549411614411318028e-01	6.341361972334818802e+02	-1.909541198507469630e+02	1.867448646389792373e+02
3.611916935421040642e-01	6.142392826064526616e+02	-1.951870649428497302e+02	2.241539310829604403e+02
3.674767089563572564e-01	5.939392998703041258e+02	-2.204682078515168371e+02	2.191804230177473016e+02
3.737647795277591056e-01	5.658198826642883432e+02	-2.031403231425179285e+02	2.018166111650588164e+02
3.800654031475132477e-01	5.553458132303700268e+02	-2.281043082152461068e+02	2.001507163698806266e+02
3.863539861259823738e-01	5.313946483222485995e+02	-2.230707000155453841e+02	2.071405473696113688e+02
3.926140181364449755e-01	5.163106626612625405e+02	-2.240168516055004204e+02	2.175573516080923753e+02
3.989264500321934581e-01	4.953945116621474085e+02	-2.308627562698462725e+02	2.247928776096333081e+02
4.052073244576828714e-01	4.808556206697516586e+02	-2.223460945452351325e+02	2.061678594341653650e+02
4.114916477570477182e-01	4.691605885489245225e+02	-2.420971455596331339e+02	2.274914055026998483e+02
4.177814272116491257e-01	4.579623233125606703e+02	-2.521656999791150611e+02	2.266835205336145691e+02
4.240400648725131116e-01	4.386010244014692603e+02	-2.400246024810470828e+02	2.269788926371291495e+02
4.303425690270192283e-01	4.262552379606530621e+02	-2.399195259394886648e+02	2.117455400503425835e+02
4.366358560255625965e-01	4.116897341450265912e+02	-2.474420860621047211e+02	2.155784433008124381e+02
4.428996183220763605e-01	3.970613349966778287e+02	-2.416863558402758372e+02	2.187529488848458357e+02
4.491634418529859563e-01	3.862316614734954214e+02	-2.284258223124167557e+02	2.029877771981669525e+02
4.554414146254732731e-01	3.769137466216272401e+02	-2.424440229722729327e+02	2.220313339816709970e+02
4.617634470301058558e-01	3.650559803293109553e+02	-2.401081769514446762e+02	2.076081377967998662e+02
4.680644242023710433e-01	3.518856214018086916e+02	-2.345734831693593492e+02	2.087848365630615888e+02
4.743485242764365895e-01	3.409486526500176069e+02	-2.408833923853925683e+02	2.077339642239092257e+02
4.806356136815400082e-01	3.364460656640774232e+02	-2.482808429224126598e+02	2.078279609959943173e+02
4.869019258388697646e-01	3.276835893930690986e+02	-2.485942866510834790e+02	2.157613386034266796e+02
4.931697099599955947e-01	3.209993648952238914e+02	-2.438905128332718277e+02	2.174620321603413231e+02
4.994506747144535908e-01	3.099654679879893138e+02	-2.415155707617410030e+02	2.141615826562923814e+02
5.057159051335421429e-01	3.000348931032963264e+02	-2.381379693003637499e+02	2.071492874948732492e+02
5.119923996268095356e-01	2.909626264455840783e+02	-2.309922599794500400e+02	2.042167632991735502e+02
5.183126097768406826e-01	2.836115155316019241e+02	-2.342467579709636709e+02	1.995325613535798084e+02
5.246089638029100000e-01	2.777582312149982613e+02	-2.371478750783814462e+02	2.054371306722401869e+02
5.308757308483337267e-01	2.715665801210542440e+02	-2.389451003732108916e+02	2.019549092897397600e+02
5.371573527946726934e-01	2.654209679798883599e+02	-2.361270773343287317e+02	2.053002722725549631e+02
5.434579563783791256e-01	2.584022157702549976e+02	-2.317705254921430935e+02	2.017788304446993664e+02
5.497430652392217842e-01	2.521579699420883571e+02	-2.303037948909160662e+02	2.004853402352009653e+02
5.559937427501778773e-01	2.458076940690499157e+02	-2.296034961402443173e+02	2.026294222475381162e+02
5.622854676609657654e-01	2.409377237228885065e+02	-2.296567399963433331e+02	2.004724984264091745e+02
5.686011537227265711e-01	2.360854723939334860e+02	-2.333568647397405300e+02	2.038185661442332446e+02
5.748804589422079614e-01	2.279544978970972977e+02	-2.230514785370408219e+02	1.982812406096657583e+02
5.811550210340560296e-01	2.251956316404543941e+02	-2.249647899894557384e+02	1.996263076203420610e+02
5.874394496660968468e-01	2.189540120013046476e+02	-2.206969301230836322e+02	1.943174824906806464e+02
5.937176220296899176e-01	2.149253664499138665e+02	-2.226079994640083157e+02	1.982622827853306262e+02
5.999971954793682505e-01	2.108387791882782381e+02	-2.205515003117535002e+02	1.943703524072976450e+02
6.062679115124277596e-01	2.029693872916020609e+02	-2.142814513089327022e+02	1.880447780225085808e+02
6.125469576444534381e-01	2.023138202398509691e+02	-2.175702068361537158e+02	1.912869562990611314e+02
6.188477733041515272e-01	1.951919183128975419e+02	-2.098653753048805299e+02	1.845142023882787043e+02
6.251310567437898813e-01	1.911314968396360712e+02	-2.105229195796517274e+02	1.904716362735390476e+02
6.314027450383210560e-01	1.886264723000259949e+02	-2.106958618389566595e+02	1.904597665041275150e+02
6.377003562732055375e-01	1.845787601333004204e+02	-2.097135666097909166e+02	1.903381343797572924e+02
6.439857783314556494e-01	1.811996039194621630e+02	-2.062126530007946883e+02	1.855334340023124753e+02
6.502685417166111925e-01	1.773911871017713509e+02	-2.051170711702151834e+02	1.874180839130908112e+02
6.565586117699038216e-01	1.737613679213335161e+02	-2.028195991068565718e+02	1.839439654375669022e+02
6.628369282359254377e-01	1.691771082698650162e+02	-1.987364501733343047e+02	1.777615488773688242e+02
6.691185444962194362e-01	1.669988885084109711e+02	-2.004702198910908919e+02	1.826317705225360442e+02
6.754070198575605755e-01	1.639699998719850100e+02	-1.971636369056372757e+02	1.831500373816321030e+02
6.816835514593204692e-01	1.606085644007091275e+02	-1.960859622052757061e+02	1.799920718712206451e+02
6.879592533861698112e-01	1.574850719222866076e+02	-1.940819615964975924e+02	1.791964078965043257e+02
6.942344317039531587e-01	1.538974401687347040e+02	-1.902133089000848258e+02	1.753604156342906037e+02
7.005175402434737908e-01	1.527688983218930900e+02	-1.909483730278303426e+02	1.756684549264041948e+02
7.068124956608716758e-01	1.485387417602902360e+02	-1.860911023193800418e+02	1.719624731079869946e+02
7.131019009674921527e-01	1.460707377815664074e+02	-1.849708543802975385e+02	1.702213687408923306e+02
7.193918251171427247e-01	1.439792574145365336e+02	-1.851551479591272198e+02	1.716696301373438871e+02
7.256833807598113140e-01	1.404581413909233163e+02	-1.821260634341775813e+02	1.698208088413134362e+02
7.319652682709349989e-01	1.386319649714180287e+02	-1.807190973168138157e+02	1.686013596078829266e+02
7.382507990484923344e-01	1.363982033193165364e+02	-1.795074374610245229e+02	1.691080159458362289e+02
7.445265842115937893e-01	1.341868359412225971e+02	-1.776049168948273120e+02	1.696847639724134638e+02
7.507871101942712455e-01	1.319176485882819065e+02	-1.760809981036996987e+02	1.662931490730724704e+02
7.570758465316046459e-01	1.288205768025682119e+02	-1.726081542929913439e+02	1.630777276085753726e+02
7.633641233600957365e-01	1.271690652994591773e+02	-1.726603302115910594e+02	1.639333378997845330e+02
7.696462959862266917e-01	1.249176374134579959e+02	-1.699690860751032346e+02	1.631704295504036963e+02
7.759394865175414102e-01	1.234849001510930862e+02	-1.692654141040707430e+02	1.612967987424379714e+02
7.822329141989586843e-01	1.204578340554181466e+02	-1.650769163602926142e+02	1.587019003899314953e+02
7.885314936520240181e-01	1.200713501871996129e+02	-1.672175718207720934e+02	1.615743190281935142e+02
7.947896566979522071e-01	1.167392163262283589e+02	-1.627764098667497024e+02	1.571709131813873910e+02
8.010491096592354809e-01	1.150041823375415078e+02	-1.606829631420324915e+02	1.547738406291620379e+02
8.073364061727361651e-01	1.141039701616437867e+02	-1.621034604249298638e+02	1.578228015741010779e+02
8.136229488373866170e-01	1.109284379192114613e+02	-1.566103162787175904e+02	1.506977655631366133e+02
8.199152998961036776e-01	1.099915304256064843e+02	-1.568936653370978718e+02	1.534855301881281662e+02
8.261952636392789762e-01	1.093222215357428979e+02	-1.575077108545018518e+02	1.538527164907779934e+02
8.324897070080405914e-01	1.066827264915172861e+02	-1.536847074441127177e+02	1.513544491214435936e+02
8.387959309210778480e-01	1.045074976909261721e+02	-1.513278821192726014e+02	1.474178462231221545e+02
8.450634639703045181e-01	1.037665915482254064e+02	-1.511224028762046601e+02	1.485953213783079434e+02
8.513282867562648182e-01	1.021782811413138461e+02	-1.497303747142508996e+02	1.470472577057915657e+02
8.576198263902009566e-01	1.006016536789857838e+02	-1.480958216566379804e+02	1.465526426250580982e+02
8.639058477062415697e-01	9.979188442779984314e+01	-1.477456460225243404e+02	1.472779582216415974e+02
8.701838745487597837e-01	9.847722705335856119e+01	-1.470144966088752767e+02	1.459582354118294916e+02
8.764641096075268534e-01	9.610355497171066474e+01	-1.433145167778008897e+02	1.426248942953681933e+02
8.827503873399735745e-01	9.457392332107134791e+01	-1.412229359485017994e+02	1.410945122333837389e+02
8.890332768393869323e-01	9.365106091700715751e+01	-1.404948894551293108e+02	1.408519046226406033e+02
8.953084247113127780e-01	9.272497964455611452e+01	-1.401822817175086584e+02	1.406407158363063843e+02
9.015956521667095602e-01	9.092789829049108619e+01	-1.373922656877911663e+02	1.384910210465276350e+02
9.078833328094829680e-01	9.034372953724596300e+01	-1.375599622055761415e+02	1.388972292059784479e+02
9.141744106319863450e-01	8.946403875860372068e+01	-1.368376099431166608e+02	1.388374129221105306e+02
9.204630817717615043e-01	8.754163816991646740e+01	-1.335578998730608191e+02	1.357947912130240695e+02
9.267434415264711456e-01	8.623582793791894119e+01	-1.321893996775773132e+02	1.342015688652074630e+02
9.330324197354928906e-01	8.571789938259851738e+01	-1.322097212370292141e+02	1.348232483835718654e+02
9.393265785573878812e-01	8.458685367029833913e+01	-1.314227864091344884e+02	1.345989548330175865e+02
9.455974810398196650e-01	8.311828846441292740e+01	-1.292758981307060253e+02	1.331551076708044832e+02
9.518660018545171964e-01	8.180376063565418576e+01	-1.267707591424417615e+02	1.291259839717610305e+02
9.581413255531838757e-01	8.094526032129603266e+01	-1.262704451456357759e+02	1.295839665582827536e+02
9.644350945109106954e-01	7.975284580826102854e+01	-1.240666363800484646e+02	1.279730507743528847e+02
9.707355633568249820e-01	7.888747658624305359e+01	-1.234999353338101997e+02	1.271516552141848706e+02
9.770080768450029041e-01	7.839254702081693438e+01	-1.236602814642638890e+02	1.280175147591509983e+02
9.832823325363413414e-01	7.696117974527358285e+01	-1.217251395001206618e+02	1.261769277505187148e+02
9.895569691966674686e-01	7.627220043074365208e+01	-1.207977883527109384e+02	1.260219847494677339e+02
9.958456301921106979e-01	7.490923774294495274e+01	-1.184423765481531348e+02	1.230739215051131339e+02
1.002136210743837408e+00	7.414718226677686630e+01	-1.173863689004607664e+02	1.220801371796253676e+02
1.008404825335135424e+00	7.325769814952866454e+01	-1.163951353633379995e+02	1.217026894764447320e+02
1.014694149836243398e+00	7.217363664828314995e+01	-1.147176032677031259e+02	1.200484799221583501e+02
1.020992555437297167e+00	7.185328032172829182e+01	-1.148250037362487461e+02	1.209488282992677455e+02
1.027273980437394485e+00	7.097832469809006284e+01	-1.140747696711158738e+02	1.200458468073613290e+02
1.033559181896017254e+00	7.023401808290063286e+01	-1.132309031140499798e+02	1.196548408766644798e+02
1.039847557392594934e+00	6.935067386828028191e+01	-1.119132086368889958e+02	1.188274132004615922e+02
1.046126974943305088e+00	6.861528059928227208e+01	-1.106660531402727372e+02	1.170386568544640937e+02
1.052403436811028659e+00	6.746492161170110080e+01	-1.088709849425951717e+02	1.150234777628968601e+02
1.058680704651608684e+00	6.620845939675794511e+01	-1.065292474875514870e+02	1.130541506213470058e+02
1.064964333065789193e+00	6.654620235889375124e+01	-1.078488913954669073e+02	1.150802294659526410e+02
1.071256777440835473e+00	6.592285611111140042e+01	-1.073427206077190448e+02	1.149081490459665815e+02
1.077544048801078125e+00	6.463672132807278103e+01	-1.049720784717896294e+02	1.124497146574463358e+02
1.083824820188043603e+00	6.404829244287687118e+01	-1.041524149076155084e+02	1.114157178064462954e+02
1.090108023942816695e+00	6.354231805626645269e+01	-1.036150252287903584e+02	1.110356696751375978e+02
1.096389665956643222e+00	6.287281052424162908e+01	-1.027354303000513767e+02	1.106163494572568737e+02
1.102681132058841440e+00	6.202659287521275644e+01	-1.016944904989334475e+02	1.095797070153680295e+02
1.108963047594879958e+00	6.146179320978552596e+01	-1.010712449749201625e+02	1.088741400963879897e+02
1.115225428463759272e+00	6.089795564719130283e+01	-9.989538253645180532e+01	1.077778962078660641e+02
1.121502127614767863e+00	6.000766921654081898e+01	-9.854405506652615543e+01	1.068049742120976902e+02
1.127792573824792033e+00	5.948930953537735178e+01	-9.796468995760652376e+01	1.061127198073560862e+02
1.134089552668382961e+00	5.830630430691329025e+01	-9.556331088798489759e+01	1.033576980276217654e+02
1.140364049650405942e+00	5.820215051415893726e+01	-9.564636091294960352e+01	1.039289597555863764e+02
1.146639180320979445e+00	5.752450203027224518e+01	-9.467454071599372867e+01	1.030920783880811484e+02
1.152942412991649901e+00	5.685660576356770690e+01	-9.364709056157195732e+01	1.021759857821749904e+02
1.159228906751078814e+00	5.645320917692279039e+01	-9.325931105413727096e+01	1.018918979741147979e+02
1.165508721887268173e+00	5.593066233198930348e+01	-9.251044447544073535e+01	1.008769383416601784e+02
1.171793076256210320e+00	5.556429159639036186e+01	-9.208283597124199105e+01	1.009520636736363315e+02
1.178087436369658958e+00	5.533128069911584390e+01	-9.205421543729332257e+01	1.010124709677337904e+02
1.184367654251526902e+00	5.464095665516309452e+01	-9.086906596877024356e+01	1.001651506667547693e+02
1.190634642299266632e+00	5.374273950932781219e+01	-8.889167632468398494e+01	9.790958491171777212e+01
1.196912208834400859e+00	5.347396294427113617e+01	-8.881066602659952025e+01	9.810725884862407042e+01
1.203201577354146234e+00	5.293994183290811151e+01	-8.794859019887103102e+01	9.692831653521419355e+01
1.209486844441705733e+00	5.266714656264601047e+01	-8.802719678696273320e+01	9.724155827595147628e+01
1.215763902074809888e+00	5.198898811001487985e+01	-8.649560319227865079e+01	9.572900141265547802e+01
1.222049755171146668e+00	5.137417926699369985e+01	-8.548891733901749035e+01	9.459755045508158844e+01
1.228340616621486969e+00	5.136039685234700158e+01	-8.571844977029154222e+01	9.522269471808336050e+01
1.234632986576932767e+00	5.023941048369686513e+01	-8.330075498677624068e+01	9.257713615053904732e+01
1.240902247176856488e+00	5.000876982763455914e+01	-8.336929548703480464e+01	9.268545515095415510e+01
1.247174839144687519e+00	4.961732281395366329e+01	-8.258296735067719396e+01	9.219114702147935247e+01
1.253465459933442272e+00	4.920195884650217977e+01	-8.210423194703292893e+01	9.172530553679875709e+01
1.259749951892178421e+00	4.907017774126929766e+01	-8.221772926939195258e+01	9.200576234513367524e+01
1.266032143127253873e+00	4.828942134588181290e+01	-8.060846388848015920e+01	9.016431220979019656e+01
1.272316288472006507e+00	4.779206151238567912e+01	-7.976566152549474964e+01	8.886017347969666957e+01
1.278604155058621350e+00	4.751039298841205039e+01	-7.941260323658023879e+01	8.900564879734507429e+01
1.284886588933593865e+00	4.709757341170072920e+01	-7.876535733498587888e+01	8.860992682226168426e+01
1.291175420066583257e+00	4.662538455783894165e+01	-7.795096515308416940e+01	8.783110189375304344e+01
1.297465726373772332e+00	4.641270499998480403e+01	-7.754185748383402199e+01	8.706151301284022281e+01
1.303741827011944299e+00	4.584681867237033970e+01	-7.653688661326013687e+01	8.598022783727816432e+01
1.310017322922761851e+00	4.569150713752846116e+01	-7.673652719065569272e+01	8.656330623543290415e+01
1.316301447662886703e+00	4.513292299121974338e+01	-7.544798997093991488e+01	8.479104211965986337e+01
1.322586760363303249e+00	4.450014661017052475e+01	-7.415503529524093551e+01	8.376835096604716568e+01
1.328865492452874664e+00	4.460985469339222931e+01	-7.480367794187716868e+01	8.452029526213128463e+01
1.335144804954555564e+00	4.422730355659454915e+01	-7.410094279258808569e+01	8.373428647730457897e+01
1.341440516272275119e+00	4.383389157646230672e+01	-7.351901843142007920e+01	8.327876568715427652e+01
1.347730868417094552e+00	4.335213016963665922e+01	-7.251681181158471645e+01	8.219600440726455304e+01
1.354001589994877630e+00	4.320002155147080458e+01	-7.220135757164635493e+01	8.204643147545429827e+01
1.360282609297778444e+00	4.273948725432374829e+01	-7.131752771997760476e+01	8.113410382656660147e+01
1.366565686457597906e+00	4.233097572150966670e+01	-7.070683509390804034e+01	8.056241461200134779e+01
1.372851498482432708e+00	4.198246387558782544e+01	-7.006908586509987913e+01	7.975861318991796622e+01
1.379135372929401804e+00	4.154072965102708537e+01	-6.952568002893077903e+01	7.908374518305764411e+01
1.385409567149057164e+00	4.122877933250683213e+01	-6.889512996702312364e+01	7.838964986998799134e+01
1.391698641219299315e+00	4.085533549477326432e+01	-6.803970620850626005e+01	7.767176031564507355e+01
1.397984451439470810e+00	4.089580938190371029e+01	-6.836414296887906517e+01	7.831469024767369547e+01
1.404267883409181961e+00	4.074654729708531420e+01	-6.826594392262012434e+01	7.802277143401927617e+01
1.410554779484869181e+00	4.017476738955794247e+01	-6.710185936367238924e+01	7.681676013538060488e+01
1.416837833547465397e+00	3.986721118224335925e+01	-6.647751168638191643e+01	7.612946948421634374e+01
1.423118177187137068e+00	3.943624672918384277e+01	-6.572093809809216225e+01	7.545275305807167854e+01
1.429397801164240089e+00	3.922169494553920543e+01	-6.529110724094100249e+01	7.488664383228262977e+01
1.435686921822787232e+00	3.897174825243879326e+01	-6.492155794760851961e+01	7.452220840108694233e+01
1.441977121769299597e+00	3.875058324551690703e+01	-6.460526590617138254e+01	7.421080446843230050e+01
1.448253667853332427e+00	3.844424208227734141e+01	-6.400412823993455902e+01	7.363301808431094742e+01
1.454532348972172651e+00	3.828810059096134211e+01	-6.380788170733268316e+01	7.342358195935224785e+01
1.460819319151879903e+00	3.783886298181019470e+01	-6.282391680220508334e+01	7.230869732099465352e+01
1.467110364402026468e+00	3.761337203136352514e+01	-6.250927932229017614e+01	7.230086816633793489e+01
1.473392908948962132e+00	3.765949416461157995e+01	-6.274666048034532650e+01	7.248339725352644791e+01
1.479669965243598950e+00	3.709673703010751922e+01	-6.155508868714094461e+01	7.104718937151032776e+01
1.485956144602843532e+00	3.670599093650217526e+01	-6.090711133530991361e+01	7.004426669414399953e+01
1.492233610763115115e+00	3.671028712661496485e+01	-6.106791178548533594e+01	7.063038456456746417e+01
1.498502470379980078e+00	3.637893363099867372e+01	-6.031125758670572878e+01	6.968119230528866126e+01
1.504785752051182701e+00	3.619045244856211951e+01	-6.007074528200195118e+01	6.949922448089797911e+01
1.511075991894575976e+00	3.564784177876648386e+01	-5.884274288275674536e+01	6.815635017412171237e+01
1.517361634985162189e+00	3.574043153005072782e+01	-5.930379038573487094e+01	6.864292335950948143e+01
1.523648570969130533e+00	3.548902529486964141e+01	-5.873232823878846887e+01	6.805825159768041033e+01
1.529938035715892264e+00	3.506460462708645309e+01	-5.788835991333492359e+01	6.699917911314526009e+01
1.536230176913891965e+00	3.474230547323585938e+01	-5.716296514544348639e+01	6.634728543796086342e+01
1.542510718779388279e+00	3.463354480861526952e+01	-5.719549074133588817e+01	6.628528884415163702e+01
1.548783963082980275e+00	3.442333417488651293e+01	-5.671004982139562856e+01	6.592234759415923406e+01
1.555073069779651318e+00	3.406570656287682652e+01	-5.604157463514116699e+01	6.512639887057463284e+01
1.561357324927233892e+00	3.405586874903670491e+01	-5.612414220804607368e+01	6.528014220659879641e+01
1.567629121053141006e+00	3.368622402254035819e+01	-5.538937464490961560e+01	6.431061078574020939e+01
1.573913697404382583e+00	3.362897512339220896e+01	-5.526858120873102109e+01	6.445141362724275780e+01
1.580203545230874029e+00	3.359311070136583766e+01	-5.533105709307755404e+01	6.463680267447544736e+01
1.586485393434537983e+00	3.301996950494019956e+01	-5.403435884473818618e+01	6.295112177413806620e+01
1.592760014263005841e+00	3.297032850761188882e+01	-5.399162776223690230e+01	6.299565979018722572e+01
1.599046436394670812e+00	3.281742384176178717e+01	-5.381927495716697507e+01	6.299333954810774117e+01
1.605342136637478934e+00	3.262671375394848639e+01	-5.336618757201740237e+01	6.235067841483117945e+01
1.611619860919608627e+00	3.238128210772097049e+01	-5.290433314122228126e+01	6.176448815752443267e+01
1.617897597081673799e+00	3.217963376106906281e+01	-5.251087761415734434e+01	6.142586930967508607e+01
1.624183235481122756e+00	3.216430358106859444e+01	-5.262408407714598013e+01	6.156482469565952442e+01
1.630464598531913722e+00	3.180831396913458775e+01	-5.186614477956504743e+01	6.083357276072677422e+01
1.636748985747638274e+00	3.149051958285478392e+01	-5.112752041898624356e+01	5.986870674657482283e+01
1.643030923698886259e+00	3.139558196349502950e+01	-5.103535307784682828e+01	5.982964710445123302e+01
1.649309176648513064e+00	3.112113572908616277e+01	-5.042967887974399588e+01	5.905221424673926833e+01
1.655593633940351861e+00	3.112278964967146777e+01	-5.059696327266088645e+01	5.933707493360175533e+01
1.661879571405086464e+00	3.096976089326259896e+01	-5.025347119822901476e+01	5.914527828598999548e+01
1.668169361685170271e+00	3.055197978959297345e+01	-4.939939391804063717e+01	5.793567503055426471e+01
1.674450151530487485e+00	3.046560238096614626e+01	-4.917218733008590448e+01	5.780905401255380838e+01
1.680722718978495900e+00	3.027502121683768976e+01	-4.890031128892820789e+01	5.733810578392367319e+01
1.687013891340952476e+00	3.019721544961576498e+01	-4.878472342230790559e+01	5.735915683229156770e+01
1.693308984907921033e+00	2.985240391596637721e+01	-4.808182631193120216e+01	5.659244052368197231e+01
1.699582147428448486e+00	2.972928638492902209e+01	-4.783624461695774954e+01	5.621645999106085156e+01
1.705863747055134105e+00	2.962456052330853851e+01	-4.763002612898374366e+01	5.610932218815199235e+01
1.712154434283889470e+00	2.931635673527140540e+01	-4.693193095274915549e+01	5.523277321014676744e+01
1.718438381579399321e+00	2.926364632767134211e+01	-4.686839463432238517e+01	5.522946229052629974e+01
1.724721264464063930e+00	2.906072850990261003e+01	-4.643232946033648290e+01	5.471547426060588748e+01
1.730997441276920679e+00	2.893535500034143126e+01	-4.627409808338253328e+01	5.462995283729456020e+01
1.737287073528269499e+00	2.862153662924556841e+01	-4.554849342086165365e+01	5.358070715043607635e+01
1.743567991878527401e+00	2.869991699848505107e+01	-4.584586885493922637e+01	5.417895009599025968e+01
1.749840680212231048e+00	2.828832515155267302e+01	-4.492575661659041231e+01	5.301580274870083542e+01
1.756128549091961144e+00	2.804168825026717116e+01	-4.442178938148409628e+01	5.231629092658721447e+01
1.762413535324792502e+00	2.815565001626580610e+01	-4.472051938597223852e+01	5.296158433205454230e+01
1.768696187669963837e+00	2.784339621962825717e+01	-4.398977663398293458e+01	5.198479024052780062e+01
1.774979359379055266e+00	2.773520858552177870e+01	-4.387416931043794932e+01	5.194054332738562607e+01
1.781265555576432957e+00	2.768419175370950569e+01	-4.371387586470551412e+01	5.167846338016936869e+01
1.787549427830244619e+00	2.755875853859243207e+01	-4.353643408615022281e+01	5.161840449929590591e+01
1.793834120011633004e+00	2.752143449939654118e+01	-4.350115537426091095e+01	5.148553333581518388e+01
1.800115051552487300e+00	2.717043988425213996e+01	-4.262708029449589731e+01	5.047166801240740597e+01
1.806393904854530330e+00	2.707575268377852140e+01	-4.252637055746524908e+01	5.034215843044865579e+01
1.812674089667083432e+00	2.688324240877011206e+01	-4.215453635783713793e+01	5.001031937908141600e+01
1.818956920109354058e+00	2.682940234757070996e+01	-4.206570386810690820e+01	4.977225165986644129e+01
1.825244164118212220e+00	2.661577907196990722e+01	-4.165161073012746584e+01	4.951148091637804782e+01
1.831527256642196955e+00	2.630999214974471556e+01	-4.084981952597957644e+01	4.844121493399120482e+01
1.837811294935716599e+00	2.637587336208468614e+01	-4.110934195028894322e+01	4.882281128754258503e+01
1.844100717411196744e+00	2.621303639516726136e+01	-4.074312054278387052e+01	4.842906699334530174e+01
1.850384816792487230e+00	2.596612646439925243e+01	-4.024659140371565513e+01	4.779106908984591939e+01
1.856666059735203822e+00	2.590171029195663266e+01	-4.010147255726189996e+01	4.763777831014493813e+01
1.862947728675613979e+00	2.592057565648814688e+01	-4.022129483925850479e+01	4.789581302873147450e+01
1.869229324466858078e+00	2.584481103579049233e+01	-4.006787652685894585e+01	4.764389993111488764e+01
1.875517616802973686e+00	2.555645343106140643e+01	-3.945959086709569164e+01	4.692618925082541637e+01
1.881800769033795229e+00	2.543190608764004779e+01	-3.914357853974122037e+01	4.663355381228287655e+01
1.888078863416442710e+00	2.522954926751663862e+01	-3.869213309084745589e+01	4.617965785553535341e+01
1.894353975182237582e+00	2.519786322931647859e+01	-3.864553682385550815e+01	4.608522051959246113e+01
1.900642716154182565e+00	2.505792431678813159e+01	-3.841382069106834507e+01	4.579600504868729871e+01
1.906933494748685121e+00	2.496946920140290160e+01	-3.820383054228281594e+01	4.557201957609441223e+01
1.913207568676573933e+00	2.489371128441552017e+01	-3.806923973152147056e+01	4.542087587562181028e+01
1.919490884732178992e+00	2.474487676783126133e+01	-3.772395421048058495e+01	4.511994350863937342e+01
1.925776855684274480e+00	2.456071473942703065e+01	-3.743190254537050521e+01	4.461218143259807078e+01
1.932064452961978152e+00	2.444114824610404924e+01	-3.715015364413345367e+01	4.433561942204972439e+01
1.938342610030488800e+00	2.432638186272060210e+01	-3.690819659533526220e+01	4.411468931045502018e+01
1.944618341543410178e+00	2.430432685840071017e+01	-3.681237652620063017e+01	4.400885872246515618e+01
1.950906260203513876e+00	2.410737757901219069e+01	-3.637851842258555735e+01	4.362553685663100822e+01
1.957194556613796488e+00	2.395062265911222354e+01	-3.604444782606952202e+01	4.309294017394857690e+01
1.963479614559011432e+00	2.389381688760626687e+01	-3.592146044960222895e+01	4.298880020373412947e+01
1.969760361532916226e+00	2.381810229017429847e+01	-3.580981402586832729e+01	4.292757398425768400e+01
1.976048367034604736e+00	2.380638463750308986e+01	-3.579695757026846792e+01	4.282555988929170354e+01
1.982337990217652335e+00	2.371018738726795760e+01	-3.563846988103893665e+01	4.269278808692030935e+01
1.988617489259562721e+00	2.338678899890876295e+01	-3.489606991449612394e+01	4.182871939133132599e+01
1.994896320665194178e+00	2.338617517747442776e+01	-3.492731867350640584e+01	4.181402520154956903e+01
2.001179596222827151e+00	2.328081364421661803e+01	-3.463823961735056400e+01	4.159420052009826918e+01
2.007459756923499761e+00	2.312847620343309885e+01	-3.436736676775620936e+01	4.126799603896583335e+01
2.013737397779169935e+00	2.289010542545652527e+01	-3.370822232555882181e+01	4.051350337913312671e+01
2.020017234677497164e+00	2.291464129123366078e+01	-3.390397862907223470e+01	4.070211116550426311e+01
2.026310251015072783e+00	2.282261026967170636e+01	-3.368755061957935482e+01	4.046836993957477802e+01
2.032600542948020284e+00	2.271675834882809752e+01	-3.344098307343249132e+01	4.022697655478996381e+01
2.038873863192099289e+00	2.266355346021115480e+01	-3.333707238862639599e+01	4.007588290369636752e+01
2.045154087821675404e+00	2.253808954453434765e+01	-3.312257496589347738e+01	3.978820218863130975e+01
2.051444704514288730e+00	2.246936934750115356e+01	-3.291682980724667118e+01	3.964691622987221820e+01
2.057730430280644729e+00	2.237160839927112121e+01	-3.277207813164663008e+01	3.946232174381289326e+01
2.064013940455224461e+00	2.227187580321820803e+01	-3.252965118643286502e+01	3.916046035806139258e+01
2.070299891179459895e+00	2.224825450117030101e+01	-3.239733396450463232e+01	3.906941248906360897e+01
2.076589719964883951e+00	2.201612796241014181e+01	-3.197811535541351802e+01	3.851725244994426589e+01
2.082865483794470673e+00	2.204942855671983537e+01	-3.205901071369240896e+01	3.859647067373387586e+01
2.089134494859368640e+00	2.190135217630392717e+01	-3.171184157087523658e+01	3.827081932611127257e+01
2.095424211360070288e+00	2.188780911229864756e+01	-3.168758618392866566e+01	3.829066721718238142e+01
2.101707116664804254e+00	2.178116375547807593e+01	-3.140621872080105703e+01	3.797065468417073930e+01
2.107986473933564309e+00	2.165100159744430997e+01	-3.116433081496693447e+01	3.766834285716765862e+01
2.114271806543862375e+00	2.149339660722524670e+01	-3.076211268453474190e+01	3.708004210016187585e+01
2.120552717288892275e+00	2.142757264567526221e+01	-3.067992340263396045e+01	3.709713953867566971e+01
2.126836933207161717e+00	2.139866113819678972e+01	-3.059454574696711049e+01	3.705680091212566651e+01
2.133122044791171845e+00	2.127305738501088328e+01	-3.036749206565663428e+01	3.673734169261134497e+01
2.139411711910842673e+00	2.122020627090243394e+01	-3.022309905348106440e+01	3.660209120787948223e+01
2.145697076775292089e+00	2.117720118978033028e+01	-3.009836259268524472e+01	3.646405375195055854e+01
2.151973548606471276e+00	2.097428665657109903e+01	-2.962235764543708783e+01	3.587759376068578376e+01
2.158259913555724108e+00	2.100521865300050806e+01	-2.976471346942017959e+01	3.612208800429962707e+01
2.164545396699105506e+00	2.085316183296071557e+01	-2.941162898559583638e+01	3.569226036861003593e+01
2.170830700377734068e+00	2.076547133563116887e+01	-2.931624140160057834e+01	3.547078511667292133e+01
2.177114138849150393e+00	2.070434668539255441e+01	-2.903068105843687619e+01	3.526733895196536395e+01
2.183387647576827018e+00	2.059992183704624225e+01	-2.883802112489386715e+01	3.493060699538673219e+01
2.189670273687676971e+00	2.056506968868237095e+01	-2.878539409042813091e+01	3.509554052497993837e+01
2.195960147934207463e+00	2.042638090177794652e+01	-2.844161447292231770e+01	3.454446344836894411e+01
2.202242556317716371e+00	2.040807722991224793e+01	-2.841265028626590805e+01	3.456672896015026453e+01
2.208521655981037668e+00	2.032748790661926819e+01	-2.823065008247683494e+01	3.435470516176025768e+01
2.214804637081333016e+00	2.034294137234994793e+01	-2.830204643267281028e+01	3.456746586723249948e+01
2.221092583349425276e+00	2.021203657113057517e+01	-2.800129953336586652e+01	3.409568239651482457e+01
2.227372893591468728e+00	2.007812115933759856e+01	-2.767542915517643820e+01	3.364312188655443947e+01
2.233657161144248171e+00	2.014555903485916843e+01	-2.785989020797629934e+01	3.397760415063564210e+01
2.239943485394438660e+00	1.991547703365468536e+01	-2.728310592495358478e+01	3.328269073772588627e+01
2.246224175264620815e+00	1.981359238071110696e+01	-2.711252239440008083e+01	3.309874520744736515e+01
2.252506378421252009e+00	1.975682831790672012e+01	-2.693843150715835932e+01	3.293778369253605121e+01
2.258783417054270437e+00	1.982030515096244372e+01	-2.707984588561942019e+01	3.308843676938583656e+01
2.265069077371457684e+00	1.969608065089868987e+01	-2.678833136427347128e+01	3.272203650173266709e+01
2.271350377044131452e+00	1.964301018094536389e+01	-2.671948913139791415e+01	3.270698958456534200e+01
2.277633995145353918e+00	1.955438163706983090e+01	-2.649009846010071811e+01	3.236882970286554695e+01
2.283922419579920149e+00	1.936779231527388845e+01	-2.600203367439130275e+01	3.182792686357933931e+01
2.290202874392252674e+00	1.943882999629840569e+01	-2.625543565364789700e+01	3.212639260921682904e+01
2.296490779970905560e+00	1.934421198848164636e+01	-2.599460941735245001e+01	3.185908435981203368e+01
2.302771769934229162e+00	1.923335078377372298e+01	-2.573949892519536675e+01	3.150011682507179245e+01
2.309051364164305564e+00	1.925583560432948715e+01	-2.583630100810346519e+01	3.166991517432090930e+01
2.315338502539088239e+00	1.912083379330225696e+01	-2.549387886799004477e+01	3.128635101756845316e+01
2.321627336503874428e+00	1.914204954481870757e+01	-2.551367285873246615e+01	3.140292050042503291e+01
2.327911878297218795e+00	1.912170010680854304e+01	-2.541559962872333855e+01	3.127011969860347662e+01
2.334186238580297168e+00	1.895588922422221145e+01	-2.506838755906610317e+01	3.083715024824640594e+01
2.340467971862688401e+00	1.892950184805693681e+01	-2.503073165529852773e+01	3.076662217649132458e+01
2.346756940970738725e+00	1.881150370920128978e+01	-2.472269641438201759e+01	3.049206999007290975e+01
2.353044444556199988e+00	1.884952138563122404e+01	-2.482934752598824346e+01	3.058774229552761881e+01
2.359327653314069906e+00	1.875703127882105292e+01	-2.461256945901063986e+01	3.041672886092776196e+01
2.365603048789861607e+00	1.866326007760368100e+01	-2.438139767876604225e+01	3.006473864782548233e+01
2.371885911737665165e+00	1.865465998755021104e+01	-2.435022429388491005e+01	3.000758897806828429e+01
2.378173303594019572e+00	1.860116780991485541e+01	-2.424095645650237785e+01	2.996941957369472576e+01
2.384454016539381271e+00	1.855566466005462090e+01	-2.409374139202210685e+01	2.975395787072171672e+01
2.390736447344785187e+00	1.842974723442769758e+01	-2.383572129944819551e+01	2.944015581567354900e+01
2.397014133897952259e+00	1.831855536009085839e+01	-2.358821032166251186e+01	2.913254722201355307e+01
2.403295490074321972e+00	1.841237583956521462e+01	-2.377545712949021350e+01	2.949369622768725563e+01
2.409585049672506862e+00	1.828361249006252010e+01	-2.348900200583632270e+01	2.912191895226316518e+01
2.415871703165322071e+00	1.820087797900949056e+01	-2.329735291295544286e+01	2.889077901617508815e+01
2.422160652369088840e+00	1.818800952998539344e+01	-2.321840970987901898e+01	2.883752073030752072e+01
2.428440167222748691e+00	1.818923580446000088e+01	-2.323129206107196509e+01	2.891100471898658242e+01
2.434717472383889803e+00	1.804412306058076965e+01	-2.288399119560382644e+01	2.832463212051295542e+01
2.441002456202044257e+00	1.811047456615336415e+01	-2.301248960977464009e+01	2.867746808649458856e+01
2.447289980304530488e+00	1.804284386133702611e+01	-2.290917807962508590e+01	2.848468385755566246e+01
2.453571844729242279e+00	1.801564266011262205e+01	-2.282274884247025781e+01	2.841890385261467600e+01
2.459852705114058846e+00	1.794347032965161759e+01	-2.260598745321890135e+01	2.814861672393650238e+01
2.466139233225018934e+00	1.789163403681414621e+01	-2.253287012244119225e+01	2.806185182537715406e+01
2.472421963421291391e+00	1.782741163204931922e+01	-2.236673159212596218e+01	2.785294977863453170e+01
2.478698519174224568e+00	1.780993212714831131e+01	-2.233526266065152655e+01	2.793593378986881604e+01
2.484980841400355800e+00	1.774539664472839107e+01	-2.213340732316871495e+01	2.763789106588859212e+01
2.491269319409339822e+00	1.775795335349113202e+01	-2.212158463757770477e+01	2.772752724754954201e+01
2.497548505139029373e+00	1.765835738950531209e+01	-2.187409708419018628e+01	2.744665996353966975e+01
2.503831667172610853e+00	1.761736789829377869e+01	-2.180229133242778516e+01	2.728456127804462028e+01
2.510117938323931153e+00	1.762064591494119625e+01	-2.181751508727090538e+01	2.731315732674024233e+01
2.516400733681277480e+00	1.753609571987917448e+01	-2.158447052465739091e+01	2.712883440168854321e+01
2.522688226833368130e+00	1.751665217105264460e+01	-2.154152920500793655e+01	2.703989348225727340e+01
2.528971695852665569e+00	1.749975761466721025e+01	-2.152773311514378562e+01	2.705949164773002380e+01
2.535252039407670299e+00	1.745863510780078087e+01	-2.135787510886043350e+01	2.681369990996158492e+01
2.541537514142774512e+00	1.739205591935507655e+01	-2.122637899039738230e+01	2.672762693338856010e+01
2.547823008847572179e+00	1.732554093015254182e+01	-2.109240007048123289e+01	2.655831294713318158e+01
2.554100666580690238e+00	1.736578479309559242e+01	-2.112681063206992249e+01	2.661489495996957544e+01
2.560376788884177301e+00	1.727195763710015086e+01	-2.090546531686783993e+01	2.631402827821424495e+01
2.566667521601497359e+00	1.727842283855136074e+01	-2.086967537542382800e+01	2.645192738679719824e+01
2.572955062237090473e+00	1.722662081456358152e+01	-2.075104430623906637e+01	2.617467571010435634e+01
2.579233771797999175e+00	1.713546232175280792e+01	-2.057050890123047537e+01	2.598476848096144920e+01
2.585520164300948220e+00	1.716552179468714101e+01	-2.055038273232573331e+01	2.602986764864013125e+01
2.591805130332431872e+00	1.707995579014560050e+01	-2.034058534658349870e+01	2.580560076048625362e+01
2.598084074692260881e+00	1.710651265480511185e+01	-2.042631388328022624e+01	2.593312266451843584e+01
2.604360404197643586e+00	1.704579414561290918e+01	-2.024788668126391400e+01	2.570178888976627718e+01
2.610647185140439142e+00	1.703418662216129675e+01	-2.022558786272819376e+01	2.571828897370111022e+01
2.616931864059273138e+00	1.701184141338478994e+01	-2.013538263429938979e+01	2.561648596942292144e+01
2.623206107911065565e+00	1.690198387479080111e+01	-1.984194067248416005e+01	2.532211989065931235e+01
2.629491626543270844e+00	1.692695125849690996e+01	-1.986886113153876821e+01	2.534241086100687923e+01
2.635778507982642349e+00	1.689770629071885466e+01	-1.983744088537947903e+01	2.538351892792172038e+01
2.642061039325260818e+00	1.686242243312248945e+01	-1.974685521363668173e+01	2.525028659675870202e+01
2.648343840729305843e+00	1.682258915468768379e+01	-1.956133859468729241e+01	2.504466535134060479e+01
2.654631838974855551e+00	1.677813428857328049e+01	-1.946351348290110295e+01	2.494497349701065758e+01
2.660919001246303761e+00	1.680983244255844511e+01	-1.953118003520979329e+01	2.501688861685762078e+01
2.667198525130066056e+00	1.675422170217114015e+01	-1.936315263481821702e+01	2.489152727380988850e+01
2.673484307038032526e+00	1.676824669222950703e+01	-1.940019371805424697e+01	2.498705013119644391e+01
2.679773388053849459e+00	1.669388645993037912e+01	-1.917880214908143799e+01	2.462516818299757659e+01
2.686058217632288692e+00	1.666021544576173241e+01	-1.912784073799120677e+01	2.458759986028135103e+01
2.692338738200057868e+00	1.665628257761042619e+01	-1.905527426863099905e+01	2.461304763716479727e+01
2.698618022887226964e+00	1.663016948741849887e+01	-1.897541616526988406e+01	2.450519016209618428e+01
2.704895450708277860e+00	1.660923371016366445e+01	-1.890796024232547623e+01	2.443618758589501638e+01
2.711175674923682166e+00	1.659682131452791154e+01	-1.882694027120871638e+01	2.437238191801282383e+01
2.717459832966957922e+00	1.656689320594830406e+01	-1.876604022460821142e+01	2.427432015658793318e+01
2.723745731959044569e+00	1.658504350364767177e+01	-1.875488141012939280e+01	2.435480263548924285e+01
2.730038414850594730e+00	1.653280175272125163e+01	-1.865417156264697951e+01	2.425294509994664338e+01
2.736317989800789441e+00	1.654447501831007372e+01	-1.864547233181207631e+01	2.425584667605742339e+01
2.742591858549239703e+00	1.654690319192404502e+01	-1.859078062964746536e+01	2.421871853935082441e+01
2.748879749010778362e+00	1.655547584728433108e+01	-1.864741790191119364e+01	2.423133895497779733e+01
2.755163403825859447e+00	1.647925210864115897e+01	-1.841815774726981658e+01	2.405150230640552067e+01
2.761446955625852073e+00	1.646292479719076596e+01	-1.832511470231901285e+01	2.402292574308635054e+01
2.767732088935374701e+00	1.646994987812015054e+01	-1.826832105887185520e+01	2.395734362760270386e+01
2.774015452421743966e+00	1.644698377182065130e+01	-1.823584430295865744e+01	2.386446255879817713e+01
2.780298635700591436e+00	1.645397703700385605e+01	-1.821191821308664771e+01	2.387105453288366874e+01
2.786577474762241380e+00	1.637407772333332900e+01	-1.801686821969834540e+01	2.368739731771413659e+01
2.792857983210164541e+00	1.640974745068185570e+01	-1.804057575742908170e+01	2.371766031352166593e+01
2.799143790920211483e+00	1.640035700188750667e+01	-1.801956093533090453e+01	2.379872399049355991e+01
2.805430058399325244e+00	1.637128266215368200e+01	-1.789575606247586137e+01	2.362177261918893478e+01
2.811715058209780072e+00	1.638051101349211436e+01	-1.784945790097820861e+01	2.364884086000319385e+01
2.817989272498773623e+00	1.635148115979456307e+01	-1.779653611671204771e+01	2.361405701905746923e+01
2.824269171595737760e+00	1.637781845584486007e+01	-1.781634102477196890e+01	2.363052370531145030e+01
2.830563016441804081e+00	1.637767658685631744e+01	-1.780150034449937380e+01	2.369856323957754185e+01
2.836848750951622034e+00	1.638006204090438445e+01	-1.768468002551677642e+01	2.355407954422072692e+01
2.843130027866129783e+00	1.631240613435535991e+01	-1.757425817019859693e+01	2.334612089750506314e+01
2.849413896912404986e+00	1.629188739916909512e+01	-1.744297288574420435e+01	2.331424918232351118e+01
2.855697464522425566e+00	1.631333410558534069e+01	-1.749350037738366126e+01	2.334719716795275701e+01
2.861978799810683594e+00	1.632666143127340774e+01	-1.745240386038848257e+01	2.337350720329668974e+01
2.868262469415629567e+00	1.627762796735028772e+01	-1.733119442981098857e+01	2.320099053993175886e+01
2.874547359206753860e+00	1.635427656055832912e+01	-1.745772383754452761e+01	2.343623900323267506e+01
2.880831111471525041e+00	1.629648120267220079e+01	-1.726202058364930991e+01	2.330921212846863355e+01
2.887113216972382546e+00	1.630167059127287388e+01	-1.724838287834133865e+01	2.323960941874098296e+01
2.893394504725182781e+00	1.626950910820865204e+01	-1.715521072483831944e+01	2.320926622022995645e+01
2.899673662137033592e+00	1.635172047326431155e+01	-1.726442335893457525e+01	2.343311089083108811e+01
2.905953958587380814e+00	1.630187485832140482e+01	-1.714384244377000144e+01	2.322647255490905138e+01
2.912241118105161064e+00	1.632351995869719374e+01	-1.708740950502590294e+01	2.325903715655452331e+01
2.918525996366671205e+00	1.630247410695994148e+01	-1.702604426672935389e+01	2.315785343313171651e+01
2.924809035425688819e+00	1.628413637494904975e+01	-1.696728711128153222e+01	2.313014553104084925e+01
2.931095916293684933e+00	1.636635035482438738e+01	-1.712746161421452484e+01	2.335524036939935044e+01
2.937378182606774413e+00	1.634893829739142035e+01	-1.695551547083512389e+01	2.316696821089949765e+01
2.943659980254369923e+00	1.634781393934513716e+01	-1.695697440748230278e+01	2.321237705365484771e+01
2.949946454403890250e+00	1.632046618577404473e+01	-1.685595607726193990e+01	2.316979239408309965e+01
2.956227653702202307e+00	1.634539361065535346e+01	-1.683310942284369105e+01	2.315310301003199456e+01
2.962510478867462993e+00	1.638751627220750251e+01	-1.690027155130712799e+01	2.330529790510378518e+01
2.968796535179442309e+00	1.633177388717227174e+01	-1.673380972874931416e+01	2.312383325831533298e+01
2.975077657376874907e+00	1.639520551686972993e+01	-1.679880505865294538e+01	2.332774081503658437e+01
2.981359866759223376e+00	1.641272737642082191e+01	-1.680310100004918539e+01	2.327674025724088835e+01
2.987646761575656562e+00	1.642993945656583676e+01	-1.676611949632684073e+01	2.334866212616377013e+01
2.993929038370399365e+00	1.641060807889265050e+01	-1.670304536428799835e+01	2.321110241571752653e+01
3.000206214840962726e+00	1.640420026581202251e+01	-1.663822116620599800e+01	2.324191518875545626e+01
3.006486172402415669e+00	1.642452656077212225e+01	-1.668972983234116825e+01	2.325249222578163000e+01
3.012769812211594456e+00	1.645593471926164142e+01	-1.669284202029216857e+01	2.338328211957992053e+01
3.019053144326170113e+00	1.649323954373288359e+01	-1.665473340676170722e+01	2.335940334275292685e+01
3.025337405144251424e+00	1.648783370026112749e+01	-1.662564351500449433e+01	2.337711707817350515e+01
3.031623734799107961e+00	1.648665651338168558e+01	-1.654536111464803483e+01	2.332582478653286628e+01
3.037908962055872575e+00	1.659134475424697186e+01	-1.675723139265636163e+01	2.364243191106335829e+01
3.044195067146031608e+00	1.658238670479285304e+01	-1.661566918393982206e+01	2.360666269939190798e+01
3.050475543482170426e+00	1.658266249311213514e+01	-1.658525457087682753e+01	2.351854702772406469e+01
3.056754954538277502e+00	1.658337300318103402e+01	-1.657099435434201951e+01	2.348185552204512305e+01
3.063040539557494668e+00	1.664944896883767456e+01	-1.664421521691865635e+01	2.375350452127504042e+01
3.069323699454357346e+00	1.666008863751516600e+01	-1.663852860904282238e+01	2.376526476557254242e+01
3.075610692642898769e+00	1.664616199013127584e+01	-1.647927197767731755e+01	2.362114199993431285e+01
3.081893798009918584e+00	1.667945133129935797e+01	-1.653866518286321252e+01	2.376284972078052249e+01
3.088174549548037717e+00	1.675484748910958288e+01	-1.659079038540646778e+01	2.391364194438170898e+01
3.094458635632868493e+00	1.675027519046443913e+01	-1.650622937459139550e+01	2.382610905146520963e+01
3.100743982931558840e+00	1.680115597162526697e+01	-1.657493768200922091e+01	2.393743363697365822e+01
3.107028111748448396e+00	1.678672902603675965e+01	-1.653523218437068110e+01	2.393491762378932464e+01
3.113309299655494300e+00	1.686314521014907442e+01	-1.659866123850022390e+01	2.418100962666710529e+01
3.119590662867241626e+00	1.684883461769085500e+01	-1.651129343858915277e+01	2.403756702528816547e+01
3.125874006820172912e+00	1.693817379794900191e+01	-1.665313331225599924e+01	2.426910316828362468e+01
3.132159251154602586e+00	1.696119028114458160e+01	-1.664453515964613217e+01	2.429441620545057035e+01
3.138439172765940643e+00	1.695879968594012865e+01	-1.647257939525183446e+01	2.423859125539043902e+01
3.144723867719826593e+00	1.700736238293025337e+01	-1.660991672062307600e+01	2.435569622009117197e+01
3.151003951258561031e+00	1.704507959865816602e+01	-1.655406989915352156e+01	2.448353866442517557e+01
3.157283664131563139e+00	1.708378477693944220e+01	-1.658525284862845339e+01	2.449253395832070979e+01
3.163569317183839935e+00	1.709146318243550411e+01	-1.660968684043763943e+01	2.455987520467476060e+01
3.169851661717792091e+00	1.718427780139065675e+01	-1.664173073169721917e+01	2.472812872578948884e+01
3.176137704316093657e+00	1.724983233016570949e+01	-1.674776005938822010e+01	2.490804861400261672e+01
3.182420924828643916e+00	1.722729585950333941e+01	-1.663998390485611978e+01	2.481560610303426273e+01
3.188702811875577581e+00	1.728290381282403487e+01	-1.669664338792361846e+01	2.493510298924266166e+01
3.194990520008989865e+00	1.733870251398269957e+01	-1.664554602544408723e+01	2.504461611604466853e+01
3.201275324656983834e+00	1.738206238091065714e+01	-1.668981084573027474e+01	2.514914528950822614e+01
3.207551352179861759e+00	1.741803426708987956e+01	-1.675685319771006121e+01	2.521785482276533941e+01
3.213835216737041645e+00	1.746013074854645808e+01	-1.670037919035217655e+01	2.528418405505412991e+01
3.220122579819103770e+00	1.735803292016132460e+01	-1.637909997604447199e+01	2.464988103621683280e+01
3.226406606618656525e+00	1.707143379645555470e+01	-1.568493031439830254e+01	2.332125091630496527e+01
3.232687390085645429e+00	1.679720990815083681e+01	-1.498718291191798002e+01	2.201937140256553249e+01
3.238969121280456331e+00	1.665707327187755027e+01	-1.460962970400642291e+01	2.114481557510457677e+01
3.245254751548589667e+00	1.649370052193938108e+01	-1.418221484609918903e+01	2.021556906993157554e+01
3.251534499036136783e+00	1.640222681721206399e+01	-1.392604315840119966e+01	1.953964290708113793e+01
3.257817780791052442e+00	1.630597476672367208e+01	-1.360170588801981850e+01	1.878554841067036207e+01
3.264102164154097263e+00	1.617704044978206568e+01	-1.330949756083676405e+01	1.803367319586463680e+01
3.270384152138468892e+00	1.608659244704160685e+01	-1.299933149818011202e+01	1.726444320829828882e+01
3.276669427476867735e+00	1.600156472930001783e+01	-1.280624882903816086e+01	1.667656307886256428e+01
3.282954688864507808e+00	1.596380705927620980e+01	-1.271695375860053012e+01	1.613338388552545055e+01
3.289237200334947264e+00	1.587500176316176770e+01	-1.236505354002013668e+01	1.552962491766492370e+01
3.295519587088236779e+00	1.579776813029976523e+01	-1.225872048024916872e+01	1.492186734788924340e+01
3.301805977329951958e+00	1.575512258202982352e+01	-1.207031716472455152e+01	1.439790941099948718e+01
3.308087486222440088e+00	1.566814546067005054e+01	-1.189175195081178416e+01	1.380821225048604717e+01
3.314367630234227313e+00	1.562055092799387523e+01	-1.169124717891423515e+01	1.318512242780066046e+01
3.320651909732194262e+00	1.556886881732915562e+01	-1.152610033578761062e+01	1.271523809904178037e+01
3.326931260376857047e+00	1.548487280099112340e+01	-1.127831495152145180e+01	1.212081923224152824e+01
3.333216512447217728e+00	1.549710384295037358e+01	-1.130941481894044109e+01	1.175659528493765116e+01
3.339504489419978128e+00	1.541559608015428573e+01	-1.108730432387332066e+01	1.113406280649424396e+01
3.345786804809928405e+00	1.540487468293268591e+01	-1.101639508076224416e+01	1.074905605759626859e+01
3.352071130016277767e+00	1.535316135469988019e+01	-1.084946700874404968e+01	1.028570629896415056e+01
3.358351496304225581e+00	1.534313084590928788e+01	-1.078239939472603304e+01	9.909480612796476962e+00
3.364630591073392019e+00	1.523604546703179174e+01	-1.054596056186448649e+01	9.237259460479915418e+00
3.370916305215045483e+00	1.524498625094363291e+01	-1.051260249148756110e+01	8.896857903045228610e+00
3.377197952029413752e+00	1.519413669418190516e+01	-1.036107790352370905e+01	8.368479985694749601e+00
3.383483063818085501e+00	1.518961172964731432e+01	-1.035958598963665089e+01	8.116366512037741288e+00
3.389769992424469969e+00	1.517916706230134061e+01	-1.023756353788151507e+01	7.708007197379947328e+00
3.396051330885982100e+00	1.510374843279931234e+01	-1.004303374896175782e+01	7.121262776267201389e+00
3.402330879139463971e+00	1.507640670248772707e+01	-9.922976715238887024e+00	6.689186913761158593e+00
3.408610488352048495e+00	1.505794124433174552e+01	-9.892902364373535207e+00	6.366616102890428230e+00
3.414897837696641236e+00	1.504711663013677025e+01	-9.784208737742188688e+00	5.961632795486212721e+00
3.421180484052105619e+00	1.506117271838278704e+01	-9.744885547144988891e+00	5.645173974357720503e+00
3.427461639653846870e+00	1.498113750519812548e+01	-9.548208531200424787e+00	5.113414917564954365e+00
3.433749159643459059e+00	1.499332458762412301e+01	-9.535697660545281451e+00	4.809068637262403634e+00
3.440032646656798310e+00	1.494644538201240103e+01	-9.379290665205786581e+00	4.367104873182035440e+00
3.446313366033385339e+00	1.494934999419395893e+01	-9.382887505304807974e+00	4.146878815161952225e+00
3.452600135384134905e+00	1.489792387419105602e+01	-9.198820944418054424e+00	3.612570479180623018e+00
3.458883152815406703e+00	1.490808909676634286e+01	-9.165236006665612223e+00	3.263086150800591057e+00
3.465163834403715448e+00	1.488008854280383808e+01	-9.145864723559967047e+00	2.957076278847087458e+00
3.471449329786229221e+00	1.486866117955806388e+01	-9.005187468175693155e+00	2.573261278806649344e+00
3.477734476754053894e+00	1.486478323852040617e+01	-8.959286295968938774e+00	2.203733280386046545e+00
3.484019652467224226e+00	1.483554216488934863e+01	-8.850050785531591302e+00	1.755771275580966906e+00
3.490297019369712928e+00	1.485680445664795890e+01	-8.902841661689242514e+00	1.681408584788051108e+00
3.496582486484379970e+00	1.482531342018025100e+01	-8.771187810990079825e+00	1.204935791250864474e+00
3.502868048046865024e+00	1.480777276194284298e+01	-8.671428139406085478e+00	8.120296169548721910e-01
3.509144649545451244e+00	1.479634299283147669e+01	-8.571804279393907322e+00	4.925858623004313874e-01
3.515428082003116295e+00	1.481506023141753658e+01	-8.545408753703810589e+00	2.143688874303184277e-01
3.521711031624695565e+00	1.479735673277743402e+01	-8.528267122123777355e+00	-5.951061084412057056e-02
3.527991850954735664e+00	1.473946058798551206e+01	-8.324365691361638397e+00	-5.456944189723236249e-01
3.534275545726699885e+00	1.475934086460746109e+01	-8.300025315718691843e+00	-8.611363693099078898e-01
3.540562632020772149e+00	1.478722225577732097e+01	-8.339945994990133116e+00	-1.053392904952065612e+00
3.546844410757220789e+00	1.475506583989439591e+01	-8.270601146485256905e+00	-1.324235574637979918e+00
3.553131386753758836e+00	1.476635292430112756e+01	-8.153249764080687356e+00	-1.711696827037624491e+00
3.559419203211965144e+00	1.475379632615642045e+01	-8.086064730658675259e+00	-2.083887380678111523e+00
3.565697971577579839e+00	1.475293314497328367e+01	-8.068860051857527083e+00	-2.329840530515995045e+00
3.571979559134798254e+00	1.473427384602871726e+01	-8.011938974776827038e+00	-2.616059669794546405e+00
3.578265774595833726e+00	1.470726728017358376e+01	-7.883051051566088319e+00	-3.065885292117932703e+00
3.584548309769353125e+00	1.472849831246973196e+01	-7.852178298928516931e+00	-3.245794607879140869e+00
3.590826843920031486e+00	1.471971043868165374e+01	-7.845515579985237409e+00	-3.551669140361028099e+00
3.597107306745233934e+00	1.473394814029615851e+01	-7.776390431139404313e+00	-3.833787102658145596e+00
3.603392831792229245e+00	1.475526305648834402e+01	-7.737624311890312967e+00	-4.131136087503455734e+00
3.609673209822572559e+00	1.470216476402468686e+01	-7.631754125044570181e+00	-4.485771839087179913e+00
3.615955412133016189e+00	1.472414646912209157e+01	-7.573374806148023275e+00	-4.807471279989950830e+00
3.622241607772384686e+00	1.471848169560799313e+01	-7.494000336131304785e+00	-5.118444095279997441e+00
3.628520252736676444e+00	1.473482010380767981e+01	-7.534247646155050049e+00	-5.242318759003769202e+00
3.634804827569451113e+00	1.471780083372646963e+01	-7.463303022226422279e+00	-5.537764258717965404e+00
3.641094981788862928e+00	1.474675665820250714e+01	-7.490322994477060625e+00	-5.723561240701416253e+00
3.647383514928639325e+00	1.471962322845005389e+01	-7.338876047893569066e+00	-6.168195578153512493e+00
3.653663283927725658e+00	1.471023121650935828e+01	-7.331708983969595472e+00	-6.420507898717583650e+00
3.659943504072155296e+00	1.474242837666237804e+01	-7.264005578599793900e+00	-6.682914867740469056e+00
3.666232000281138603e+00	1.474258459924496734e+01	-7.215390208409288242e+00	-6.985607023468430654e+00
3.672514211678317597e+00	1.478389626131738410e+01	-7.226527192728033455e+00	-7.154569555632057209e+00
3.678794154686042539e+00	1.476653109474593784e+01	-7.137932900310774542e+00	-7.473054625361870151e+00
3.685078621861909820e+00	1.474846679571560060e+01	-7.096936473001625778e+00	-7.710863464489467134e+00
3.691359210097977961e+00	1.478048715833417681e+01	-7.139051000067786035e+00	-7.872129314942053924e+00
3.697642368173791105e+00	1.478553367738137858e+01	-6.996217282171495633e+00	-8.311969386660022607e+00
3.703925796735277665e+00	1.478805053096578881e+01	-6.992919648112487785e+00	-8.460268796703825700e+00
3.710208240364660348e+00	1.482336423428722405e+01	-6.948644844152280342e+00	-8.813198641632068231e+00
3.716494593122387169e+00	1.480431985491091318e+01	-6.830698700302367143e+00	-9.142323263364039221e+00
3.722775386659595398e+00	1.481881593777567119e+01	-6.868816452935364580e+00	-9.234731513514233825e+00
3.729058392883481510e+00	1.481563976769510127e+01	-6.799528900285568334e+00	-9.581632617084631320e+00
3.735339748210807720e+00	1.483568035429128429e+01	-6.769633534479610582e+00	-9.826753080133624252e+00
3.741620776392969638e+00	1.483646705320543369e+01	-6.717310045962653575e+00	-1.010581986911028451e+01
3.747904795418762980e+00	1.489010057917340291e+01	-6.777193543328787761e+00	-1.022596665558523021e+01
3.754190633281219380e+00	1.486044351846122424e+01	-6.616024676941547611e+00	-1.061827898225643452e+01
3.760478208018912749e+00	1.486523622319636750e+01	-6.579485616024783212e+00	-1.083505186818062249e+01
3.766755538573464346e+00	1.494271418515014460e+01	-6.700945347862482748e+00	-1.090217804286770686e+01
3.773032090135151506e+00	1.488574230146928201e+01	-6.498590370589670151e+00	-1.134508263625116520e+01
3.779322553012896879e+00	1.496310752792069643e+01	-6.600377311348617049e+00	-1.140810992350545128e+01
3.785609109731308930e+00	1.492644037172421889e+01	-6.468813905074522808e+00	-1.179432239256520809e+01
3.791889825936295200e+00	1.496572283670113102e+01	-6.453167671765964286e+00	-1.197532773287900021e+01
3.798174822702435893e+00	1.498191692456658863e+01	-6.475313841816698002e+00	-1.218339205422549831e+01
3.804458658753491651e+00	1.497495658587626721e+01	-6.340929469415754305e+00	-1.256549700354504395e+01
3.810738438095723435e+00	1.503890592418959216e+01	-6.422104584537702721e+00	-1.263857708109157763e+01
3.817018850285747167e+00	1.505682675794626846e+01	-6.354876499086828723e+00	-1.295780057280163078e+01
3.823305314209427763e+00	1.505802078748005712e+01	-6.301785108704295091e+00	-1.319173258208299337e+01
3.829591295197792178e+00	1.508506944729424859e+01	-6.305678460478088887e+00	-1.340689543617644297e+01
3.835872296070849341e+00	1.505686841564038581e+01	-6.207394692934792957e+00	-1.371623835531349833e+01
3.842156279590906109e+00	1.512554224125190672e+01	-6.250623730711263093e+00	-1.380232390399594244e+01
3.848441511099312429e+00	1.512136357257922370e+01	-6.101128546086700410e+00	-1.429878089853841594e+01
3.854723334376886079e+00	1.518108190506205446e+01	-6.193073898400817789e+00	-1.428228607151197771e+01
3.861004740704794713e+00	1.516452074730861455e+01	-6.077692720799822368e+00	-1.464639663750151932e+01
3.867284336650660848e+00	1.520881100913937622e+01	-6.135147411088155422e+00	-1.477166263566669713e+01
3.873567367678779849e+00	1.521375421718872190e+01	-6.061152890295015361e+00	-1.505452513387456293e+01
3.879850662830422792e+00	1.518697761635546328e+01	-5.921403220800545597e+00	-1.545983830505462286e+01
3.886137063198143338e+00	1.529222242389420394e+01	-6.082069376837162977e+00	-1.540769724634463422e+01
3.892419463049126005e+00	1.525874980185306384e+01	-5.921706237776868775e+00	-1.580132635033526078e+01
3.898703740328622658e+00	1.533952111008362706e+01	-5.946445515448171015e+00	-1.601204566965338572e+01
3.904991458788179326e+00	1.533590700241102844e+01	-5.898428408263820977e+00	-1.625719202813271380e+01
3.911270842222104083e+00	1.535156725102525321e+01	-5.838254785674725333e+00	-1.653146859990222595e+01
3.917549806479573071e+00	1.540852064493162565e+01	-5.866963087569958546e+00	-1.670299453933672851e+01
3.923836006203090587e+00	1.541183213249251160e+01	-5.822056610762004425e+00	-1.693700989428620218e+01
3.930121452497870926e+00	1.545265768586537014e+01	-5.815444749227054011e+00	-1.713690058381913772e+01
3.936398172858230460e+00	1.548704124735078480e+01	-5.774975029903096413e+00	-1.737673363123471404e+01
3.942683040425962293e+00	1.546362901487550978e+01	-5.708313177611120004e+00	-1.767817374948770492e+01
3.948974759704379611e+00	1.554744655160371991e+01	-5.731794816899121514e+00	-1.782961326713615335e+01
3.955259227995065352e+00	1.552247180042811792e+01	-5.632631587031412757e+00	-1.814389273256336921e+01
3.961537174921395454e+00	1.564421144583729983e+01	-5.762814836540462338e+00	-1.821774594870629116e+01
3.967820217617139544e+00	1.561998335830913298e+01	-5.592976610459892584e+00	-1.867407609179125672e+01
3.974105559832568968e+00	1.569392139980069523e+01	-5.642716012935895087e+00	-1.877345932303103382e+01
3.980384727931198352e+00	1.569542045180145884e+01	-5.645307863508497448e+00	-1.891300343652028104e+01
3.986664590839849698e+00	1.570062505559530486e+01	-5.501027951684253736e+00	-1.935294487010249753e+01
3.992949619150675034e+00	1.580996930657890154e+01	-5.656507954113513037e+00	-1.933456245569113818e+01
3.999235075769965952e+00	1.579434576793613410e+01	-5.505662957439010796e+00	-1.973485068167919110e+01
4.005515715515433506e+00	1.583457711558762071e+01	-5.514778374787895565e+00	-1.995378607378639302e+01
4.011798434346478537e+00	1.589402369082280764e+01	-5.535586260309978357e+00	-2.016012239627235303e+01
4.018083716245132386e+00	1.586072989403814582e+01	-5.402286752932101699e+00	-2.047139630466679350e+01
4.024365700052603856e+00	1.599746551928006255e+01	-5.562555528508901226e+00	-2.045450112535916887e+01
4.030643960839860540e+00	1.597286117545270301e+01	-5.302355202925153499e+00	-2.107183397089198351e+01
4.036928708926215137e+00	1.602753947088859121e+01	-5.402545486956720211e+00	-2.111911275326828630e+01
4.043218157412017177e+00	1.604632005966907116e+01	-5.317336753792822890e+00	-2.145382900426796269e+01
4.049503019487663558e+00	1.608587664630861624e+01	-5.305926163539723461e+00	-2.162777985931898428e+01
4.055781898960511000e+00	1.613942760178219515e+01	-5.335683472200700272e+00	-2.176982742056715381e+01
4.062060795621602161e+00	1.614385098722588907e+01	-5.228008661347764985e+00	-2.215889458891264496e+01
4.068347865354716042e+00	1.628561598546021116e+01	-5.413170472927131271e+00	-2.212774715563178418e+01
4.074631027173265529e+00	1.623838766124401545e+01	-5.191201333852748512e+00	-2.261340523269807434e+01
4.080910837526078971e+00	1.629281779990862944e+01	-5.186922537135247424e+00	-2.285079602635686413e+01
4.087201203341442657e+00	1.634209655082329249e+01	-5.195128039128849906e+00	-2.295472369229952037e+01
4.093486818591942189e+00	1.636501559884658619e+01	-5.106173792253223986e+00	-2.337841373456294036e+01
4.099764387336505500e+00	1.648471715244018654e+01	-5.231021301175815097e+00	-2.344158881728898791e+01
4.106049166937662420e+00	1.642294944869922801e+01	-5.076234906708616101e+00	-2.383435878133281705e+01
4.112334559041358695e+00	1.657236736283595135e+01	-5.177215177226039522e+00	-2.397058379458842481e+01
4.118618926059533614e+00	1.656225355549915790e+01	-5.079783271687052348e+00	-2.428846977432624499e+01
4.124898942031112625e+00	1.657344022877888889e+01	-5.024960305944048855e+00	-2.458634346519793112e+01
4.131175432561665417e+00	1.668075859133656280e+01	-5.050642430932327898e+00	-2.475388732457740204e+01
4.137461563786142271e+00	1.665071967514534279e+01	-4.854818824042069991e+00	-2.528613996049915258e+01
4.143746006210170307e+00	1.679233388453947029e+01	-5.111619431200385755e+00	-2.513593258215199810e+01
4.150029800482964326e+00	1.679198867397673567e+01	-4.944180095572297873e+00	-2.556178595340251647e+01
4.156313390684649001e+00	1.683590574663951145e+01	-4.947385645131520349e+00	-2.575447792690275861e+01
4.162596105843763716e+00	1.690254891660013925e+01	-4.972569694312911182e+00	-2.594703158743266158e+01
4.168881843141768684e+00	1.696413751162710071e+01	-4.867481873103836065e+00	-2.645743936122790174e+01
4.175162111073220217e+00	1.704044593658158036e+01	-5.042150180849987784e+00	-2.634036743966510485e+01
4.181448573417560155e+00	1.704810526249200819e+01	-4.768978622187767691e+00	-2.701712499778101417e+01
4.187738782464171194e+00	1.711463273436128318e+01	-4.833517202031401006e+00	-2.708125251730627170e+01
4.194017437180169061e+00	1.720888561204476730e+01	-4.862218739036701542e+00	-2.736452438629051187e+01
4.200293572701767175e+00	1.719429346860012586e+01	-4.752626245385223491e+00	-2.774089630291888753e+01
4.206580195481546269e+00	1.724643934656500477e+01	-4.756496166924051749e+00	-2.787592826777333954e+01
4.212860644652220543e+00	1.729290364719558326e+01	-4.655160176358652535e+00	-2.840794071830486800e+01
4.219138153430114002e+00	1.742817096115891218e+01	-4.856514875376496398e+00	-2.826138793384145487e+01
4.225426162098283811e+00	1.735830643795405948e+01	-4.616973464567797336e+00	-2.884182467924538784e+01
4.231713506719782636e+00	1.744746774586524651e+01	-4.583359013552325223e+00	-2.915306527432697692e+01
4.237990056577191744e+00	1.755878128463586307e+01	-4.693672963029140277e+00	-2.925501487305235315e+01
4.244267783646744618e+00	1.750998508071321069e+01	-4.491318367531399680e+00	-2.977391894218554214e+01
4.250560660182562955e+00	1.772841482967916704e+01	-4.760678778108845322e+00	-2.972264723227590011e+01
4.256847734842668096e+00	1.765463446801004110e+01	-4.410257933131179087e+00	-3.045171053411195317e+01
4.263127100734456221e+00	1.777207349167146688e+01	-4.491536303819595233e+00	-3.056824494346175669e+01
4.269406860432507500e+00	1.783430363379040529e+01	-4.621823118639975192e+00	-3.062825084094549410e+01
4.275691671482192646e+00	1.782559240865506567e+01	-4.359876918433965187e+00	-3.126408142759278519e+01
4.281972414189518794e+00	1.800009200786297825e+01	-4.490591740381807639e+00	-3.144946842267419385e+01
4.288253516806755705e+00	1.798129044473277460e+01	-4.358764495582056142e+00	-3.189116674242299965e+01
4.294540520160492925e+00	1.802829966866532629e+01	-4.440911410901434486e+00	-3.191472693088968882e+01
4.300825742921731809e+00	1.810174111665689267e+01	-4.392305531923487827e+00	-3.231148231531092563e+01
4.307109835491901961e+00	1.809094993110315741e+01	-4.217419688673483158e+00	-3.278367233631158939e+01
4.313390926478413157e+00	1.826376951266805904e+01	-4.410985085254836235e+00	-3.280885652199759761e+01
4.319667979480563247e+00	1.815556914009176381e+01	-3.989408288443750283e+00	-3.371183318896454750e+01
4.325952598143786076e+00	1.841422935761402258e+01	-4.415731861671126524e+00	-3.339997092584596317e+01
4.332241647035422361e+00	1.835110984456555983e+01	-4.050972442961934483e+00	-3.425169079470786926e+01
4.338524445619096781e+00	1.851259145984962018e+01	-4.250201684443287498e+00	-3.429757835743060213e+01
4.344809348131129845e+00	1.848247020219624659e+01	-4.048674744317476204e+00	-3.481045460702419803e+01
4.351090699193166600e+00	1.851311524425688404e+01	-3.924888176789385952e+00	-3.533057549325392444e+01
4.357369710808320029e+00	1.870759750707552627e+01	-4.154224880999691116e+00	-3.528244112393269205e+01
4.363659348967174445e+00	1.863118605592231702e+01	-3.900504566895096836e+00	-3.593393971386203134e+01
4.369947418280990981e+00	1.876460899755168654e+01	-3.924315513618977569e+00	-3.626699085420190016e+01
4.376226569265827315e+00	1.881439231377871479e+01	-3.846869093094226422e+00	-3.674349169321067876e+01
4.382499356631129217e+00	1.874716018511341531e+01	-3.555493587904309916e+00	-3.737216644702126445e+01
4.388784975178015024e+00	1.890205871741390453e+01	-3.840252215012907921e+00	-3.721602964457209595e+01
4.395068696309480494e+00	1.881891981386349144e+01	-3.436462806263884673e+00	-3.821488409459020374e+01
4.401347962382031298e+00	1.902994673615242149e+01	-3.664814718113613701e+00	-3.815453752979995272e+01
4.407628405096517099e+00	1.898857869127388653e+01	-3.535841057187424141e+00	-3.868188340421271931e+01
4.413915862185140426e+00	1.902903806600859582e+01	-3.379435301335377506e+00	-3.925469652437485024e+01
4.420203163534264235e+00	1.908552708162584111e+01	-3.424461063127931304e+00	-3.946070601551387114e+01
4.426480311003382795e+00	1.897691285707146491e+01	-2.988406321162501822e+00	-4.044318269446425518e+01
4.432765973643649104e+00	1.927909084377132842e+01	-3.585630622780739518e+00	-3.982330535067985977e+01
4.439053392023870614e+00	1.903874768190854638e+01	-2.846250340149482305e+00	-4.128675458650261021e+01
4.445336141335588742e+00	1.923415845187845008e+01	-3.181711596959974742e+00	-4.111067151084120752e+01
4.451617241414883352e+00	1.917237719301550314e+01	-2.765419981811281236e+00	-4.215676311867319015e+01
4.457901500730311106e+00	1.911582681480548018e+01	-2.670476588255936257e+00	-4.252001137173930800e+01
4.464189501093017043e+00	1.931733183580692170e+01	-2.926885662644550745e+00	-4.257476960909383479e+01
4.470470197548729985e+00	1.911259876062717566e+01	-2.309989112253806987e+00	-4.380099867219043119e+01
4.476748044268524573e+00	1.944209580131539283e+01	-2.686746475016151603e+00	-4.378626723160785872e+01
4.483035990164653484e+00	1.920874133526385563e+01	-2.182252874098031814e+00	-4.476544265668390921e+01
4.489323331650528104e+00	1.932951948438385514e+01	-2.237886028499415758e+00	-4.509567868408534963e+01
4.495599111667934800e+00	1.922667601400319626e+01	-2.019844422826100772e+00	-4.564846193052621715e+01
4.501870922878794090e+00	1.919672539959866597e+01	-1.741214058934465569e+00	-4.654176752608773882e+01
4.508155162877705457e+00	1.935558132458824687e+01	-1.926304409578562193e+00	-4.670639373243523806e+01
4.514446451153479423e+00	1.916601914026664844e+01	-1.488734261186853258e+00	-4.771974716441096120e+01
4.520723894043856994e+00	1.920595679387860955e+01	-1.566106433928307062e+00	-4.783690916253774361e+01
4.527003782460155890e+00	1.904999858797144086e+01	-1.168081120642237458e+00	-4.885256507517051006e+01
4.533293086610313161e+00	1.905159122902887248e+01	-1.032405938449553195e+00	-4.947838483223411998e+01
4.539578989864040182e+00	1.894189646402717742e+01	-8.738865407961565746e-01	-4.993764529539387098e+01
4.545857164866476730e+00	1.888409250786792981e+01	-5.781950968204057073e-01	-5.089608939319677461e+01
4.552138955546025656e+00	1.879017262414745915e+01	-3.714237238445411426e-01	-5.150920923528335038e+01
4.558432046889146605e+00	1.885287144245484114e+01	-3.084323478382242079e-01	-5.217812793722040965e+01
4.564713463378488711e+00	1.882975110410201580e+01	-2.384569072597430561e-01	-5.256489601001069190e+01
4.570987274133244682e+00	1.886947208820475197e+01	-1.658528614664836753e-01	-5.317999048968285081e+01
4.577274818151045643e+00	1.885996226723296942e+01	-1.605689832399097572e-01	-5.345241482118299814e+01
4.583563263889338657e+00	1.896073592083715198e+01	-2.227735870311855215e-01	-5.393856543260546488e+01
4.589844917004465508e+00	1.898228259845141608e+01	-1.293284701785789581e-01	-5.441567445072892895e+01
4.596126259982004747e+00	1.899313074868697981e+01	-1.057902738167983830e-01	-5.474727515384967802e+01
4.602409075598298926e+00	1.902802488524655899e+01	-9.606311320214486194e-02	-5.515629192040438511e+01
4.608696634867644804e+00	1.912508290504224107e+01	-1.263838489286749356e-01	-5.558861511796717281e+01
4.614977646498861219e+00	1.915685764565734672e+01	-3.928313530810825099e-02	-5.608709665887278106e+01
4.621258953029527383e+00	1.915899614444384369e+01	-9.771815632324334921e-02	-5.623601153104937111e+01
4.627547993978874175e+00	1.921038294973070037e+01	-1.325822995909778368e-01	-5.661287301922153148e+01
4.633830152730579854e+00	1.929586992788798838e+01	-4.917848239230453167e-02	-5.718853581945957387e+01
4.640104005367354567e+00	1.935704704451960367e+01	-5.771109311217921534e-02	-5.751737236464750680e+01
4.646382060386754276e+00	1.941171349081981745e+01	-4.464833233135028639e-02	-5.799668773332822980e+01
4.652674213731970987e+00	1.944493967683411029e+01	-5.312440501133273985e-02	-5.828469270162756288e+01
4.658958291796220230e+00	1.954467924931223877e+01	-2.699389706341267028e-02	-5.875429910048019622e+01
4.665233615070169648e+00	1.955181151569551545e+01	-4.903544102745804878e-02	-5.900079607129576686e+01
4.671520675710307380e+00	1.963243969990746507e+01	-1.062934095868799111e-02	-5.954418628947808401e+01
4.677814351732177300e+00	1.978077088092602054e+01	-8.355210694977628638e-02	-6.001687079190917018e+01
4.684093699744638073e+00	1.984551950649485619e+01	-5.839716982602408818e-02	-6.045456949535302726e+01
4.690368661472568590e+00	1.989178348967275056e+01	-7.796328546957900785e-02	-6.074659848255528516e+01
4.696663270746453733e+00	1.991875278043597319e+01	-6.850341618601012150e-02	-6.107200990517490169e+01
4.702945459248681459e+00	2.003129916931985122e+01	8.944709218639676149e-03	-6.171098728233353370e+01
4.709209170841929470e+00	2.006242712944441564e+01	-8.033670999373479504e-03	-6.194895504259023511e+01
4.715491634753063543e+00	2.016172880958422553e+01	4.257823747376546057e-03	-6.243123400251189992e+01
4.721784316284933780e+00	2.025336953853654620e+01	1.347737001060120982e-02	-6.293437484648516289e+01
4.728063062331094635e+00	2.031817569283590785e+01	-3.701134661622657029e-02	-6.320063876542715775e+01
4.734337423381671073e+00	2.034873713937013306e+01	-4.531069744452651676e-02	-6.345624235705798100e+01
4.740627024094544062e+00	2.043059852762754502e+01	-9.079456748111836006e-02	-6.384488499374739234e+01
4.746914995664547554e+00	2.057344367887719727e+01	5.388227839875599397e-03	-6.459019305151343815e+01
4.753194740071086777e+00	2.060586513298021671e+01	7.449850610706578455e-04	-6.481977273033865572e+01
4.759478891864783456e+00	2.068019659163902801e+01	2.304585686115119200e-02	-6.525181185216642632e+01
4.765762396877359031e+00	2.077683898741237556e+01	-3.899511660291905130e-02	-6.564217001270765195e+01
4.772049481246195768e+00	2.086172319249842033e+01	-2.352212689527131625e-02	-6.604401736379740839e+01
4.778335091022592351e+00	2.102354263000989576e+01	2.283896023585987173e-02	-6.677846103629858021e+01
4.784610831402393849e+00	2.111834418097604527e+01	-5.452107203569808019e-02	-6.717921795637882099e+01
4.790907306208476157e+00	2.120167960661732565e+01	-2.711251750499399718e-02	-6.759974540682878796e+01
4.797204047706418173e+00	2.131231441932335002e+01	1.987493629730322647e-02	-6.814415404808030985e+01
4.803470827697504220e+00	2.140575846399723403e+01	1.037773398480904691e-02	-6.856761175132851349e+01
4.809748850577324042e+00	2.155130932245619135e+01	-3.711588929222484068e-02	-6.915031541977843688e+01
4.816045316586602176e+00	2.165260704390038171e+01	-5.276683785250355779e-02	-6.956639904547600395e+01
4.822329240673497885e+00	2.165555422935858587e+01	-2.704299717893779084e-02	-6.976845766107004465e+01
4.828596758226470165e+00	2.179085378376229798e+01	-2.573836677099339970e-02	-7.035741871806850156e+01
4.834890332961369275e+00	2.187534302402534792e+01	-2.015596859354483114e-02	-7.076552927830799433e+01
4.841191655056394261e+00	2.197340869015274123e+01	3.201845602439026828e-02	-7.129051067178276924e+01
4.847460407468000554e+00	2.203107781450922076e+01	-1.631189033910048283e-02	-7.150869744342047341e+01
4.853732128521334843e+00	2.220377034885647305e+01	-4.857792006919946920e-02	-7.217494586212409047e+01
4.860029138783373170e+00	2.234960436575178733e+01	-3.334041370535453797e-02	-7.285651314656711008e+01
4.866314601732018019e+00	2.244066350447497271e+01	7.282952070809839418e-02	-7.336635042856696032e+01
4.872587026269203925e+00	2.264018028164146656e+01	-1.516334016618309417e-02	-7.399233493507411197e+01
4.878874221748241702e+00	2.264372694803374131e+01	3.678764710119492021e-02	-7.422912311620065395e+01
4.885171078138658807e+00	2.281579221565124627e+01	1.058646318430192350e-02	-7.489294492595328734e+01
4.891450629931857641e+00	2.293462640033187583e+01	-6.728387187640925103e-03	-7.536168392108298519e+01
4.897716482750221978e+00	2.304424573438611645e+01	9.041648484630359500e-03	-7.584000994831770015e+01
4.904002834596266069e+00	2.325193088371922912e+01	-8.884323415024172541e-03	-7.665429022220375543e+01
4.910295858205786068e+00	2.337492839743463335e+01	1.861178392104679419e-02	-7.720297793271096509e+01
4.916575188115905881e+00	2.351069516158055706e+01	-3.097599541960704972e-02	-7.767130415577986469e+01
4.922847946197084212e+00	2.344819849030406189e+01	3.944524777464002152e-02	-7.771689530601038598e+01
4.929131667457151700e+00	2.369794412157609642e+01	3.210949962122155305e-02	-7.861598191253141010e+01
4.935434460144239033e+00	2.394852555523440785e+01	-1.120045573614012607e-02	-7.950011546275182184e+01
4.941718513303545279e+00	2.395348129419217642e+01	-4.200624623147835440e-03	-7.963345303538136477e+01
4.947978624761803168e+00	2.409108410665255207e+01	2.628822043507698242e-02	-8.025532929845968511e+01
4.954274999209829389e+00	2.425315233977980256e+01	1.386990957496718468e-02	-8.085015093696156896e+01
4.960571094729937514e+00	2.457535239364581514e+01	4.172381041444663680e-02	-8.206805020815660612e+01
4.966823207626954506e+00	2.455039844429003537e+01	-8.870441046822538861e-04	-8.204649103317895253e+01
4.973097418390337587e+00	2.488534627284506229e+01	-3.625027113242337840e-02	-8.323290129354361966e+01
4.979415129936382023e+00	2.482032102728001632e+01	5.152744252321901641e-02	-8.320589301724886866e+01
4.985702082330368157e+00	2.505375080881263727e+01	6.645598146100436393e-03	-8.405236649488838907e+01
4.991949985828016523e+00	2.515918504141157186e+01	-6.020504691705541589e-02	-8.438918254519626316e+01
4.998241586316924057e+00	2.549780049470507137e+01	1.264216941108150909e-02	-8.575149156330876110e+01
5.004556635606089543e+00	2.547027296447134503e+01	6.366512724903626574e-02	-8.581562352327188137e+01
5.010828655701208945e+00	2.573867419483243779e+01	8.818862366982632706e-02	-8.681550294431433201e+01
5.017077229702536556e+00	2.600701863627480037e+01	3.175641244014835995e-02	-8.772401215972855937e+01
5.023374414758113637e+00	2.611364689276771500e+01	8.851625147195299470e-02	-8.827993692202022658e+01
5.029688873569548413e+00	2.617336836435286074e+01	-3.476307415503705062e-02	-8.840901093041192382e+01
5.035958413584124216e+00	2.628016715357530941e+01	4.347985555443027034e-03	-8.888908808041442455e+01
5.042232667658486989e+00	2.664826423277055412e+01	-2.860786221702124946e-02	-9.022062671877327489e+01
5.048528755870775875e+00	2.663566353739040693e+01	1.535851508839287428e-02	-9.031010882261101358e+01
5.054821121427484520e+00	2.698023378271411943e+01	1.444122768571675340e-02	-9.153086142801217306e+01
5.061069509814582368e+00	2.709704254332812212e+01	-2.074138210151915684e-02	-9.196111307616676811e+01
5.067347812754101177e+00	2.728040572210536041e+01	-1.212718677636683180e-02	-9.271193705084719738e+01
5.073675050630431116e+00	2.762758297728076329e+01	2.784748344610016996e-02	-9.404416294223331363e+01
5.079945928388977627e+00	2.779814019358837740e+01	-4.219980612378717959e-03	-9.462525865790262003e+01
5.086192992546071601e+00	2.792416689877710922e+01	4.578332690322081677e-02	-9.518710652073411893e+01
5.092484128970163226e+00	2.811119624686855900e+01	-6.625382275043086022e-02	-9.585123624445748192e+01
5.098802924706086870e+00	2.830101519330996140e+01	5.110419396310286050e-02	-9.664376051281239199e+01
5.105078217426394005e+00	2.858339404786442017e+01	2.192175970039501615e-03	-9.764320079811139408e+01
5.111325076574067872e+00	2.871808281152601339e+01	1.901308793366581276e-02	-9.820030534972448777e+01
5.117628358851224135e+00	2.906191317010040365e+01	-2.766410049711777799e-02	-9.940923330018209469e+01
5.123935939383525984e+00	2.911341793915259402e+01	1.258090832407891130e-02	-9.969383300372875567e+01
5.130199176325612065e+00	2.953623847554706217e+01	1.243514667819297648e-01	-1.013109610415742310e+02
5.136469985878846956e+00	2.970378125505163069e+01	3.495753408887689040e-02	-1.019092896676513362e+02
5.142797788696348071e+00	3.007532334815516961e+01	2.205180235447466372e-03	-1.031980428242693506e+02
5.149090378043822192e+00	3.043031046635218217e+01	1.032737657860345742e-01	-1.046193992155734662e+02
5.155289879840074363e+00	3.052119324058936201e+01	6.977128166268796450e-02	-1.049223049179181260e+02
5.161564521234301317e+00	3.048196289930497471e+01	6.322082703757191113e-02	-1.048830422164573122e+02
5.167916673496016244e+00	3.097428631013593403e+01	2.799443596719963442e-02	-1.065796240429966417e+02
5.174205974602950064e+00	3.127748453913257976e+01	1.785741636681675154e-02	-1.076602992286476876e+02
5.180434820793812456e+00	3.130491970871596052e+01	1.469103383601389444e-02	-1.078280097885877638e+02
5.186729096569634656e+00	3.154172462694009482e+01	3.815724051054302218e-03	-1.087186380842733655e+02
5.193058481037780894e+00	3.182011306238424453e+01	-8.024965246084005827e-03	-1.097362227409437594e+02
5.199319511444338460e+00	3.230430664989913936e+01	1.434618720919729647e-03	-1.114547997316286256e+02
5.205574295584361799e+00	3.267058477280906459e+01	-1.646698770980504004e-02	-1.127723924252500041e+02
5.211894977074066126e+00	3.276966749096713016e+01	-1.966646625080664332e-02	-1.131931882674448815e+02
5.218201708336958511e+00	3.316888598708813163e+01	-7.850906278087842194e-03	-1.146165625739128728e+02
5.224411911780083351e+00	3.351026062103965586e+01	-2.105585716863818402e-02	-1.158222787702333818e+02
5.230677632666463239e+00	3.390646619160798281e+01	-8.039336481320424888e-02	-1.172159098799425578e+02
5.237056729559757429e+00	3.399601536713004180e+01	4.661929106159114905e-02	-1.177183828662425213e+02
5.243336785035660697e+00	3.466779779075386614e+01	1.673819915311427001e-02	-1.200561606508335331e+02
5.249493476178225038e+00	3.465139777563541656e+01	-4.326824672507462860e-02	-1.199791318227240993e+02
5.255787017738318134e+00	3.506694163838601241e+01	-6.239008276039837569e-02	-1.215126644650227377e+02
5.262205327426889845e+00	3.526965113240649430e+01	1.386994848939349274e-02	-1.222908489559575997e+02
5.268477758348532269e+00	3.566164308575812214e+01	1.308434598579714253e-02	-1.237008143622123555e+02
5.274632213654732560e+00	3.621273443857085539e+01	3.936822516184347587e-02	-1.256828959760092488e+02
5.280950543314659740e+00	3.639884822811149689e+01	-6.512090351264820942e-02	-1.263052981538758530e+02
5.287327645024750389e+00	3.702055295009300551e+01	9.844060908571384758e-03	-1.285635302788519994e+02
5.293582359180156516e+00	3.685440853853958032e+01	4.023134711322332024e-02	-1.280590827983806719e+02
5.299789992649893478e+00	3.792049206771532255e+01	5.117326045951244712e-02	-1.318541634629917780e+02
5.306111460381987222e+00	3.772687286111183624e+01	-5.991293859294766211e-02	-1.311179028947507561e+02
5.312452717892129250e+00	3.867643374065328032e+01	3.965331477419851980e-02	-1.345382217221675205e+02
5.318650122853046724e+00	3.829777866856545643e+01	-3.478513901869449698e-02	-1.331810183951704971e+02
5.324923043129819789e+00	3.870715501326828445e+01	5.539341454395056014e-02	-1.347733898216309854e+02
5.331330237158205421e+00	3.994946841514222768e+01	1.749493159645110207e-02	-1.391022841082569812e+02
5.337586726886338617e+00	3.918314369110662199e+01	5.680923384939163406e-02	-1.364983332719360760e+02
5.343685192440848830e+00	4.007747907349175875e+01	-7.586500972553109068e-02	-1.394894507540174686e+02
5.350070659715249199e+00	4.026119121573319859e+01	-7.685469584961551748e-02	-1.402228936319856416e+02
5.356556762554878226e+00	4.153896501832578991e+01	-3.622367463337265725e-02	-1.447431206718302974e+02
5.362691868684501095e+00	4.193425511337643741e+01	-1.134312133746077532e-03	-1.461511922551379143e+02
5.368769208912516966e+00	4.259660761162047748e+01	8.422474690691079957e-03	-1.485214107312691851e+02
5.375270137997677722e+00	4.266700408411725221e+01	-7.654134771388673708e-02	-1.487527367061482835e+02
5.381769983045385786e+00	4.325763091658743065e+01	3.576889755849800567e-02	-1.509589857763170073e+02
5.387701030372958222e+00	4.404250002132837949e+01	-5.122745356089765389e-02	-1.535961201333912811e+02
5.393786668001271600e+00	4.369649810510033916e+01	-7.001699593909442576e-02	-1.524215690302895041e+02
5.400446161099396569e+00	4.471313253297010704e+01	1.473544557414410532e-02	-1.561302088886542379e+02
5.406957063684501463e+00	4.591638097281995812e+01	-7.288021342242365086e-02	-1.602526463103164360e+02
5.412655672453426270e+00	4.541612798917794436e+01	7.534290818752979735e-02	-1.586282612737852844e+02
5.418821279260546575e+00	4.591260150984996358e+01	9.395822055536287229e-03	-1.603784881734811165e+02
5.425690594366304076e+00	4.657830152444506666e+01	-3.920393034301484364e-02	-1.626990389565218322e+02
5.432217487502165376e+00	4.812372724802919777e+01	-1.258836906189558513e-01	-1.680245369767569912e+02
5.437649811577258241e+00	4.615606009408101329e+01	2.590125542173245948e-03	-1.612388177307365424e+02
5.443914404015878006e+00	4.815683484202345710e+01	-9.631708598400093302e-02	-1.682165760072647345e+02
5.450953501686320202e+00	4.848085408458403123e+01	-9.741728955341484586e-03	-1.694745887365416763e+02
5.457483690405861232e+00	5.009056168516337948e+01	-1.022709178045882461e-01	-1.750333020537526636e+02
5.462715250135157241e+00	5.073620621141862586e+01	-7.677382241423937048e-02	-1.772760368413410106e+02
5.469033575551323523e+00	4.952722747059079467e+01	1.037469891922848317e-02	-1.732052739463714488e+02
5.476177730420278778e+00	5.125443261735737366e+01	-1.974028489820186041e-02	-1.792356930007034919e+02
5.482708935702562236e+00	5.182740721343612478e+01	-2.948966215876602792e-02	-1.812650941698401823e+02
5.487722405008360838e+00	5.065286223211174388e+01	5.089530364146072072e-02	-1.772083537295391409e+02
5.494194284996126498e+00	5.460509209611809212e+01	-2.009315550520170135e-02	-1.910005850754777441e+02
5.501391471009256406e+00	5.524041729030608394e+01	-6.657499080704293304e-02	-1.931934404318194822e+02
5.507128202673079009e+00	5.443220810636815798e+01	1.229874109682801801e-02	-1.904655340582567078e+02
5.512278020050448646e+00	5.532342532508272370e+01	1.890002928915142724e-02	-1.935893627822222243e+02
5.519395563377015534e+00	5.863303573699208471e+01	2.163156575235041651e-02	-2.051919816372003709e+02
5.526598678609708770e+00	5.822443026226680018e+01	-4.980569800809245273e-02	-2.036997990779702263e+02
5.532162682462509196e+00	6.205359114711789204e+01	-9.469107893144745880e-02	-2.170666762818881352e+02
5.537397124017139127e+00	5.896583176472189791e+01	2.429816810136817273e-02	-2.063850746518702124e+02
5.544582756485218589e+00	5.750884458163464785e+01	1.050674099522973248e-02	-2.012784722889234388e+02
5.551739327507637434e+00	6.219617896375488897e+01	1.539641757639340636e-01	-2.178316842146883232e+02
5.557493306674907707e+00	6.739991602843336693e+01	1.061350204724906404e-01	-2.360012846066908310e+02
5.562281709102816940e+00	5.199464007727286941e+01	3.548812710630527834e-02	-1.820151714993385781e+02
5.569272720323164449e+00	2.289884929356936283e+01	2.541514591034086529e-02	-8.017110656623013654e+01
