8.899641224696953554e-03	2.712172275669891860e+03	3.372850471633447796e+03	5.102227995565105630e+03
1.507912216506557788e-02	2.873352549306075616e+03	2.252921604244585978e+03	-8.601419997236233428e+01
2.144790186456836667e-02	3.339517413836832930e+03	4.314274305355700562e+03	2.748806975335488119e+02
2.783660776489276650e-02	2.645764452185278060e+03	3.149570655892950072e+03	-5.598817010598336310e+02
3.435099785803411021e-02	2.434804853257862760e+03	2.442403913755062149e+03	1.464879700769249098e+02
4.047886761425745911e-02	2.303475218655810295e+03	3.198783650563333595e+03	1.794364925304107601e+03
4.676716683575679601e-02	1.873315845631150523e+03	1.893946385367856919e+03	4.346515745091871281e+02
5.308225101765951665e-02	1.678862349186870915e+03	1.250697684774028403e+03	3.970955140064085498e+01
5.945362440940590160e-02	1.567388107435689108e+03	1.551918695840737655e+03	-1.911123584759265839e+02
6.576224814588792211e-02	1.417728276796626687e+03	1.301738684767829000e+03	2.777502039465018129e+02
7.196632906698736953e-02	1.299355085397653738e+03	1.313612655193923047e+03	3.066125808688473171e+02
7.827860915688347743e-02	1.201537904196924046e+03	9.069103259143942068e+02	-1.475805288533319128e+02
8.470398945834539672e-02	1.133010759223891682e+03	1.204032382706530598e+03	8.248979596761353150e+01
9.096854620527369817e-02	9.915601723807060353e+02	9.091634087923017660e+02	2.433346855872659944e+02
9.720789776830213169e-02	9.231646405944684375e+02	1.008560615263479917e+03	1.120640871672056420e+02
1.034763038959366499e-01	8.111441176827948993e+02	7.635972342176377197e+02	-3.923431623506012045e+01
1.097576444254559219e-01	7.651712372999721765e+02	7.904601451313409370e+02	1.432192907604298000e+02
1.160543084780093354e-01	6.978399814122932412e+02	6.414034137357480176e+02	2.093250766182558920e+01
1.223669666537485351e-01	6.486647832686984430e+02	6.536973998213354662e+02	1.144416231882043178e+02
1.286817263090294094e-01	6.167855287498044845e+02	5.792078211764858224e+02	1.684813848924666146e+01
1.349500801664080818e-01	5.695864614229516292e+02	5.446945669105330126e+02	9.990473209961405132e+01
1.411949558842147678e-01	5.384325323894470330e+02	5.320076260772688101e+02	4.083609425291876960e+01
1.475133575747468451e-01	4.976925040351879943e+02	4.372109989811567061e+02	5.603547459003230813e+01
1.537865074252268427e-01	4.839313269768838950e+02	4.753036002815081247e+02	2.366184477687911425e+01
1.600657544051110326e-01	4.501106313726733106e+02	4.489278792359240811e+02	8.917345142645449130e+01
1.663991168687080635e-01	4.015141024308727538e+02	3.997585375597450366e+02	4.700114459804005662e+01
1.727195645776442856e-01	3.941379570585180545e+02	3.717532630181137279e+02	4.187237997478828078e+01
1.789765213377084718e-01	3.641624669523481543e+02	3.421040976365516713e+02	7.398307684484700530e+01
1.852353690647852158e-01	3.428549373302098502e+02	3.380834023518714275e+02	3.425162391509172011e+01
1.914806787341157279e-01	3.235516559584607990e+02	3.167417793142028586e+02	4.611154074825646632e+01
1.977889868651535599e-01	3.155199828302626202e+02	3.127106826754316558e+02	5.711639360935263454e+01
2.040937735447724277e-01	3.034507338565384771e+02	3.017586562423546752e+02	5.920660378774609711e+01
2.103939302609846018e-01	2.841446708997150381e+02	2.783203462703583000e+02	3.880427494055207660e+01
2.166909709822301688e-01	2.734634152283607591e+02	2.918302200716448738e+02	7.939265699833251233e+01
2.229700281216152047e-01	2.590676900634310869e+02	2.633549130158768321e+02	4.672336114397979401e+01
2.292620027086341994e-01	2.431319248202337917e+02	2.427867767753864712e+02	5.420249007415645792e+01
2.355141508366812297e-01	2.384761242770215688e+02	2.454920852994033282e+02	5.243629673822015747e+01
2.417910583817859116e-01	2.214636926599205822e+02	2.202756232357165231e+02	3.371152692905946680e+01
2.480856539439619257e-01	2.169654023203667066e+02	2.197179091324377396e+02	4.278922378218004496e+01
2.543492256872954549e-01	2.024047594709030307e+02	2.114815392339015716e+02	4.758920335360539866e+01
2.606334251884805386e-01	1.975796208324979375e+02	1.978841136988441747e+02	2.844062780162999715e+01
2.669257370896960802e-01	1.897326975705148868e+02	1.927800025723321085e+02	3.163615342459502244e+01
2.732423343141155980e-01	1.839872482923030645e+02	1.902024378706212246e+02	4.464235226374185572e+01
2.795529680084415936e-01	1.726484272421571120e+02	1.734796949299912683e+02	3.801480907755606609e+01
2.858366292314493129e-01	1.694157840415463454e+02	1.735693275509132150e+02	3.624211985616996401e+01
2.920876271394311496e-01	1.594361691191281238e+02	1.608263875144490669e+02	2.727597345340917556e+01
2.983449844439822751e-01	1.540062138969576893e+02	1.520687798016679437e+02	2.877487020565035536e+01
3.046382639407197446e-01	1.494603338004607451e+02	1.509539568069169775e+02	2.585544713701278141e+01
3.109279127003197196e-01	1.412877123121761258e+02	1.435301350789401909e+02	3.497577225376416976e+01
3.172168171618398036e-01	1.356334053689618884e+02	1.333940561661775916e+02	2.636329208841135952e+01
3.235187567944423082e-01	1.335160506727490883e+02	1.365929481225110749e+02	3.457747021044372104e+01
3.298168217550395687e-01	1.292289377094809595e+02	1.334399174806741826e+02	4.090485099025149651e+01
3.361176429457156667e-01	1.230301880577543869e+02	1.261397413107230250e+02	2.772401484417519058e+01
3.423700375709273769e-01	1.195490166349082983e+02	1.217451970271502688e+02	2.829494040576236813e+01
3.486478192666269682e-01	1.158367758323200718e+02	1.209378979814468806e+02	3.120172657154228801e+01
3.549411614411318028e-01	1.127356197660854349e+02	1.159541953695481880e+02	3.116125289456753933e+01
3.611916935421040642e-01	1.098154928773422938e+02	1.136908553875534551e+02	3.415015932988454495e+01
3.674767089563572564e-01	1.064437719895444729e+02	1.088345616487900571e+02	2.847772396823624419e+01
3.737647795277591056e-01	1.024141187147641006e+02	1.030174740270309854e+02	3.397532894370434775e+01
3.800654031475132477e-01	9.763194602629434371e+01	9.731037577047291620e+01	2.279676597866708576e+01
3.863539861259823738e-01	9.639209617456877766e+01	9.970926047210403453e+01	2.961724116692249353e+01
3.926140181364449755e-01	9.350798547949047190e+01	9.483876976485177579e+01	2.240652312965147175e+01
3.989264500321934581e-01	8.898276857502033010e+01	8.996559078099132023e+01	2.196513256255424551e+01
4.052073244576828714e-01	8.766403030387797912e+01	9.174298796623372709e+01	2.326714379162331525e+01
4.114916477570477182e-01	8.599138000840352447e+01	9.034598153838767587e+01	2.660780157046502481e+01
4.177814272116491257e-01	8.311014304891735094e+01	8.602488812884935498e+01	2.741465128961278808e+01
4.240400648725131116e-01	7.998573634990525250e+01	8.251517977007117111e+01	2.157310488082543287e+01
4.303425690270192283e-01	7.804252433091642160e+01	7.940762399056663412e+01	2.279968056057536074e+01
4.366358560255625965e-01	7.630038005336314200e+01	7.959415940813893542e+01	2.548333565533114609e+01
4.428996183220763605e-01	7.425552007720800418e+01	7.647988475789587426e+01	2.377982982972768156e+01
4.491634418529859563e-01	7.232461150128256122e+01	7.480780748843184824e+01	2.408160395675758991e+01
4.554414146254732731e-01	6.925596549360705012e+01	7.160462264954456657e+01	2.240683727824091420e+01
4.617634470301058558e-01	6.839390976198109229e+01	7.093152437538678612e+01	2.400308933013637258e+01
4.680644242023710433e-01	6.639256902567296947e+01	6.767712218700653182e+01	2.257771427451202939e+01
4.743485242764365895e-01	6.529079796180255357e+01	6.931943569216176115e+01	2.481057083973153610e+01
4.806356136815400082e-01	6.313464401693381234e+01	6.441114462048957989e+01	2.168665720334428570e+01
4.869019258388697646e-01	6.126228656934676309e+01	6.275783853789460665e+01	2.284860322400818688e+01
4.931697099599955947e-01	6.015357881366045945e+01	6.284129124844182712e+01	2.109301912482599306e+01
4.994506747144535908e-01	5.852638806139820105e+01	6.018801664734549917e+01	2.213665439753291508e+01
5.057159051335421429e-01	5.696009993946934458e+01	5.862517697748133116e+01	2.191155654495766214e+01
5.119923996268095356e-01	5.512853875131703063e+01	5.714088004257588693e+01	2.046528139787704248e+01
5.183126097768406826e-01	5.386132505899312406e+01	5.504295497279866822e+01	1.827051594212405305e+01
5.246089638029100000e-01	5.236077703447042353e+01	5.298507388614208224e+01	1.890200714357507294e+01
5.308757308483337267e-01	5.150683896629055880e+01	5.212146501991155390e+01	1.898876503858021536e+01
5.371573527946726934e-01	5.067494151304658345e+01	5.203515617309707153e+01	1.942618929256984472e+01
5.434579563783791256e-01	4.945497131006663238e+01	5.190428777431264251e+01	2.082359127900863882e+01
5.497430652392217842e-01	4.784105380077023284e+01	4.913755811470552715e+01	1.771768392901455158e+01
5.559937427501778773e-01	4.692102760804110062e+01	4.945578561925589867e+01	2.019599041668701034e+01
5.622854676609657654e-01	4.619753250051203253e+01	4.850815476839888163e+01	1.941658122981796808e+01
5.686011537227265711e-01	4.494145354344972532e+01	4.649522003549013505e+01	1.720917505257099123e+01
5.748804589422079614e-01	4.425040873052689250e+01	4.633665475377726040e+01	1.878038727729202861e+01
5.811550210340560296e-01	4.288777902249174190e+01	4.401217893922525803e+01	1.683408604798935926e+01
5.874394496660968468e-01	4.186285119750618122e+01	4.289973891217236002e+01	1.744587397045909327e+01
5.937176220296899176e-01	4.124110182018540627e+01	4.247142883965759097e+01	1.779381990396897351e+01
5.999971954793682505e-01	4.024803700277242058e+01	4.117738482338337036e+01	1.673732198946793659e+01
6.062679115124277596e-01	3.927379152958044983e+01	3.978204280878136245e+01	1.609574125123479149e+01
6.125469576444534381e-01	3.859522043950430970e+01	3.889453886361341972e+01	1.457871579121798788e+01
6.188477733041515272e-01	3.748744488547373521e+01	3.829368097994203879e+01	1.627965713401844638e+01
6.251310567437898813e-01	3.706866843496022312e+01	3.759407377247043058e+01	1.625914862050286658e+01
6.314027450383210560e-01	3.601159502879755081e+01	3.736735135111169370e+01	1.582496461237809626e+01
6.377003562732055375e-01	3.534124847477963982e+01	3.587053019735781589e+01	1.511802922721163789e+01
6.439857783314556494e-01	3.522813704260484968e+01	3.649002827536806848e+01	1.599298000517539187e+01
6.502685417166111925e-01	3.412124433976436677e+01	3.485679164283087061e+01	1.500868351733434913e+01
6.565586117699038216e-01	3.331160144217186314e+01	3.405495134989168093e+01	1.415898092038291090e+01
6.628369282359254377e-01	3.275673933083328393e+01	3.342149206342438106e+01	1.452964983565595958e+01
6.691185444962194362e-01	3.190103846134424614e+01	3.219579391214552544e+01	1.471393199213857983e+01
6.754070198575605755e-01	3.145190602246389489e+01	3.240935998685099406e+01	1.527678219298061002e+01
6.816835514593204692e-01	3.066443445604340923e+01	3.108764765612771797e+01	1.454261440789190907e+01
6.879592533861698112e-01	3.022719463519964123e+01	3.071122937471175263e+01	1.321634940671957281e+01
6.942344317039531587e-01	2.964043099444755214e+01	3.049344647997435231e+01	1.455112660300103755e+01
7.005175402434737908e-01	2.897157474841520752e+01	2.967210425647877159e+01	1.444368745671022403e+01
7.068124956608716758e-01	2.856239278498431844e+01	2.888296255803608403e+01	1.350885236320019089e+01
7.131019009674921527e-01	2.805065569341871523e+01	2.863707305403752201e+01	1.377706971777960909e+01
7.193918251171427247e-01	2.734973077603911307e+01	2.711903700852938215e+01	1.294964980579064218e+01
7.256833807598113140e-01	2.699935324221862132e+01	2.743953539482735238e+01	1.359922218999678734e+01
7.319652682709349989e-01	2.618762863158052312e+01	2.565800996663422140e+01	1.210801959779823811e+01
7.382507990484923344e-01	2.586566859593824930e+01	2.594430193073504043e+01	1.286319315714316680e+01
7.445265842115937893e-01	2.540405746591944336e+01	2.542706314159004322e+01	1.235360007870305132e+01
7.507871101942712455e-01	2.498083523746858958e+01	2.528906466539753950e+01	1.247630384622546096e+01
7.570758465316046459e-01	2.452345589964547656e+01	2.451300604726966270e+01	1.224211510167314998e+01
7.633641233600957365e-01	2.416391963864199965e+01	2.433702102296728498e+01	1.243376610472123467e+01
7.696462959862266917e-01	2.376410678296106482e+01	2.376886726137464834e+01	1.220798534603634167e+01
7.759394865175414102e-01	2.325486158392750724e+01	2.322361385219386065e+01	1.166391320249017483e+01
7.822329141989586843e-01	2.307752655547318099e+01	2.342651738967094843e+01	1.221999122453646081e+01
7.885314936520240181e-01	2.254830309342458250e+01	2.272363445770799117e+01	1.169428483505333993e+01
7.947896566979522071e-01	2.205440021244073279e+01	2.184569941579454522e+01	1.152097194024538673e+01
8.010491096592354809e-01	2.166697617853904845e+01	2.142228222588848396e+01	1.093040804240800590e+01
8.073364061727361651e-01	2.141673939951690286e+01	2.144149717715751891e+01	1.103694571711005246e+01
8.136229488373866170e-01	2.103255727146289189e+01	2.118404736245290820e+01	1.130878505986711602e+01
8.199152998961036776e-01	2.073178110237257599e+01	2.076532419445028665e+01	1.127295635462210477e+01
8.261952636392789762e-01	2.018014348455994522e+01	1.990079612470056603e+01	1.042369541197213501e+01
8.324897070080405914e-01	1.989012151713528809e+01	1.961954161401171604e+01	1.096068632417549793e+01
8.387959309210778480e-01	1.965431574761749900e+01	1.951812604819137675e+01	1.056139736186279343e+01
8.450634639703045181e-01	1.913921557905885251e+01	1.886948358166426587e+01	1.043745903715674750e+01
8.513282867562648182e-01	1.889892496030395463e+01	1.857816728782456650e+01	1.025662851081625071e+01
8.576198263902009566e-01	1.866103228191069618e+01	1.853595758949585104e+01	1.075471214902750283e+01
8.639058477062415697e-01	1.836183123927860450e+01	1.836794408247331489e+01	1.045255553645259639e+01
8.701838745487597837e-01	1.810209797997264403e+01	1.802221279630374440e+01	1.034668040788183063e+01
8.764641096075268534e-01	1.779990091761914783e+01	1.781619828740577205e+01	1.042976713423006885e+01
8.827503873399735745e-01	1.749154965283861074e+01	1.707804557896447051e+01	9.758297734495487319e+00
8.890332768393869323e-01	1.719630254852933149e+01	1.683957066679434078e+01	9.671301113991711773e+00
8.953084247113127780e-01	1.688335465456705009e+01	1.647462830495144459e+01	9.405052441203885394e+00
9.015956521667095602e-01	1.666164028414682363e+01	1.638469408512381520e+01	9.818843827783126699e+00
9.078833328094829680e-01	1.645037822361250335e+01	1.627932216707822022e+01	9.732755479840177415e+00
9.141744106319863450e-01	1.608994178776062256e+01	1.585119804982680414e+01	9.330561212518368563e+00
9.204630817717615043e-01	1.582593056721881553e+01	1.538499150216342848e+01	9.517248855565684451e+00
9.267434415264711456e-01	1.561674154054063379e+01	1.509694897727399265e+01	8.869692223643189877e+00
9.330324197354928906e-01	1.533960466163226144e+01	1.493251912436612372e+01	9.078600232821804283e+00
9.393265785573878812e-01	1.517782765869084294e+01	1.481304343712840499e+01	9.152008186464563266e+00
9.455974810398196650e-01	1.499063567910489070e+01	1.462427397616865576e+01	8.780130996056561443e+00
9.518660018545171964e-01	1.462686914238120117e+01	1.424991435261992123e+01	8.827742173400109138e+00
9.581413255531838757e-01	1.440366756713233798e+01	1.374659919939262132e+01	8.340302477131524839e+00
9.644350945109106954e-01	1.432255273322521560e+01	1.383629377864168042e+01	8.497730317451564375e+00
9.707355633568249820e-01	1.399675699239055504e+01	1.347683899676142083e+01	8.357084728300769427e+00
9.770080768450029041e-01	1.380905570584141095e+01	1.337104186241253778e+01	8.564679098262272916e+00
9.832823325363413414e-01	1.371101869947889007e+01	1.329262326731029198e+01	8.305671587290925473e+00
9.895569691966674686e-01	1.340701229537012829e+01	1.285215663593069024e+01	8.101707232276341486e+00
9.958456301921106979e-01	1.321050558908814132e+01	1.271597047308779160e+01	8.181892143321253030e+00
1.002136210743837408e+00	1.305549377238884645e+01	1.254471294354436317e+01	8.216017555175900711e+00
1.008404825335135424e+00	1.282031870555756115e+01	1.221575172621610683e+01	7.827285108715262396e+00
1.014694149836243398e+00	1.272229232935651133e+01	1.229322738353380373e+01	8.129631511450797987e+00
1.020992555437297167e+00	1.253533594094341908e+01	1.215735836534175540e+01	7.852846236571678240e+00
1.027273980437394485e+00	1.232966223365112590e+01	1.182993693922469447e+01	8.061328498488792960e+00
1.033559181896017254e+00	1.216358588145289765e+01	1.161855688190746427e+01	7.712037852579312514e+00
1.039847557392594934e+00	1.200760678436157214e+01	1.170447341134582686e+01	8.027987021979980042e+00
1.046126974943305088e+00	1.177272859639862368e+01	1.127377925985739360e+01	7.648498707803016217e+00
1.052403436811028659e+00	1.164755179561893783e+01	1.121262479010035129e+01	7.750010375632079729e+00
1.058680704651608684e+00	1.154463340797955340e+01	1.101548276620935773e+01	7.522546874386798699e+00
1.064964333065789193e+00	1.132005491935979080e+01	1.065859709416866785e+01	7.411563252548932113e+00
1.071256777440835473e+00	1.119315429498847259e+01	1.067366394838321320e+01	7.483745309764035625e+00
1.077544048801078125e+00	1.103262281065392081e+01	1.061596182176949199e+01	7.319206755868103542e+00
1.083824820188043603e+00	1.089915892089064009e+01	1.029762352511686174e+01	7.264217268191309529e+00
1.090108023942816695e+00	1.075967744149853367e+01	1.034090227613311974e+01	7.423391184514386509e+00
1.096389665956643222e+00	1.059209626028969886e+01	1.002563446238597678e+01	7.128429689177621320e+00
1.102681132058841440e+00	1.045312496408336322e+01	9.923036113392376123e+00	7.044521361385647218e+00
1.108963047594879958e+00	1.033345125188176716e+01	9.839451739692441024e+00	7.167737213180895850e+00
1.115225428463759272e+00	1.017445640108437388e+01	9.597826709341894968e+00	6.900240839118700897e+00
1.121502127614767863e+00	1.005195019444595417e+01	9.608414834021933970e+00	7.142791620833064847e+00
1.127792573824792033e+00	9.983220158324785487e+00	9.578539705269628612e+00	6.953871290234996394e+00
1.134089552668382961e+00	9.835669900835458890e+00	9.462279491715033686e+00	7.089331192606270982e+00
1.140364049650405942e+00	9.681867738724781347e+00	9.256805171461776283e+00	6.836378158871638355e+00
1.146639180320979445e+00	9.590601419593483001e+00	9.148775639519127978e+00	6.964526756126540263e+00
1.152942412991649901e+00	9.416566015264319134e+00	8.936497114139761777e+00	6.653501871089921416e+00
1.159228906751078814e+00	9.350530112205639455e+00	8.852493048120861019e+00	6.689923452485566635e+00
1.165508721887268173e+00	9.245794378740109565e+00	8.792878081062033502e+00	6.811826962077646819e+00
1.171793076256210320e+00	9.071685538723743392e+00	8.524231170027045223e+00	6.479387009744563386e+00
1.178087436369658958e+00	8.973413699740385496e+00	8.501749931462457610e+00	6.470444273485453479e+00
1.184367654251526902e+00	8.873074129291017798e+00	8.518754699394648355e+00	6.581055944844173666e+00
1.190634642299266632e+00	8.762063118351234081e+00	8.245854769678523155e+00	6.438969564876914298e+00
1.196912208834400859e+00	8.672609324031830269e+00	8.225897288565656496e+00	6.498232402263896645e+00
1.203201577354146234e+00	8.540599624806789691e+00	7.995759617879254932e+00	6.310653662321688451e+00
1.209486844441705733e+00	8.485912082015611091e+00	8.105590042462420541e+00	6.499089311988675455e+00
1.215763902074809888e+00	8.380814505598751296e+00	7.995468774731436135e+00	6.380160959743904847e+00
1.222049755171146668e+00	8.242016448293728814e+00	7.785441702910886441e+00	6.249143402035445050e+00
1.228340616621486969e+00	8.210695056770944689e+00	7.840616892788521142e+00	6.239762410569298368e+00
1.234632986576932767e+00	8.092368263322601507e+00	7.714643517897278535e+00	6.246367144796495019e+00
1.240902247176856488e+00	7.989550575999830428e+00	7.587708243338846970e+00	6.295644095008472441e+00
1.247174839144687519e+00	7.919773382746988943e+00	7.544878035261081806e+00	6.119306886765421005e+00
1.253465459933442272e+00	7.838206296762754377e+00	7.552837715519353345e+00	6.352466235038281894e+00
1.259749951892178421e+00	7.741374088714414015e+00	7.491243361314125160e+00	6.211264303849006296e+00
1.266032143127253873e+00	7.678033466156773734e+00	7.349352742990694409e+00	6.125222108598871174e+00
1.272316288472006507e+00	7.578571419656721986e+00	7.210335612494385593e+00	6.088818483620988431e+00
1.278604155058621350e+00	7.514410496538888040e+00	7.215628568705591661e+00	6.110259053502741011e+00
1.284886588933593865e+00	7.432133442672429702e+00	7.186628224047554525e+00	6.230243001524200963e+00
1.291175420066583257e+00	7.344829184024301405e+00	7.080406056084375344e+00	6.172738292527592208e+00
1.297465726373772332e+00	7.257582355546860597e+00	6.964196309061156498e+00	6.089207000457982133e+00
1.303741827011944299e+00	7.180014811512224426e+00	6.924868335009552567e+00	5.942355947777255842e+00
1.310017322922761851e+00	7.148144655961472083e+00	7.045554542085493033e+00	6.108460063010723751e+00
1.316301447662886703e+00	7.023700515435896463e+00	6.762461208382276823e+00	5.933419801901654189e+00
1.322586760363303249e+00	6.957259647155584759e+00	6.800448846428241545e+00	5.933707992651152452e+00
1.328865492452874664e+00	6.910357886678920813e+00	6.801253435472589537e+00	6.068518767165744343e+00
1.335144804954555564e+00	6.851779609085025591e+00	6.731149621942131844e+00	6.010856641107864995e+00
1.341440516272275119e+00	6.770060506110229248e+00	6.535450778841259911e+00	5.823595977253456013e+00
1.347730868417094552e+00	6.700717979121360024e+00	6.530437802128143510e+00	5.984789180263857311e+00
1.354001589994877630e+00	6.636129414027267082e+00	6.531785478941845469e+00	5.838033650980350764e+00
1.360282609297778444e+00	6.613462182040352744e+00	6.534477817912096143e+00	6.021427290506902175e+00
1.366565686457597906e+00	6.523906612925288506e+00	6.457218347300331729e+00	5.857059603417267724e+00
1.372851498482432708e+00	6.461270024827924452e+00	6.471958053828450907e+00	5.912490872766997363e+00
1.379135372929401804e+00	6.450985423266334173e+00	6.409073780748812510e+00	6.056280902869930038e+00
1.385409567149057164e+00	6.346282968222462628e+00	6.400835481432251228e+00	5.888351606337380417e+00
1.391698641219299315e+00	6.299945389322193279e+00	6.365429746362146979e+00	6.004959009566408490e+00
1.397984451439470810e+00	6.228338914628857026e+00	6.233171157378409433e+00	5.944553920241463452e+00
1.404267883409181961e+00	6.163580871233246938e+00	6.221273976680479656e+00	5.932883778258772445e+00
1.410554779484869181e+00	6.131350832632803005e+00	6.273442639950454591e+00	5.992595899564721940e+00
1.416837833547465397e+00	6.090539452112005314e+00	6.215421449813188559e+00	5.936185400968755133e+00
1.423118177187137068e+00	6.034831424417267165e+00	6.168698978145153333e+00	5.973458131927897874e+00
1.429397801164240089e+00	5.997540840030512577e+00	6.177503635777746638e+00	6.047558849998592834e+00
1.435686921822787232e+00	5.939773357989977853e+00	6.079861641328452748e+00	6.011347617724710268e+00
1.441977121769299597e+00	5.912446789760828381e+00	6.113210188443761517e+00	6.110690232794254939e+00
1.448253667853332427e+00	5.850198024855521872e+00	6.064880469878906055e+00	5.939073925141606480e+00
1.454532348972172651e+00	5.817998263353426402e+00	6.044336015073715096e+00	6.075286418651054454e+00
1.460819319151879903e+00	5.766788068375119813e+00	6.030144868813604120e+00	6.050475581079278520e+00
1.467110364402026468e+00	5.733078224735809414e+00	6.040924707755093159e+00	6.177176275667137340e+00
1.473392908948962132e+00	5.686695588310767491e+00	5.989437841945650653e+00	6.098038416674406825e+00
1.479669965243598950e+00	5.671127504568409528e+00	6.091983612010269944e+00	6.232116359420120766e+00
1.485956144602843532e+00	5.597169722337649311e+00	5.910507086961942491e+00	6.118119846164276510e+00
1.492233610763115115e+00	5.553235236966378885e+00	5.899705142003626612e+00	6.102926712261715458e+00
1.498502470379980078e+00	5.528762091202127138e+00	5.889398639318815576e+00	6.132578161796023331e+00
1.504785752051182701e+00	5.512856565342032056e+00	5.941768976209710118e+00	6.270476337655068733e+00
1.511075991894575976e+00	5.462242081940198446e+00	5.924651708009915474e+00	6.293508505444224355e+00
1.517361634985162189e+00	5.430387480478302109e+00	5.909507671247244076e+00	6.310885455593206572e+00
1.523648570969130533e+00	5.374499205572312199e+00	5.824632932694777665e+00	6.298332588686089473e+00
1.529938035715892264e+00	5.360461851145713830e+00	5.846689515857385722e+00	6.336941663546951098e+00
1.536230176913891965e+00	5.327672760644828642e+00	5.867312538665597543e+00	6.360558722483184546e+00
1.542510718779388279e+00	5.306447786537446198e+00	5.839748670941411923e+00	6.407853954816978614e+00
1.548783963082980275e+00	5.266817918523890363e+00	5.827404418050431190e+00	6.395489146082036669e+00
1.555073069779651318e+00	5.241532952021761282e+00	5.840713119916740581e+00	6.450250494348757080e+00
1.561357324927233892e+00	5.216463761542879496e+00	5.835211066732327367e+00	6.439107700198161588e+00
1.567629121053141006e+00	5.191485444324988485e+00	5.840581442158534919e+00	6.569684934637181506e+00
1.573913697404382583e+00	5.173357911150152866e+00	5.849369295458283879e+00	6.654255673291882722e+00
1.580203545230874029e+00	5.149239822183552917e+00	5.892457666480139800e+00	6.618488896802428023e+00
1.586485393434537983e+00	5.133766987657035763e+00	5.885970302682487443e+00	6.757554525481961782e+00
1.592760014263005841e+00	5.087791806673082284e+00	5.803380212987372389e+00	6.657289364086205197e+00
1.599046436394670812e+00	5.084423109732028045e+00	5.884496768685762547e+00	6.762051932247226560e+00
1.605342136637478934e+00	5.044622303378765160e+00	5.853255138763400645e+00	6.853424103125966838e+00
1.611619860919608627e+00	5.036955950328211529e+00	5.864294463678724867e+00	6.816019751269278615e+00
1.617897597081673799e+00	4.993548449658664623e+00	5.853868455989489128e+00	6.878518597995909367e+00
1.624183235481122756e+00	4.981539177965763621e+00	5.890531780005023421e+00	6.990304909462187410e+00
1.630464598531913722e+00	4.962818857619871515e+00	5.831194593916652735e+00	6.922193869800569388e+00
1.636748985747638274e+00	4.950328015368792300e+00	5.814983075201687335e+00	6.999561629035987664e+00
1.643030923698886259e+00	4.933037701135787323e+00	5.780584172862525350e+00	6.983703162928110331e+00
1.649309176648513064e+00	4.901342910850445378e+00	5.831298088911669453e+00	7.076299353047161844e+00
1.655593633940351861e+00	4.887928425485408290e+00	5.843683101458741369e+00	7.120408696926344483e+00
1.661879571405086464e+00	4.878074019453687349e+00	5.870032748913319054e+00	7.177664246383393731e+00
1.668169361685170271e+00	4.861791672876477399e+00	5.831804772591337560e+00	7.220883362998857358e+00
1.674450151530487485e+00	4.847347695080075347e+00	5.809009335790778827e+00	7.266309098261655386e+00
1.680722718978495900e+00	4.839002204427936604e+00	5.884015011577285570e+00	7.342945138724803478e+00
1.687013891340952476e+00	4.832697151019807791e+00	5.915469967954194885e+00	7.455827756483757618e+00
1.693308984907921033e+00	4.810433657347100045e+00	5.873587886182725981e+00	7.415470359229914266e+00
1.699582147428448486e+00	4.809373653904520651e+00	5.930999484276266998e+00	7.553464580868588740e+00
1.705863747055134105e+00	4.792327946229453239e+00	5.889380058411064489e+00	7.549593412626911082e+00
1.712154434283889470e+00	4.782569432641386342e+00	5.836326524263198756e+00	7.589094442695517806e+00
1.718438381579399321e+00	4.749993508606149994e+00	5.839640069479295370e+00	7.516945748105882785e+00
1.724721264464063930e+00	4.761944479555880072e+00	5.874516369839817287e+00	7.722394650093152180e+00
1.730997441276920679e+00	4.747375196377522144e+00	5.875540900554069523e+00	7.743385423779042931e+00
1.737287073528269499e+00	4.745808995532062369e+00	5.915505031886834075e+00	7.833082174422152377e+00
1.743567991878527401e+00	4.747941177506318056e+00	5.942138958337618071e+00	7.966583567324001081e+00
1.749840680212231048e+00	4.723979854485389041e+00	5.950289191809891243e+00	7.916470763255258447e+00
1.756128549091961144e+00	4.738267694068735381e+00	5.999649189492064494e+00	8.030324005722050629e+00
1.762413535324792502e+00	4.700245876430290792e+00	5.865183228340828947e+00	7.990221776908052576e+00
1.768696187669963837e+00	4.718500972221713496e+00	5.913410197860645034e+00	8.133037202552479528e+00
1.774979359379055266e+00	4.709974474367536246e+00	5.949548750864821045e+00	8.160574562857885184e+00
1.781265555576432957e+00	4.703055396432954893e+00	5.948986563341355449e+00	8.191611052933243542e+00
1.787549427830244619e+00	4.714623054872878249e+00	6.001304846269515103e+00	8.394204833230004326e+00
1.793834120011633004e+00	4.705452432360001325e+00	6.022629296486766926e+00	8.386009609697250511e+00
1.800115051552487300e+00	4.695246758522010566e+00	5.946059803603431781e+00	8.348906197002166962e+00
1.806393904854530330e+00	4.690113695727667675e+00	5.972066281083447947e+00	8.496477745468887122e+00
1.812674089667083432e+00	4.686460796102813298e+00	5.956006131888011090e+00	8.558916661561941197e+00
1.818956920109354058e+00	4.692585108303796382e+00	5.988509977837151332e+00	8.664512102697331741e+00
1.825244164118212220e+00	4.696611355665082144e+00	6.008611902423734108e+00	8.715831977043952961e+00
1.831527256642196955e+00	4.692330680618490568e+00	5.989785916055831549e+00	8.753502720077730004e+00
1.837811294935716599e+00	4.708234672756880457e+00	6.011192682372758611e+00	8.844906926752926779e+00
1.844100717411196744e+00	4.691836191749390927e+00	5.993035863529278195e+00	8.913305541731693538e+00
1.850384816792487230e+00	4.695711821676108677e+00	6.008936528178782766e+00	8.925765204922781137e+00
1.856666059735203822e+00	4.710256670109579602e+00	6.002839967860310821e+00	9.053171012237134718e+00
1.862947728675613979e+00	4.707279784771797537e+00	6.000418081389949698e+00	9.004186108366349472e+00
1.869229324466858078e+00	4.713358437830767578e+00	5.996003358602404631e+00	9.098994022295517681e+00
1.875517616802973686e+00	4.720564965342971320e+00	6.007891504727387755e+00	9.202568592372783129e+00
1.881800769033795229e+00	4.703751853004025207e+00	5.965485368344026540e+00	9.161674215786389297e+00
1.888078863416442710e+00	4.718328661541355551e+00	5.949069441897300692e+00	9.282358300433200426e+00
1.894353975182237582e+00	4.724410187774364722e+00	6.003347397403351771e+00	9.338857591918685586e+00
1.900642716154182565e+00	4.734471130985767218e+00	5.976805108484587237e+00	9.396678356553842093e+00
1.906933494748685121e+00	4.739268102405430838e+00	5.979278783373520589e+00	9.517805604110705531e+00
1.913207568676573933e+00	4.736521653716101454e+00	5.919646483238803825e+00	9.483800517685851972e+00
1.919490884732178992e+00	4.767792214583894683e+00	6.026179952105576554e+00	9.686236759437171884e+00
1.925776855684274480e+00	4.747712473639803754e+00	5.926399609784304801e+00	9.622167094165131829e+00
1.932064452961978152e+00	4.758698629052491746e+00	5.989459623799904264e+00	9.693391500996602517e+00
1.938342610030488800e+00	4.790001649277259688e+00	5.988107402788534372e+00	9.890974063245035808e+00
1.944618341543410178e+00	4.787717081198771929e+00	5.957143423906932078e+00	9.844233079717781720e+00
1.950906260203513876e+00	4.798568967223940440e+00	5.976785299231730519e+00	1.002853600505254583e+01
1.957194556613796488e+00	4.807297215948289626e+00	5.928758047354583560e+00	9.958131558257671045e+00
1.963479614559011432e+00	4.807739459803830329e+00	5.920180417951980800e+00	1.006263782030416642e+01
1.969760361532916226e+00	4.832704562988894281e+00	5.886670098990191669e+00	1.020189982409078056e+01
1.976048367034604736e+00	4.829537494124776842e+00	5.882774680904418574e+00	1.013854052910842363e+01
1.982337990217652335e+00	4.846654529521192245e+00	5.851049901983215840e+00	1.021511136766561911e+01
1.988617489259562721e+00	4.828593124592194030e+00	5.754882119711700383e+00	1.015540276239189232e+01
1.994896320665194178e+00	4.853253966665636909e+00	5.776185389315284802e+00	1.028359903858811464e+01
2.001179596222827151e+00	4.864003801542202687e+00	5.786788863565654140e+00	1.036401425387512276e+01
2.007459756923499761e+00	4.883750829766670520e+00	5.798620095169878752e+00	1.042636505252838575e+01
2.013737397779169935e+00	4.925455773326774533e+00	5.787879615099427610e+00	1.062575120156073361e+01
2.020017234677497164e+00	4.921374148859205100e+00	5.751621126639819614e+00	1.055994708802494841e+01
2.026310251015072783e+00	4.940324429999199296e+00	5.753089491394974608e+00	1.069302748242470713e+01
2.032600542948020284e+00	4.944334974230979896e+00	5.678191338758041162e+00	1.062352623384961525e+01
2.038873863192099289e+00	4.941583701555318342e+00	5.572397634072900452e+00	1.065272738903636451e+01
2.045154087821675404e+00	4.974432177665407906e+00	5.657519493608087480e+00	1.079679695681439355e+01
2.051444704514288730e+00	4.991037281362967981e+00	5.617354023426707421e+00	1.088155233621181672e+01
2.057730430280644729e+00	5.010044380450707990e+00	5.594803098473366987e+00	1.091837613236381976e+01
2.064013940455224461e+00	5.021173183517750438e+00	5.572609615897172297e+00	1.099823938826427394e+01
2.070299891179459895e+00	5.026016341276624111e+00	5.536459031786751694e+00	1.098428679948081843e+01
2.076589719964883951e+00	5.049326723338229961e+00	5.498703505882319043e+00	1.106919411802505948e+01
2.082865483794470673e+00	5.058542673092250475e+00	5.453438890726865829e+00	1.106522055644771818e+01
2.089134494859368640e+00	5.083378364809377103e+00	5.368075083258216473e+00	1.116530862424660597e+01
2.095424211360070288e+00	5.107154475473251409e+00	5.381577272380778432e+00	1.122287477206709561e+01
2.101707116664804254e+00	5.130035676190919602e+00	5.334809340128786381e+00	1.125780369918359902e+01
2.107986473933564309e+00	5.140718524834208658e+00	5.335755388748155248e+00	1.132844954379257274e+01
2.114271806543862375e+00	5.165046249730378847e+00	5.256987363325337448e+00	1.137003344696413620e+01
2.120552717288892275e+00	5.176467548447224232e+00	5.235829776401038416e+00	1.142014637277909195e+01
2.126836933207161717e+00	5.195519243325072090e+00	5.182311478673046423e+00	1.145213403333475810e+01
2.133122044791171845e+00	5.236828695291406710e+00	5.165229678200788932e+00	1.160509567771947737e+01
2.139411711910842673e+00	5.256853067063388174e+00	5.124242880864689376e+00	1.166813601189547178e+01
2.145697076775292089e+00	5.273371741624401032e+00	5.052227033596650152e+00	1.168576393207453457e+01
2.151973548606471276e+00	5.298680872594267122e+00	5.012522263934172884e+00	1.176210021429039720e+01
2.158259913555724108e+00	5.314135267835173870e+00	4.968161176839097415e+00	1.180085660861474750e+01
2.164545396699105506e+00	5.348654348458040886e+00	4.972724478790368607e+00	1.193837905225594831e+01
2.170830700377734068e+00	5.329376434015104635e+00	4.841016099232213321e+00	1.174437872260836890e+01
2.177114138849150393e+00	5.389977875411465114e+00	4.844584323329351960e+00	1.194845229958318988e+01
2.183387647576827018e+00	5.407709899085673122e+00	4.792531134566658579e+00	1.199264853656071672e+01
2.189670273687676971e+00	5.443907704025473748e+00	4.732077968570719051e+00	1.205547569497843341e+01
2.195960147934207463e+00	5.471853790578103727e+00	4.574610915507784092e+00	1.213243180610952976e+01
2.202242556317716371e+00	5.473791403735220662e+00	4.589626743564748423e+00	1.207444705888891434e+01
2.208521655981037668e+00	5.506618650188147335e+00	4.574180325189036722e+00	1.225163477941047496e+01
2.214804637081333016e+00	5.541679915050379712e+00	4.452004307979328779e+00	1.225252440270738141e+01
2.221092583349425276e+00	5.588592351398923519e+00	4.446299782867704664e+00	1.244543529726470510e+01
2.227372893591468728e+00	5.584394508960106585e+00	4.361328099478065212e+00	1.230811312739854557e+01
2.233657161144248171e+00	5.615448889839606217e+00	4.278548918870298756e+00	1.243795736723490641e+01
2.239943485394438660e+00	5.653700758208059618e+00	4.162537784181757239e+00	1.245959778382229644e+01
2.246224175264620815e+00	5.658295894771408818e+00	4.127269194150355425e+00	1.243218985474218208e+01
2.252506378421252009e+00	5.699548450856624981e+00	4.116895479134985436e+00	1.255416387514929255e+01
2.258783417054270437e+00	5.724612139669844169e+00	3.993702420576789702e+00	1.256253708664409352e+01
2.265069077371457684e+00	5.750327668827030614e+00	3.938203361600032260e+00	1.255433763147022574e+01
2.271350377044131452e+00	5.815211510403849537e+00	3.933310355658173663e+00	1.279037305093123500e+01
2.277633995145353918e+00	5.837206398373920635e+00	3.767823669696548805e+00	1.274854283389925591e+01
2.283922419579920149e+00	5.878934832119609766e+00	3.753478028195224692e+00	1.291321285974555444e+01
2.290202874392252674e+00	5.885645790023937174e+00	3.675607844490730081e+00	1.285228758869444121e+01
2.296490779970905560e+00	5.940597997038797651e+00	3.583533684137492514e+00	1.298601176938785251e+01
2.302771769934229162e+00	5.956248992384214347e+00	3.460952119286982764e+00	1.294951796426516388e+01
2.309051364164305564e+00	6.012243243431426798e+00	3.365298947503053917e+00	1.310150728251923802e+01
2.315338502539088239e+00	6.028619615654823960e+00	3.399781342049960298e+00	1.313194794803759535e+01
2.321627336503874428e+00	6.063079238303290097e+00	3.243070739627704313e+00	1.308129831746873251e+01
2.327911878297218795e+00	6.089696316543670385e+00	3.193023780674039358e+00	1.315853502782157491e+01
2.334186238580297168e+00	6.168191617078004896e+00	3.123596892791701940e+00	1.342191753624829964e+01
2.340467971862688401e+00	6.159653580782920024e+00	2.972110729033462739e+00	1.320988053111209659e+01
2.346756940970738725e+00	6.217408353553770084e+00	2.888127608884867747e+00	1.341060663850021939e+01
2.353044444556199988e+00	6.230535640002048403e+00	2.855436681617010475e+00	1.336316866416460591e+01
2.359327653314069906e+00	6.290185727370531055e+00	2.820328700810093903e+00	1.354970020719901314e+01
2.365603048789861607e+00	6.323169097702083796e+00	2.680094513949017987e+00	1.357707464873995562e+01
2.371885911737665165e+00	6.350279519954864504e+00	2.617630823916754057e+00	1.354583713275471446e+01
2.378173303594019572e+00	6.422743462913762968e+00	2.478144525317420577e+00	1.376849892405002507e+01
2.384454016539381271e+00	6.434976731309609121e+00	2.410936835279457124e+00	1.368412665244637871e+01
2.390736447344785187e+00	6.474330026721321296e+00	2.305051532028667527e+00	1.375587329993083330e+01
2.397014133897952259e+00	6.516737659359816526e+00	2.143714396238763253e+00	1.378484613742261899e+01
2.403295490074321972e+00	6.579377107677182757e+00	2.115485676049386310e+00	1.398594963900847610e+01
2.409585049672506862e+00	6.626130411938847331e+00	1.996945825575975109e+00	1.400529337312117306e+01
2.415871703165322071e+00	6.642591555290363381e+00	1.858485516492870415e+00	1.398155072200294491e+01
2.422160652369088840e+00	6.690914125379271660e+00	1.770054729555718964e+00	1.402532532575643920e+01
2.428440167222748691e+00	6.709507110802759300e+00	1.682592417715658373e+00	1.399359779755276634e+01
2.434717472383889803e+00	6.765867292030697477e+00	1.630359807147642170e+00	1.409784913539818696e+01
2.441002456202044257e+00	6.821229545307856412e+00	1.517080374598434478e+00	1.422142381385459053e+01
2.447289980304530488e+00	6.866648198805072489e+00	1.389779244191093888e+00	1.430905475756856049e+01
2.453571844729242279e+00	6.920646854669483261e+00	1.312467999800059237e+00	1.440289346295190498e+01
2.459852705114058846e+00	6.935810953421829517e+00	1.215891667345607940e+00	1.431728711594475456e+01
2.466139233225018934e+00	7.008357552669043145e+00	1.117839547249872112e+00	1.453327495677134529e+01
2.472421963421291391e+00	7.073204709648294397e+00	9.760046344131486640e-01	1.466627892759193763e+01
2.478698519174224568e+00	7.095946423187839081e+00	9.224078173519902890e-01	1.458929013938052144e+01
2.484980841400355800e+00	7.147032604136425604e+00	7.537845336825461651e-01	1.467357660371908779e+01
2.491269319409339822e+00	7.170396593342441172e+00	7.178297879485444621e-01	1.462762369616287472e+01
2.497548505139029373e+00	7.253715132975692370e+00	5.226984540597916506e-01	1.483341389229641472e+01
2.503831667172610853e+00	7.259081961042284092e+00	5.384000349232178628e-01	1.476752374010485092e+01
2.510117938323931153e+00	7.310265769003715164e+00	3.782497371871036407e-01	1.480623012439134989e+01
2.516400733681277480e+00	7.363215118912385115e+00	2.850773058013585937e-01	1.496456718952565268e+01
2.522688226833368130e+00	7.426562094887257715e+00	1.420727158330306328e-01	1.497630160197329374e+01
2.528971695852665569e+00	7.461988255821179195e+00	5.509723446707828071e-02	1.503851099321472873e+01
2.535252039407670299e+00	7.519912230155703980e+00	-1.656121795616669057e-02	1.507476385420431342e+01
2.541537514142774512e+00	7.559530758877198053e+00	-1.676504361712842506e-01	1.511232117246621165e+01
2.547823008847572179e+00	7.632118539046683026e+00	-3.203475535955878084e-01	1.525866514942625329e+01
2.554100666580690238e+00	7.674155052264172383e+00	-3.850748785666671115e-01	1.531343251039776376e+01
2.560376788884177301e+00	7.714079354158499768e+00	-4.764180706998082382e-01	1.537188492827833564e+01
2.566667521601497359e+00	7.792652203758899887e+00	-5.942481532008854206e-01	1.547887042334200913e+01
2.572955062237090473e+00	7.822898716733737601e+00	-6.172370436122022186e-01	1.548677680742315488e+01
2.579233771797999175e+00	7.859957787978927080e+00	-7.351047456710801953e-01	1.554224355329643892e+01
2.585520164300948220e+00	7.962011960961082657e+00	-1.017337267867201023e+00	1.568601755790667873e+01
2.591805130332431872e+00	7.976696847075666064e+00	-9.814794645958631047e-01	1.566958273117704792e+01
2.598084074692260881e+00	8.025995938341791813e+00	-1.114970245577052932e+00	1.572299723559059181e+01
2.604360404197643586e+00	8.091810125724281377e+00	-1.269949576005317660e+00	1.581161516899292252e+01
2.610647185140439142e+00	8.162278315358170389e+00	-1.326704845120636023e+00	1.588514042907092261e+01
2.616931864059273138e+00	8.188789515850052325e+00	-1.465038029446810608e+00	1.588702293491804696e+01
2.623206107911065565e+00	8.256837653965130031e+00	-1.486865390831503930e+00	1.604754334416260519e+01
2.629491626543270844e+00	8.283424025795861567e+00	-1.605425157891835264e+00	1.593077197150081759e+01
2.635778507982642349e+00	8.366825800417450054e+00	-1.765945222393342062e+00	1.613716580039656279e+01
2.642061039325260818e+00	8.391984208023654190e+00	-1.723612656635022722e+00	1.612290717439487864e+01
2.648343840729305843e+00	8.450014963711254268e+00	-1.918063032407665069e+00	1.627779644743834808e+01
2.654631838974855551e+00	8.506328754223417832e+00	-2.034643858443902165e+00	1.627957083979727670e+01
2.660919001246303761e+00	8.562515864505920504e+00	-2.162736299493483116e+00	1.634421361561301822e+01
2.667198525130066056e+00	8.634759458177839520e+00	-2.310975011053310268e+00	1.639909250452384271e+01
2.673484307038032526e+00	8.716223351253937324e+00	-2.353483389492182276e+00	1.658449729746604362e+01
2.679773388053849459e+00	8.733344082008740017e+00	-2.464592909100210782e+00	1.655465042465917946e+01
2.686058217632288692e+00	8.812450838107997342e+00	-2.682371290214138337e+00	1.665366450546760646e+01
2.692338738200057868e+00	8.854282514354713030e+00	-2.626220354004628277e+00	1.673272030125194121e+01
2.698618022887226964e+00	8.906188014093689986e+00	-2.787203928278985998e+00	1.671679095129625381e+01
2.704895450708277860e+00	8.979451741204561799e+00	-2.946430893854735000e+00	1.681032198292261270e+01
2.711175674923682166e+00	9.034493874633472643e+00	-2.982111494032195775e+00	1.698570904783764135e+01
2.717459832966957922e+00	9.056372172014848232e+00	-3.037098177224869300e+00	1.682507747739106208e+01
2.723745731959044569e+00	9.162562013109809556e+00	-3.250691196017399420e+00	1.706478770791883193e+01
2.730038414850594730e+00	9.197124199920214238e+00	-3.253752602934210980e+00	1.708191626519461437e+01
2.736317989800789441e+00	9.289302942263439888e+00	-3.474930245557148911e+00	1.718041223995937727e+01
2.742591858549239703e+00	9.319537374784058414e+00	-3.520568116073413467e+00	1.721312145670882288e+01
2.748879749010778362e+00	9.354696516746841439e+00	-3.539352419038231723e+00	1.715337849303695705e+01
2.755163403825859447e+00	9.418647880638022940e+00	-3.689971406691537670e+00	1.729355215196837037e+01
2.761446955625852073e+00	9.413817444134707557e+00	-3.650881159659153052e+00	1.716600428102708875e+01
2.767732088935374701e+00	9.505654298649574230e+00	-3.816024836901608985e+00	1.734318077612334719e+01
2.774015452421743966e+00	9.581359545570109049e+00	-3.938339457555366963e+00	1.745599002095963925e+01
2.780298635700591436e+00	9.645268303929624309e+00	-4.013154703863655470e+00	1.745422983679132400e+01
2.786577474762241380e+00	9.685266992258791063e+00	-4.075592612983321317e+00	1.755746745593314628e+01
2.792857983210164541e+00	9.731831720266706398e+00	-4.135894345892705992e+00	1.749171392975437200e+01
2.799143790920211483e+00	9.780795138611708239e+00	-4.209177932037879266e+00	1.759027578092577215e+01
2.805430058399325244e+00	9.877482104208830549e+00	-4.477380265582985075e+00	1.775402922760615354e+01
2.811715058209780072e+00	9.900114823234305916e+00	-4.463537508324185055e+00	1.768334712206683790e+01
2.817989272498773623e+00	9.946531601717522264e+00	-4.516739264166138135e+00	1.776099855233833935e+01
2.824269171595737760e+00	9.992962851016962134e+00	-4.611844122511874922e+00	1.767194311532961848e+01
2.830563016441804081e+00	1.008116644691428831e+01	-4.736315013593516809e+00	1.787406391670774397e+01
2.836848750951622034e+00	1.013708026021789088e+01	-4.845985762849062795e+00	1.790510547267080099e+01
2.843130027866129783e+00	1.018411716905237263e+01	-4.825102244853122002e+00	1.791085925646873633e+01
2.849413896912404986e+00	1.022278093739710236e+01	-4.941240447858000095e+00	1.801381807474851016e+01
2.855697464522425566e+00	1.025239048189341773e+01	-4.912057061349614173e+00	1.787012656393144994e+01
2.861978799810683594e+00	1.036795216189517355e+01	-5.157675025279006675e+00	1.813859184969475891e+01
2.868262469415629567e+00	1.038133304228610321e+01	-5.134637467162271207e+00	1.804270264475644225e+01
2.874547359206753860e+00	1.047247444136579020e+01	-5.270516748052360256e+00	1.826450242180839822e+01
2.880831111471525041e+00	1.053967406336810342e+01	-5.377771912942852062e+00	1.831710823082908135e+01
2.887113216972382546e+00	1.056401267957114598e+01	-5.390786272141380842e+00	1.822515802999166823e+01
2.893394504725182781e+00	1.063486757524061765e+01	-5.490779955717595584e+00	1.837593119838665601e+01
2.899673662137033592e+00	1.068845345596613861e+01	-5.540755505355289046e+00	1.834486769374987247e+01
2.905953958587380814e+00	1.072083185004910355e+01	-5.594061364097480116e+00	1.834008169089995732e+01
2.912241118105161064e+00	1.076593683950300218e+01	-5.638296622216867782e+00	1.836100941892036431e+01
2.918525996366671205e+00	1.081159077578218763e+01	-5.627039537268732516e+00	1.837997467831434761e+01
2.924809035425688819e+00	1.092655959300579305e+01	-5.915632090651519626e+00	1.862595181431769831e+01
2.931095916293684933e+00	1.093236583396566530e+01	-5.874712815137288935e+00	1.846331792857126786e+01
2.937378182606774413e+00	1.101621633366797504e+01	-6.012503189008159055e+00	1.865998595222376011e+01
2.943659980254369923e+00	1.108216245581818526e+01	-6.087723622567524195e+00	1.869903036722696044e+01
2.949946454403890250e+00	1.111208506336208224e+01	-6.033751059046459808e+00	1.865714522553995280e+01
2.956227653702202307e+00	1.118110669825517611e+01	-6.135020923114341329e+00	1.878330889595963882e+01
2.962510478867462993e+00	1.125316748858086768e+01	-6.245777827484068290e+00	1.887778108507163921e+01
2.968796535179442309e+00	1.127103485807419680e+01	-6.275592286963901145e+00	1.881297595768748820e+01
2.975077657376874907e+00	1.133178641385145013e+01	-6.308840537597431464e+00	1.889149914486899462e+01
2.981359866759223376e+00	1.136996845014294344e+01	-6.352026547813935942e+00	1.884033481852381087e+01
2.987646761575656562e+00	1.148951103945494623e+01	-6.531566502048339551e+00	1.913712661341428500e+01
2.993929038370399365e+00	1.151954496239870984e+01	-6.517385663968848775e+00	1.909537689835041263e+01
3.000206214840962726e+00	1.157753673151943552e+01	-6.586047561264723349e+00	1.911702128463242545e+01
3.006486172402415669e+00	1.160721702768843500e+01	-6.559489348235532091e+00	1.902662946112291209e+01
3.012769812211594456e+00	1.171529703200505246e+01	-6.763850092188471663e+00	1.928992893965816080e+01
3.019053144326170113e+00	1.179033636210695057e+01	-6.827589812267704339e+00	1.942184144480658148e+01
3.025337405144251424e+00	1.184167172844964000e+01	-6.906557846310293236e+00	1.939237426378798190e+01
3.031623734799107961e+00	1.189263171714018341e+01	-6.960262098239875073e+00	1.948923132979645700e+01
3.037908962055872575e+00	1.191618061279657681e+01	-6.925109199813906713e+00	1.942534885040286596e+01
3.044195067146031608e+00	1.203105001891893444e+01	-7.065283671488154837e+00	1.967901054811585482e+01
3.050475543482170426e+00	1.202743114280590220e+01	-7.009872784089565378e+00	1.956326781533802972e+01
3.056754954538277502e+00	1.208991381988255753e+01	-7.052007651696733603e+00	1.957113709170831228e+01
3.063040539557494668e+00	1.214218465913398504e+01	-7.075735397672898053e+00	1.963158966254464133e+01
3.069323699454357346e+00	1.225736486192376518e+01	-7.253777908913665584e+00	1.989921983975388287e+01
3.075610692642898769e+00	1.228698448771248231e+01	-7.285364242941199109e+00	1.985156017803774731e+01
3.081893798009918584e+00	1.236743961876765496e+01	-7.360826958430719991e+00	1.995628619628257283e+01
3.088174549548037717e+00	1.241295423165299283e+01	-7.364829748973665602e+00	2.000285480925185055e+01
3.094458635632868493e+00	1.249393174074816493e+01	-7.405480724070898191e+00	2.012181903926722981e+01
3.100743982931558840e+00	1.253465572867150790e+01	-7.494446354854073178e+00	2.009218285242926783e+01
3.107028111748448396e+00	1.263091695391374536e+01	-7.616953341605315231e+00	2.032843665772752928e+01
3.113309299655494300e+00	1.271058982005471805e+01	-7.641117803132178921e+00	2.044805047018235555e+01
3.119590662867241626e+00	1.272959186739890391e+01	-7.665599528272674767e+00	2.040246013864100405e+01
3.125874006820172912e+00	1.283000463345502418e+01	-7.752270864179313214e+00	2.052993369200028084e+01
3.132159251154602586e+00	1.289448887798540433e+01	-7.786910173128609003e+00	2.063276405740201014e+01
3.138439172765940643e+00	1.295737308809807331e+01	-7.802314613698010604e+00	2.077491453781796338e+01
3.144723867719826593e+00	1.299059240152303829e+01	-7.803936132080038668e+00	2.062936003825086928e+01
3.151003951258561031e+00	1.306004059867971101e+01	-7.921184531613259416e+00	2.083427010199562801e+01
3.157283664131563139e+00	1.316218442830843571e+01	-7.985399461803208254e+00	2.095356222465263585e+01
3.163569317183839935e+00	1.321560194134352706e+01	-8.029977045147179027e+00	2.101018562786038757e+01
3.169851661717792091e+00	1.329939277511759244e+01	-8.128552399278250462e+00	2.108642334152122899e+01
3.176137704316093657e+00	1.336053762715962634e+01	-8.188568167291583322e+00	2.125156248417075844e+01
3.182420924828643916e+00	1.344876701526715834e+01	-8.328411685078904725e+00	2.143650403274483551e+01
3.188702811875577581e+00	1.351630331560371800e+01	-8.297878401239769275e+00	2.148830281583342128e+01
3.194990520008989865e+00	1.362166183896345473e+01	-8.469788304624847441e+00	2.173101062810489026e+01
3.201275324656983834e+00	1.368233105168912189e+01	-8.404379644817142392e+00	2.176358729326105035e+01
3.207551352179861759e+00	1.374558513406995708e+01	-8.487492614773502808e+00	2.189569398462268168e+01
3.213835216737041645e+00	1.383440735328471227e+01	-8.643091717319522971e+00	2.203724983317592034e+01
3.220122579819103770e+00	1.348170019789717777e+01	-7.688606416542896227e+00	2.043276514048401538e+01
3.226406606618656525e+00	1.268414763315078986e+01	-5.903253773254094838e+00	1.730434124242162142e+01
3.232687390085645429e+00	1.214822156257391406e+01	-4.589276085865825472e+00	1.495917678835566456e+01
3.238969121280456331e+00	1.166807482155541287e+01	-3.565486348707260333e+00	1.290374333436008136e+01
3.245254751548589667e+00	1.129800664473639671e+01	-2.778509809545474774e+00	1.121080988634914632e+01
3.251534499036136783e+00	1.098641963383437847e+01	-2.108247974048017781e+00	9.719407005849912906e+00
3.257817780791052442e+00	1.067021197966829860e+01	-1.449211186871307566e+00	8.328462414567244565e+00
3.264102164154097263e+00	1.049227014542609382e+01	-1.023679947552985414e+00	7.192762789212101993e+00
3.270384152138468892e+00	1.024903069608401651e+01	-6.066548888357675695e-01	6.100853526424958595e+00
3.276669427476867735e+00	1.007757647803604684e+01	-2.509338818196377163e-01	5.096271111245497032e+00
3.282954688864507808e+00	9.943259692447144360e+00	2.028888862828887377e-02	4.231609437688974573e+00
3.289237200334947264e+00	9.800276920954752669e+00	3.134436673712963084e-01	3.501508257956290837e+00
3.295519587088236779e+00	9.702426128588207632e+00	4.989191387791319654e-01	2.674886819603079946e+00
3.301805977329951958e+00	9.569326649156709053e+00	7.307028040895414689e-01	1.993935543608579719e+00
3.308087486222440088e+00	9.492449650406200590e+00	8.511064368368340682e-01	1.246865165957384392e+00
3.314367630234227313e+00	9.425854810424704411e+00	1.017204069730827776e+00	6.752423940418019743e-01
3.320651909732194262e+00	9.332954638668125469e+00	1.164522410296597199e+00	1.645998465034287095e-01
3.326931260376857047e+00	9.310504580349405757e+00	1.234016016132140070e+00	-3.939646061930990872e-01
3.333216512447217728e+00	9.238629249005970934e+00	1.349125857035831100e+00	-8.359535744857938822e-01
3.339504489419978128e+00	9.199808122759982609e+00	1.401600200490813908e+00	-1.411969659517702702e+00
3.345786804809928405e+00	9.163917712462330556e+00	1.467134097846898300e+00	-1.867687370946487180e+00
3.352071130016277767e+00	9.112560455281588645e+00	1.494668960937962421e+00	-2.317565464605030101e+00
3.358351496304225581e+00	9.101941845500578054e+00	1.569645754746040511e+00	-2.761803912579979148e+00
3.364630591073392019e+00	9.060850351747872011e+00	1.578747519403244759e+00	-3.197164205847360829e+00
3.370916305215045483e+00	9.080714524567783386e+00	1.606132792610264648e+00	-3.501259464484813844e+00
3.377197952029413752e+00	9.053645807675891888e+00	1.640744412804906460e+00	-3.925146112691077160e+00
3.383483063818085501e+00	9.043187732859621519e+00	1.655098923590231808e+00	-4.265733669752165724e+00
3.389769992424469969e+00	9.047887878886642810e+00	1.660425615550614742e+00	-4.635990446273062560e+00
3.396051330885982100e+00	9.046283437489011092e+00	1.683239027116340658e+00	-4.970911065289362440e+00
3.402330879139463971e+00	9.055128527884178880e+00	1.658913848227355325e+00	-5.234026749943219592e+00
3.408610488352048495e+00	9.052995750098032701e+00	1.681430444461658125e+00	-5.561555561375135959e+00
3.414897837696641236e+00	9.072917642501673541e+00	1.634804518315823740e+00	-5.875507067644661241e+00
3.421180484052105619e+00	9.074534098639746915e+00	1.648494384693574233e+00	-6.148250812469294502e+00
3.427461639653846870e+00	9.091018194105737749e+00	1.661945926978429355e+00	-6.466859354807602323e+00
3.433749159643459059e+00	9.123923106964291208e+00	1.561523323942102470e+00	-6.729958741399819644e+00
3.440032646656798310e+00	9.127183509695685260e+00	1.603070572927445037e+00	-7.008068719405497582e+00
3.446313366033385339e+00	9.161582323765797398e+00	1.578722812223001926e+00	-7.288205168049723959e+00
3.452600135384134905e+00	9.174022857500458983e+00	1.562054940409792980e+00	-7.526951520509703286e+00
3.458883152815406703e+00	9.197549009102569784e+00	1.543681125451900060e+00	-7.738616744542476056e+00
3.465163834403715448e+00	9.244087928132147525e+00	1.480783088070893427e+00	-8.031847445856856282e+00
3.471449329786229221e+00	9.246048858870235421e+00	1.480049055790535473e+00	-8.286901013376070324e+00
3.477734476754053894e+00	9.314104265433103436e+00	1.430439450780811361e+00	-8.481125595716225263e+00
3.484019652467224226e+00	9.324996574787864034e+00	1.397408708007566780e+00	-8.757130882169215980e+00
3.490297019369712928e+00	9.374796947072844944e+00	1.325212207141491572e+00	-8.925246462143729076e+00
3.496582486484379970e+00	9.390787054495133290e+00	1.307429598045379615e+00	-9.174190012618874235e+00
3.502868048046865024e+00	9.438825737109526770e+00	1.295893424140429184e+00	-9.429591580176056809e+00
3.509144649545451244e+00	9.492676932142769530e+00	1.241071763935092997e+00	-9.605312141095348366e+00
3.515428082003116295e+00	9.495894614642931941e+00	1.229584312237137489e+00	-9.814948664960132518e+00
3.521711031624695565e+00	9.564202545972635860e+00	1.160492743835817020e+00	-9.989077692828720600e+00
3.527991850954735664e+00	9.608200344366837342e+00	1.133166265268633621e+00	-1.026961140779170911e+01
3.534275545726699885e+00	9.662333396391295182e+00	1.082526025501923561e+00	-1.045007112575788177e+01
3.540562632020772149e+00	9.700548271790252031e+00	1.029506537450970427e+00	-1.058570062936359868e+01
3.546844410757220789e+00	9.757174130610428264e+00	9.848492641451421781e-01	-1.086830334530298181e+01
3.553131386753758836e+00	9.791454508222212638e+00	9.284280603723542580e-01	-1.104446327892688196e+01
3.559419203211965144e+00	9.820398089402653241e+00	8.998379253132281486e-01	-1.119642467234627858e+01
3.565697971577579839e+00	9.898381085395927315e+00	8.157678519625920499e-01	-1.134418552860272200e+01
3.571979559134798254e+00	9.957976938958784885e+00	7.968750151138244142e-01	-1.157170427809340119e+01
3.578265774595833726e+00	9.977774152285823206e+00	7.633977787624094402e-01	-1.175418598945397086e+01
3.584548309769353125e+00	1.005611791563265633e+01	6.889794847434146385e-01	-1.186859627792101968e+01
3.590826843920031486e+00	1.008809474146989693e+01	6.344232917196380717e-01	-1.207422566719664303e+01
3.597107306745233934e+00	1.016993270320566900e+01	5.787461031120727517e-01	-1.226999611987500849e+01
3.603392831792229245e+00	1.021850290403087413e+01	5.635421398792520575e-01	-1.246500421726517871e+01
3.609673209822572559e+00	1.026236663554598927e+01	4.767674905985293532e-01	-1.257204556652062699e+01
3.615955412133016189e+00	1.036601611645048848e+01	4.321641301125926926e-01	-1.282387384267019037e+01
3.622241607772384686e+00	1.036348448176769210e+01	3.913748319736328751e-01	-1.296993440798122421e+01
3.628520252736676444e+00	1.047427273244414891e+01	2.811403434041849225e-01	-1.306958487357361243e+01
3.634804827569451113e+00	1.048640568518013794e+01	2.658931675869666833e-01	-1.325506447463253146e+01
3.641094981788862928e+00	1.058140131691754782e+01	2.098537007953506506e-01	-1.341990777536531532e+01
3.647383514928639325e+00	1.062867042959885211e+01	1.526523654690482013e-01	-1.359753305150750968e+01
3.653663283927725658e+00	1.068049067947143627e+01	1.361469231510417377e-01	-1.379852206680553195e+01
3.659943504072155296e+00	1.077205835963061276e+01	4.660466316596937469e-02	-1.388655845188285376e+01
3.666232000281138603e+00	1.080178590254863735e+01	3.466911811914338143e-02	-1.407016553474181642e+01
3.672514211678317597e+00	1.086825553926847832e+01	-4.857495116179345179e-02	-1.421508295297875790e+01
3.678794154686042539e+00	1.097546599525805178e+01	-1.247661974254140188e-01	-1.436469931757989293e+01
3.685078621861909820e+00	1.098462528049462783e+01	-1.448403642487894882e-01	-1.453644938497979844e+01
3.691359210097977961e+00	1.107461578586339712e+01	-2.225752659342740414e-01	-1.468193360348157661e+01
3.697642368173791105e+00	1.110822473564144097e+01	-2.588976304966472131e-01	-1.482223590989309159e+01
3.703925796735277665e+00	1.122426845836480602e+01	-3.480022750875173543e-01	-1.494149100040091938e+01
3.710208240364660348e+00	1.125186508070899549e+01	-3.712460204164125810e-01	-1.508985656136226261e+01
3.716494593122387169e+00	1.134732848261390892e+01	-4.393725971108790040e-01	-1.526967350125314660e+01
3.722775386659595398e+00	1.139092505510951625e+01	-5.189406459832320850e-01	-1.533791896265704580e+01
3.729058392883481510e+00	1.145797462698656233e+01	-5.702949677409691054e-01	-1.549590795829760204e+01
3.735339748210807720e+00	1.155790834818323276e+01	-6.645652466791690527e-01	-1.560948400518821799e+01
3.741620776392969638e+00	1.161430894099261479e+01	-7.159399376713446728e-01	-1.579325156675056441e+01
3.747904795418762980e+00	1.167935121534048015e+01	-7.779749101881260342e-01	-1.587413421881125508e+01
3.754190633281219380e+00	1.175853848539877511e+01	-8.363850406636409440e-01	-1.606829246918568188e+01
3.760478208018912749e+00	1.180180401475823082e+01	-9.080712822293321995e-01	-1.615027846310674065e+01
3.766755538573464346e+00	1.192257352131821690e+01	-9.779233746713562603e-01	-1.633882840781854640e+01
3.773032090135151506e+00	1.192744634057533482e+01	-9.871652547287290691e-01	-1.647398199176212330e+01
3.779322553012896879e+00	1.205177673034287444e+01	-1.091491388464379986e+00	-1.656430858648529636e+01
3.785609109731308930e+00	1.207346628155142376e+01	-1.103841104999979228e+00	-1.669465841446583099e+01
3.791889825936295200e+00	1.215877744500562585e+01	-1.167785826794150106e+00	-1.689952643086625628e+01
3.798174822702435893e+00	1.225711647010408356e+01	-1.292935425124649873e+00	-1.698779558438343074e+01
3.804458658753491651e+00	1.230399283679885336e+01	-1.333507695740253407e+00	-1.711805674705014724e+01
3.810738438095723435e+00	1.241986602274391416e+01	-1.432338779576489030e+00	-1.723560272562584217e+01
3.817018850285747167e+00	1.246913298153224403e+01	-1.427387580726057204e+00	-1.747306933378889937e+01
3.823305314209427763e+00	1.254273282470030182e+01	-1.540828372299385629e+00	-1.750697620839790147e+01
3.829591295197792178e+00	1.261255442293116502e+01	-1.599089275013787059e+00	-1.762587738416976180e+01
3.835872296070849341e+00	1.268530116754651971e+01	-1.660875321897120171e+00	-1.772218877705597251e+01
3.842156279590906109e+00	1.281120062751576150e+01	-1.795311682600204461e+00	-1.779997612337453106e+01
3.848441511099312429e+00	1.283559062767933767e+01	-1.734375280348190884e+00	-1.811453544087020262e+01
3.854723334376886079e+00	1.294925752894910609e+01	-1.897145188060644028e+00	-1.813280820481431377e+01
3.861004740704794713e+00	1.299019702053189107e+01	-1.893372045563074257e+00	-1.829437291822463862e+01
3.867284336650660848e+00	1.307982629919676576e+01	-1.946170367528997192e+00	-1.846489924369417324e+01
3.873567367678779849e+00	1.315255234463949918e+01	-2.095009123734340672e+00	-1.844148918092507472e+01
3.879850662830422792e+00	1.320326491388087398e+01	-2.128478316152112360e+00	-1.864487224947543709e+01
3.886137063198143338e+00	1.330648269185907573e+01	-2.212065622291967681e+00	-1.873853879510494380e+01
3.892419463049126005e+00	1.336546010310975774e+01	-2.206479597975314899e+00	-1.895144840191994362e+01
3.898703740328622658e+00	1.346001836723191580e+01	-2.357985562166543314e+00	-1.896693944043903457e+01
3.904991458788179326e+00	1.353762032626385725e+01	-2.382178632090348191e+00	-1.919198316092903767e+01
3.911270842222104083e+00	1.361793120266775681e+01	-2.442414475534945062e+00	-1.932771279963531086e+01
3.917549806479573071e+00	1.370239527883976649e+01	-2.529262537063240224e+00	-1.938851372463894407e+01
3.923836006203090587e+00	1.378516134302079088e+01	-2.634316790852027079e+00	-1.948261250847777148e+01
3.930121452497870926e+00	1.386826820876794386e+01	-2.649789830282115233e+00	-1.969649640933271684e+01
3.936398172858230460e+00	1.391916690217710695e+01	-2.710570331243710385e+00	-1.977838110933025462e+01
3.942683040425962293e+00	1.399489069690837972e+01	-2.744283607597318042e+00	-1.998758582152123253e+01
3.948974759704379611e+00	1.412382800817822925e+01	-2.859556862774928376e+00	-2.007500797913025181e+01
3.955259227995065352e+00	1.412842439764737001e+01	-2.853836362109673619e+00	-2.028914656341768463e+01
3.961537174921395454e+00	1.427059048702379584e+01	-2.970741084893498307e+00	-2.033650278675581902e+01
3.967820217617139544e+00	1.431567070594079460e+01	-3.038572908823206742e+00	-2.043634470262561109e+01
3.974105559832568968e+00	1.438216634446767372e+01	-3.077538415766565727e+00	-2.060826666872684498e+01
3.980384727931198352e+00	1.447181230555983156e+01	-3.207271035823668015e+00	-2.064491149969823525e+01
3.986664590839849698e+00	1.454696175291048021e+01	-3.264033534605721432e+00	-2.081428705129656009e+01
3.992949619150675034e+00	1.465516963252884253e+01	-3.324091867985773163e+00	-2.094948643036640945e+01
3.999235075769965952e+00	1.470341848132132867e+01	-3.325836002810725667e+00	-2.116506604071195241e+01
4.005515715515433506e+00	1.479533203603401859e+01	-3.421514036542958159e+00	-2.125967226944056776e+01
4.011798434346478537e+00	1.489501819744832289e+01	-3.487706166006469655e+00	-2.141494274605999237e+01
4.018083716245132386e+00	1.500648452917942777e+01	-3.527069193394828162e+00	-2.166754055692176806e+01
4.024365700052603856e+00	1.509256507683011783e+01	-3.616430153628162003e+00	-2.172138387217221478e+01
4.030643960839860540e+00	1.515152068682209041e+01	-3.621478269867366873e+00	-2.197940856199617343e+01
4.036928708926215137e+00	1.527122029368990930e+01	-3.754712632539771278e+00	-2.206958720736021462e+01
4.043218157412017177e+00	1.530404055226631144e+01	-3.803314591507745757e+00	-2.217272800399451782e+01
4.049503019487663558e+00	1.537486671496110979e+01	-3.804072469956770064e+00	-2.236331471028977802e+01
4.055781898960511000e+00	1.550573041249472261e+01	-3.855249840041557352e+00	-2.267064828279373856e+01
4.062060795621602161e+00	1.553253905426972459e+01	-3.887072176249002808e+00	-2.281723208097167799e+01
4.068347865354716042e+00	1.566297326518895083e+01	-3.994889512131413412e+00	-2.289001638337010291e+01
4.074631027173265529e+00	1.573858835448361937e+01	-4.077209919381427738e+00	-2.298700091831579684e+01
4.080910837526078971e+00	1.576154935061577689e+01	-4.127774836687654769e+00	-2.309964945250313662e+01
4.087201203341442657e+00	1.592472790322811527e+01	-4.201525057951447373e+00	-2.338377894196844764e+01
4.093486818591942189e+00	1.595746498736717989e+01	-4.214493820846785255e+00	-2.355818751062276917e+01
4.099764387336505500e+00	1.610597404338587424e+01	-4.305903350554160625e+00	-2.368969399293411016e+01
4.106049166937662420e+00	1.607856804495652270e+01	-4.314823471916700015e+00	-2.382906674237769451e+01
4.112334559041358695e+00	1.624488963365070404e+01	-4.375261331021395250e+00	-2.407609505307950215e+01
4.118618926059533614e+00	1.631219326144900350e+01	-4.426778541091550778e+00	-2.428004737428030424e+01
4.124898942031112625e+00	1.638636661045990195e+01	-4.504240842944025047e+00	-2.438099582480249694e+01
4.131175432561665417e+00	1.653605982175788469e+01	-4.594151617046817293e+00	-2.457470069744733365e+01
4.137461563786142271e+00	1.655886197087609091e+01	-4.543320061580200075e+00	-2.489877235447778503e+01
4.143746006210170307e+00	1.667676102804636429e+01	-4.646787844964308967e+00	-2.502392114759710040e+01
4.150029800482964326e+00	1.669675093961874168e+01	-4.604451550808463800e+00	-2.530009086703755727e+01
4.156313390684649001e+00	1.685313093486778868e+01	-4.766287379406335845e+00	-2.534755943018223689e+01
4.162596105843763716e+00	1.692431459757290213e+01	-4.806667273454419131e+00	-2.558890884996780457e+01
4.168881843141768684e+00	1.694126542302679184e+01	-4.676289562641982478e+00	-2.602536044082962263e+01
4.175162111073220217e+00	1.711031081165370438e+01	-4.876656674042769701e+00	-2.601440712075761752e+01
4.181448573417560155e+00	1.712347996133063788e+01	-4.855093826074742935e+00	-2.626992090593120466e+01
4.187738782464171194e+00	1.729567631610784062e+01	-4.958507853115366792e+00	-2.649433938982647518e+01
4.194017437180169061e+00	1.731171528317506159e+01	-4.900474464991960488e+00	-2.679804969659029723e+01
4.200293572701767175e+00	1.737940439191556052e+01	-4.879797938515011424e+00	-2.716656236570056393e+01
4.206580195481546269e+00	1.750979130786210902e+01	-5.088571162381459345e+00	-2.710274835218888612e+01
4.212860644652220543e+00	1.754227428833727132e+01	-4.953123515155979817e+00	-2.758393150194150678e+01
4.219138153430114002e+00	1.768299642665868987e+01	-5.060889443914507346e+00	-2.769244186337929392e+01
4.225426162098283811e+00	1.776004568725100441e+01	-5.133624626017220471e+00	-2.793569458856925181e+01
4.231713506719782636e+00	1.781328291116717111e+01	-5.193706897473458817e+00	-2.807834805726722749e+01
4.237990056577191744e+00	1.794307605532042516e+01	-5.187794498419956213e+00	-2.840088110271953425e+01
4.244267783646744618e+00	1.795487941701552614e+01	-5.116458010349989927e+00	-2.883227981843700505e+01
4.250560660182562955e+00	1.812416333595205131e+01	-5.262895020873035179e+00	-2.888124875669551983e+01
4.256847734842668096e+00	1.816358850313812923e+01	-5.288413615874111962e+00	-2.912704466708465745e+01
4.263127100734456221e+00	1.828459912787975128e+01	-5.229834793782506708e+00	-2.958252512502318865e+01
4.269406860432507500e+00	1.834354651547991821e+01	-5.305441127861699080e+00	-2.978887378168552758e+01
4.275691671482192646e+00	1.835628310072632274e+01	-5.245714329903953477e+00	-3.008383399695504323e+01
4.281972414189518794e+00	1.853228723456917493e+01	-5.335509151543923245e+00	-3.031901550628569808e+01
4.288253516806755705e+00	1.853189351340606095e+01	-5.242072212819675947e+00	-3.078023706563846318e+01
4.294540520160492925e+00	1.868634451956376807e+01	-5.328416262616772592e+00	-3.102875598170784954e+01
4.300825742921731809e+00	1.874626073019511807e+01	-5.376751571725350232e+00	-3.123587160709089261e+01
4.307109835491901961e+00	1.878980023008298517e+01	-5.309043551928178672e+00	-3.162950886803862360e+01
4.313390926478413157e+00	1.891678965262232381e+01	-5.287521054355956984e+00	-3.197659061876104758e+01
4.319667979480563247e+00	1.890696621612641337e+01	-5.211032166611833105e+00	-3.245112615886205276e+01
4.325952598143786076e+00	1.909010242219751063e+01	-5.355560053940595644e+00	-3.253524793818922944e+01
4.332241647035422361e+00	1.901899304910445920e+01	-5.166692044933543393e+00	-3.307337741105931883e+01
4.338524445619096781e+00	1.915167491036445213e+01	-5.213562563546913609e+00	-3.336960255021183741e+01
4.344809348131129845e+00	1.927513475829938372e+01	-5.279579001745114297e+00	-3.370005259154401500e+01
4.351090699193166600e+00	1.925455010538415479e+01	-5.161299365562543429e+00	-3.417424643655557759e+01
4.357369710808320029e+00	1.948308548102201243e+01	-5.362096522782393571e+00	-3.429085490773962874e+01
4.363659348967174445e+00	1.938475651132159427e+01	-5.090531649828587746e+00	-3.492646910507232860e+01
4.369947418280990981e+00	1.954616854403366233e+01	-5.333791909965797551e+00	-3.489232989256415607e+01
4.376226569265827315e+00	1.956859164128161410e+01	-5.119921603761367734e+00	-3.562348180370047857e+01
4.382499356631129217e+00	1.957935264489338323e+01	-4.956527615859183555e+00	-3.620745554931632171e+01
4.388784975178015024e+00	1.971195406499285951e+01	-5.136494311724944417e+00	-3.623320902689857803e+01
4.395068696309480494e+00	1.962489284724667371e+01	-4.895506852657565133e+00	-3.691483798844664221e+01
4.401347962382031298e+00	1.986022013233629480e+01	-5.156027085191495551e+00	-3.693466445308811785e+01
4.407628405096517099e+00	1.983833922858282506e+01	-4.975984301150761624e+00	-3.759220268270209431e+01
4.413915862185140426e+00	1.985001758141818584e+01	-4.731670097679401721e+00	-3.834220943238628365e+01
4.420203163534264235e+00	1.997729011476756256e+01	-4.837049571274170567e+00	-3.853537708632137537e+01
4.426480311003382795e+00	1.988293990629610164e+01	-4.616557411695223045e+00	-3.927048065503565510e+01
4.432765973643649104e+00	2.015892311627765920e+01	-4.812069373794413352e+00	-3.938690335305057033e+01
4.439053392023870614e+00	1.998804077547762859e+01	-4.453389051568019674e+00	-4.028087249042933848e+01
4.445336141335588742e+00	2.012342161813487351e+01	-4.583534510365566028e+00	-4.038427167004392970e+01
4.451617241414883352e+00	2.013313538765875421e+01	-4.515731527948946500e+00	-4.087193650788185550e+01
4.457901500730311106e+00	2.008055666284141338e+01	-4.294250787090974519e+00	-4.160412154545642238e+01
4.464189501093017043e+00	2.016789278700898791e+01	-4.308624270956108226e+00	-4.187680434374869520e+01
4.470470197548729985e+00	2.004360789305247437e+01	-4.064558415713626083e+00	-4.264601495925347052e+01
4.476748044268524573e+00	2.027305234129365274e+01	-4.171616793913987209e+00	-4.301576767830903236e+01
4.483035990164653484e+00	2.008686732112705542e+01	-3.807759912831529814e+00	-4.389548476298541857e+01
4.489323331650528104e+00	2.014065599562178122e+01	-3.759478727459979019e+00	-4.432853254857740666e+01
4.495599111667934800e+00	2.007072829495812627e+01	-3.566397681635220973e+00	-4.491444381919252749e+01
4.501870922878794090e+00	2.001912441237712059e+01	-3.330607394875721106e+00	-4.584476838526105524e+01
4.508155162877705457e+00	1.997514030546836850e+01	-3.336959119956354858e+00	-4.589416937009711006e+01
4.514446451153479423e+00	1.991443323116660835e+01	-3.056734901182120545e+00	-4.693360478422941640e+01
4.520723894043856994e+00	1.993171322014444158e+01	-2.949095519235775065e+00	-4.748595735830985376e+01
4.527003782460155890e+00	1.971826944897298972e+01	-2.626830369487386463e+00	-4.828725129743035893e+01
4.533293086610313161e+00	1.968272716474052686e+01	-2.346567391957036008e+00	-4.917939835555692696e+01
4.539578989864040182e+00	1.964391844608742588e+01	-2.256069356526426262e+00	-4.974480388713592305e+01
4.545857164866476730e+00	1.940857544494553366e+01	-1.886524813024739178e+00	-5.044573427827548073e+01
4.552138955546025656e+00	1.939276988103108224e+01	-1.768966731229557610e+00	-5.124243489667400553e+01
4.558432046889146605e+00	1.937034429353242260e+01	-1.499504995917092520e+00	-5.215730213294566653e+01
4.564713463378488711e+00	1.930998389345446498e+01	-1.455940369859086703e+00	-5.259008498132102716e+01
4.570987274133244682e+00	1.933838886502647370e+01	-1.328616517609092051e+00	-5.326023377706335538e+01
4.577274818151045643e+00	1.934623434601045844e+01	-1.283057767969680185e+00	-5.372074149579626834e+01
4.583563263889338657e+00	1.935676860761758888e+01	-1.205362800771117682e+00	-5.421083115456696788e+01
4.589844917004465508e+00	1.944701874082519666e+01	-1.182593205136693637e+00	-5.481627939738240229e+01
4.596126259982004747e+00	1.941136421754532648e+01	-1.151767162889843599e+00	-5.517571773137618862e+01
4.602409075598298926e+00	1.955148305588959090e+01	-1.157575151531910818e+00	-5.578350859347962398e+01
4.608696634867644804e+00	1.958950856809196139e+01	-1.166103663437321858e+00	-5.608909769300554871e+01
4.614977646498861219e+00	1.964719756029221287e+01	-1.111424125164075294e+00	-5.674482001240939155e+01
4.621258953029527383e+00	1.974128158588989734e+01	-1.134707167579948051e+00	-5.723159674716619350e+01
4.627547993978874175e+00	1.980785565573547657e+01	-1.100824410524070762e+00	-5.770619253587861408e+01
4.633830152730579854e+00	1.988968216722222948e+01	-1.059809079518080344e+00	-5.825444236213821370e+01
4.640104005367354567e+00	2.000908236732289680e+01	-1.045864528262831383e+00	-5.878488702900254737e+01
4.646382060386754276e+00	2.009125395593068575e+01	-1.100260124696091468e+00	-5.926105986515167956e+01
4.652674213731970987e+00	2.010338712238995384e+01	-1.053864490287960365e+00	-5.954919442618624714e+01
4.658958291796220230e+00	2.030086437432561297e+01	-1.121023467259070205e+00	-6.015915029497859479e+01
4.665233615070169648e+00	2.044412116702302740e+01	-1.130584898204081368e+00	-6.089410817362909967e+01
4.671520675710307380e+00	2.061641035250691445e+01	-1.062463402108247967e+00	-6.168829041997007323e+01
4.677814351732177300e+00	2.063384350812846080e+01	-1.124529659904446754e+00	-6.185545048500809884e+01
4.684093699744638073e+00	2.071600778990947589e+01	-1.120889004730518446e+00	-6.232102421281742721e+01
4.690368661472568590e+00	2.083687904676930103e+01	-1.156523252850157002e+00	-6.279979097592926962e+01
4.696663270746453733e+00	2.089635468940963037e+01	-1.122883623717837454e+00	-6.321589516076009829e+01
4.702945459248681459e+00	2.111352132924621827e+01	-1.091797347415475183e+00	-6.412894524749985692e+01
4.709209170841929470e+00	2.116616711313568544e+01	-1.120998415270175519e+00	-6.439433232558205589e+01
4.715491634753063543e+00	2.125240867644030018e+01	-1.165742773695595869e+00	-6.479139742781977418e+01
4.721784316284933780e+00	2.142325579131726698e+01	-1.152570953445949176e+00	-6.550961109954076278e+01
4.728063062331094635e+00	2.146351433777554263e+01	-1.231170993161145644e+00	-6.567046849484994198e+01
4.734337423381671073e+00	2.175027638234223915e+01	-1.191415629063978354e+00	-6.677961182939608875e+01
4.740627024094544062e+00	2.180619164078881766e+01	-1.234675675705561693e+00	-6.712613280651002867e+01
4.746914995664547554e+00	2.191304027615219141e+01	-1.146874676127349169e+00	-6.773603845473286356e+01
4.753194740071086777e+00	2.205350325430834246e+01	-1.219256367482435932e+00	-6.816526095505166438e+01
4.759478891864783456e+00	2.216983114135812016e+01	-1.156341960353247877e+00	-6.878678592703950301e+01
4.765762396877359031e+00	2.236998013514667250e+01	-1.222650625922037326e+00	-6.952220933166552186e+01
4.772049481246195768e+00	2.240366692261445891e+01	-1.170046726743364962e+00	-6.984190950125149300e+01
4.778335091022592351e+00	2.251976679696691619e+01	-1.146056996314275267e+00	-7.037806849244810792e+01
4.784610831402393849e+00	2.269410394217868188e+01	-1.251774424495126770e+00	-7.097337582137102174e+01
4.790907306208476157e+00	2.291960019972909279e+01	-1.107592736734707817e+00	-7.200635658257866112e+01
4.797204047706418173e+00	2.311039963873487579e+01	-1.168214815053923550e+00	-7.266812824330332887e+01
4.803470827697504220e+00	2.318220384184924399e+01	-1.204146072456846683e+00	-7.301360496613320095e+01
4.809748850577324042e+00	2.333097230112086606e+01	-1.094033693368310356e+00	-7.380186907810485764e+01
4.816045316586602176e+00	2.350309050831236490e+01	-1.142173810773549958e+00	-7.441561239680059714e+01
4.822329240673497885e+00	2.357829581485538029e+01	-1.126104484623183577e+00	-7.479993963434262128e+01
4.828596758226470165e+00	2.377694021066211860e+01	-1.056233914022015608e+00	-7.569017672444820732e+01
4.834890332961369275e+00	2.377414025594027436e+01	-1.114044799027177124e+00	-7.573888775279000640e+01
4.841191655056394261e+00	2.394491116198098268e+01	-1.125270958868687776e+00	-7.638153504487819134e+01
4.847460407468000554e+00	2.418291931420401752e+01	-1.125876488482840942e+00	-7.729753572024421260e+01
4.853732128521334843e+00	2.430948870246377425e+01	-1.038400308271231864e+00	-7.794172536842803822e+01
4.860029138783373170e+00	2.443873890008921279e+01	-1.098401694077399737e+00	-7.847351995912491418e+01
4.866314601732018019e+00	2.468405218309692728e+01	-1.131121197284955970e+00	-7.930544129743618953e+01
4.872587026269203925e+00	2.482334062193206847e+01	-1.000989599539120478e+00	-8.005937926029918117e+01
4.878874221748241702e+00	2.503160804121846894e+01	-1.039707625893611764e+00	-8.087582284089731388e+01
4.885171078138658807e+00	2.508491480076175151e+01	-1.085053821568132459e+00	-8.112572618946865077e+01
4.891450629931857641e+00	2.530450211829516860e+01	-1.040797184224590222e+00	-8.197452808201838081e+01
4.897716482750221978e+00	2.535854193397772960e+01	-1.079459020503885425e+00	-8.221411938412261122e+01
4.904002834596266069e+00	2.560305090395440430e+01	-9.876807410740084947e-01	-8.331042532914104015e+01
4.910295858205786068e+00	2.584237129545660139e+01	-1.000680380101129918e+00	-8.418305642012219892e+01
4.916575188115905881e+00	2.602668986012208308e+01	-1.040379910830976584e+00	-8.482101650741043386e+01
4.922847946197084212e+00	2.602685439485746599e+01	-9.544793366589870987e-01	-8.510284416841932398e+01
4.929131667457151700e+00	2.625419416379289217e+01	-9.537084280899279509e-01	-8.599436839288306089e+01
4.935434460144239033e+00	2.652381894124791728e+01	-9.720014782207786475e-01	-8.691421271765892698e+01
4.941718513303545279e+00	2.653922050580983694e+01	-9.336568478691958939e-01	-8.713654221186773441e+01
4.947978624761803168e+00	2.686435761886217222e+01	-8.807060108843781654e-01	-8.842758010086214426e+01
4.954274999209829389e+00	2.697839624970153594e+01	-8.917482117180813850e-01	-8.889417982632146220e+01
4.960571094729937514e+00	2.710266904954648481e+01	-8.465569199933008493e-01	-8.947146001864713583e+01
4.966823207626954506e+00	2.739193476392746973e+01	-8.322224318691302525e-01	-9.059263289003750685e+01
4.973097418390337587e+00	2.752507951560344068e+01	-8.867297641582204681e-01	-9.107290083297051808e+01
4.979415129936382023e+00	2.755441969097468302e+01	-7.904481230799053071e-01	-9.141576411915593781e+01
4.985702082330368157e+00	2.782581825558733968e+01	-7.665377922645293385e-01	-9.242412014301278589e+01
4.991949985828016523e+00	2.808053510752327142e+01	-7.290740668415552905e-01	-9.342482825297507532e+01
4.998241586316924057e+00	2.825795994171093639e+01	-7.404249699075352575e-01	-9.413931126755217349e+01
5.004556635606089543e+00	2.837043368421574741e+01	-7.490516934061667298e-01	-9.463594942459542381e+01
5.010828655701208945e+00	2.852163016480617941e+01	-8.060405873459909332e-01	-9.514436125740624561e+01
5.017077229702536556e+00	2.900542521435836818e+01	-6.673712457525532438e-01	-9.705796838524271664e+01
5.023374414758113637e+00	2.913445968644308337e+01	-7.064171000122284605e-01	-9.756440161879648088e+01
5.029688873569548413e+00	2.901285185180653770e+01	-7.337665215590044587e-01	-9.720218769762465172e+01
5.035958413584124216e+00	2.936495802301001845e+01	-5.908018496481373116e-01	-9.864274654308911749e+01
5.042232667658486989e+00	2.958451874307694851e+01	-6.982689497617925456e-01	-9.939078928381861999e+01
5.048528755870775875e+00	2.984154401461778150e+01	-6.482268125098127332e-01	-1.004129032596879796e+02
5.054821121427484520e+00	3.005696324768516803e+01	-6.726200389141918645e-01	-1.011740354820107086e+02
5.061069509814582368e+00	3.023807216282984101e+01	-5.832113543263592881e-01	-1.019953172910543202e+02
5.067347812754101177e+00	3.073391156013031278e+01	-6.144910711127891112e-01	-1.037718789757873736e+02
5.073675050630431116e+00	3.063588797922776763e+01	-6.071490971270495640e-01	-1.035205998237688902e+02
5.079945928388977627e+00	3.109325293732504392e+01	-5.443069471994711472e-01	-1.052364144202862235e+02
5.086192992546071601e+00	3.120607603357619197e+01	-4.998780089007822669e-01	-1.057183108719562199e+02
5.092484128970163226e+00	3.138026610992335463e+01	-5.425814587761186303e-01	-1.064411339091275153e+02
5.098802924706086870e+00	3.178691215927274527e+01	-5.716509427840398283e-01	-1.078412464658007792e+02
5.105078217426394005e+00	3.158081580430236457e+01	-5.533592179245812037e-01	-1.072372237940838602e+02
5.111325076574067872e+00	3.237548634036574668e+01	-5.058575983453265090e-01	-1.100933726783004403e+02
5.117628358851224135e+00	3.245074307818781278e+01	-4.732988227215617627e-01	-1.104909407045410035e+02
5.123935939383525984e+00	3.282892923506820892e+01	-5.078530434097799917e-01	-1.118206457478401745e+02
5.130199176325612065e+00	3.300046286127685136e+01	-4.590758067245491736e-01	-1.125195510653341415e+02
5.136469985878846956e+00	3.335797460070064346e+01	-4.056723242061247570e-01	-1.139161158262152327e+02
5.142797788696348071e+00	3.327254048853425417e+01	-4.227067190752097914e-01	-1.136818790559875083e+02
5.149090378043822192e+00	3.363437180119056791e+01	-4.744386575787560290e-01	-1.149404742657657010e+02
5.155289879840074363e+00	3.398017439421843022e+01	-3.856291007415346694e-01	-1.162525205621864899e+02
5.161564521234301317e+00	3.395892473118298938e+01	-4.026580655631552541e-01	-1.163030089248534011e+02
5.167916673496016244e+00	3.439070507735983284e+01	-3.482470092675465367e-01	-1.179194751612447618e+02
5.174205974602950064e+00	3.499714249509565178e+01	-3.442529963056961129e-01	-1.200470184378663276e+02
5.180434820793812456e+00	3.498444529395269598e+01	-2.582025458448594657e-01	-1.201914139440492590e+02
5.186729096569634656e+00	3.538835713103991765e+01	-2.617746488148637862e-01	-1.216810086256978849e+02
5.193058481037780894e+00	3.575171207416180152e+01	-3.215290080729187316e-01	-1.229186065272102155e+02
5.199319511444338460e+00	3.583088152029841922e+01	-2.320473722025082619e-01	-1.233458067036018520e+02
5.205574295584361799e+00	3.614895828865608962e+01	-2.960923479951491633e-01	-1.244596648206710796e+02
5.211894977074066126e+00	3.696384268202982781e+01	-1.762667937363693871e-01	-1.274905388319461821e+02
5.218201708336958511e+00	3.714800075394987289e+01	-3.303729773156794947e-01	-1.280100311050584310e+02
5.224411911780083351e+00	3.751825665756855699e+01	-2.816658979618645309e-01	-1.293913226363588649e+02
5.230677632666463239e+00	3.759580258583224577e+01	-1.534652345116965799e-01	-1.298905790083701675e+02
5.237056729559757429e+00	3.795340638069187378e+01	-1.851380754144210106e-01	-1.311655560518897801e+02
5.243336785035660697e+00	3.802714871058380908e+01	-2.506380320791729011e-01	-1.313655659463681786e+02
5.249493476178225038e+00	3.860658846290415624e+01	-2.311747707282291731e-01	-1.334422913748620658e+02
5.255787017738318134e+00	3.895649505829926085e+01	-1.969634893762803318e-01	-1.348210951744302690e+02
5.262205327426889845e+00	3.966181317654522331e+01	-1.084194046406565803e-01	-1.374007192397847064e+02
5.268477758348532269e+00	4.008137720107814772e+01	-1.731574211934890917e-01	-1.388409219047099441e+02
5.274632213654732560e+00	4.034739518568914463e+01	-2.089139815993156790e-01	-1.397541051747823815e+02
5.280950543314659740e+00	4.045763007499850517e+01	-6.578487185872691767e-02	-1.403930530207270522e+02
5.287327645024750389e+00	4.090471764704102497e+01	-1.899474513680343701e-01	-1.418527174325936357e+02
5.293582359180156516e+00	4.123932589575127849e+01	-1.491882397575289565e-01	-1.430799816288643740e+02
5.299789992649893478e+00	4.132685492506708158e+01	-6.137343336681667233e-02	-1.435630252575435293e+02
5.306111460381987222e+00	4.190770743930525555e+01	-1.083407101181753790e-01	-1.455825407067114270e+02
5.312452717892129250e+00	4.256548754063200590e+01	-1.646440872179553983e-01	-1.478460705667195043e+02
5.318650122853046724e+00	4.248915619801040577e+01	-1.286988955696593273e-01	-1.476329103992260912e+02
5.324923043129819789e+00	4.291201852513205495e+01	-1.848305226012193769e-01	-1.491569163649251379e+02
5.331330237158205421e+00	4.356257572326865812e+01	-1.046057419589949689e-01	-1.515446631286005186e+02
5.337586726886338617e+00	4.412805169888777357e+01	-9.590731870247110047e-02	-1.535458318377486648e+02
5.343685192440848830e+00	4.479033664369846690e+01	-1.655907660771875900e-01	-1.558075641293450246e+02
5.350070659715249199e+00	4.536922706608456224e+01	8.409020648124897190e-02	-1.581817183316569526e+02
5.356556762554878226e+00	4.587420115626542838e+01	-1.661759819636841537e-02	-1.598732996481038811e+02
5.362691868684501095e+00	4.510885813860198823e+01	-1.448215582900390930e-01	-1.570743542888957620e+02
5.368769208912516966e+00	4.760485851151137382e+01	-9.215675826764857526e-03	-1.659578713875895630e+02
5.375270137997677722e+00	4.686249669592253753e+01	-8.647386525242849176e-02	-1.633718873840897174e+02
5.381769983045385786e+00	4.671792546505431432e+01	-4.350452791200033753e-02	-1.629451127036771538e+02
5.387701030372958222e+00	4.770315535322239242e+01	-1.168983625822804240e-01	-1.662985371937261050e+02
5.393786668001271600e+00	4.972548556050680446e+01	-6.706581394136847118e-02	-1.734685023928497571e+02
5.400446161099396569e+00	4.861500541384709351e+01	-1.975761661918068110e-02	-1.697217979942023760e+02
5.406957063684501463e+00	4.980445168759999319e+01	-1.001972363823615958e-01	-1.738012206190332165e+02
5.412655672453426270e+00	4.937161334781107058e+01	-8.962357874182276529e-02	-1.722689980753421253e+02
5.418821279260546575e+00	5.133709214656114739e+01	-1.069804363760579712e-02	-1.793041782897435041e+02
5.425690594366304076e+00	5.071428082560453987e+01	1.205151307063640903e-01	-1.773150340502249662e+02
5.432217487502165376e+00	5.180634360513803216e+01	3.673615758430268108e-02	-1.810651151804538586e+02
5.437649811577258241e+00	5.139957085159237948e+01	-1.239969602527719039e-01	-1.794377157348719436e+02
5.443914404015878006e+00	5.238569906570671719e+01	-2.631276954638566649e-03	-1.831020525589565011e+02
5.450953501686320202e+00	5.348734411109577280e+01	-4.382281391564982198e-02	-1.869412666519360187e+02
5.457483690405861232e+00	5.539901183363677717e+01	3.276342770485676792e-02	-1.937343192393401807e+02
5.462715250135157241e+00	5.386042477053415922e+01	-3.820257856107981548e-02	-1.882421997908746505e+02
5.469033575551323523e+00	5.855330098232090563e+01	-9.458940368520023234e-02	-2.046595552416063981e+02
5.476177730420278778e+00	5.630222294583643361e+01	-2.234064577293269280e-02	-1.968882577637360214e+02
5.482708935702562236e+00	5.889300508102201803e+01	-9.226316225460158560e-02	-2.059133632515787156e+02
5.487722405008360838e+00	5.843392440505648011e+01	8.874358589560649158e-02	-2.044573099363196036e+02
5.494194284996126498e+00	5.812636105447318613e+01	1.125103566905839569e-01	-2.034494766809964403e+02
5.501391471009256406e+00	5.834340028939742950e+01	2.965335999126846034e-02	-2.041448928759256489e+02
5.507128202673079009e+00	5.912104329625397270e+01	-3.568470586683640533e-02	-2.068139296227085140e+02
5.512278020050448646e+00	5.930062058773170008e+01	8.930798461514572427e-04	-2.074899189186116075e+02
5.519395563377015534e+00	6.094884697485998259e+01	1.388147155207830885e-01	-2.134100449182948864e+02
5.526598678609708770e+00	6.198825574290411566e+01	-7.959691732356981297e-02	-2.168371926739689854e+02
5.532162682462509196e+00	6.802504957415088427e+01	-6.205529909279595968e-02	-2.379967902240238402e+02
5.537397124017139127e+00	6.547371865891385312e+01	-4.539839312503204938e-02	-2.290895883078082989e+02
5.544582756485218589e+00	6.504006779650003978e+01	3.937163500594130505e-02	-2.276650086708046956e+02
5.551739327507637434e+00	6.833950139798824353e+01	1.273486473466584890e-01	-2.393064747204427647e+02
5.557493306674907707e+00	7.275933241201059332e+01	1.181708583104547489e-01	-2.547686397548666832e+02
5.562281709102816940e+00	7.414386876831329687e+01	-9.975798297313580310e-02	-2.594003064511005050e+02
5.569272720323164449e+00	7.214291311153311881e+01	-7.529759516760685389e-02	-2.524237673642334698e+02
