8.899641224696953554e-03	2.523004555569914373e+03	5.514084241348289197e+02	-5.538159735863248898e+03
1.507912216506557788e-02	2.882908398619058062e+03	2.171065039307224652e+03	-1.738889967666064194e+03
2.144790186456836667e-02	3.201094665098136829e+03	3.427414658636791955e+03	7.507001591532309703e+02
2.783660776489276650e-02	2.406602810399123427e+03	1.818315081717687235e+03	8.435220239059292453e+02
3.435099785803411021e-02	2.336999742568391866e+03	1.904897583175055161e+03	9.365655553654921732e+02
4.047886761425745911e-02	2.179157037905980815e+03	2.315440663881327509e+03	1.458783175159114535e+03
4.676716683575679601e-02	1.926808146425090627e+03	2.217478382051882363e+03	3.806133740361117361e+02
5.308225101765951665e-02	1.813179625432544299e+03	2.079142066447785055e+03	-3.695739187461521968e-01
5.945362440940590160e-02	1.493596524669487508e+03	1.085886955717186311e+03	-2.352194052377497826e+02
6.576224814588792211e-02	1.487804998543938837e+03	1.712182176152968850e+03	6.629505737050361347e+01
7.196632906698736953e-02	1.296418915032303858e+03	1.245709295207198920e+03	-3.473646963598579163e+01
7.827860915688347743e-02	1.281382542240419980e+03	1.404922645965740230e+03	-7.110552482013689257e+01
8.470398945834539672e-02	1.094304740115966524e+03	9.608975611650199653e+02	1.694228451661039259e+01
9.096854620527369817e-02	1.020668226955655769e+03	1.068844169558861040e+03	1.602184351585426327e+02
9.720789776830213169e-02	9.225811117903060676e+02	1.016490095625005779e+03	1.747206644903621964e+02
1.034763038959366499e-01	8.017586239419971434e+02	6.945945490499373136e+02	-7.273425126535785523e+01
1.097576444254559219e-01	7.632327957024045872e+02	7.812871324634783150e+02	8.802118481011768836e+01
1.160543084780093354e-01	7.038319911054699105e+02	7.046382939556411884e+02	1.200219589304235228e+02
1.223669666537485351e-01	6.497840491685278721e+02	6.473139688799702753e+02	8.729690101528697710e+01
1.286817263090294094e-01	6.221440621313633983e+02	6.355482820125013177e+02	2.568693642012495459e+01
1.349500801664080818e-01	5.736124924644384464e+02	5.754525342823986875e+02	4.033041705472638228e+01
1.411949558842147678e-01	5.304115026803398223e+02	4.898311811073823492e+02	7.856475358962933342e+01
1.475133575747468451e-01	5.191298796515795857e+02	5.799503218497900434e+02	1.420290089474821968e+02
1.537865074252268427e-01	4.827465653947004967e+02	4.787758887955217801e+02	5.275865961043053431e+01
1.600657544051110326e-01	4.500408878936015071e+02	4.388841070470010095e+02	7.741189293374686997e+01
1.663991168687080635e-01	3.991543095358110804e+02	3.832537220185751607e+02	6.459862461965548164e+01
1.727195645776442856e-01	3.995263058083019700e+02	4.005042310832624253e+02	3.147449965325515464e+01
1.789765213377084718e-01	3.714214209796433011e+02	3.852039425527318599e+02	6.287307766120920149e+01
1.852353690647852158e-01	3.419272911529516819e+02	3.203229144551375498e+02	1.562884582037441561e+01
1.914806787341157279e-01	3.214151321815108417e+02	3.146943207617958933e+02	5.426960361000236333e+01
1.977889868651535599e-01	3.160846773899422715e+02	3.242648742905504378e+02	3.826374809328011395e+01
2.040937735447724277e-01	3.000737099958719227e+02	2.867751796487472689e+02	4.387147935562149570e+01
2.103939302609846018e-01	2.853682505037178885e+02	2.811704442122839964e+02	4.583890247281268415e+01
2.166909709822301688e-01	2.714973459562819471e+02	2.740376409488529816e+02	5.175521649213573028e+01
2.229700281216152047e-01	2.617189179378822246e+02	2.715863892513539781e+02	6.281230039371361329e+01
2.292620027086341994e-01	2.433815513118511831e+02	2.494794628400846648e+02	6.241276098541369066e+01
2.355141508366812297e-01	2.370748915129603631e+02	2.338358297014743528e+02	6.349285205183201697e+01
2.417910583817859116e-01	2.207429176681800982e+02	2.203439722747311293e+02	4.402145892011903072e+01
2.480856539439619257e-01	2.173148796143428569e+02	2.250916013253819870e+02	4.383428601807381142e+01
2.543492256872954549e-01	2.016377440160013066e+02	2.032517530393670881e+02	3.757713823794367869e+01
2.606334251884805386e-01	1.966105536669236926e+02	1.918775360488274089e+02	3.717163362562683204e+01
2.669257370896960802e-01	1.889647506185463328e+02	1.861968161799261736e+02	3.182800780476317470e+01
2.732423343141155980e-01	1.831553335533946552e+02	1.833508523528820433e+02	4.350139296714784365e+01
2.795529680084415936e-01	1.729671835335307719e+02	1.752021878906796815e+02	4.738416981697130836e+01
2.858366292314493129e-01	1.693570181403623565e+02	1.733275069360537088e+02	4.347097997501558808e+01
2.920876271394311496e-01	1.586656148871612970e+02	1.557222198988906428e+02	2.819585084110111595e+01
2.983449844439822751e-01	1.555826631396253390e+02	1.590317018060810597e+02	3.178377577494561734e+01
3.046382639407197446e-01	1.472881302652060924e+02	1.452112137347923522e+02	2.991819009202571422e+01
3.109279127003197196e-01	1.400947736291102501e+02	1.362319450660851317e+02	2.602026480033352840e+01
3.172168171618398036e-01	1.363466982015131919e+02	1.378009747131412723e+02	3.312378777521396955e+01
3.235187567944423082e-01	1.335708940579136765e+02	1.387317827517922808e+02	4.064693122942035330e+01
3.298168217550395687e-01	1.282071572296573265e+02	1.296686178026567973e+02	3.910815734827816215e+01
3.361176429457156667e-01	1.226562752051604548e+02	1.238701342386497828e+02	2.346747957329462153e+01
3.423700375709273769e-01	1.199124232894829305e+02	1.242448185382069994e+02	3.649204355810651634e+01
3.486478192666269682e-01	1.156243890520924111e+02	1.147879676248827820e+02	2.985959059413997707e+01
3.549411614411318028e-01	1.122671739767339005e+02	1.116126904337877050e+02	2.593288545197237127e+01
3.611916935421040642e-01	1.094898370905032294e+02	1.152997422328501784e+02	3.751318413283382824e+01
3.674767089563572564e-01	1.069980938368775725e+02	1.103971578779040073e+02	2.446521424198357053e+01
3.737647795277591056e-01	1.032082695746837118e+02	1.088732790069652907e+02	3.304884101518889139e+01
3.800654031475132477e-01	9.889252198003578087e+01	1.026280958952333151e+02	2.878447908994390758e+01
3.863539861259823738e-01	9.697758066286414191e+01	1.015442995908032913e+02	2.611084407241626337e+01
3.926140181364449755e-01	9.425636223685734194e+01	9.725615740000274911e+01	2.881390241080952208e+01
3.989264500321934581e-01	8.938543809524175288e+01	9.179363738306484777e+01	2.702264697466772247e+01
4.052073244576828714e-01	8.680685516214603581e+01	8.635249788001215165e+01	2.184026641527810497e+01
4.114916477570477182e-01	8.540408205648802209e+01	8.721771999615397419e+01	2.138186910843796085e+01
4.177814272116491257e-01	8.275050155490986015e+01	8.286742242438016604e+01	2.679061703890642221e+01
4.240400648725131116e-01	7.993090252492699221e+01	8.175793033984344049e+01	2.574454626512372357e+01
4.303425690270192283e-01	7.816775272638800232e+01	8.048381891713310665e+01	2.497034465928065927e+01
4.366358560255625965e-01	7.584133301112348136e+01	7.702568168137281646e+01	2.399142323084105399e+01
4.428996183220763605e-01	7.447064401061562933e+01	7.775008078000224998e+01	2.540911398621142325e+01
4.491634418529859563e-01	7.271392691583868384e+01	7.574484683177387012e+01	2.365247234565891077e+01
4.554414146254732731e-01	6.962431689301530469e+01	7.141574626651244273e+01	2.164828985246036908e+01
4.617634470301058558e-01	6.792944807836735777e+01	6.996905668280732016e+01	2.227877311261455162e+01
4.680644242023710433e-01	6.699785460225152178e+01	6.943638009924448795e+01	2.343438904154524494e+01
4.743485242764365895e-01	6.460891955429093514e+01	6.616855253998491548e+01	2.189196709060388102e+01
4.806356136815400082e-01	6.288012970472575347e+01	6.504440953216328580e+01	2.040208998714849997e+01
4.869019258388697646e-01	6.132685543058702393e+01	6.301078386200202175e+01	2.203106827209737517e+01
4.931697099599955947e-01	5.959798372132105015e+01	6.047679718392679860e+01	1.949739700684916954e+01
4.994506747144535908e-01	5.829268911460466285e+01	6.035197700455038472e+01	2.069421283857433735e+01
5.057159051335421429e-01	5.687821103185534355e+01	5.881015339663404262e+01	2.136099719184157308e+01
5.119923996268095356e-01	5.510195364915919924e+01	5.624035475624903313e+01	1.978934894048493121e+01
5.183126097768406826e-01	5.395409528626149154e+01	5.515203126118959887e+01	1.727701214618545933e+01
5.246089638029100000e-01	5.270856269140310246e+01	5.416751272270377626e+01	1.942394874440452313e+01
5.308757308483337267e-01	5.173830779987578410e+01	5.376324234266418500e+01	1.733236999098903297e+01
5.371573527946726934e-01	5.074279413943238382e+01	5.325991056437878512e+01	2.091629789356758806e+01
5.434579563783791256e-01	4.909440730355325400e+01	5.110361302141208739e+01	2.094175935246541798e+01
5.497430652392217842e-01	4.802776226193110176e+01	4.925104493636855807e+01	1.807876545427170001e+01
5.559937427501778773e-01	4.660223727075780431e+01	4.716929067951546983e+01	1.850715592328972292e+01
5.622854676609657654e-01	4.597778233069143994e+01	4.789959546453498263e+01	1.849635304850431083e+01
5.686011537227265711e-01	4.472622509541989189e+01	4.563697978687972068e+01	1.579888698161329508e+01
5.748804589422079614e-01	4.411859439222040891e+01	4.576699837126790271e+01	1.816972088835340315e+01
5.811550210340560296e-01	4.296960046899317831e+01	4.377843238840416973e+01	1.712193054018116101e+01
5.874394496660968468e-01	4.216214422713692755e+01	4.438268778095351763e+01	1.913784140062233163e+01
5.937176220296899176e-01	4.135356012601419451e+01	4.322755955642113435e+01	1.772123478159848986e+01
5.999971954793682505e-01	4.016272116983698481e+01	4.102069529275805593e+01	1.753725604180725739e+01
6.062679115124277596e-01	3.939678021499282323e+01	4.041089137861510494e+01	1.641391467697373230e+01
6.125469576444534381e-01	3.874909373542691782e+01	3.987308047544552636e+01	1.511547633136018121e+01
6.188477733041515272e-01	3.783987757651444639e+01	3.915269861307437793e+01	1.654417568781441972e+01
6.251310567437898813e-01	3.727580740089662470e+01	3.866810065198765045e+01	1.554074883330457624e+01
6.314027450383210560e-01	3.584348541632043350e+01	3.691209367731887880e+01	1.579157548140595502e+01
6.377003562732055375e-01	3.531611497259492438e+01	3.604247208893917076e+01	1.605027106517057689e+01
6.439857783314556494e-01	3.482764620158199165e+01	3.512169223064049817e+01	1.458095942541230094e+01
6.502685417166111925e-01	3.411610254294571121e+01	3.492963551955401158e+01	1.620613563470299923e+01
6.565586117699038216e-01	3.361805300972469013e+01	3.464739603170333737e+01	1.445981029638450543e+01
6.628369282359254377e-01	3.260091200234185749e+01	3.300350237369092099e+01	1.490826784777344471e+01
6.691185444962194362e-01	3.199379456637498009e+01	3.229722804082712173e+01	1.392925240543316079e+01
6.754070198575605755e-01	3.156029878532534738e+01	3.195722267060654431e+01	1.422256338456595515e+01
6.816835514593204692e-01	3.074347080499614293e+01	3.077678457792531574e+01	1.429711263999338655e+01
6.879592533861698112e-01	3.019720876261146003e+01	3.069825832675760680e+01	1.345904498299194074e+01
6.942344317039531587e-01	2.960283349122409291e+01	2.989491286367078260e+01	1.372666084028471367e+01
7.005175402434737908e-01	2.889190832679204135e+01	2.970199768813168717e+01	1.415079295702663487e+01
7.068124956608716758e-01	2.855019259546984500e+01	2.871696446442857820e+01	1.326150651358366339e+01
7.131019009674921527e-01	2.790434510233317056e+01	2.811511086035600826e+01	1.365657738357644391e+01
7.193918251171427247e-01	2.749983162213737131e+01	2.770184538920256756e+01	1.305187939395504593e+01
7.256833807598113140e-01	2.696754034897657704e+01	2.732901370661262419e+01	1.319838788308574173e+01
7.319652682709349989e-01	2.651322500258480375e+01	2.715224383359926108e+01	1.261142857984452981e+01
7.382507990484923344e-01	2.590940543842159016e+01	2.631094935118677824e+01	1.339111440314812107e+01
7.445265842115937893e-01	2.546642374716793711e+01	2.546027957835541500e+01	1.234663242093069968e+01
7.507871101942712455e-01	2.500018694130547559e+01	2.498779645074469968e+01	1.214398835858116144e+01
7.570758465316046459e-01	2.453009417035358908e+01	2.490411012277036562e+01	1.278267123027955421e+01
7.633641233600957365e-01	2.421021035192577386e+01	2.473245430166726067e+01	1.272574513778522487e+01
7.696462959862266917e-01	2.383154742620767053e+01	2.418532774939273722e+01	1.258079844065467334e+01
7.759394865175414102e-01	2.334515536667416313e+01	2.332478873718749313e+01	1.144163424843495314e+01
7.822329141989586843e-01	2.296383827225960417e+01	2.303200223143710090e+01	1.233899928286928649e+01
7.885314936520240181e-01	2.239749284567184162e+01	2.234821223944799939e+01	1.163014886545561488e+01
7.947896566979522071e-01	2.200338112452454808e+01	2.155389417915611716e+01	1.133387163674524700e+01
8.010491096592354809e-01	2.168509845356981103e+01	2.163264665112381380e+01	1.093015436164357013e+01
8.073364061727361651e-01	2.133048048373756700e+01	2.143093510688017034e+01	1.148713435084200363e+01
8.136229488373866170e-01	2.087003659164070157e+01	2.097489537305545326e+01	1.134450728011363374e+01
8.199152998961036776e-01	2.057503062642013703e+01	2.011565826072337515e+01	1.126165585726321972e+01
8.261952636392789762e-01	2.016695182881270298e+01	1.974331763605778178e+01	9.871938247017713053e+00
8.324897070080405914e-01	1.985076089388180165e+01	1.964445558159853888e+01	1.048553866255094213e+01
8.387959309210778480e-01	1.959245822185295083e+01	1.945362793556618186e+01	1.020813888635969491e+01
8.450634639703045181e-01	1.924409624635248406e+01	1.928496605712484779e+01	1.087194200896347418e+01
8.513282867562648182e-01	1.895791239216512380e+01	1.865211809071802307e+01	1.010488931731915407e+01
8.576198263902009566e-01	1.869247380869263253e+01	1.850363744598962157e+01	1.034867821664821719e+01
8.639058477062415697e-01	1.834663456053484154e+01	1.850132673782053416e+01	1.039785413839654815e+01
8.701838745487597837e-01	1.806426772553049531e+01	1.775906544085903604e+01	9.813612061688054666e+00
8.764641096075268534e-01	1.782959361055111813e+01	1.754018277147300964e+01	9.934638277033126741e+00
8.827503873399735745e-01	1.745170088788452745e+01	1.695268658037324627e+01	9.465260767706611844e+00
8.890332768393869323e-01	1.724598245297263333e+01	1.714292704952739399e+01	1.030776262561759182e+01
8.953084247113127780e-01	1.694031032462067898e+01	1.676204048911474231e+01	9.830404411986748414e+00
9.015956521667095602e-01	1.657221273326787525e+01	1.620704692735046137e+01	9.456603903507035724e+00
9.078833328094829680e-01	1.639472376933902709e+01	1.612563831602447451e+01	9.973415956689306583e+00
9.141744106319863450e-01	1.601994387861384439e+01	1.560399968498913381e+01	9.318560418814538338e+00
9.204630817717615043e-01	1.588275414536330565e+01	1.553891998700156307e+01	9.405662025800971549e+00
9.267434415264711456e-01	1.558437516456200456e+01	1.516087306943929036e+01	9.150282834882666805e+00
9.330324197354928906e-01	1.541420870848771685e+01	1.494006529537276151e+01	9.160096551221453609e+00
9.393265785573878812e-01	1.519550112067570069e+01	1.505673197722111389e+01	9.206188005285129705e+00
9.455974810398196650e-01	1.496191828593325468e+01	1.469519482972457780e+01	8.960962119655372149e+00
9.518660018545171964e-01	1.467275382940041339e+01	1.441960108831025345e+01	9.046353948883846030e+00
9.581413255531838757e-01	1.445068004893501268e+01	1.408702753183766099e+01	8.742280302298476968e+00
9.644350945109106954e-01	1.427454435001778243e+01	1.387042476069120944e+01	8.634397479440581336e+00
9.707355633568249820e-01	1.396961204524425426e+01	1.334644028619829115e+01	8.428908662658194828e+00
9.770080768450029041e-01	1.377607938382200814e+01	1.317874655394313699e+01	8.386634048440171796e+00
9.832823325363413414e-01	1.364752925119257654e+01	1.320016481197974656e+01	8.409046895567284352e+00
9.895569691966674686e-01	1.348785277858958764e+01	1.302222268069660771e+01	8.374061916515374904e+00
9.958456301921106979e-01	1.319484284730485513e+01	1.260412878824262606e+01	8.129806195304313476e+00
1.002136210743837408e+00	1.305648875730085123e+01	1.250496075156166498e+01	8.028022258078934215e+00
1.008404825335135424e+00	1.286860257132529917e+01	1.238852119502104543e+01	7.883355959746199737e+00
1.014694149836243398e+00	1.270352233390862473e+01	1.239806714581661318e+01	8.382033321625341316e+00
1.020992555437297167e+00	1.253926213571465631e+01	1.216097033299764263e+01	8.018537074046745872e+00
1.027273980437394485e+00	1.232273964750385709e+01	1.173913369555631725e+01	7.898522536385630843e+00
1.033559181896017254e+00	1.215646992786865432e+01	1.179026259134103505e+01	7.754495321657016049e+00
1.039847557392594934e+00	1.202466392386921434e+01	1.161761604261271685e+01	7.910121922206140077e+00
1.046126974943305088e+00	1.180992004106806625e+01	1.147662931289594468e+01	7.766512473772330338e+00
1.052403436811028659e+00	1.164197423136348952e+01	1.102954411601087514e+01	7.546513343109920946e+00
1.058680704651608684e+00	1.150824297041718225e+01	1.103204864274411001e+01	7.554319466014396411e+00
1.064964333065789193e+00	1.136110606661898004e+01	1.096037532048151419e+01	7.653790337918080944e+00
1.071256777440835473e+00	1.121645119523677181e+01	1.072084042014681771e+01	7.608134989754183231e+00
1.077544048801078125e+00	1.102577583385582827e+01	1.048741786255950892e+01	7.329892809370678108e+00
1.083824820188043603e+00	1.093249768250614906e+01	1.034804130944696610e+01	7.406494931236887957e+00
1.090108023942816695e+00	1.072366347019448263e+01	1.018923988061253816e+01	7.295121452340839419e+00
1.096389665956643222e+00	1.057122483666904778e+01	9.977534162228069547e+00	7.117572579060328586e+00
1.102681132058841440e+00	1.043931613083388221e+01	9.933069276509918666e+00	7.140932772382318383e+00
1.108963047594879958e+00	1.034955231063980108e+01	9.920215389859787791e+00	7.152530826759616822e+00
1.115225428463759272e+00	1.015098559397668865e+01	9.635273754206949093e+00	6.856799019875227330e+00
1.121502127614767863e+00	1.009893819390290126e+01	9.673901075633862590e+00	7.008443504530295520e+00
1.127792573824792033e+00	9.915534567270736233e+00	9.456401123645498785e+00	6.898678731805216735e+00
1.134089552668382961e+00	9.794200939814007967e+00	9.276991719652887269e+00	6.962228854059488548e+00
1.140364049650405942e+00	9.720235060642455238e+00	9.405701175502475309e+00	6.986619484559714266e+00
1.146639180320979445e+00	9.573687612303199757e+00	9.074223187715093175e+00	6.809251315329992948e+00
1.152942412991649901e+00	9.415513851356864805e+00	8.931402834905970423e+00	6.688708815532329766e+00
1.159228906751078814e+00	9.321805691519585935e+00	8.815486624338584321e+00	6.680785679676506383e+00
1.165508721887268173e+00	9.205718316519378774e+00	8.851315738638509956e+00	6.817628042305250879e+00
1.171793076256210320e+00	9.085512913212632213e+00	8.571348770189041844e+00	6.440358095571661501e+00
1.178087436369658958e+00	8.967706406428671784e+00	8.535582308915783400e+00	6.727431054421070478e+00
1.184367654251526902e+00	8.868227996002701730e+00	8.468697603917007655e+00	6.458563966409510471e+00
1.190634642299266632e+00	8.788786524906804232e+00	8.388168509717887744e+00	6.414827801606450386e+00
1.196912208834400859e+00	8.672322177745350302e+00	8.175614418809200146e+00	6.377402156159205582e+00
1.203201577354146234e+00	8.546393204866527427e+00	8.167920986829509289e+00	6.297472969985750346e+00
1.209486844441705733e+00	8.505674038102810641e+00	8.081646743018591650e+00	6.512295267215982619e+00
1.215763902074809888e+00	8.371409592717983017e+00	7.935587035773652431e+00	6.304923250104643273e+00
1.222049755171146668e+00	8.256583125998115946e+00	7.848930569792097245e+00	6.172011904686042882e+00
1.228340616621486969e+00	8.158864365931631113e+00	7.778842012524108895e+00	6.216240487765073652e+00
1.234632986576932767e+00	8.094645844331422424e+00	7.784438086678220792e+00	6.254488892779434650e+00
1.240902247176856488e+00	8.030560475816375998e+00	7.722354401019023484e+00	6.281648886881031402e+00
1.247174839144687519e+00	7.897054082909538586e+00	7.594438417493643456e+00	6.182777261765358467e+00
1.253465459933442272e+00	7.812915338035097967e+00	7.446573515375551899e+00	6.246975192324075721e+00
1.259749951892178421e+00	7.738202097706712301e+00	7.451321335661873491e+00	6.157706992938865476e+00
1.266032143127253873e+00	7.665311805911377618e+00	7.371335486546554350e+00	6.125626494878189554e+00
1.272316288472006507e+00	7.564225210429663449e+00	7.252611387800870446e+00	6.093651225729556309e+00
1.278604155058621350e+00	7.517404640342581601e+00	7.301244790524918926e+00	6.146249771223843084e+00
1.284886588933593865e+00	7.426343947659844069e+00	7.185816719978291189e+00	6.109849208438709489e+00
1.291175420066583257e+00	7.328766022459667795e+00	7.051796403166072480e+00	5.974086512914468017e+00
1.297465726373772332e+00	7.291068694167582187e+00	7.087431917786255475e+00	6.173240106886918710e+00
1.303741827011944299e+00	7.189580929875552862e+00	7.036993225052558643e+00	6.020508778330611044e+00
1.310017322922761851e+00	7.110333408453779924e+00	6.870035340286664294e+00	5.897279175640208315e+00
1.316301447662886703e+00	6.990521008982152118e+00	6.771072587830241574e+00	5.917004275810951341e+00
1.322586760363303249e+00	6.941371386374320274e+00	6.752233783355639396e+00	5.911303983473272794e+00
1.328865492452874664e+00	6.897145599279325801e+00	6.734535812554874212e+00	5.927673596680313572e+00
1.335144804954555564e+00	6.837279749801358442e+00	6.691354725721184060e+00	6.013570083597041815e+00
1.341440516272275119e+00	6.774156671544012909e+00	6.625044981487439699e+00	5.904497782560656383e+00
1.347730868417094552e+00	6.710987143379499642e+00	6.622159677440491166e+00	5.917623755234988181e+00
1.354001589994877630e+00	6.652949631060026014e+00	6.596809515667665380e+00	5.907399430488527337e+00
1.360282609297778444e+00	6.616926040325706637e+00	6.594349483808601420e+00	6.037510505436307184e+00
1.366565686457597906e+00	6.513599003975248714e+00	6.459317829412110079e+00	5.922039656256881557e+00
1.372851498482432708e+00	6.449744476519954972e+00	6.411211788418052393e+00	5.878736147293662562e+00
1.379135372929401804e+00	6.434577526085558219e+00	6.449291692163695799e+00	6.108987608363914745e+00
1.385409567149057164e+00	6.359146731998190916e+00	6.367917243031485874e+00	5.964591939445599067e+00
1.391698641219299315e+00	6.278142594303243840e+00	6.286567407876944458e+00	5.933357393737326291e+00
1.397984451439470810e+00	6.224823179072089374e+00	6.232561744615353838e+00	5.948697805986637555e+00
1.404267883409181961e+00	6.171264600415974577e+00	6.251508759073843180e+00	5.905360838366718212e+00
1.410554779484869181e+00	6.091629319989855240e+00	6.072656594327138002e+00	5.786414997650240366e+00
1.416837833547465397e+00	6.085590733025611598e+00	6.183463552230200833e+00	5.913590706901208804e+00
1.423118177187137068e+00	6.055275642907734124e+00	6.219738301796980728e+00	6.032108842101454371e+00
1.429397801164240089e+00	5.975966111327295494e+00	6.122521354611130562e+00	6.003613056521095892e+00
1.435686921822787232e+00	5.922494269376055165e+00	6.099474286519042998e+00	6.088051171362362624e+00
1.441977121769299597e+00	5.888494980754816588e+00	6.043472927226155811e+00	5.920217245775183379e+00
1.448253667853332427e+00	5.864932729712033499e+00	6.077714824444285568e+00	6.029854414136978313e+00
1.454532348972172651e+00	5.802481452318853705e+00	5.997408423273386191e+00	6.001370243531150450e+00
1.460819319151879903e+00	5.761532486139346432e+00	6.010475182031161268e+00	5.952821579940088093e+00
1.467110364402026468e+00	5.713298404789921570e+00	5.987159113567119384e+00	6.022043655104016402e+00
1.473392908948962132e+00	5.680812115614279456e+00	6.030146528508219639e+00	6.152909186820283871e+00
1.479669965243598950e+00	5.638834706965381471e+00	6.010073971079670230e+00	6.133850973199327150e+00
1.485956144602843532e+00	5.591853769957295661e+00	5.928336164971364397e+00	6.158277305712537064e+00
1.492233610763115115e+00	5.556975675089259603e+00	5.913086215657822109e+00	6.164111203987647336e+00
1.498502470379980078e+00	5.532372691534495956e+00	6.004648872562076356e+00	6.289093099455590696e+00
1.504785752051182701e+00	5.499696513935846021e+00	5.936801487760104301e+00	6.217140211677868677e+00
1.511075991894575976e+00	5.480180133999110303e+00	6.014353956634002962e+00	6.304772503859626731e+00
1.517361634985162189e+00	5.424164047108248177e+00	5.915329274670884097e+00	6.327754311964784328e+00
1.523648570969130533e+00	5.381290673879215447e+00	5.838638400847471210e+00	6.297038182007922202e+00
1.529938035715892264e+00	5.361525063968677784e+00	5.871292845243180736e+00	6.291125229184701517e+00
1.536230176913891965e+00	5.337060676663533343e+00	5.890047848936941222e+00	6.362790085578152066e+00
1.542510718779388279e+00	5.297792800967212834e+00	5.898412517479997952e+00	6.456678214632233015e+00
1.548783963082980275e+00	5.262143360898951627e+00	5.806077793335966852e+00	6.411289974425502969e+00
1.555073069779651318e+00	5.232803670715799882e+00	5.853109943166126428e+00	6.448750223668701764e+00
1.561357324927233892e+00	5.208306445318187095e+00	5.829584079982144118e+00	6.408176583708709906e+00
1.567629121053141006e+00	5.172453617662695180e+00	5.815796760533789467e+00	6.484681250493422588e+00
1.573913697404382583e+00	5.163575413894924360e+00	5.842434769346422030e+00	6.665665104842765309e+00
1.580203545230874029e+00	5.139831741233821916e+00	5.840952273593273958e+00	6.581512670014837418e+00
1.586485393434537983e+00	5.122351276094403438e+00	5.854884774396084346e+00	6.664917546596128339e+00
1.592760014263005841e+00	5.080300151394808950e+00	5.810239378990593728e+00	6.663065066105633427e+00
1.599046436394670812e+00	5.065997499962510808e+00	5.882900508196889255e+00	6.749987418184306698e+00
1.605342136637478934e+00	5.053339908253802193e+00	5.852283264222797321e+00	6.838587720167860873e+00
1.611619860919608627e+00	5.026911873902556671e+00	5.827975485362803632e+00	6.849089249963966175e+00
1.617897597081673799e+00	5.011855850475684271e+00	5.896667003871334245e+00	6.925596791192234036e+00
1.624183235481122756e+00	4.967534347668340899e+00	5.830787602707156125e+00	6.833209018293187498e+00
1.630464598531913722e+00	4.955765279441386895e+00	5.840458193015750865e+00	6.956444511065934755e+00
1.636748985747638274e+00	4.949654408303995723e+00	5.903233433564788690e+00	7.063706849907426921e+00
1.643030923698886259e+00	4.920448589357516056e+00	5.833741826257138108e+00	7.032582203120925080e+00
1.649309176648513064e+00	4.893748839828584885e+00	5.842237924392669868e+00	7.058582448675497112e+00
1.655593633940351861e+00	4.885324148846476255e+00	5.882010685598943134e+00	7.134303143552120474e+00
1.661879571405086464e+00	4.883256184254458176e+00	5.912838885382028842e+00	7.267972530777934814e+00
1.668169361685170271e+00	4.855780562740316775e+00	5.820941601260657627e+00	7.156387171041741269e+00
1.674450151530487485e+00	4.841270946295579414e+00	5.878310394320481969e+00	7.335327061949735494e+00
1.680722718978495900e+00	4.834922121045878818e+00	5.896805845518708011e+00	7.374574869293422985e+00
1.687013891340952476e+00	4.812007992298442893e+00	5.847914533260761161e+00	7.378462235093656396e+00
1.693308984907921033e+00	4.798032743553232393e+00	5.869659705201613953e+00	7.428316234640149673e+00
1.699582147428448486e+00	4.785072819349638351e+00	5.854823163110369322e+00	7.412307842267493285e+00
1.705863747055134105e+00	4.786299187048130399e+00	5.904945956780236038e+00	7.559024571708570228e+00
1.712154434283889470e+00	4.777236554694740178e+00	5.918427779533302235e+00	7.658493164269261300e+00
1.718438381579399321e+00	4.760963878201684096e+00	5.906686593611567559e+00	7.657227237858536206e+00
1.724721264464063930e+00	4.749343806085048136e+00	5.828200560262526864e+00	7.628161922701155895e+00
1.730997441276920679e+00	4.750644995506156043e+00	5.893641178782579537e+00	7.773247212823487295e+00
1.737287073528269499e+00	4.753315942846866982e+00	5.980021381126573665e+00	7.907026855093995721e+00
1.743567991878527401e+00	4.744818369548633008e+00	5.960902925910308348e+00	7.928392095756711555e+00
1.749840680212231048e+00	4.740854767500847444e+00	5.975440508136273365e+00	7.997375778306596850e+00
1.756128549091961144e+00	4.711219455498790509e+00	5.874779060840409350e+00	7.932176836135569786e+00
1.762413535324792502e+00	4.716381810472396019e+00	5.941514053248194038e+00	8.012526161049478901e+00
1.768696187669963837e+00	4.716786279218649014e+00	5.913564554019218988e+00	8.112160820816752604e+00
1.774979359379055266e+00	4.717410166637452384e+00	5.977630266173308726e+00	8.243492129336349450e+00
1.781265555576432957e+00	4.713405539397755639e+00	5.972993888273215646e+00	8.302480825303947043e+00
1.787549427830244619e+00	4.700933563223314238e+00	6.014388066857965676e+00	8.407875975970448224e+00
1.793834120011633004e+00	4.697066569498325350e+00	6.030957934834138889e+00	8.441292883250369528e+00
1.800115051552487300e+00	4.702616133620563410e+00	5.995367541523837218e+00	8.492169368983969235e+00
1.806393904854530330e+00	4.697227331334901557e+00	5.987858417368474129e+00	8.473644526373687924e+00
1.812674089667083432e+00	4.708183448636132695e+00	6.043276056759414594e+00	8.612646966927371750e+00
1.818956920109354058e+00	4.696055811736647101e+00	5.999257196320652241e+00	8.652326987604016750e+00
1.825244164118212220e+00	4.685681072367352762e+00	6.000073998527580166e+00	8.714211662272273173e+00
1.831527256642196955e+00	4.703061614327524786e+00	6.035211118663283081e+00	8.795849549347350305e+00
1.837811294935716599e+00	4.689848626576402779e+00	5.992706958271741158e+00	8.772509308751406110e+00
1.844100717411196744e+00	4.692855361895575506e+00	5.969403115177789765e+00	8.858945735937245658e+00
1.850384816792487230e+00	4.707901932764079866e+00	6.015168773585420681e+00	8.954554208218128863e+00
1.856666059735203822e+00	4.701539617965782014e+00	6.004901195970421490e+00	8.985092749912826804e+00
1.862947728675613979e+00	4.721488263488024195e+00	6.078055448557533325e+00	9.175296566145265231e+00
1.869229324466858078e+00	4.709566687416547381e+00	5.986418426968856288e+00	9.107166704382427369e+00
1.875517616802973686e+00	4.723747185967383189e+00	6.035131813130812262e+00	9.225173271418855236e+00
1.881800769033795229e+00	4.715192321783136187e+00	6.019371870657170831e+00	9.246775609992484490e+00
1.888078863416442710e+00	4.711391783831804680e+00	5.934885049035374394e+00	9.222440242920525222e+00
1.894353975182237582e+00	4.727240823386843260e+00	6.038748897147334205e+00	9.384859543114858482e+00
1.900642716154182565e+00	4.730318604232929047e+00	5.950487283886012335e+00	9.365926739823260405e+00
1.906933494748685121e+00	4.737379358532177065e+00	6.007936187657444194e+00	9.558315915245986005e+00
1.913207568676573933e+00	4.737725875558139066e+00	5.973446042523087307e+00	9.492864825624408809e+00
1.919490884732178992e+00	4.751615093798050360e+00	5.953474348303386954e+00	9.588665292215175384e+00
1.925776855684274480e+00	4.759351241828366774e+00	5.990608377613595437e+00	9.689112573683139829e+00
1.932064452961978152e+00	4.763101728921228073e+00	6.021940228052461208e+00	9.748698437706142528e+00
1.938342610030488800e+00	4.786011046114244216e+00	5.964463970516741931e+00	9.832757289620712271e+00
1.944618341543410178e+00	4.771866089415350842e+00	5.880083747679120343e+00	9.780135724748912907e+00
1.950906260203513876e+00	4.794333053930197153e+00	5.900263257151336482e+00	9.893692338606690839e+00
1.957194556613796488e+00	4.799948023507875305e+00	5.981030077402894385e+00	9.953417640138358280e+00
1.963479614559011432e+00	4.818366816892062587e+00	5.933742604704392853e+00	1.009323774534272289e+01
1.969760361532916226e+00	4.818132090631230824e+00	5.872739144327470129e+00	1.014522176748129922e+01
1.976048367034604736e+00	4.820936477073034965e+00	5.894161477682139605e+00	1.012527644645140512e+01
1.982337990217652335e+00	4.852615664725441036e+00	5.888413064017187004e+00	1.028353895573877885e+01
1.988617489259562721e+00	4.861201606985907198e+00	5.867790993865883209e+00	1.032385979216538274e+01
1.994896320665194178e+00	4.852784609713237884e+00	5.815635253139477712e+00	1.025031939316724916e+01
2.001179596222827151e+00	4.866706529964649697e+00	5.842843318787350526e+00	1.034368548500873786e+01
2.007459756923499761e+00	4.889445939810541653e+00	5.828512137601192578e+00	1.046325620707889570e+01
2.013737397779169935e+00	4.912586770790870361e+00	5.763802101645429943e+00	1.057346952814068075e+01
2.020017234677497164e+00	4.896248947377736194e+00	5.720959275647632403e+00	1.052644419549428179e+01
2.026310251015072783e+00	4.942021777829928908e+00	5.706754978959970082e+00	1.067668056875841387e+01
2.032600542948020284e+00	4.936235475927604810e+00	5.709916193231583392e+00	1.065382263249217409e+01
2.038873863192099289e+00	4.957078837804830940e+00	5.673318116902193786e+00	1.072392547663398688e+01
2.045154087821675404e+00	4.975070865319317193e+00	5.669781853819042539e+00	1.081859295234831286e+01
2.051444704514288730e+00	4.983674604117592111e+00	5.585290496033176844e+00	1.081074016576979524e+01
2.057730430280644729e+00	4.995462954976992442e+00	5.525332827606347585e+00	1.084778076120326773e+01
2.064013940455224461e+00	5.021608747877590595e+00	5.607321603832414958e+00	1.101859860872272456e+01
2.070299891179459895e+00	5.027213447810852109e+00	5.553554342505440999e+00	1.097172368722528191e+01
2.076589719964883951e+00	5.060486735254777102e+00	5.493999592843002766e+00	1.107750319316806120e+01
2.082865483794470673e+00	5.056776319504275641e+00	5.410582849189460752e+00	1.099350770563523838e+01
2.089134494859368640e+00	5.092176331942190437e+00	5.479766322842095860e+00	1.120198309073864706e+01
2.095424211360070288e+00	5.109434908183167146e+00	5.384391900007634568e+00	1.122274365690332765e+01
2.101707116664804254e+00	5.128411854797908731e+00	5.380081296385505141e+00	1.133164525590147242e+01
2.107986473933564309e+00	5.140267797282699114e+00	5.314899424263424876e+00	1.133905514839891104e+01
2.114271806543862375e+00	5.166230854798306460e+00	5.290589344751410295e+00	1.138956011400752111e+01
2.120552717288892275e+00	5.174905379869306543e+00	5.243791238409802880e+00	1.142114648949444344e+01
2.126836933207161717e+00	5.192928833580171322e+00	5.170730451567404629e+00	1.143635995752073065e+01
2.133122044791171845e+00	5.227720075256915067e+00	5.175752971169300665e+00	1.159788821004687698e+01
2.139411711910842673e+00	5.251292782335879039e+00	5.099704716408529848e+00	1.162153817395553901e+01
2.145697076775292089e+00	5.279273319439479195e+00	5.055188533288722752e+00	1.163946514539231636e+01
2.151973548606471276e+00	5.299287487146816744e+00	5.034777070863373005e+00	1.179657790511860505e+01
2.158259913555724108e+00	5.308695471512545616e+00	4.896674790795550791e+00	1.168033163506757077e+01
2.164545396699105506e+00	5.346000413269829998e+00	4.898577947358383256e+00	1.188853048750434915e+01
2.170830700377734068e+00	5.336827880237615673e+00	4.842113831893198217e+00	1.177325215793161561e+01
2.177114138849150393e+00	5.388675456156647670e+00	4.833233462235004829e+00	1.193553873914083674e+01
2.183387647576827018e+00	5.403968942258060792e+00	4.774763891586385256e+00	1.196925100665223951e+01
2.189670273687676971e+00	5.423732778038110602e+00	4.725963994134374957e+00	1.200933186703405120e+01
2.195960147934207463e+00	5.472236104351678954e+00	4.651092374042315569e+00	1.214108907633442413e+01
2.202242556317716371e+00	5.482240526943979120e+00	4.617977795860691792e+00	1.219224802134042918e+01
2.208521655981037668e+00	5.500059572427244525e+00	4.503549260386398245e+00	1.211598716689785604e+01
2.214804637081333016e+00	5.527362355367089641e+00	4.454659184513716674e+00	1.219621936349103919e+01
2.221092583349425276e+00	5.550813188604501569e+00	4.383290028199131605e+00	1.224469383999071503e+01
2.227372893591468728e+00	5.588453219993642307e+00	4.382689518352562708e+00	1.237136016338101108e+01
2.233657161144248171e+00	5.621055111237579283e+00	4.234712168868342452e+00	1.235712596599366542e+01
2.239943485394438660e+00	5.651959356055143324e+00	4.200495265342711448e+00	1.248715373207634194e+01
2.246224175264620815e+00	5.658124079935688222e+00	4.084209130637797891e+00	1.241444919890746412e+01
2.252506378421252009e+00	5.693571460032072373e+00	4.120820595109035089e+00	1.252774751542505172e+01
2.258783417054270437e+00	5.726958751119457958e+00	4.044672051041616534e+00	1.258062410579423407e+01
2.265069077371457684e+00	5.777070962686674527e+00	3.990741066373444834e+00	1.268106527277100248e+01
2.271350377044131452e+00	5.800661312483076593e+00	3.848298566943984422e+00	1.279924654965510555e+01
2.277633995145353918e+00	5.828569232095787811e+00	3.771795141168463150e+00	1.273497462849217499e+01
2.283922419579920149e+00	5.872109786733357595e+00	3.722697902650557111e+00	1.286266017833669473e+01
2.290202874392252674e+00	5.878701614688607080e+00	3.688030370141126113e+00	1.284992402055184257e+01
2.296490779970905560e+00	5.929516628871925654e+00	3.580077982614157772e+00	1.294287708444549345e+01
2.302771769934229162e+00	5.960196791250895743e+00	3.469186962268638652e+00	1.297966261690270962e+01
2.309051364164305564e+00	6.018836395081084589e+00	3.364248354313002842e+00	1.310641637883668054e+01
2.315338502539088239e+00	6.018031337722821839e+00	3.280832985748178832e+00	1.304780046508987468e+01
2.321627336503874428e+00	6.069610883998095119e+00	3.292293680327342376e+00	1.314582786115584412e+01
2.327911878297218795e+00	6.090860091390080555e+00	3.206011500848441109e+00	1.321587392993146004e+01
2.334186238580297168e+00	6.159816796086921897e+00	3.106736499174184818e+00	1.336439616770376837e+01
2.340467971862688401e+00	6.162123769718353294e+00	2.990354181552377977e+00	1.325112571417472829e+01
2.346756940970738725e+00	6.205245172968379741e+00	2.898170437653954323e+00	1.332749061051448791e+01
2.353044444556199988e+00	6.238739428542708687e+00	2.813200266046919751e+00	1.336402520694800344e+01
2.359327653314069906e+00	6.280679212675010170e+00	2.778029708483622073e+00	1.347191948621624746e+01
2.365603048789861607e+00	6.315257657477338249e+00	2.633082665390062527e+00	1.351068497630690857e+01
2.371885911737665165e+00	6.349510858116475198e+00	2.498931544250567516e+00	1.350177802616970091e+01
2.378173303594019572e+00	6.391580599299532928e+00	2.466998557966665562e+00	1.365086301765909127e+01
2.384454016539381271e+00	6.450450945066466879e+00	2.362158705083753585e+00	1.373437479793158822e+01
2.390736447344785187e+00	6.464894463937768343e+00	2.277607306050994040e+00	1.367852671413485943e+01
2.397014133897952259e+00	6.535761601341858018e+00	2.118724906272362318e+00	1.384964644920024313e+01
2.403295490074321972e+00	6.581086724205110094e+00	2.032863505788806258e+00	1.389383804256032207e+01
2.409585049672506862e+00	6.617998894137210542e+00	1.912650594355030931e+00	1.397492320229595286e+01
2.415871703165322071e+00	6.638417752934973493e+00	1.918701550287533752e+00	1.396289615581077470e+01
2.422160652369088840e+00	6.676636424935957770e+00	1.813034000256595668e+00	1.406274613379718019e+01
2.428440167222748691e+00	6.728496018796874090e+00	1.693842833097409351e+00	1.405931562324088446e+01
2.434717472383889803e+00	6.763586205084817671e+00	1.620723676835946758e+00	1.412202095683126579e+01
2.441002456202044257e+00	6.811045174573012062e+00	1.494393497572314544e+00	1.418767609397309215e+01
2.447289980304530488e+00	6.861875989262820497e+00	1.375648422680153971e+00	1.430081787909752755e+01
2.453571844729242279e+00	6.918710136779361974e+00	1.362738937483090274e+00	1.437992667606467023e+01
2.459852705114058846e+00	6.944073835831320984e+00	1.223732224582117389e+00	1.434516866633236987e+01
2.466139233225018934e+00	7.003553037044905061e+00	1.104326842922835006e+00	1.449889895868120249e+01
2.472421963421291391e+00	7.058886782326754705e+00	8.993519669618068590e-01	1.459774421225959351e+01
2.478698519174224568e+00	7.097574318888374201e+00	9.102180372600847669e-01	1.462879205524694370e+01
2.484980841400355800e+00	7.159283357782992852e+00	8.447108583872569021e-01	1.474252017319409802e+01
2.491269319409339822e+00	7.165148278469620990e+00	7.619151174275826666e-01	1.461607434002194772e+01
2.497548505139029373e+00	7.225005235118660885e+00	6.003292876924642973e-01	1.479156545212612173e+01
2.503831667172610853e+00	7.280697773510893533e+00	4.966473527573495028e-01	1.482260258918611484e+01
2.510117938323931153e+00	7.325632507161428997e+00	4.093690493831109167e-01	1.485169981497266534e+01
2.516400733681277480e+00	7.370803536906074704e+00	2.903633917450467727e-01	1.496109144822989379e+01
2.522688226833368130e+00	7.455876889757447223e+00	1.301672764440628127e-01	1.513277101999237928e+01
2.528971695852665569e+00	7.492671887506789474e+00	9.651551311250565479e-02	1.516015572247558296e+01
2.535252039407670299e+00	7.493944908413664230e+00	-1.227292760477696754e-02	1.501878587234624618e+01
2.541537514142774512e+00	7.577206551742124319e+00	-1.496035021937934251e-01	1.521308601158158780e+01
2.547823008847572179e+00	7.603218900837044103e+00	-2.395182883811048657e-01	1.517290346653295430e+01
2.554100666580690238e+00	7.691238413502089699e+00	-4.481777567058701228e-01	1.530050747245948983e+01
2.560376788884177301e+00	7.738612537986545803e+00	-5.130671918260437669e-01	1.539626550865503418e+01
2.566667521601497359e+00	7.779420324701590950e+00	-5.853039874529301079e-01	1.543136217372546248e+01
2.572955062237090473e+00	7.819539016047652780e+00	-6.718904623315293811e-01	1.545807682960301399e+01
2.579233771797999175e+00	7.857726201543223432e+00	-7.914902993896021366e-01	1.549058457044609938e+01
2.585520164300948220e+00	7.952752326208383238e+00	-8.790399169891873754e-01	1.571941449703039595e+01
2.591805130332431872e+00	7.998547793505006887e+00	-1.079997879300880870e+00	1.572592086834947978e+01
2.598084074692260881e+00	8.050749156875442125e+00	-1.110888790484149125e+00	1.580108331297441993e+01
2.604360404197643586e+00	8.102894235634687803e+00	-1.244357332582011644e+00	1.590049829426133776e+01
2.610647185140439142e+00	8.147043014040031395e+00	-1.355855314590076022e+00	1.589147158906460078e+01
2.616931864059273138e+00	8.192622018694653008e+00	-1.375686178153026962e+00	1.597852245850655706e+01
2.623206107911065565e+00	8.267969386204812920e+00	-1.521867423108685724e+00	1.610004911711136444e+01
2.629491626543270844e+00	8.301389826195915589e+00	-1.632484300303084890e+00	1.604637213114925132e+01
2.635778507982642349e+00	8.390875670883932713e+00	-1.838531953029821864e+00	1.622736415176553493e+01
2.642061039325260818e+00	8.370298248732041202e+00	-1.780864913361447588e+00	1.604562070486196745e+01
2.648343840729305843e+00	8.478604464016395781e+00	-1.997729951187869668e+00	1.632064425405607011e+01
2.654631838974855551e+00	8.510937427822030443e+00	-2.046427795943855710e+00	1.624173358175692172e+01
2.660919001246303761e+00	8.577074149447470930e+00	-2.161889782769188972e+00	1.642035825477924504e+01
2.667198525130066056e+00	8.629844153028443543e+00	-2.330995798173242761e+00	1.638802543133943956e+01
2.673484307038032526e+00	8.722414388573122679e+00	-2.381686754625176317e+00	1.657466495068358014e+01
2.679773388053849459e+00	8.745342731099865929e+00	-2.456058168952613752e+00	1.655474088248881515e+01
2.686058217632288692e+00	8.797593655617214736e+00	-2.574626730524440799e+00	1.664850574208340461e+01
2.692338738200057868e+00	8.856220598425522894e+00	-2.694174997023097262e+00	1.668566693435446169e+01
2.698618022887226964e+00	8.904086860921058388e+00	-2.829123517216141082e+00	1.673411345796970551e+01
2.704895450708277860e+00	8.946026298306147595e+00	-2.916385284042870119e+00	1.671827241076549697e+01
2.711175674923682166e+00	9.021114161673203569e+00	-2.987805408018178621e+00	1.685841130359174755e+01
2.717459832966957922e+00	9.082211631225328929e+00	-3.038844854280055241e+00	1.691596763253296842e+01
2.723745731959044569e+00	9.116747702616541105e+00	-3.121810878297690106e+00	1.690477351283744056e+01
2.730038414850594730e+00	9.166665569283010129e+00	-3.281874743824203744e+00	1.692452227843573809e+01
2.736317989800789441e+00	9.255870774540813528e+00	-3.373663549228980152e+00	1.712010303078935181e+01
2.742591858549239703e+00	9.288211582907271335e+00	-3.502140630863781023e+00	1.709001550287090865e+01
2.748879749010778362e+00	9.350929568734231978e+00	-3.514510072734350565e+00	1.718877481887020764e+01
2.755163403825859447e+00	9.392310871787957538e+00	-3.664615496105542825e+00	1.720138762230930851e+01
2.761446955625852073e+00	9.466616685921835028e+00	-3.778540322953358732e+00	1.726630927900983181e+01
2.767732088935374701e+00	9.495527114329345153e+00	-3.861172455579171103e+00	1.726669443141424765e+01
2.774015452421743966e+00	9.569461026133078363e+00	-3.887926449514663041e+00	1.739128678844256370e+01
2.780298635700591436e+00	9.644138028077890112e+00	-4.056824832239216860e+00	1.745498020851908194e+01
2.786577474762241380e+00	9.713643175428407162e+00	-4.145752069578753307e+00	1.760497273179836242e+01
2.792857983210164541e+00	9.758819512878130098e+00	-4.242455099772126204e+00	1.758586570465981680e+01
2.799143790920211483e+00	9.745301180660343121e+00	-4.214107734615792467e+00	1.742451988093690929e+01
2.805430058399325244e+00	9.887307846031847092e+00	-4.451940155764148699e+00	1.778277904738849102e+01
2.811715058209780072e+00	9.910161836803597524e+00	-4.479926373283118046e+00	1.767371375412335155e+01
2.817989272498773623e+00	9.962391876819360448e+00	-4.549732652630650520e+00	1.776248766241376131e+01
2.824269171595737760e+00	9.969062596540767984e+00	-4.578554699576997677e+00	1.761338378449372044e+01
2.830563016441804081e+00	1.006419320078539137e+01	-4.672903949725219164e+00	1.787095017711690303e+01
2.836848750951622034e+00	1.014035992922906004e+01	-4.811188291472054956e+00	1.785650579726107168e+01
2.843130027866129783e+00	1.014531854911964537e+01	-4.839806668908514631e+00	1.779860388921763459e+01
2.849413896912404986e+00	1.023918704816122371e+01	-4.915972627011870877e+00	1.802749702499239248e+01
2.855697464522425566e+00	1.026921268831612544e+01	-4.876547209596834520e+00	1.795109096663468762e+01
2.861978799810683594e+00	1.037693541891882631e+01	-5.135334910926967034e+00	1.820727368893656717e+01
2.868262469415629567e+00	1.039820374380318668e+01	-5.153926334627269235e+00	1.807065432975599606e+01
2.874547359206753860e+00	1.046295845172585892e+01	-5.201278769017182668e+00	1.817656026269861158e+01
2.880831111471525041e+00	1.048521410453670732e+01	-5.243437556947851519e+00	1.814203171835863060e+01
2.887113216972382546e+00	1.054792174626186174e+01	-5.296245325104354862e+00	1.819786578950543188e+01
2.893394504725182781e+00	1.061336871938251392e+01	-5.439172981419951647e+00	1.829548929223620490e+01
2.899673662137033592e+00	1.069628782627279229e+01	-5.523574421577106541e+00	1.837522424361446127e+01
2.905953958587380814e+00	1.072074927562372437e+01	-5.558495736742878002e+00	1.835831083750652581e+01
2.912241118105161064e+00	1.075850770124198341e+01	-5.626556592123453271e+00	1.838591944318117299e+01
2.918525996366671205e+00	1.084805571662020540e+01	-5.696288211984929184e+00	1.846056253610002784e+01
2.924809035425688819e+00	1.089900967455994518e+01	-5.842080383544519862e+00	1.855987774459129014e+01
2.931095916293684933e+00	1.095959565205150454e+01	-5.840307668154387954e+00	1.856746141059227995e+01
2.937378182606774413e+00	1.106287806081719616e+01	-6.086612846168540258e+00	1.878007912568722659e+01
2.943659980254369923e+00	1.107199076858000808e+01	-6.051014696076886246e+00	1.861905211127330162e+01
2.949946454403890250e+00	1.111049737870311205e+01	-6.074179988455799872e+00	1.866480775140950854e+01
2.956227653702202307e+00	1.115740772272815917e+01	-6.084823377813780354e+00	1.867878962372371632e+01
2.962510478867462993e+00	1.126415329592121672e+01	-6.194162145724134483e+00	1.889976326018028630e+01
2.968796535179442309e+00	1.129939595358086990e+01	-6.296715502791497165e+00	1.892148563959282015e+01
2.975077657376874907e+00	1.136162487612281602e+01	-6.363403918107502832e+00	1.890398975811773852e+01
2.981359866759223376e+00	1.137461756385185296e+01	-6.293287761619279053e+00	1.882345925877379145e+01
2.987646761575656562e+00	1.146693627199995014e+01	-6.484098305179164967e+00	1.902547271225016345e+01
2.993929038370399365e+00	1.153505677285185627e+01	-6.537004653118569486e+00	1.911710613606342335e+01
3.000206214840962726e+00	1.159456622100491074e+01	-6.616947649296537115e+00	1.920089846229020480e+01
3.006486172402415669e+00	1.163726964093958927e+01	-6.656214935088025975e+00	1.918252872776433904e+01
3.012769812211594456e+00	1.172441691443709466e+01	-6.793373604434365554e+00	1.927705803940429519e+01
3.019053144326170113e+00	1.173345117576213426e+01	-6.710802169086475644e+00	1.921886260243428879e+01
3.025337405144251424e+00	1.180428832829738894e+01	-6.793974842857031682e+00	1.935025504015831643e+01
3.031623734799107961e+00	1.189454863008650065e+01	-6.924778102370497734e+00	1.951822169778234795e+01
3.037908962055872575e+00	1.193235958709326283e+01	-6.998485641871485363e+00	1.946431182403696880e+01
3.044195067146031608e+00	1.203235569498839652e+01	-7.113924503328909132e+00	1.964806232811573850e+01
3.050475543482170426e+00	1.207369547988315972e+01	-7.036834957917178279e+00	1.960739941593188362e+01
3.056754954538277502e+00	1.209371533717554925e+01	-7.123525079611791710e+00	1.957754026357858379e+01
3.063040539557494668e+00	1.218782931631490385e+01	-7.181982363890731413e+00	1.978829386576804339e+01
3.069323699454357346e+00	1.226318425151340463e+01	-7.233779756237566971e+00	1.990478692303226538e+01
3.075610692642898769e+00	1.229289899691998578e+01	-7.261780909942619822e+00	1.984326725054992835e+01
3.081893798009918584e+00	1.237842375221118729e+01	-7.356920983159819016e+00	1.996769041057695304e+01
3.088174549548037717e+00	1.242611350217534039e+01	-7.368680252959864951e+00	2.002244372619020396e+01
3.094458635632868493e+00	1.250505787020671811e+01	-7.520340159499519395e+00	2.011688438314296334e+01
3.100743982931558840e+00	1.255960205720918488e+01	-7.539750696815628928e+00	2.011849595121830703e+01
3.107028111748448396e+00	1.263410184500113509e+01	-7.618679542980798303e+00	2.031451088860653087e+01
3.113309299655494300e+00	1.270703913818173447e+01	-7.703664013811339473e+00	2.037224944861361564e+01
3.119590662867241626e+00	1.273507324320945777e+01	-7.653184042790132757e+00	2.034379975004456043e+01
3.125874006820172912e+00	1.282384815156882674e+01	-7.749974414565292236e+00	2.048001667605905496e+01
3.132159251154602586e+00	1.291666976859034222e+01	-7.803811453743786153e+00	2.075235309008264650e+01
3.138439172765940643e+00	1.295873185455710086e+01	-7.857665020995320049e+00	2.069910402696894991e+01
3.144723867719826593e+00	1.303878816607154967e+01	-7.950918407126281728e+00	2.081593625695331440e+01
3.151003951258561031e+00	1.306555207279441433e+01	-7.948865186955075934e+00	2.079947012220796765e+01
3.157283664131563139e+00	1.318096456170321495e+01	-8.041354860158786977e+00	2.095150729150872593e+01
3.163569317183839935e+00	1.321680956849794164e+01	-7.997822242759994538e+00	2.104574885693508790e+01
3.169851661717792091e+00	1.331118167476405389e+01	-8.191534360621727018e+00	2.117369298155689705e+01
3.176137704316093657e+00	1.335455573187620182e+01	-8.096137756745008573e+00	2.120820844776432779e+01
3.182420924828643916e+00	1.346834038334765893e+01	-8.318909202984309914e+00	2.153698307139159596e+01
3.188702811875577581e+00	1.351647115095566676e+01	-8.335794428871970752e+00	2.139436392546379651e+01
3.194990520008989865e+00	1.359645394498078197e+01	-8.386857389554023712e+00	2.166635983353127770e+01
3.201275324656983834e+00	1.368431842447960456e+01	-8.533675405905309930e+00	2.174833611440428172e+01
3.207551352179861759e+00	1.376061572583913950e+01	-8.514552762203445369e+00	2.188632076601284027e+01
3.213835216737041645e+00	1.383416131695675055e+01	-8.639735083363769164e+00	2.202819303967627818e+01
3.220122579819103770e+00	1.348101369242843894e+01	-7.672472634619039944e+00	2.045449383451933301e+01
3.226406606618656525e+00	1.273149955658357868e+01	-5.915956210681137861e+00	1.742664817207334593e+01
3.232687390085645429e+00	1.212148853108760704e+01	-4.575776143921253869e+00	1.485732862033743906e+01
3.238969121280456331e+00	1.167634354888838111e+01	-3.596755356181839947e+00	1.290469863396158878e+01
3.245254751548589667e+00	1.129894517112328067e+01	-2.716157705102151265e+00	1.125669455861486057e+01
3.251534499036136783e+00	1.099903698428445686e+01	-2.115122438100084157e+00	9.713053903310457926e+00
3.257817780791052442e+00	1.069789701085477596e+01	-1.429646882486600434e+00	8.364143682418616166e+00
3.264102164154097263e+00	1.048293217951714418e+01	-1.026376845548090166e+00	7.182836800389886811e+00
3.270384152138468892e+00	1.026671336738471219e+01	-5.636232743726589112e-01	6.171026239052392448e+00
3.276669427476867735e+00	1.005877914227280634e+01	-2.377753323686363496e-01	5.153483480060378596e+00
3.282954688864507808e+00	9.957630069685730945e+00	3.744528473524502687e-02	4.267265359104659872e+00
3.289237200334947264e+00	9.783309142382316637e+00	2.679224722594457098e-01	3.471377044748338303e+00
3.295519587088236779e+00	9.683088664809766044e+00	5.285778957545654855e-01	2.625797123392986876e+00
3.301805977329951958e+00	9.561617916005417328e+00	7.077012993678650776e-01	1.990280598447238924e+00
3.308087486222440088e+00	9.483269968885760903e+00	9.042753195109991537e-01	1.323100033063191905e+00
3.314367630234227313e+00	9.412096459771772672e+00	1.014228552369469849e+00	7.008255194482392314e-01
3.320651909732194262e+00	9.348850206606391211e+00	1.151189907447492500e+00	1.427617958322451031e-01
3.326931260376857047e+00	9.297793673071080178e+00	1.254859605152631064e+00	-4.225613687546478370e-01
3.333216512447217728e+00	9.227370327099389868e+00	1.369331352683925696e+00	-9.194832838408220077e-01
3.339504489419978128e+00	9.192392539358021253e+00	1.408854843438358095e+00	-1.347443985719065873e+00
3.345786804809928405e+00	9.148661877271768716e+00	1.485764896448137806e+00	-1.874817947005337881e+00
3.352071130016277767e+00	9.116335190075083972e+00	1.527577591736879015e+00	-2.338597383797133222e+00
3.358351496304225581e+00	9.107676472475024099e+00	1.588334058243748181e+00	-2.761993050066202660e+00
3.364630591073392019e+00	9.060276334529334008e+00	1.623827091555525515e+00	-3.177618801695319739e+00
3.370916305215045483e+00	9.067501198974328602e+00	1.623905419213229173e+00	-3.618017008936978751e+00
3.377197952029413752e+00	9.043744434551619804e+00	1.697920522559823064e+00	-3.948338738073962517e+00
3.383483063818085501e+00	9.040387473649396100e+00	1.664585195653234040e+00	-4.268158202263983902e+00
3.389769992424469969e+00	9.044708836442401534e+00	1.672348813526385536e+00	-4.589337022791780463e+00
3.396051330885982100e+00	9.031507412173377602e+00	1.675834501109164432e+00	-4.926719629645832654e+00
3.402330879139463971e+00	9.065007501635481191e+00	1.697133369648364365e+00	-5.266925284321912315e+00
3.408610488352048495e+00	9.055174801852054145e+00	1.695128148075699448e+00	-5.599798923789393257e+00
3.414897837696641236e+00	9.078781617984727603e+00	1.664611209094040589e+00	-5.880258636346512802e+00
3.421180484052105619e+00	9.082529080912086883e+00	1.645186238583380200e+00	-6.207272526713688343e+00
3.427461639653846870e+00	9.083304714946461189e+00	1.622094266411777674e+00	-6.451456949235852001e+00
3.433749159643459059e+00	9.119807390920341206e+00	1.598573694193912376e+00	-6.786991528492250403e+00
3.440032646656798310e+00	9.118821489199072872e+00	1.646095423996959850e+00	-7.010435620536696000e+00
3.446313366033385339e+00	9.168163570134973739e+00	1.569452453934645497e+00	-7.270539339609487506e+00
3.452600135384134905e+00	9.180972583777164076e+00	1.539509008818605862e+00	-7.516961717608837468e+00
3.458883152815406703e+00	9.194129242035526062e+00	1.540343436513469388e+00	-7.792181132669296240e+00
3.465163834403715448e+00	9.244477503515662775e+00	1.504603626707372355e+00	-8.033116514244511563e+00
3.471449329786229221e+00	9.261318797388046420e+00	1.440782952266991268e+00	-8.271973623430669775e+00
3.477734476754053894e+00	9.307846054130809677e+00	1.425283520238699753e+00	-8.497680464192198357e+00
3.484019652467224226e+00	9.320200271433813910e+00	1.441439978174764658e+00	-8.865438518080006602e+00
3.490297019369712928e+00	9.378473041899050955e+00	1.352395112812194045e+00	-8.946369821192051930e+00
3.496582486484379970e+00	9.409792745975456896e+00	1.336838036660819462e+00	-9.187966509460833819e+00
3.502868048046865024e+00	9.435419248099302436e+00	1.311520463468827113e+00	-9.422322598966179186e+00
3.509144649545451244e+00	9.477853125183672844e+00	1.240473541999082885e+00	-9.629573758123786575e+00
3.515428082003116295e+00	9.503118497963949807e+00	1.212216083083450302e+00	-9.818620001035725409e+00
3.521711031624695565e+00	9.575705953483948818e+00	1.128525134960135512e+00	-9.980887079548089957e+00
3.527991850954735664e+00	9.579808109819913042e+00	1.138846066724923389e+00	-1.020310383885627914e+01
3.534275545726699885e+00	9.658284728125279273e+00	1.076018745205071347e+00	-1.045105256642409941e+01
3.540562632020772149e+00	9.702469576021037767e+00	1.089260623354929347e+00	-1.068269163467182636e+01
3.546844410757220789e+00	9.712710595365775745e+00	9.846966912585770615e-01	-1.077450068981457854e+01
3.553131386753758836e+00	9.811046324981884226e+00	9.664709799202129137e-01	-1.103241806088686516e+01
3.559419203211965144e+00	9.824708153928959575e+00	9.256686368990932889e-01	-1.123833834482289440e+01
3.565697971577579839e+00	9.899286657499308362e+00	8.468601121984821178e-01	-1.138617167582897771e+01
3.571979559134798254e+00	9.951518796461142458e+00	8.118049279434254029e-01	-1.159551548770689955e+01
3.578265774595833726e+00	9.973909391461587504e+00	7.547129102938782141e-01	-1.175459682236086323e+01
3.584548309769353125e+00	1.006417384424105954e+01	6.786225031115374895e-01	-1.188858278538903690e+01
3.590826843920031486e+00	1.009192340402842092e+01	6.728245569839663709e-01	-1.212992112359682473e+01
3.597107306745233934e+00	1.018166755713231275e+01	5.736087128911928623e-01	-1.225492145350482076e+01
3.603392831792229245e+00	1.023279719832752122e+01	5.444295866597491651e-01	-1.248975559803469615e+01
3.609673209822572559e+00	1.026692391234733570e+01	5.032332870030893357e-01	-1.262290729970402303e+01
3.615955412133016189e+00	1.035786933700291534e+01	4.392016404496922877e-01	-1.279891524394694002e+01
3.622241607772384686e+00	1.036397468102566854e+01	4.133992871613783593e-01	-1.298027491564906200e+01
3.628520252736676444e+00	1.045887143698384314e+01	3.202086947594631750e-01	-1.310271557699257627e+01
3.634804827569451113e+00	1.048942232358279902e+01	2.784791561740043164e-01	-1.327857717886116262e+01
3.641094981788862928e+00	1.058840776168749009e+01	2.418997406368332548e-01	-1.350156922233753320e+01
3.647383514928639325e+00	1.061895143521660678e+01	1.808889635331255019e-01	-1.361042762026588093e+01
3.653663283927725658e+00	1.067695118862534898e+01	9.579209179932623996e-02	-1.372824030279974572e+01
3.659943504072155296e+00	1.076096976800184102e+01	6.362411693222475018e-02	-1.391770288391579591e+01
3.666232000281138603e+00	1.080997259557886103e+01	4.234374891529197465e-02	-1.410925549044148575e+01
3.672514211678317597e+00	1.087760431366495872e+01	-5.079670904738909504e-02	-1.420488830886271181e+01
3.678794154686042539e+00	1.092290841787387201e+01	-8.747151644413046767e-02	-1.434422918702374616e+01
3.685078621861909820e+00	1.101104186649390115e+01	-1.716611554551570051e-01	-1.451080385816545260e+01
3.691359210097977961e+00	1.108380187450095100e+01	-1.977806112417984929e-01	-1.473005816539318324e+01
3.697642368173791105e+00	1.113602570259063462e+01	-2.674301606182639679e-01	-1.481589758514626531e+01
3.703925796735277665e+00	1.122989172087758192e+01	-3.527395150649348943e-01	-1.494073501453728881e+01
3.710208240364660348e+00	1.125582828975681160e+01	-4.073340697192806004e-01	-1.505844001674126176e+01
3.716494593122387169e+00	1.134403672336395807e+01	-4.425175249619163198e-01	-1.528617237714314037e+01
3.722775386659595398e+00	1.139525836991252206e+01	-5.097535653492086816e-01	-1.537185635589311516e+01
3.729058392883481510e+00	1.146665299445485786e+01	-5.598373566629845088e-01	-1.552140649515255966e+01
3.735339748210807720e+00	1.155666462557687701e+01	-6.767843398755796214e-01	-1.564275194642710787e+01
3.741620776392969638e+00	1.160208322946455262e+01	-7.063315275278875260e-01	-1.578932767579570928e+01
3.747904795418762980e+00	1.170121036624148836e+01	-7.936926670043821241e-01	-1.589468842208052912e+01
3.754190633281219380e+00	1.176496139969222199e+01	-8.768072569677400896e-01	-1.599243464922850499e+01
3.760478208018912749e+00	1.182107609180410002e+01	-8.678494325858697733e-01	-1.619855890907676965e+01
3.766755538573464346e+00	1.188908120713530359e+01	-9.731440633748676960e-01	-1.631227119265306058e+01
3.773032090135151506e+00	1.194142107413195397e+01	-9.506205711005636383e-01	-1.654717136810452160e+01
3.779322553012896879e+00	1.203164736309242855e+01	-1.070444850456905739e+00	-1.658504787420227089e+01
3.785609109731308930e+00	1.209663150406978893e+01	-1.117995250347621372e+00	-1.676082111444790002e+01
3.791889825936295200e+00	1.217551328364442753e+01	-1.205852149125111739e+00	-1.684821945717498082e+01
3.798174822702435893e+00	1.223708749496388748e+01	-1.247071096102546184e+00	-1.698822650830416237e+01
3.804458658753491651e+00	1.228107851032249798e+01	-1.297665727904768307e+00	-1.712827791914449804e+01
3.810738438095723435e+00	1.243358345477196814e+01	-1.457236710032383531e+00	-1.723080494005800745e+01
3.817018850285747167e+00	1.246178422317626300e+01	-1.460820402752865510e+00	-1.733051109997617090e+01
3.823305314209427763e+00	1.252824708074066784e+01	-1.557716980700445175e+00	-1.748404763314643162e+01
3.829591295197792178e+00	1.262238464148848749e+01	-1.586281609462123487e+00	-1.760871040787992214e+01
3.835872296070849341e+00	1.266616274962364486e+01	-1.605016604940349145e+00	-1.780254176991267911e+01
3.842156279590906109e+00	1.278524889965137490e+01	-1.712255634420977390e+00	-1.793713785846416897e+01
3.848441511099312429e+00	1.280632728813960597e+01	-1.753458657777291041e+00	-1.804662733202838965e+01
3.854723334376886079e+00	1.292806462281271074e+01	-1.848066884295793022e+00	-1.816946441456827799e+01
3.861004740704794713e+00	1.299695999043515471e+01	-1.899051479743284476e+00	-1.832125545641955000e+01
3.867284336650660848e+00	1.306009930640034611e+01	-1.937382977118465632e+00	-1.844303521321008787e+01
3.873567367678779849e+00	1.316799782186742362e+01	-2.086308693713449625e+00	-1.845883788328283615e+01
3.879850662830422792e+00	1.321327441969595817e+01	-2.115396941619992255e+00	-1.863737741515569724e+01
3.886137063198143338e+00	1.331557216177964342e+01	-2.172849507638356492e+00	-1.879428419870442468e+01
3.892419463049126005e+00	1.337472076756855799e+01	-2.260119504149964431e+00	-1.887856561170670133e+01
3.898703740328622658e+00	1.347133988163687413e+01	-2.267456096076383876e+00	-1.913473708974440868e+01
3.904991458788179326e+00	1.353535370144302874e+01	-2.351897207883908436e+00	-1.922922707459720826e+01
3.911270842222104083e+00	1.361124625955322287e+01	-2.404405923019188318e+00	-1.938635870890968604e+01
3.917549806479573071e+00	1.370443004965946088e+01	-2.528363277971893641e+00	-1.939728709354433889e+01
3.923836006203090587e+00	1.375698859477484781e+01	-2.578139236068820672e+00	-1.956137499230542431e+01
3.930121452497870926e+00	1.387824883373999363e+01	-2.691525855926709898e+00	-1.960850038353898128e+01
3.936398172858230460e+00	1.391662038332949258e+01	-2.687462268922292008e+00	-1.986668476508468473e+01
3.942683040425962293e+00	1.398281395647881631e+01	-2.738375861484382501e+00	-1.992164796210150257e+01
3.948974759704379611e+00	1.410063619733715257e+01	-2.825145406647622259e+00	-2.010705221063761883e+01
3.955259227995065352e+00	1.417945869259149028e+01	-2.949264911795633992e+00	-2.014632112077705983e+01
3.961537174921395454e+00	1.428312486000152859e+01	-3.042083272945534045e+00	-2.026412245997632411e+01
3.967820217617139544e+00	1.429920473167582173e+01	-3.039937423556974494e+00	-2.048089829391388861e+01
3.974105559832568968e+00	1.437589052333076545e+01	-3.070781592392841652e+00	-2.058474296315418073e+01
3.980384727931198352e+00	1.450995047478298261e+01	-3.152030571645800805e+00	-2.077373996374841525e+01
3.986664590839849698e+00	1.455012694130940964e+01	-3.147203380248287274e+00	-2.104109212795935235e+01
3.992949619150675034e+00	1.469166149449773151e+01	-3.358104219187907358e+00	-2.096560788440452328e+01
3.999235075769965952e+00	1.472539091348465590e+01	-3.302003080295892623e+00	-2.125493623177398916e+01
4.005515715515433506e+00	1.484422391167043465e+01	-3.451140087004966439e+00	-2.126167573095451147e+01
4.011798434346478537e+00	1.491766128495563315e+01	-3.494161421734771178e+00	-2.145410364315229046e+01
4.018083716245132386e+00	1.494011809117151834e+01	-3.463801877874250756e+00	-2.171470662043552835e+01
4.024365700052603856e+00	1.509182647003321165e+01	-3.664326043736348737e+00	-2.166723208011007173e+01
4.030643960839860540e+00	1.513716975648291729e+01	-3.681445939411825741e+00	-2.185914244062851353e+01
4.036928708926215137e+00	1.524443175062249445e+01	-3.770078887200560835e+00	-2.197242479154151695e+01
4.043218157412017177e+00	1.530372848844507772e+01	-3.726570588527237771e+00	-2.229805962519970208e+01
4.049503019487663558e+00	1.537247694753497740e+01	-3.861679813418682272e+00	-2.231505779958579083e+01
4.055781898960511000e+00	1.552721944662348719e+01	-3.913229602087572534e+00	-2.253713269841009392e+01
4.062060795621602161e+00	1.551192329822803373e+01	-3.896556631217137134e+00	-2.278113932377571871e+01
4.068347865354716042e+00	1.565115363610897603e+01	-4.044284942779514225e+00	-2.276884955358339013e+01
4.074631027173265529e+00	1.570971824656468208e+01	-4.043229201995267807e+00	-2.303607401088759588e+01
4.080910837526078971e+00	1.580333763780464729e+01	-4.122715020278460152e+00	-2.316915079114527387e+01
4.087201203341442657e+00	1.591438156279169824e+01	-4.154198559284266956e+00	-2.343150535844370452e+01
4.093486818591942189e+00	1.600324882564446582e+01	-4.262623435080243439e+00	-2.352689116698767080e+01
4.099764387336505500e+00	1.607963683065813854e+01	-4.356092929897241284e+00	-2.357932453848347265e+01
4.106049166937662420e+00	1.611587860033977293e+01	-4.306999413817810485e+00	-2.394916763371924162e+01
4.112334559041358695e+00	1.627163131590094025e+01	-4.424284379387070310e+00	-2.406644563437509987e+01
4.118618926059533614e+00	1.635287708035664878e+01	-4.410587855707271743e+00	-2.436455615440476663e+01
4.124898942031112625e+00	1.639919823183360137e+01	-4.448234137820186618e+00	-2.453104825795098876e+01
4.131175432561665417e+00	1.653091846463072656e+01	-4.588584625942124795e+00	-2.459551943824400055e+01
4.137461563786142271e+00	1.656208710435483056e+01	-4.550328075211187873e+00	-2.487758008998145343e+01
4.143746006210170307e+00	1.669196970412111014e+01	-4.660306348787687902e+00	-2.501147492363878655e+01
4.150029800482964326e+00	1.669612787142036581e+01	-4.634623909150080046e+00	-2.519487650259810252e+01
4.156313390684649001e+00	1.687357812728207662e+01	-4.821459664883506413e+00	-2.533875527885842516e+01
4.162596105843763716e+00	1.695213450895112928e+01	-4.867604254557244658e+00	-2.553199351362346903e+01
4.168881843141768684e+00	1.695174958152801636e+01	-4.781283787076069380e+00	-2.588718117114599337e+01
4.175162111073220217e+00	1.713053216020761838e+01	-4.914759800058377870e+00	-2.599203184848780523e+01
4.181448573417560155e+00	1.712852514025899353e+01	-4.862981418677762235e+00	-2.626836734303496712e+01
4.187738782464171194e+00	1.727330718317400127e+01	-4.931113467107586246e+00	-2.654558751285667029e+01
4.194017437180169061e+00	1.731550066543696431e+01	-5.017668659654007435e+00	-2.655980794901091002e+01
4.200293572701767175e+00	1.740568884128339633e+01	-5.016313353923202101e+00	-2.693261634008917227e+01
4.206580195481546269e+00	1.753007518960130895e+01	-5.039885373234763044e+00	-2.720392860164137971e+01
4.212860644652220543e+00	1.755784824342637052e+01	-4.885693334978056690e+00	-2.774841203968539816e+01
4.219138153430114002e+00	1.768799575390046641e+01	-5.105412310113552010e+00	-2.763118847651815813e+01
4.225426162098283811e+00	1.776415243448503745e+01	-5.114410579550819236e+00	-2.796041635933987024e+01
4.231713506719782636e+00	1.783613293070686723e+01	-5.150568250159234474e+00	-2.814902178458901716e+01
4.237990056577191744e+00	1.798435593890812001e+01	-5.239302132713314464e+00	-2.836511492341404050e+01
4.244267783646744618e+00	1.794568784134744988e+01	-5.025298774919977340e+00	-2.897360202621988634e+01
4.250560660182562955e+00	1.814674874296056117e+01	-5.349259741482645936e+00	-2.875167171787105858e+01
4.256847734842668096e+00	1.810715061044918883e+01	-5.158067598588842451e+00	-2.929935329505191177e+01
4.263127100734456221e+00	1.826116676031437080e+01	-5.336328251293029012e+00	-2.938883004661879639e+01
4.269406860432507500e+00	1.834437748077048624e+01	-5.324159717471459885e+00	-2.975130135489147776e+01
4.275691671482192646e+00	1.841129515589488719e+01	-5.220649516097070730e+00	-3.027839040302506035e+01
4.281972414189518794e+00	1.849298370034857086e+01	-5.338471537870401740e+00	-3.025718647500004010e+01
4.288253516806755705e+00	1.858257041693197564e+01	-5.294876904565495757e+00	-3.077043482198189039e+01
4.294540520160492925e+00	1.864102950439568573e+01	-5.260948847253549943e+00	-3.107588581805520178e+01
4.300825742921731809e+00	1.868003876127352925e+01	-5.291683500142419838e+00	-3.121877444484434960e+01
4.307109835491901961e+00	1.873397597936311243e+01	-5.200099720050956442e+00	-3.173492342691654144e+01
4.313390926478413157e+00	1.887322718464102067e+01	-5.318881206277137785e+00	-3.194029694950515008e+01
4.319667979480563247e+00	1.883845921179890937e+01	-5.186344279496825749e+00	-3.240430481014631425e+01
4.325952598143786076e+00	1.906965991579542674e+01	-5.422783174241569526e+00	-3.235540749184797704e+01
4.332241647035422361e+00	1.904445481084337999e+01	-5.240103240145084662e+00	-3.295838189655668060e+01
4.338524445619096781e+00	1.921036316192515514e+01	-5.346664086516343950e+00	-3.325350948416490127e+01
4.344809348131129845e+00	1.928740086457691660e+01	-5.249502745304383211e+00	-3.379121436235297438e+01
4.351090699193166600e+00	1.924748701683861540e+01	-5.178134053029343598e+00	-3.411191055896372148e+01
4.357369710808320029e+00	1.941062694844206149e+01	-5.232844054671761391e+00	-3.441025336505534682e+01
4.363659348967174445e+00	1.939772327096224558e+01	-5.191831967347065202e+00	-3.475868027807149474e+01
4.369947418280990981e+00	1.952157921056982204e+01	-5.170498663045418830e+00	-3.518339586958225595e+01
4.376226569265827315e+00	1.959870173392680215e+01	-5.150052085913294775e+00	-3.555552565819252919e+01
4.382499356631129217e+00	1.962037520101729982e+01	-5.137940948977931299e+00	-3.591311670384693855e+01
4.388784975178015024e+00	1.974119935915970103e+01	-5.121518783004949782e+00	-3.635711665901410328e+01
4.395068696309480494e+00	1.969240243038822058e+01	-5.015636124614767155e+00	-3.680909041715983676e+01
4.401347962382031298e+00	1.992078237741421987e+01	-5.158658656548301025e+00	-3.703514786994368535e+01
4.407628405096517099e+00	1.978441871064207902e+01	-4.880357895780129240e+00	-3.764609953317885527e+01
4.413915862185140426e+00	1.986696432676890467e+01	-4.846714081471350077e+00	-3.812664663581319502e+01
4.420203163534264235e+00	2.001280560553476207e+01	-4.854059228995070363e+00	-3.855841138106096366e+01
4.426480311003382795e+00	1.985010438226666096e+01	-4.538976130667542463e+00	-3.931622341148019473e+01
4.432765973643649104e+00	2.015654810380521411e+01	-4.806480877982868272e+00	-3.944291112813257172e+01
4.439053392023870614e+00	2.001247150415962395e+01	-4.509448446507516195e+00	-4.023195081199574474e+01
4.445336141335588742e+00	2.014909295625123420e+01	-4.653145342587823308e+00	-4.031269336267271086e+01
4.451617241414883352e+00	2.007140948456549623e+01	-4.457400108909931546e+00	-4.098011203855189422e+01
4.457901500730311106e+00	2.004681706893712700e+01	-4.318978081963207316e+00	-4.150567764425348827e+01
4.464189501093017043e+00	2.017546027052811652e+01	-4.385966704990000409e+00	-4.179111001089802357e+01
4.470470197548729985e+00	2.000139716617123753e+01	-3.958831241119556754e+00	-4.276796443365009281e+01
4.476748044268524573e+00	2.017341228021282973e+01	-4.144746812831637151e+00	-4.290403865117136206e+01
4.483035990164653484e+00	2.003143345571205458e+01	-3.771139614032699150e+00	-4.387206863987350403e+01
4.489323331650528104e+00	2.007911070842992629e+01	-3.691704511942011546e+00	-4.430712722944804227e+01
4.495599111667934800e+00	2.008746183781011396e+01	-3.566070577303979583e+00	-4.501754694441283533e+01
4.501870922878794090e+00	1.994400495692529418e+01	-3.331660418007838409e+00	-4.565670577774557160e+01
4.508155162877705457e+00	2.011219420054996121e+01	-3.384981765729442760e+00	-4.613588887088314294e+01
4.514446451153479423e+00	1.991427400934385972e+01	-2.987750639214052928e+00	-4.712143558991322578e+01
4.520723894043856994e+00	1.989451054443404843e+01	-2.912583763920212121e+00	-4.750551182778705339e+01
4.527003782460155890e+00	1.976613995428523296e+01	-2.606275061495165968e+00	-4.842502640872811526e+01
4.533293086610313161e+00	1.972712003136081904e+01	-2.474240467056300741e+00	-4.903490656251858582e+01
4.539578989864040182e+00	1.961951060793398227e+01	-2.237484713631140210e+00	-4.968916648492324128e+01
4.545857164866476730e+00	1.950698117707371537e+01	-1.936113778973206800e+00	-5.061072312914279792e+01
4.552138955546025656e+00	1.939749628142299187e+01	-1.705953587755749457e+00	-5.131988412349326012e+01
4.558432046889146605e+00	1.929886544728145026e+01	-1.497269192552836747e+00	-5.203245231455596809e+01
4.564713463378488711e+00	1.934432338710670152e+01	-1.437621162318970303e+00	-5.267661573890791971e+01
4.570987274133244682e+00	1.928562647793931006e+01	-1.334451543377916716e+00	-5.310574494449412697e+01
4.577274818151045643e+00	1.934320095996304545e+01	-1.256430718701209148e+00	-5.375255617455282930e+01
4.583563263889338657e+00	1.939318511258212041e+01	-1.256944947857396633e+00	-5.424075798992141983e+01
4.589844917004465508e+00	1.939320431128530586e+01	-1.189067635102721399e+00	-5.461935669469907140e+01
4.596126259982004747e+00	1.945078506599962509e+01	-1.167830934407996679e+00	-5.522467013439748484e+01
4.602409075598298926e+00	1.954710833968691830e+01	-1.155114942943220813e+00	-5.579659106164605475e+01
4.608696634867644804e+00	1.968115545613952477e+01	-1.150644898448496933e+00	-5.640634476037887879e+01
4.614977646498861219e+00	1.965491076976942608e+01	-1.111869110370378610e+00	-5.674729882292709249e+01
4.621258953029527383e+00	1.972075528489868290e+01	-1.110841549638002856e+00	-5.715935379827908491e+01
4.627547993978874175e+00	1.978025604715797670e+01	-1.098357039557132042e+00	-5.761374787289060606e+01
4.633830152730579854e+00	1.987694822530895777e+01	-1.111129422857188187e+00	-5.815608157176436066e+01
4.640104005367354567e+00	2.006030222830955267e+01	-1.073895834438223451e+00	-5.888006311761279221e+01
4.646382060386754276e+00	2.004307439411241276e+01	-1.120050854384519790e+00	-5.904908360021072156e+01
4.652674213731970987e+00	2.014657737654625791e+01	-1.067729391938675665e+00	-5.970197581625860295e+01
4.658958291796220230e+00	2.025189061448174499e+01	-1.116539097463050689e+00	-6.009305534829818640e+01
4.665233615070169648e+00	2.037446051327330210e+01	-1.086490196425937027e+00	-6.073274893772380523e+01
4.671520675710307380e+00	2.049664118854751749e+01	-1.135509591121069528e+00	-6.122167142727003863e+01
4.677814351732177300e+00	2.057106037700818391e+01	-1.122320200338752461e+00	-6.166349847867139999e+01
4.684093699744638073e+00	2.073555384757037245e+01	-1.131238657245720480e+00	-6.234760810281454724e+01
4.690368661472568590e+00	2.077384623860619683e+01	-1.134992227926125752e+00	-6.263200391228808428e+01
4.696663270746453733e+00	2.090382892432536011e+01	-1.120700865509854927e+00	-6.323915475999475433e+01
4.702945459248681459e+00	2.102076205154131827e+01	-1.150582660701873206e+00	-6.376187984882150772e+01
4.709209170841929470e+00	2.120637802578841757e+01	-1.158956327451883483e+00	-6.447006070570846248e+01
4.715491634753063543e+00	2.124888419711273357e+01	-1.159512796443495475e+00	-6.479701792773107627e+01
4.721784316284933780e+00	2.140321359827490255e+01	-1.181509099788490058e+00	-6.542812797763754418e+01
4.728063062331094635e+00	2.154107173865664393e+01	-1.251858535118077098e+00	-6.595220589618563167e+01
4.734337423381671073e+00	2.166581018111011048e+01	-1.199286341580861226e+00	-6.650359442243437513e+01
4.740627024094544062e+00	2.188196689640509618e+01	-1.119231885524808012e+00	-6.753140192839659051e+01
4.746914995664547554e+00	2.204648681708377467e+01	-1.166495215254524043e+00	-6.810803243430905241e+01
4.753194740071086777e+00	2.209481719802836608e+01	-1.243297692847272984e+00	-6.827501700048975408e+01
4.759478891864783456e+00	2.222975292792352420e+01	-1.184559322321049324e+00	-6.895645600340117198e+01
4.765762396877359031e+00	2.231096030541268860e+01	-1.241069287085578177e+00	-6.928973450619901087e+01
4.772049481246195768e+00	2.244835007977702546e+01	-1.206397236883822499e+00	-6.990015612123633559e+01
4.778335091022592351e+00	2.257155244163602603e+01	-1.159453897908106823e+00	-7.049300949461347443e+01
4.784610831402393849e+00	2.280649225635163191e+01	-1.146297485392502091e+00	-7.146904846107510423e+01
4.790907306208476157e+00	2.289195513143867799e+01	-1.098099406099263042e+00	-7.193344881817377257e+01
4.797204047706418173e+00	2.295869474408540967e+01	-1.146033551603576228e+00	-7.220942774765970285e+01
4.803470827697504220e+00	2.325413681246474340e+01	-1.211085413548209200e+00	-7.323818334932661855e+01
4.809748850577324042e+00	2.325437356184675508e+01	-1.130364758525933766e+00	-7.349215311061719547e+01
4.816045316586602176e+00	2.349682389294818563e+01	-1.169132266237307816e+00	-7.433549873826135013e+01
4.822329240673497885e+00	2.360954868738640400e+01	-1.109214087105804936e+00	-7.489068904690647344e+01
4.828596758226470165e+00	2.371421565818930333e+01	-1.154334549218722472e+00	-7.535017414812037373e+01
4.834890332961369275e+00	2.381747029807343452e+01	-1.142994858839992522e+00	-7.584718818648721594e+01
4.841191655056394261e+00	2.401331051960976382e+01	-1.152736676760038881e+00	-7.660472313710748438e+01
4.847460407468000554e+00	2.411482640113210962e+01	-1.026091345473266747e+00	-7.722339855760358773e+01
4.853732128521334843e+00	2.438656776290734030e+01	-1.088248985014253378e+00	-7.813085184056039623e+01
4.860029138783373170e+00	2.437321981758591249e+01	-1.039691898174519569e+00	-7.832648994462743985e+01
4.866314601732018019e+00	2.460898862272845378e+01	-1.114310096268613881e+00	-7.910970218126188058e+01
4.872587026269203925e+00	2.481266830711339821e+01	-1.022953794433042685e+00	-7.998520282019769922e+01
4.878874221748241702e+00	2.495708403557600263e+01	-1.073824646746750267e+00	-8.057513248794624872e+01
4.885171078138658807e+00	2.503571989505506679e+01	-1.027459532815899301e+00	-8.102562528900031680e+01
4.891450629931857641e+00	2.521389716527200520e+01	-1.030930758942548930e+00	-8.170246545171956143e+01
4.897716482750221978e+00	2.551232453314554149e+01	-1.033408062879161315e+00	-8.278729345516880755e+01
4.904002834596266069e+00	2.561983898760427891e+01	-1.063081550713957490e+00	-8.325960496054008786e+01
4.910295858205786068e+00	2.565443185684757665e+01	-1.005218102657269075e+00	-8.356323267784637210e+01
4.916575188115905881e+00	2.605219081419162563e+01	-1.034780060531730106e+00	-8.492237215839412556e+01
4.922847946197084212e+00	2.615276406366762529e+01	-1.012637735504280601e+00	-8.544776264023695944e+01
4.929131667457151700e+00	2.623699174423628833e+01	-9.300992355690154145e-01	-8.593936481677272354e+01
4.935434460144239033e+00	2.657891715762047724e+01	-8.824836148621595378e-01	-8.723228001136915566e+01
4.941718513303545279e+00	2.671894164714074904e+01	-9.459142095871578837e-01	-8.773756207024329967e+01
4.947978624761803168e+00	2.671177419888332238e+01	-8.812060927717320080e-01	-8.794525986516670457e+01
4.954274999209829389e+00	2.684202653728623034e+01	-8.863126469617512715e-01	-8.846015935675688979e+01
4.960571094729937514e+00	2.707356308803977996e+01	-8.941818817739635161e-01	-8.931916507435664698e+01
4.966823207626954506e+00	2.734709835467306149e+01	-8.760708677534698730e-01	-9.040215270910499612e+01
4.973097418390337587e+00	2.749070502448725861e+01	-8.283090990801170728e-01	-9.107943277134425841e+01
4.979415129936382023e+00	2.762155019928560762e+01	-8.492086088162451585e-01	-9.154436995019210599e+01
4.985702082330368157e+00	2.797600491207451512e+01	-9.034588484231211858e-01	-9.276347434630746136e+01
4.991949985828016523e+00	2.819860918964454655e+01	-7.972938651922678588e-01	-9.374541317563405585e+01
4.998241586316924057e+00	2.832209649423202080e+01	-7.685902442658083533e-01	-9.433979680184359040e+01
5.004556635606089543e+00	2.843042821378850604e+01	-8.137350949558338487e-01	-9.472518942156592914e+01
5.010828655701208945e+00	2.862189688270595411e+01	-7.117987470617378465e-01	-9.561338505544705413e+01
5.017077229702536556e+00	2.889803461472983059e+01	-7.631380175368841501e-01	-9.658490650619889095e+01
5.023374414758113637e+00	2.920961888656277239e+01	-7.146851559497634510e-01	-9.779352920427115237e+01
5.029688873569548413e+00	2.955353487476181584e+01	-6.813237974198430580e-01	-9.906808525672819599e+01
5.035958413584124216e+00	2.963347979357380169e+01	-7.311264266439730930e-01	-9.937728647288396644e+01
5.042232667658486989e+00	2.958887287911128539e+01	-6.380462594417378730e-01	-9.947657031094541935e+01
5.048528755870775875e+00	2.994212878076711704e+01	-5.855162939830421687e-01	-1.008530202065719408e+02
5.054821121427484520e+00	3.018762659518880298e+01	-6.143935915889020549e-01	-1.016908301199332954e+02
5.061069509814582368e+00	3.029020425546954343e+01	-5.926804835101288083e-01	-1.021833011412451810e+02
5.067347812754101177e+00	3.054956559196600452e+01	-6.645740700244815446e-01	-1.030815290486375488e+02
5.073675050630431116e+00	3.083441992829562039e+01	-5.974889723983997092e-01	-1.042340952010324031e+02
5.079945928388977627e+00	3.118572449854682915e+01	-5.804295983410796556e-01	-1.054938657497096557e+02
5.086192992546071601e+00	3.121503758915329740e+01	-4.408141826694327858e-01	-1.058195389376227808e+02
5.092484128970163226e+00	3.119446928150402343e+01	-5.296221304834860533e-01	-1.058183438937413570e+02
5.098802924706086870e+00	3.168129373567517604e+01	-4.829830562269663008e-01	-1.075851915209618852e+02
5.105078217426394005e+00	3.198304743729594790e+01	-5.328572492530604388e-01	-1.086003537827200063e+02
5.111325076574067872e+00	3.215998846399128297e+01	-4.948583616007424801e-01	-1.093870685145829071e+02
5.117628358851224135e+00	3.228606938583241970e+01	-5.074987380068712861e-01	-1.098770196351664197e+02
5.123935939383525984e+00	3.255618031396964795e+01	-5.165303565130416885e-01	-1.108473330098396872e+02
5.130199176325612065e+00	3.291590750726326320e+01	-4.486365277154610864e-01	-1.122420154777773291e+02
5.136469985878846956e+00	3.313795789822854232e+01	-4.748523177892886582e-01	-1.131054354905275545e+02
5.142797788696348071e+00	3.335703923177813834e+01	-3.425767795803717486e-01	-1.140576370841003353e+02
5.149090378043822192e+00	3.375305906483745844e+01	-3.703840779744913547e-01	-1.154738273450027748e+02
5.155289879840074363e+00	3.419152798344181576e+01	-4.820305822498532344e-01	-1.168936396975383900e+02
5.161564521234301317e+00	3.409531147505607152e+01	-3.292197636022067830e-01	-1.168775598586630622e+02
5.167916673496016244e+00	3.440054155202783903e+01	-3.315113477814765619e-01	-1.179879608039980070e+02
5.174205974602950064e+00	3.506001541131269050e+01	-4.359476765222295991e-01	-1.201811799711277757e+02
5.180434820793812456e+00	3.493225380731438889e+01	-3.990804425162871594e-01	-1.198513115511824623e+02
5.186729096569634656e+00	3.565301892159146746e+01	-3.232201177512086243e-01	-1.225328841444100760e+02
5.193058481037780894e+00	3.566073370471126935e+01	-2.532759320626659094e-01	-1.227069126531523580e+02
5.199319511444338460e+00	3.597679147725968818e+01	-3.361162000052460019e-01	-1.237273407304806057e+02
5.205574295584361799e+00	3.639324514531575971e+01	-3.209669300460650243e-01	-1.252521512245932058e+02
5.211894977074066126e+00	3.644577922394779534e+01	-2.621198066894895318e-01	-1.256181185879691213e+02
5.218201708336958511e+00	3.676424347820844929e+01	-1.884828409024078832e-01	-1.268297276822646040e+02
5.224411911780083351e+00	3.726708293525258142e+01	-2.357470441568972064e-01	-1.285637339752800585e+02
5.230677632666463239e+00	3.733912726710269681e+01	-1.484788894670354409e-01	-1.290151911942554079e+02
5.237056729559757429e+00	3.817857006154022059e+01	-1.961091091220610594e-01	-1.319378101328343007e+02
5.243336785035660697e+00	3.797002957524330924e+01	-2.589192901896684718e-01	-1.311641446832565805e+02
5.249493476178225038e+00	3.836234720162417489e+01	-2.590362771933222286e-01	-1.325536410390092499e+02
5.255787017738318134e+00	3.870687095790079013e+01	-2.307074498183221412e-01	-1.339172063511408339e+02
5.262205327426889845e+00	3.929939226109488004e+01	-9.487359797119079841e-02	-1.361541592706237509e+02
5.268477758348532269e+00	3.934020930468663835e+01	-3.028909869070098293e-01	-1.361104758517394941e+02
5.274632213654732560e+00	4.046390015379805050e+01	-2.197214313435009170e-01	-1.401445818409857509e+02
5.280950543314659740e+00	3.991076429937591286e+01	-1.960000085013143822e-01	-1.383496404484171194e+02
5.287327645024750389e+00	4.090304996867211429e+01	-4.809386162126918357e-02	-1.419927306229664339e+02
5.293582359180156516e+00	4.094763192819507225e+01	-1.030465211158397704e-01	-1.421156378263357851e+02
5.299789992649893478e+00	4.147439465533936698e+01	-8.756732294373971437e-02	-1.440661325451458765e+02
5.306111460381987222e+00	4.201732480717674179e+01	-4.411188028609891454e-02	-1.460498638467865362e+02
5.312452717892129250e+00	4.265485491743843482e+01	-3.684225389800647316e-02	-1.482858522434287636e+02
5.318650122853046724e+00	4.301477210170694576e+01	-4.998139571958162830e-02	-1.495724419103524383e+02
5.324923043129819789e+00	4.384695320674892827e+01	-1.408440447885601632e-01	-1.524612748951948333e+02
5.331330237158205421e+00	4.349384263295769415e+01	-6.032570593234054535e-02	-1.513482656200291103e+02
5.337586726886338617e+00	4.430299566806779410e+01	-2.262895986958942951e-01	-1.540054909557475185e+02
5.343685192440848830e+00	4.440485760649529823e+01	-9.674746140272315331e-02	-1.545215490914441432e+02
5.350070659715249199e+00	4.476004304546283663e+01	-3.508525053125039275e-03	-1.559728552436141058e+02
5.356556762554878226e+00	4.500613446314088151e+01	-3.202681170619091355e-02	-1.568287385114930430e+02
5.362691868684501095e+00	4.613535886235749928e+01	-1.467164465926150130e-01	-1.606468852644583478e+02
5.368769208912516966e+00	4.693172910195615088e+01	-1.200121420574053188e-01	-1.634903325871924551e+02
5.375270137997677722e+00	4.676029165077873984e+01	-3.428440235419199372e-02	-1.630756734930525624e+02
5.381769983045385786e+00	4.733475398257142785e+01	-7.159759832562670456e-02	-1.650626818264491362e+02
5.387701030372958222e+00	4.733645248593193600e+01	-7.528506683026622848e-02	-1.650558616447279690e+02
5.393786668001271600e+00	4.820225026659168321e+01	-1.403207382927823543e-02	-1.682060387010703835e+02
5.400446161099396569e+00	4.943697572114514571e+01	-2.853531864101437835e-03	-1.725954075077835057e+02
5.406957063684501463e+00	4.893761908954152773e+01	-6.021648103442998889e-02	-1.708109621251099668e+02
5.412655672453426270e+00	5.052959025606978116e+01	-1.647979169646155151e-01	-1.762326630911476002e+02
5.418821279260546575e+00	4.970323388410299970e+01	6.351098460653065506e-03	-1.736151951546588350e+02
5.425690594366304076e+00	5.196336634507417074e+01	3.214499855314915250e-02	-1.815852887190984575e+02
5.432217487502165376e+00	5.100172447926097163e+01	7.377421186089984373e-02	-1.782965864626050063e+02
5.437649811577258241e+00	5.233392724506013849e+01	-1.087867279038396079e-03	-1.828180540937968601e+02
5.443914404015878006e+00	5.331677782831434342e+01	-6.131175885619734311e-02	-1.862873622439282144e+02
5.450953501686320202e+00	5.344641847742236962e+01	-6.664616868554905371e-02	-1.867726291724856083e+02
5.457483690405861232e+00	5.406055735717186650e+01	4.411322111359079583e-03	-1.890194906115461322e+02
5.462715250135157241e+00	5.495629469003704770e+01	2.085765508659731191e-02	-1.921311228223165131e+02
5.469033575551323523e+00	5.640468700838594174e+01	1.466492959382746826e-02	-1.972547457936260571e+02
5.476177730420278778e+00	5.438655732133382514e+01	-1.833374839917831928e-02	-1.901938403918422011e+02
5.482708935702562236e+00	5.751921178459384976e+01	1.111442698397240164e-01	-2.013131797058242967e+02
5.487722405008360838e+00	5.507102007661939780e+01	3.487084530632077184e-02	-1.926396837982341879e+02
5.494194284996126498e+00	5.851360150475219513e+01	-7.771026854661620444e-03	-2.046862738044339949e+02
5.501391471009256406e+00	5.850259369155433831e+01	-6.927020043242179681e-02	-2.046043869421500290e+02
5.507128202673079009e+00	6.434659410131826007e+01	-1.004127376158184815e-01	-2.250350511459276959e+02
5.512278020050448646e+00	6.052100441287794297e+01	1.108501595749316060e-01	-2.118729179229566171e+02
5.519395563377015534e+00	5.913205653230615155e+01	1.316695558154366563e-01	-2.070506354193751974e+02
5.526598678609708770e+00	6.115888740628813736e+01	-2.493582237243707755e-02	-2.139942396177109458e+02
5.532162682462509196e+00	6.444776436035645872e+01	1.930511603952469735e-01	-2.257288800622719407e+02
5.537397124017139127e+00	6.801503927220694834e+01	1.071314761790257905e-02	-2.380392117018431009e+02
5.544582756485218589e+00	5.984142480657031626e+01	9.617178836345542658e-02	-2.095272266470982458e+02
5.551739327507637434e+00	6.894478104984840172e+01	-1.179061953363170524e-02	-2.412850281124742082e+02
5.557493306674907707e+00	7.908543410848909616e+01	5.032362005179073089e-02	-2.768446664495459117e+02
5.562281709102816940e+00	6.079187679883740003e+01	-1.943327253171593660e-01	-2.125733508782985268e+02
5.569272720323164449e+00	8.777745538432927219e+01	-1.309307462815827439e-01	-3.070886620592797840e+02
