8.899641224696953554e-03	1.568379214603998844e+04	1.349252099725977678e+04	-1.658944641145812056e+04
1.507912216506557788e-02	1.780648906863454977e+04	2.237912358820615191e+04	3.464943692075557010e+03
2.144790186456836667e-02	1.651971076582949536e+04	6.831104933786144102e+03	-4.480970966103964201e+03
2.783660776489276650e-02	1.409920422310066715e+04	1.274895524294479583e+04	4.240852580265747747e+03
3.435099785803411021e-02	1.374863207869689541e+04	1.628629241956253645e+04	9.473712977247210802e+03
4.047886761425745911e-02	1.156666061749967412e+04	8.001694255379514289e+03	4.882866157719426155e+03
4.676716683575679601e-02	1.013298811597180247e+04	7.187632339072390096e+03	-7.231323484689962697e+02
5.308225101765951665e-02	9.486995795879367506e+03	8.305102774291972310e+03	1.458525952471485880e+03
5.945362440940590160e-02	8.365170393440406770e+03	7.224705784596747435e+03	-1.396737916327028415e+03
6.576224814588792211e-02	7.551388277679178827e+03	5.407393317451196708e+03	3.303656231259075753e+02
7.196632906698736953e-02	6.746205336421173342e+03	5.150648639166999601e+03	6.350420741354255370e+02
7.827860915688347743e-02	6.583864964334055912e+03	5.441368660234428717e+03	3.020315926635104233e+02
8.470398945834539672e-02	5.731938388742035386e+03	4.567728647583712700e+03	8.336246458876005363e+02
9.096854620527369817e-02	5.316994910267823798e+03	4.477165020574782829e+03	1.424396805118334441e+03
9.720789776830213169e-02	4.611716397995054649e+03	2.869066895668309371e+03	1.039011086802217960e+03
1.034763038959366499e-01	4.172172787798537684e+03	3.155358840179186700e+03	1.501991306942326787e+01
1.097576444254559219e-01	3.934928259216079368e+03	2.786412155961455483e+03	2.334110839058614033e+02
1.160543084780093354e-01	3.564217658619439590e+03	2.471496164997606684e+03	-2.800757889495242239e+02
1.223669666537485351e-01	3.350555345778352148e+03	2.447452288091339142e+03	3.126117525285713441e+02
1.286817263090294094e-01	3.137092530356009775e+03	2.124749619120590523e+03	1.544014606642608101e+02
1.349500801664080818e-01	2.807613355622949712e+03	1.843920318057563691e+03	3.051359415513852582e+02
1.411949558842147678e-01	2.648696446164720783e+03	1.778694449879779768e+03	3.389721082013327873e+02
1.475133575747468451e-01	2.454409234012629895e+03	1.476428246370278430e+03	1.975855646561274170e+02
1.537865074252268427e-01	2.369795581555204080e+03	1.485523628727666619e+03	9.588329710805835759e+01
1.600657544051110326e-01	2.171478602258027422e+03	1.401724778863394704e+03	5.008014215168500982e+02
1.663991168687080635e-01	1.952296361280670453e+03	1.153010870260699221e+03	2.362971635028775452e+01
1.727195645776442856e-01	1.887013441936191157e+03	9.568575499802174136e+02	-3.367012674985065956e+01
1.789765213377084718e-01	1.780183215223219577e+03	1.105821215262630403e+03	3.409048313778567376e+02
1.852353690647852158e-01	1.668563883976665238e+03	1.006929819562947728e+03	2.580965297338481790e+01
1.914806787341157279e-01	1.566614994074760261e+03	8.648681704503294441e+02	4.632232084670759775e+01
1.977889868651535599e-01	1.512253347750428702e+03	8.076688765484313990e+02	1.657669060896121209e+02
2.040937735447724277e-01	1.426626723642031038e+03	7.321528881951311405e+02	2.720546168867837764e+02
2.103939302609846018e-01	1.335717432386675455e+03	6.743177320465208595e+02	1.829606045585811103e+02
2.166909709822301688e-01	1.284581908268662573e+03	5.985548801327599904e+02	1.567087355506118911e+02
2.229700281216152047e-01	1.195979287525573227e+03	4.756931607087963130e+02	1.638355396516677729e+02
2.292620027086341994e-01	1.103727307844255620e+03	4.273035361386616842e+02	1.716167623062241319e+02
2.355141508366812297e-01	1.068596074079596747e+03	4.393731682910140535e+02	2.259404228243417094e+02
2.417910583817859116e-01	1.009944499160521900e+03	4.121903785302756660e+02	1.226036677192622477e+02
2.480856539439619257e-01	9.854377842082714096e+02	3.480289051182720073e+02	1.200290609979414285e+02
2.543492256872954549e-01	9.244454083111479576e+02	3.584516625171295345e+02	1.761146996590298954e+02
2.606334251884805386e-01	8.843540049079057326e+02	3.065861695536666502e+02	1.011551027703707746e+02
2.669257370896960802e-01	8.246704767358420440e+02	2.118419545921119891e+02	1.139387520233377700e+02
2.732423343141155980e-01	8.069109093791604437e+02	2.649689708813383504e+02	1.563859962615145491e+02
2.795529680084415936e-01	7.572015220956703843e+02	2.088636063041996920e+02	1.684756170359281953e+02
2.858366292314493129e-01	7.216549366695602430e+02	1.520461957227125822e+02	1.145638421367283115e+02
2.920876271394311496e-01	6.872481790430146020e+02	1.517095006839455777e+02	1.217252259122952296e+02
2.983449844439822751e-01	6.672988132751601142e+02	1.376702182637194483e+02	9.785811909230990580e+01
3.046382639407197446e-01	6.325128185081473475e+02	1.330750501449971068e+02	9.484729123178507848e+01
3.109279127003197196e-01	6.000978723480959616e+02	1.404967697884147526e+02	1.267112975224649460e+02
3.172168171618398036e-01	5.764412353154887114e+02	8.040996036322879092e+01	1.183113639904585028e+02
3.235187567944423082e-01	5.569423346395029739e+02	8.081816720315231350e+01	1.151976350528868380e+02
3.298168217550395687e-01	5.383397112906226312e+02	7.384955895677090609e+01	1.408378423182785468e+02
3.361176429457156667e-01	5.124802574836619442e+02	7.016873737120570809e+01	1.103388211953535887e+02
3.423700375709273769e-01	4.960982235385846479e+02	3.361288478165024429e+01	1.342687746383766125e+02
3.486478192666269682e-01	4.762275331605432029e+02	1.266167712124928002e+01	1.194071683035442391e+02
3.549411614411318028e-01	4.539499748423328356e+02	2.316858088146364381e+01	9.251464598790711591e+01
3.611916935421040642e-01	4.432652345570866146e+02	7.370240338948931047e+00	1.436546373402830170e+02
3.674767089563572564e-01	4.258523540259275819e+02	-4.456037024905443178e-01	1.007756157979356431e+02
3.737647795277591056e-01	4.109888658431490853e+02	-1.192315307029820026e+01	1.272364773764894892e+02
3.800654031475132477e-01	3.927572615143444068e+02	-9.096759509286451717e+00	1.242564553091908550e+02
3.863539861259823738e-01	3.824848985711254272e+02	-1.317135651308343469e+01	1.351848515657139274e+02
3.926140181364449755e-01	3.658920762668527118e+02	-3.133999931672709849e+01	1.017588490138249142e+02
3.989264500321934581e-01	3.482129773824237304e+02	-2.726601647685542318e+01	1.035977071083600975e+02
4.052073244576828714e-01	3.415374288858732257e+02	-3.402833015598585575e+01	1.076380942259294784e+02
4.114916477570477182e-01	3.328325987231730210e+02	-4.711116719116213147e+01	1.105179622933460166e+02
4.177814272116491257e-01	3.173063557073267589e+02	-3.503417348906073414e+01	1.137479512964570603e+02
4.240400648725131116e-01	3.069285447991209708e+02	-4.810573993814139016e+01	1.153743144442581041e+02
4.303425690270192283e-01	2.963158069279690494e+02	-6.652187360109775227e+01	1.178751115488446572e+02
4.366358560255625965e-01	2.877920989528292353e+02	-6.153687458744333583e+01	1.076338297712645726e+02
4.428996183220763605e-01	2.795757222472237800e+02	-6.940899786507718261e+01	1.181464903659529568e+02
4.491634418529859563e-01	2.719210298923886171e+02	-6.593153135958330324e+01	1.158381814880543459e+02
4.554414146254732731e-01	2.625295702273718916e+02	-7.459983513784573006e+01	1.088668940379792218e+02
4.617634470301058558e-01	2.543065647164718541e+02	-7.057835501830665237e+01	1.105080086990070924e+02
4.680644242023710433e-01	2.456856156788478245e+02	-7.505540934640572459e+01	1.057106472044817167e+02
4.743485242764365895e-01	2.414159209836909383e+02	-8.036303850339268706e+01	1.131454858223972337e+02
4.806356136815400082e-01	2.339191330204821782e+02	-7.874836026717815685e+01	1.090927955366094011e+02
4.869019258388697646e-01	2.251940079402399704e+02	-8.069445702541048604e+01	1.048082690908387917e+02
4.931697099599955947e-01	2.207055503922549633e+02	-8.336320952824640074e+01	9.872874032559474244e+01
4.994506747144535908e-01	2.140130346786083066e+02	-8.348700682370355253e+01	1.058823928655590407e+02
5.057159051335421429e-01	2.060827302142232611e+02	-8.245168884513046237e+01	1.016585706376043987e+02
5.119923996268095356e-01	1.995497812220833964e+02	-8.244990400275423781e+01	1.038311773675246883e+02
5.183126097768406826e-01	1.945513338195131041e+02	-8.231211967229970128e+01	9.940756654921945312e+01
5.246089638029100000e-01	1.895214127477182728e+02	-8.760021381938767604e+01	1.004333419085469927e+02
5.308757308483337267e-01	1.841801612907716503e+02	-8.779688441116933006e+01	1.002245015046118937e+02
5.371573527946726934e-01	1.805245496931568141e+02	-9.368077156372748959e+01	1.040951011863522382e+02
5.434579563783791256e-01	1.756782242871861399e+02	-8.903662838595251117e+01	1.080711100620817291e+02
5.497430652392217842e-01	1.722266417615219893e+02	-9.061671709586330792e+01	9.640410571010598062e+01
5.559937427501778773e-01	1.672705385338062740e+02	-9.096655754946782224e+01	1.042353219027683338e+02
5.622854676609657654e-01	1.629740507373885805e+02	-8.853437363019600070e+01	9.849348691952405943e+01
5.686011537227265711e-01	1.568459789164831193e+02	-8.990558593825937805e+01	9.401684148037614364e+01
5.748804589422079614e-01	1.546647962806856640e+02	-8.940799386829780815e+01	1.002731200978466148e+02
5.811550210340560296e-01	1.496897567218661607e+02	-9.093575529679846170e+01	9.716664072063342417e+01
5.874394496660968468e-01	1.474812335512467598e+02	-9.304530668064232657e+01	1.010347397634496502e+02
5.937176220296899176e-01	1.435871046456209115e+02	-9.059423833322323105e+01	9.407355955088482347e+01
5.999971954793682505e-01	1.398745875317586922e+02	-8.759276010657866607e+01	9.235792407606912491e+01
6.062679115124277596e-01	1.368375439862225278e+02	-9.068250387206776963e+01	9.525636433373782097e+01
6.125469576444534381e-01	1.333825345863328096e+02	-9.016461066885638331e+01	9.323530182228218166e+01
6.188477733041515272e-01	1.297891795164053690e+02	-8.848597494675227892e+01	9.531475986619511787e+01
6.251310567437898813e-01	1.277670711746712442e+02	-8.826867007771264184e+01	9.512249695834366037e+01
6.314027450383210560e-01	1.241498288194024582e+02	-8.964351009654313884e+01	9.107281668662270135e+01
6.377003562732055375e-01	1.213815580599421509e+02	-8.767181936832182032e+01	9.010597494357519111e+01
6.439857783314556494e-01	1.197197516524762619e+02	-8.931019700250394067e+01	8.986686572015798902e+01
6.502685417166111925e-01	1.167095941500213172e+02	-8.755557310997569687e+01	8.947955448552636426e+01
6.565586117699038216e-01	1.139742884752342889e+02	-8.702989411582949231e+01	9.022280700903516504e+01
6.628369282359254377e-01	1.112700134159049981e+02	-8.635904823088007731e+01	8.865805340090601305e+01
6.691185444962194362e-01	1.091179690976078973e+02	-8.582706733561872170e+01	8.785885665305102066e+01
6.754070198575605755e-01	1.066126688515807501e+02	-8.694686229386802268e+01	8.751156312415858451e+01
6.816835514593204692e-01	1.051147647895611357e+02	-8.610969488497335078e+01	8.711182519733858953e+01
6.879592533861698112e-01	1.023626344012224649e+02	-8.360493500355778451e+01	8.543089644945047212e+01
6.942344317039531587e-01	1.009136474856424712e+02	-8.533462267478776653e+01	8.580270783195301476e+01
7.005175402434737908e-01	9.871842958785511257e+01	-8.453605777347188166e+01	8.580264290398470450e+01
7.068124956608716758e-01	9.655197840167568302e+01	-8.368856680554671357e+01	8.432178425537900068e+01
7.131019009674921527e-01	9.413318201867873825e+01	-8.122020032363752762e+01	8.220091594109180733e+01
7.193918251171427247e-01	9.277756430527401221e+01	-8.221718603055917640e+01	8.296468874988316600e+01
7.256833807598113140e-01	9.061828803177992597e+01	-8.185502670093404731e+01	8.188826276404748228e+01
7.319652682709349989e-01	8.845392492167525234e+01	-8.057224357293777928e+01	8.043744939700931695e+01
7.382507990484923344e-01	8.727483850000793097e+01	-7.980369961371042109e+01	7.973637521057798949e+01
7.445265842115937893e-01	8.544456864415239750e+01	-7.838736087342859093e+01	7.775822026565148803e+01
7.507871101942712455e-01	8.455756062262148021e+01	-8.052141320049214812e+01	8.213309615736709191e+01
7.570758465316046459e-01	8.233099463350208680e+01	-7.816755819780202330e+01	7.911804239279386763e+01
7.633641233600957365e-01	8.131713079009060152e+01	-7.830619140513584853e+01	7.841480414641848995e+01
7.696462959862266917e-01	7.961272276249037816e+01	-7.697018205419199433e+01	7.726875462178936971e+01
7.759394865175414102e-01	7.804614539173242349e+01	-7.602064609791639782e+01	7.637383912417440968e+01
7.822329141989586843e-01	7.653964865729479072e+01	-7.533167940364901938e+01	7.556817082889777737e+01
7.885314936520240181e-01	7.533880064864158044e+01	-7.481810597899489323e+01	7.518683764877762599e+01
7.947896566979522071e-01	7.368211085236914926e+01	-7.391137009465096241e+01	7.544460174290809107e+01
8.010491096592354809e-01	7.297859799510666790e+01	-7.458003804526460101e+01	7.500201541993524756e+01
8.073364061727361651e-01	7.157928077249503929e+01	-7.306956398568294730e+01	7.479108379704062770e+01
8.136229488373866170e-01	7.041372422312309709e+01	-7.224347803164681636e+01	7.318076287701747162e+01
8.199152998961036776e-01	6.916320204897890278e+01	-7.261288273569219598e+01	7.438104589896254026e+01
8.261952636392789762e-01	6.772989693594475114e+01	-7.087626934019090186e+01	7.196695825118212042e+01
8.324897070080405914e-01	6.682320006239375232e+01	-7.111011490713566729e+01	7.243796779950804421e+01
8.387959309210778480e-01	6.574094021146042621e+01	-7.088800953878163114e+01	7.260532477032913334e+01
8.450634639703045181e-01	6.452224064828214978e+01	-6.936436985069542516e+01	7.040328768239334067e+01
8.513282867562648182e-01	6.371065918529765781e+01	-6.918055010676199856e+01	6.989766803379505689e+01
8.576198263902009566e-01	6.257369756520245829e+01	-6.833833992130608692e+01	7.028238379740535891e+01
8.639058477062415697e-01	6.163628620033695427e+01	-6.761796778624132287e+01	6.944281578977206948e+01
8.701838745487597837e-01	6.037790049134827086e+01	-6.678219088001692683e+01	6.878349967425945977e+01
8.764641096075268534e-01	5.979663316101220971e+01	-6.634414640856626022e+01	6.899239669283510068e+01
8.827503873399735745e-01	5.857366057721230135e+01	-6.549388847338585151e+01	6.757891795187089201e+01
8.890332768393869323e-01	5.785720962762654551e+01	-6.484116055668940248e+01	6.738956379037347233e+01
8.953084247113127780e-01	5.714726820599724277e+01	-6.406786568828229633e+01	6.655775767068998050e+01
9.015956521667095602e-01	5.644809206424453407e+01	-6.420705301600058590e+01	6.685204804945533397e+01
9.078833328094829680e-01	5.556671951549559196e+01	-6.385595368529698135e+01	6.613227468940966958e+01
9.141744106319863450e-01	5.421747825044903379e+01	-6.193175957377817298e+01	6.413333952337781341e+01
9.204630817717615043e-01	5.380774523194159542e+01	-6.179487217912018338e+01	6.529881355947848931e+01
9.267434415264711456e-01	5.291735661910372102e+01	-6.089112343191712995e+01	6.375840695372311018e+01
9.330324197354928906e-01	5.259689937811248228e+01	-6.182230360031500993e+01	6.535310824284859166e+01
9.393265785573878812e-01	5.153295059772572984e+01	-6.018015102761212631e+01	6.390103478931958847e+01
9.455974810398196650e-01	5.093940519923891230e+01	-6.017006548536956956e+01	6.374298431874798609e+01
9.518660018545171964e-01	4.987909246390307771e+01	-5.887972609457853679e+01	6.143862691966096179e+01
9.581413255531838757e-01	4.949733245646802970e+01	-5.857782562805837046e+01	6.195531582663389969e+01
9.644350945109106954e-01	4.898325147081931874e+01	-5.872564591423073921e+01	6.241159568922100931e+01
9.707355633568249820e-01	4.785539253961239581e+01	-5.742816591551629557e+01	6.098256571534240322e+01
9.770080768450029041e-01	4.744974376694881357e+01	-5.718930338917963496e+01	6.075308482701990442e+01
9.832823325363413414e-01	4.658118909653047268e+01	-5.588428060191653657e+01	5.963771807060840757e+01
9.895569691966674686e-01	4.647858784798180665e+01	-5.656068899155949481e+01	6.090469841894466896e+01
9.958456301921106979e-01	4.529919397765247169e+01	-5.489188309401428967e+01	5.885314351371062003e+01
1.002136210743837408e+00	4.486815071191816884e+01	-5.480192253912955636e+01	5.902527348904460069e+01
1.008404825335135424e+00	4.436609700556140723e+01	-5.391094543797881045e+01	5.844637851814352558e+01
1.014694149836243398e+00	4.377510129690468688e+01	-5.347105890792995098e+01	5.819357401963230814e+01
1.020992555437297167e+00	4.312325150230292792e+01	-5.306363833315216283e+01	5.760483385206219964e+01
1.027273980437394485e+00	4.261237103299588824e+01	-5.255209765755857632e+01	5.688747042278590271e+01
1.033559181896017254e+00	4.207927013428842855e+01	-5.192744071253362392e+01	5.662599777869993289e+01
1.039847557392594934e+00	4.166159140023790286e+01	-5.189128694822346688e+01	5.670330822044407881e+01
1.046126974943305088e+00	4.142141873040606725e+01	-5.184378384531753170e+01	5.674158563290648516e+01
1.052403436811028659e+00	4.065302771564479656e+01	-5.052890338788844815e+01	5.579651676301334362e+01
1.058680704651608684e+00	4.003521446140143780e+01	-5.000106614668180072e+01	5.491973878420801469e+01
1.064964333065789193e+00	3.979119458759393524e+01	-4.990787199981262034e+01	5.523979458932552689e+01
1.071256777440835473e+00	3.923274971277513146e+01	-4.911499508625345811e+01	5.437554833773621255e+01
1.077544048801078125e+00	3.861708965473928856e+01	-4.814013657735648621e+01	5.338358679218541170e+01
1.083824820188043603e+00	3.836052164194556724e+01	-4.863388027626272958e+01	5.412016369723203013e+01
1.090108023942816695e+00	3.771721598641467921e+01	-4.751695173921249449e+01	5.284615632845250843e+01
1.096389665956643222e+00	3.739667468301380637e+01	-4.739678386684510514e+01	5.304394624157142601e+01
1.102681132058841440e+00	3.687524186432096229e+01	-4.672888988951168443e+01	5.219081444103295553e+01
1.108963047594879958e+00	3.673905469963004577e+01	-4.688375098088844339e+01	5.244141232710914835e+01
1.115225428463759272e+00	3.617930243819448322e+01	-4.595438158748359569e+01	5.162102338148239511e+01
1.121502127614767863e+00	3.584437782779549053e+01	-4.536561785175385353e+01	5.153169793564098455e+01
1.127792573824792033e+00	3.560340503106122156e+01	-4.543910961317192942e+01	5.183669657750023418e+01
1.134089552668382961e+00	3.504983899530638070e+01	-4.484622815339682234e+01	5.087532827351107301e+01
1.140364049650405942e+00	3.489682402845043896e+01	-4.453338973259981515e+01	5.107143677322002162e+01
1.146639180320979445e+00	3.435780000262661105e+01	-4.417186459299711743e+01	5.028985308855842362e+01
1.152942412991649901e+00	3.406930132227224561e+01	-4.379618708352274581e+01	4.994789372303061015e+01
1.159228906751078814e+00	3.357340273377362649e+01	-4.322602392557853079e+01	4.932927353798272918e+01
1.165508721887268173e+00	3.311013242416805014e+01	-4.230507308171065262e+01	4.860569521165662366e+01
1.171793076256210320e+00	3.285066172241202764e+01	-4.223062309940490167e+01	4.852780938617581796e+01
1.178087436369658958e+00	3.256128315050229105e+01	-4.185030612606863798e+01	4.837363057917094267e+01
1.184367654251526902e+00	3.246575012861168119e+01	-4.194476971287539158e+01	4.860587797755606942e+01
1.190634642299266632e+00	3.196920322910884948e+01	-4.117726340698451537e+01	4.752128203926199035e+01
1.196912208834400859e+00	3.170423712749386880e+01	-4.090850272523859843e+01	4.748767785891546822e+01
1.203201577354146234e+00	3.124054498046760386e+01	-4.017636259965512835e+01	4.693024428964871930e+01
1.209486844441705733e+00	3.113881815252642227e+01	-4.026512938054624158e+01	4.707264417267968781e+01
1.215763902074809888e+00	3.090689315275311699e+01	-4.030083954631679433e+01	4.728053726034807625e+01
1.222049755171146668e+00	3.043171104582259190e+01	-3.909805998560048579e+01	4.586961240115381599e+01
1.228340616621486969e+00	3.030409866319618928e+01	-3.924800374708515704e+01	4.603943754174184733e+01
1.234632986576932767e+00	2.968404075561586453e+01	-3.819589269453499014e+01	4.495077377756233261e+01
1.240902247176856488e+00	2.962295605799956988e+01	-3.825329618587038283e+01	4.533908932488610333e+01
1.247174839144687519e+00	2.928683653237045803e+01	-3.774337287925599327e+01	4.458146628404030309e+01
1.253465459933442272e+00	2.916725770340541501e+01	-3.774924998525852970e+01	4.488458369482972898e+01
1.259749951892178421e+00	2.891274366127809614e+01	-3.746035358778399882e+01	4.456855058896307753e+01
1.266032143127253873e+00	2.860959329923394279e+01	-3.715966481557207857e+01	4.431075137562473998e+01
1.272316288472006507e+00	2.832496131223209446e+01	-3.667279273547152485e+01	4.385723491203682300e+01
1.278604155058621350e+00	2.805888533325311585e+01	-3.634283536622589850e+01	4.348015388302904682e+01
1.284886588933593865e+00	2.787567193540228416e+01	-3.595549124241979655e+01	4.332893748186042870e+01
1.291175420066583257e+00	2.755557892638905315e+01	-3.552880368228542807e+01	4.269642251305829461e+01
1.297465726373772332e+00	2.742097681826683697e+01	-3.552743325470759572e+01	4.279124829784298356e+01
1.303741827011944299e+00	2.708949601954937592e+01	-3.488720634057101222e+01	4.216171935585823860e+01
1.310017322922761851e+00	2.683001121468229755e+01	-3.448929251645139971e+01	4.203226741935547039e+01
1.316301447662886703e+00	2.663222325732347429e+01	-3.415365963021473306e+01	4.144208289531881917e+01
1.322586760363303249e+00	2.651650723791209430e+01	-3.428666407669974348e+01	4.153348098064910943e+01
1.328865492452874664e+00	2.621569036246637552e+01	-3.371544185107904923e+01	4.118474774295746244e+01
1.335144804954555564e+00	2.607400713205742804e+01	-3.353925249204989711e+01	4.085856759617196587e+01
1.341440516272275119e+00	2.605931722358498348e+01	-3.372530104048153987e+01	4.135405487342150366e+01
1.347730868417094552e+00	2.558458707128164988e+01	-3.274082909098952143e+01	4.000220195173535132e+01
1.354001589994877630e+00	2.553435428478157121e+01	-3.282322268659292064e+01	4.027750343196716898e+01
1.360282609297778444e+00	2.531914885292122719e+01	-3.254859940281654218e+01	3.983981380897787972e+01
1.366565686457597906e+00	2.518360264520896052e+01	-3.239885575776965254e+01	3.999235112673484593e+01
1.372851498482432708e+00	2.481895475409148233e+01	-3.178276410031864430e+01	3.919893866689541539e+01
1.379135372929401804e+00	2.459180536469797929e+01	-3.125000974027694411e+01	3.880389976564703858e+01
1.385409567149057164e+00	2.458215645506280111e+01	-3.152317635810260654e+01	3.911001875104010850e+01
1.391698641219299315e+00	2.424966130100035144e+01	-3.099015684382633751e+01	3.833887188058515960e+01
1.397984451439470810e+00	2.419364540107465800e+01	-3.098403152779370728e+01	3.860017454074107945e+01
1.404267883409181961e+00	2.406070152839163967e+01	-3.093452183032997382e+01	3.844212937735178315e+01
1.410554779484869181e+00	2.390831715492030440e+01	-3.075221650733216450e+01	3.821259024568811924e+01
1.416837833547465397e+00	2.368882580479040811e+01	-3.029017488705358474e+01	3.783616642296725985e+01
1.423118177187137068e+00	2.349577807092826376e+01	-2.986419408981467427e+01	3.736813166313095991e+01
1.429397801164240089e+00	2.335779081541680213e+01	-2.973906850562931581e+01	3.719984448395063481e+01
1.435686921822787232e+00	2.330868143318633656e+01	-2.979598284116060469e+01	3.722321429960605599e+01
1.441977121769299597e+00	2.320844881759335721e+01	-2.973690063054143451e+01	3.729744699267252628e+01
1.448253667853332427e+00	2.292906506826695079e+01	-2.921648717560042030e+01	3.670511418391341607e+01
1.454532348972172651e+00	2.273851450821015163e+01	-2.891215204491423663e+01	3.620634674785765128e+01
1.460819319151879903e+00	2.270508495978410224e+01	-2.892858735243178003e+01	3.635746246369049572e+01
1.467110364402026468e+00	2.245189382339224338e+01	-2.846527614814402796e+01	3.611296091723044555e+01
1.473392908948962132e+00	2.239095611965007393e+01	-2.839675340637010592e+01	3.590572551598409490e+01
1.479669965243598950e+00	2.215662973230313781e+01	-2.797525347293025177e+01	3.542108499065052030e+01
1.485956144602843532e+00	2.209524078144183079e+01	-2.808457797070785134e+01	3.530248393230223058e+01
1.492233610763115115e+00	2.194143666351565258e+01	-2.777215641386356637e+01	3.525823095226193260e+01
1.498502470379980078e+00	2.182213369121974011e+01	-2.770480799638943736e+01	3.497395784724755430e+01
1.504785752051182701e+00	2.171442310957685962e+01	-2.734316925268542420e+01	3.485785623199992500e+01
1.511075991894575976e+00	2.148201379347837303e+01	-2.707040588932999725e+01	3.420069120150758124e+01
1.517361634985162189e+00	2.147160141835154334e+01	-2.706289296458285776e+01	3.449803302344133726e+01
1.523648570969130533e+00	2.128319694974035059e+01	-2.668527236253210333e+01	3.412002094374009431e+01
1.529938035715892264e+00	2.116599453216207039e+01	-2.645022591932164246e+01	3.381142233432086641e+01
1.536230176913891965e+00	2.104257619076223307e+01	-2.629312737576184134e+01	3.351080483075745065e+01
1.542510718779388279e+00	2.089048361142793553e+01	-2.611030862392295049e+01	3.313844450635795624e+01
1.548783963082980275e+00	2.085201088272800618e+01	-2.613996351885529990e+01	3.340911423588971019e+01
1.555073069779651318e+00	2.063717818816931882e+01	-2.561484787929536466e+01	3.281103299504363946e+01
1.561357324927233892e+00	2.065045748676797999e+01	-2.582386684185395609e+01	3.306895860184650360e+01
1.567629121053141006e+00	2.048272681702720632e+01	-2.550342473077727945e+01	3.267290945808780833e+01
1.573913697404382583e+00	2.040062434739768804e+01	-2.535971206046513160e+01	3.239436108582032148e+01
1.580203545230874029e+00	2.021517372192641915e+01	-2.509242243585502763e+01	3.198700740186947300e+01
1.586485393434537983e+00	2.010231253108659288e+01	-2.482745826001352185e+01	3.198200141658858442e+01
1.592760014263005841e+00	2.001774626577988059e+01	-2.469629547454985286e+01	3.181581684662011611e+01
1.599046436394670812e+00	1.988757883916373714e+01	-2.452352803123729430e+01	3.152943353106817881e+01
1.605342136637478934e+00	1.981632366520382149e+01	-2.451799472564577442e+01	3.139805244925846495e+01
1.611619860919608627e+00	1.979592068453255749e+01	-2.450252726508374579e+01	3.141649748060315162e+01
1.617897597081673799e+00	1.956383496106894171e+01	-2.402165411900950787e+01	3.075234977646119816e+01
1.624183235481122756e+00	1.957298245634008182e+01	-2.408896403594070179e+01	3.107068786746797784e+01
1.630464598531913722e+00	1.941343075570257071e+01	-2.380088747787018377e+01	3.061248160804110796e+01
1.636748985747638274e+00	1.934081390637915021e+01	-2.366630524174027173e+01	3.059078457360271486e+01
1.643030923698886259e+00	1.927154403516302139e+01	-2.364587650033346122e+01	3.041589130175095690e+01
1.649309176648513064e+00	1.913127171111171876e+01	-2.340792527001043766e+01	3.009844441570553286e+01
1.655593633940351861e+00	1.903193550281389435e+01	-2.320471649845502427e+01	2.976334685879133346e+01
1.661879571405086464e+00	1.897008132368276634e+01	-2.313507064036386751e+01	2.984051304577860009e+01
1.668169361685170271e+00	1.892523649525022478e+01	-2.306483633385095544e+01	2.974181872748241062e+01
1.674450151530487485e+00	1.889624759898026696e+01	-2.301736738977266938e+01	2.973349734767160868e+01
1.680722718978495900e+00	1.868150584335042907e+01	-2.257641212414951326e+01	2.910459960564475779e+01
1.687013891340952476e+00	1.859604988250539392e+01	-2.245290027110559095e+01	2.905037059537024646e+01
1.693308984907921033e+00	1.855795301500721806e+01	-2.241006113351313900e+01	2.896304385107050550e+01
1.699582147428448486e+00	1.849327010225854906e+01	-2.231335506042186267e+01	2.896401547298457047e+01
1.705863747055134105e+00	1.840508774238033851e+01	-2.216098272405753633e+01	2.860035687009599670e+01
1.712154434283889470e+00	1.829386694498236565e+01	-2.199353860546357353e+01	2.844213844799623558e+01
1.718438381579399321e+00	1.826746017225009311e+01	-2.190829233586500635e+01	2.839221342116923807e+01
1.724721264464063930e+00	1.822180380502641484e+01	-2.185197809372241196e+01	2.832200493482556070e+01
1.730997441276920679e+00	1.812429021065166523e+01	-2.172801867679370602e+01	2.807311669443550173e+01
1.737287073528269499e+00	1.796408071336332668e+01	-2.133227916976024474e+01	2.768438892172497390e+01
1.743567991878527401e+00	1.788832168276125500e+01	-2.126533310505977425e+01	2.760772594933381541e+01
1.749840680212231048e+00	1.786387818546789319e+01	-2.120881328411534028e+01	2.746900590357940786e+01
1.756128549091961144e+00	1.781907527296905158e+01	-2.118349277055794389e+01	2.745763820127726262e+01
1.762413535324792502e+00	1.773635592657590010e+01	-2.104434878536778442e+01	2.722098262123887125e+01
1.768696187669963837e+00	1.770404351457126069e+01	-2.091370627705465779e+01	2.715083643661519375e+01
1.774979359379055266e+00	1.758208714248103632e+01	-2.079949722879513274e+01	2.691577674430876144e+01
1.781265555576432957e+00	1.753566708479806735e+01	-2.068768572305543429e+01	2.680048115963497679e+01
1.787549427830244619e+00	1.747806220418625500e+01	-2.064437980528651195e+01	2.679530106975579784e+01
1.793834120011633004e+00	1.743341212651248640e+01	-2.056172201676453071e+01	2.661339882738601048e+01
1.800115051552487300e+00	1.732426601281999012e+01	-2.032792601343932404e+01	2.638102015524770039e+01
1.806393904854530330e+00	1.718298425157891529e+01	-1.999669823903929355e+01	2.585453159020578440e+01
1.812674089667083432e+00	1.718441786193832499e+01	-2.008787087880886446e+01	2.599836988451454545e+01
1.818956920109354058e+00	1.711153018975787887e+01	-1.990477932504995451e+01	2.580540066269120203e+01
1.825244164118212220e+00	1.708337938312852344e+01	-1.982647658404739488e+01	2.574471925010972839e+01
1.831527256642196955e+00	1.696430627195854157e+01	-1.966351121057687124e+01	2.540668950931175019e+01
1.837811294935716599e+00	1.700498838597660267e+01	-1.979299219407744559e+01	2.561577537778335056e+01
1.844100717411196744e+00	1.690015603163651292e+01	-1.940887460260752206e+01	2.529774412006540274e+01
1.850384816792487230e+00	1.679374048698237587e+01	-1.932941161797891283e+01	2.513377114862334594e+01
1.856666059735203822e+00	1.670397225867178648e+01	-1.915157328741035059e+01	2.480150732893781651e+01
1.862947728675613979e+00	1.672259459332354581e+01	-1.927973078837208831e+01	2.497230237700686217e+01
1.869229324466858078e+00	1.668587445818315373e+01	-1.921146018399004518e+01	2.488620205347340786e+01
1.875517616802973686e+00	1.653532917551335757e+01	-1.889796355254474491e+01	2.441955930761769622e+01
1.881800769033795229e+00	1.658454815674790339e+01	-1.892482483298822871e+01	2.445647381385945707e+01
1.888078863416442710e+00	1.643786387556680850e+01	-1.869627478385262620e+01	2.414464132553936793e+01
1.894353975182237582e+00	1.642666548741610555e+01	-1.861765419280083833e+01	2.420850782411140756e+01
1.900642716154182565e+00	1.641985114876025520e+01	-1.863489198030580596e+01	2.424367486808397132e+01
1.906933494748685121e+00	1.631535060028163997e+01	-1.846586338859910370e+01	2.386888071894190588e+01
1.913207568676573933e+00	1.626719738872630217e+01	-1.837943821664388722e+01	2.382011587339032488e+01
1.919490884732178992e+00	1.630658989304861706e+01	-1.851153473636396285e+01	2.393374952627139507e+01
1.925776855684274480e+00	1.612964864320184688e+01	-1.815238577631004091e+01	2.344361107990501125e+01
1.932064452961978152e+00	1.607912677131917434e+01	-1.805104397334651622e+01	2.332779088945927981e+01
1.938342610030488800e+00	1.602371991607290269e+01	-1.797352719726037762e+01	2.326531652569255471e+01
1.944618341543410178e+00	1.596736228456614803e+01	-1.776334978410407572e+01	2.294941404376755045e+01
1.950906260203513876e+00	1.596430925920183874e+01	-1.778855693226606505e+01	2.305132408286549150e+01
1.957194556613796488e+00	1.585763636947938338e+01	-1.752930839128655549e+01	2.277218847741326968e+01
1.963479614559011432e+00	1.578319777330431073e+01	-1.743092337993174823e+01	2.254012895595304045e+01
1.969760361532916226e+00	1.578489020006920818e+01	-1.745963401624356237e+01	2.258449479089439293e+01
1.976048367034604736e+00	1.579909378726793889e+01	-1.742577538842050089e+01	2.254075771808643580e+01
1.982337990217652335e+00	1.572350052997899361e+01	-1.730946870035263174e+01	2.246944600012813353e+01
1.988617489259562721e+00	1.563639148410713275e+01	-1.709436323772363764e+01	2.216253419917266854e+01
1.994896320665194178e+00	1.560711163484914010e+01	-1.713411742139993521e+01	2.213126062455590315e+01
2.001179596222827151e+00	1.555521084071257931e+01	-1.705714622548897808e+01	2.200500788946084540e+01
2.007459756923499761e+00	1.555871793563228955e+01	-1.697090257123669232e+01	2.200293625767213257e+01
2.013737397779169935e+00	1.547493753311023212e+01	-1.680621470754924118e+01	2.177608300257054452e+01
2.020017234677497164e+00	1.547354684529014435e+01	-1.678068191060152614e+01	2.176657589631111378e+01
2.026310251015072783e+00	1.536353066044031479e+01	-1.664361165805135911e+01	2.154578205613295339e+01
2.032600542948020284e+00	1.531992444762747851e+01	-1.650104458403231078e+01	2.134500080721542759e+01
2.038873863192099289e+00	1.532700926292075572e+01	-1.654086283390332923e+01	2.135342842085668025e+01
2.045154087821675404e+00	1.524710230255118582e+01	-1.638569378635920870e+01	2.115469403898678635e+01
2.051444704514288730e+00	1.520808473366307290e+01	-1.625865646720611224e+01	2.100488074283685336e+01
2.057730430280644729e+00	1.520134115955242038e+01	-1.626129810563631395e+01	2.103607188830866903e+01
2.064013940455224461e+00	1.516871310099505266e+01	-1.613458022286611282e+01	2.087971847583105500e+01
2.070299891179459895e+00	1.506452464663995983e+01	-1.599246000839172765e+01	2.064657703358295393e+01
2.076589719964883951e+00	1.503532486213918773e+01	-1.590635673479179601e+01	2.056295596309968943e+01
2.082865483794470673e+00	1.501415273387455684e+01	-1.586007610489473940e+01	2.052711464051848722e+01
2.089134494859368640e+00	1.496034785314663296e+01	-1.575032315617761469e+01	2.038287222911161223e+01
2.095424211360070288e+00	1.494698304944836309e+01	-1.565392520418616407e+01	2.025078887469055644e+01
2.101707116664804254e+00	1.490946700642311207e+01	-1.560553121179178149e+01	2.020958700133368069e+01
2.107986473933564309e+00	1.486763880507434976e+01	-1.555241187724044316e+01	2.005216653531689630e+01
2.114271806543862375e+00	1.480251624240150399e+01	-1.535340465306887658e+01	1.991511534835133546e+01
2.120552717288892275e+00	1.473663226180781827e+01	-1.527792688462766257e+01	1.973251897168042746e+01
2.126836933207161717e+00	1.474822456110940294e+01	-1.529703899178154813e+01	1.974358170816794456e+01
2.133122044791171845e+00	1.466281605392967435e+01	-1.505848856280027981e+01	1.958763779831590313e+01
2.139411711910842673e+00	1.465912122882370561e+01	-1.509029938804817128e+01	1.947878306611123733e+01
2.145697076775292089e+00	1.458963381475572518e+01	-1.496311233474336255e+01	1.937700966101209588e+01
2.151973548606471276e+00	1.456747131629399661e+01	-1.492821419010427419e+01	1.934219987816691244e+01
2.158259913555724108e+00	1.456144233972938551e+01	-1.483987771273087120e+01	1.921173673577927232e+01
2.164545396699105506e+00	1.447608747454234468e+01	-1.471350015129045552e+01	1.906766462930115580e+01
2.170830700377734068e+00	1.444697173986451233e+01	-1.462901860150379640e+01	1.886587881274099132e+01
2.177114138849150393e+00	1.441343323100003992e+01	-1.451742108208565618e+01	1.883619401395811011e+01
2.183387647576827018e+00	1.436185766150199861e+01	-1.447791626263374276e+01	1.873853563372485809e+01
2.189670273687676971e+00	1.437864256906625471e+01	-1.443137008613508598e+01	1.868627759607073457e+01
2.195960147934207463e+00	1.428076246096441793e+01	-1.428318243414700284e+01	1.845770062346739948e+01
2.202242556317716371e+00	1.429301739083178013e+01	-1.424142002633420923e+01	1.843710266427038746e+01
2.208521655981037668e+00	1.425016876937660903e+01	-1.414109945099998633e+01	1.842370577200434312e+01
2.214804637081333016e+00	1.421098621615638358e+01	-1.411257760157406160e+01	1.825900864008047009e+01
2.221092583349425276e+00	1.427075406861091622e+01	-1.415429760755392863e+01	1.839732999623341314e+01
2.227372893591468728e+00	1.410304563312866577e+01	-1.384005549261103063e+01	1.794125807428694586e+01
2.233657161144248171e+00	1.415128427339018735e+01	-1.391160575653245957e+01	1.806581158524608810e+01
2.239943485394438660e+00	1.407623997001177862e+01	-1.379811979444777492e+01	1.779592761923583311e+01
2.246224175264620815e+00	1.406827733806960978e+01	-1.380298971523854767e+01	1.789160259168426848e+01
2.252506378421252009e+00	1.404651090731489838e+01	-1.365149372066647615e+01	1.775166314386662592e+01
2.258783417054270437e+00	1.397805467325827422e+01	-1.352632666904768755e+01	1.751664535229128461e+01
2.265069077371457684e+00	1.398857822977004872e+01	-1.357863429694779178e+01	1.759848752568015939e+01
2.271350377044131452e+00	1.396155894376932949e+01	-1.348948934537105160e+01	1.755674006788287400e+01
2.277633995145353918e+00	1.392326160961234471e+01	-1.337428980589018224e+01	1.732977537833071224e+01
2.283922419579920149e+00	1.386070150748926366e+01	-1.323863211266163020e+01	1.718649873771927972e+01
2.290202874392252674e+00	1.389174987298278374e+01	-1.329882934611152479e+01	1.733318170056810814e+01
2.296490779970905560e+00	1.383312605629996916e+01	-1.318328759071873435e+01	1.719394479141069709e+01
2.302771769934229162e+00	1.380649954595951101e+01	-1.314128231989999129e+01	1.703958050606155794e+01
2.309051364164305564e+00	1.380391030284390474e+01	-1.311653254028217930e+01	1.703909879131089511e+01
2.315338502539088239e+00	1.371407268992672890e+01	-1.287244188156238600e+01	1.675036437937191636e+01
2.321627336503874428e+00	1.371987575958796768e+01	-1.291465026309007591e+01	1.679822381980672930e+01
2.327911878297218795e+00	1.369090922651752251e+01	-1.281644262254728872e+01	1.674111181023866379e+01
2.334186238580297168e+00	1.367994422064376892e+01	-1.279069504393614132e+01	1.668816971549735939e+01
2.340467971862688401e+00	1.364518714420874446e+01	-1.271178581958748310e+01	1.664548327537398009e+01
2.346756940970738725e+00	1.362044324279115060e+01	-1.265772774591161642e+01	1.653604432224320320e+01
2.353044444556199988e+00	1.356368782530611306e+01	-1.258621300256816333e+01	1.638003224809952130e+01
2.359327653314069906e+00	1.359592635380801440e+01	-1.252243939154720564e+01	1.637880422536175828e+01
2.365603048789861607e+00	1.352751550353425891e+01	-1.239831867512674890e+01	1.618971514774562337e+01
2.371885911737665165e+00	1.347669315916784782e+01	-1.227972935107705155e+01	1.612838470049062423e+01
2.378173303594019572e+00	1.348860982666070640e+01	-1.233264466838014783e+01	1.615438536135676983e+01
2.384454016539381271e+00	1.346530271031915404e+01	-1.227243961300812813e+01	1.604798129959621988e+01
2.390736447344785187e+00	1.343922177011192431e+01	-1.210827078742733498e+01	1.588960938050891158e+01
2.397014133897952259e+00	1.340545544746169782e+01	-1.206046260935408299e+01	1.581721960027585361e+01
2.403295490074321972e+00	1.341765630773848628e+01	-1.208682363863330522e+01	1.586471960356206168e+01
2.409585049672506862e+00	1.340072573690664370e+01	-1.201769830410659878e+01	1.585200049962320890e+01
2.415871703165322071e+00	1.337068193044298958e+01	-1.199880700155090985e+01	1.576089655120277833e+01
2.422160652369088840e+00	1.331281719124150520e+01	-1.180379746993215306e+01	1.550535888172739440e+01
2.428440167222748691e+00	1.334385000314899017e+01	-1.187015532506843662e+01	1.560888914501702907e+01
2.434717472383889803e+00	1.328042317219844293e+01	-1.169741532191244104e+01	1.536890161314396153e+01
2.441002456202044257e+00	1.325611366839142491e+01	-1.166555696339317727e+01	1.539424837039103267e+01
2.447289980304530488e+00	1.320701212341188047e+01	-1.154993835150231796e+01	1.526811102915307039e+01
2.453571844729242279e+00	1.323367159462494058e+01	-1.158918577592794286e+01	1.534107759874735066e+01
2.459852705114058846e+00	1.318984702065485415e+01	-1.145747831332809241e+01	1.514263387033339470e+01
2.466139233225018934e+00	1.316527294068344389e+01	-1.139752147626322909e+01	1.510879307600922239e+01
2.472421963421291391e+00	1.313068415470958605e+01	-1.132486990881355382e+01	1.499108904247333562e+01
2.478698519174224568e+00	1.314749016896117517e+01	-1.133980851454537664e+01	1.501191267312829325e+01
2.484980841400355800e+00	1.312955574534053405e+01	-1.125454580799166671e+01	1.493164541176652804e+01
2.491269319409339822e+00	1.311157357101617293e+01	-1.122524691245087425e+01	1.484287591398878980e+01
2.497548505139029373e+00	1.310079471711777721e+01	-1.115269251229690362e+01	1.481860999181462901e+01
2.503831667172610853e+00	1.305984740131412991e+01	-1.108684638462848149e+01	1.472066096356741838e+01
2.510117938323931153e+00	1.306983678348149169e+01	-1.107804895062200856e+01	1.470471679349318528e+01
2.516400733681277480e+00	1.305970409346861061e+01	-1.102315475725193750e+01	1.470446177360259021e+01
2.522688226833368130e+00	1.302966254718650241e+01	-1.096295671658703696e+01	1.461101901474835607e+01
2.528971695852665569e+00	1.301342733788298922e+01	-1.088922180306074416e+01	1.457909869987031648e+01
2.535252039407670299e+00	1.299265411786766400e+01	-1.082539151748563455e+01	1.446899410255914908e+01
2.541537514142774512e+00	1.295870877807474209e+01	-1.074433687491966438e+01	1.438781136816270489e+01
2.547823008847572179e+00	1.292840541321566228e+01	-1.068231129316116323e+01	1.431579431444877848e+01
2.554100666580690238e+00	1.293625890347812302e+01	-1.065586568093621267e+01	1.429288223494796384e+01
2.560376788884177301e+00	1.290448666877868611e+01	-1.058937370111432053e+01	1.420299121383055763e+01
2.566667521601497359e+00	1.293216457975055356e+01	-1.058524090138847029e+01	1.421482051216673526e+01
2.572955062237090473e+00	1.288750837364798940e+01	-1.049385978737210046e+01	1.405126733055212540e+01
2.579233771797999175e+00	1.286985327488418562e+01	-1.040458800067189848e+01	1.407543033400789234e+01
2.585520164300948220e+00	1.288623283013626875e+01	-1.041142844551888125e+01	1.411676668984809702e+01
2.591805130332431872e+00	1.287409349186393825e+01	-1.039302980336858440e+01	1.401189715868121866e+01
2.598084074692260881e+00	1.285061499620805492e+01	-1.029166109745635183e+01	1.399517478918128077e+01
2.604360404197643586e+00	1.281654717450294179e+01	-1.022773763535083269e+01	1.381811663687869540e+01
2.610647185140439142e+00	1.284198235598841187e+01	-1.027083385872386145e+01	1.393784046817836852e+01
2.616931864059273138e+00	1.280324013403108907e+01	-1.017449484664406434e+01	1.377970857950328920e+01
2.623206107911065565e+00	1.278605734901165647e+01	-1.011955783458728320e+01	1.380196925158363719e+01
2.629491626543270844e+00	1.280486095121960943e+01	-1.004096203076647598e+01	1.370953957777363463e+01
2.635778507982642349e+00	1.277588223786438526e+01	-1.001714651445759685e+01	1.365258482100046145e+01
2.642061039325260818e+00	1.279837604433140363e+01	-1.003801016721530459e+01	1.374411643744262612e+01
2.648343840729305843e+00	1.275426323372588122e+01	-9.932371691427379190e+00	1.361051851062778795e+01
2.654631838974855551e+00	1.275311978299552429e+01	-9.947081676393079164e+00	1.356563924659151077e+01
2.660919001246303761e+00	1.275284226997695924e+01	-9.816052038110582245e+00	1.351353114649629461e+01
2.667198525130066056e+00	1.276820648853668239e+01	-9.894498100942618279e+00	1.363511588062939595e+01
2.673484307038032526e+00	1.273848290270610839e+01	-9.814972762773269466e+00	1.349358471090061684e+01
2.679773388053849459e+00	1.272114040015125092e+01	-9.731107566166443235e+00	1.343840085537013884e+01
2.686058217632288692e+00	1.271632266495340424e+01	-9.649743253296904300e+00	1.336911000005861538e+01
2.692338738200057868e+00	1.271830545747329033e+01	-9.660574722211535459e+00	1.338254249174584665e+01
2.698618022887226964e+00	1.270153442802585886e+01	-9.619304226912985811e+00	1.330477307313110202e+01
2.704895450708277860e+00	1.270306993204859047e+01	-9.608260162718892161e+00	1.329409675281835668e+01
2.711175674923682166e+00	1.268476138522188990e+01	-9.516371180184595602e+00	1.325973537917669098e+01
2.717459832966957922e+00	1.271901077671111757e+01	-9.573797969385051232e+00	1.332833380153392966e+01
2.723745731959044569e+00	1.269952709240092048e+01	-9.437874004288151042e+00	1.322302956259290418e+01
2.730038414850594730e+00	1.269321629669666152e+01	-9.407369895417549088e+00	1.319401704729495073e+01
2.736317989800789441e+00	1.269392958804058935e+01	-9.451758309432003458e+00	1.319651598381340207e+01
2.742591858549239703e+00	1.266163061812005708e+01	-9.308513715520630782e+00	1.311121729907182143e+01
2.748879749010778362e+00	1.270247064926883418e+01	-9.377404965824895910e+00	1.324361184284789950e+01
2.755163403825859447e+00	1.266031168825560371e+01	-9.249518399649904410e+00	1.307855024351017725e+01
2.761446955625852073e+00	1.270028398079781695e+01	-9.350480198953697197e+00	1.320770418802940682e+01
2.767732088935374701e+00	1.269705396208453507e+01	-9.234089200953587095e+00	1.310808752696872936e+01
2.774015452421743966e+00	1.268356170821214057e+01	-9.142183361282368637e+00	1.304602207327489793e+01
2.780298635700591436e+00	1.268317347627146141e+01	-9.162558079008626066e+00	1.308604714657283985e+01
2.786577474762241380e+00	1.267569810928946517e+01	-9.078772764695790087e+00	1.301195430990059698e+01
2.792857983210164541e+00	1.269293906965942220e+01	-9.087284544021796862e+00	1.299880940661452833e+01
2.799143790920211483e+00	1.268934607657269709e+01	-9.026141512329557415e+00	1.300320004543166874e+01
2.805430058399325244e+00	1.265966854805652808e+01	-8.956900686949973434e+00	1.296896864110571990e+01
2.811715058209780072e+00	1.266511627220127245e+01	-8.927733294338967340e+00	1.290415855247898769e+01
2.817989272498773623e+00	1.265868198875202921e+01	-8.922281400803839801e+00	1.293292699387113132e+01
2.824269171595737760e+00	1.267979061003846653e+01	-8.918567129125477777e+00	1.290212882651696624e+01
2.830563016441804081e+00	1.269367857959774248e+01	-8.891164587107063255e+00	1.298434483524993865e+01
2.836848750951622034e+00	1.271142215700089828e+01	-8.962306081195384522e+00	1.304909606611744799e+01
2.843130027866129783e+00	1.269277589976361398e+01	-8.840835957305012371e+00	1.288645834910187027e+01
2.849413896912404986e+00	1.269060467995672958e+01	-8.824320348201680986e+00	1.296228785467504174e+01
2.855697464522425566e+00	1.272736816977059782e+01	-8.817024790407659296e+00	1.293820648190973976e+01
2.861978799810683594e+00	1.270094208325071250e+01	-8.726906916874611397e+00	1.290435322908825455e+01
2.868262469415629567e+00	1.271867113770924007e+01	-8.707455588960376858e+00	1.290962813412495791e+01
2.874547359206753860e+00	1.273253383545799799e+01	-8.728472332038863968e+00	1.292817113051013855e+01
2.880831111471525041e+00	1.274051965451647384e+01	-8.718771011016393402e+00	1.289355361176659720e+01
2.887113216972382546e+00	1.273850451468039680e+01	-8.648336004744843208e+00	1.290791159999353077e+01
2.893394504725182781e+00	1.271376848450174357e+01	-8.594844856516992593e+00	1.282240274812692071e+01
2.899673662137033592e+00	1.274459686812139303e+01	-8.581652298666895717e+00	1.287926712466934909e+01
2.905953958587380814e+00	1.278897797589228880e+01	-8.587009538874340819e+00	1.292281447305055053e+01
2.912241118105161064e+00	1.276825608966464998e+01	-8.561069021242969868e+00	1.293580030439771633e+01
2.918525996366671205e+00	1.278081217693496896e+01	-8.578297007566082044e+00	1.297794352039268695e+01
2.924809035425688819e+00	1.279659518527190798e+01	-8.490080270432027731e+00	1.283775990268710920e+01
2.931095916293684933e+00	1.283504783255957626e+01	-8.535315724326416387e+00	1.297523889277069564e+01
2.937378182606774413e+00	1.282983343065004078e+01	-8.492966876856398173e+00	1.295364878164781430e+01
2.943659980254369923e+00	1.283749763708832070e+01	-8.468637647612831998e+00	1.296165816178034724e+01
2.949946454403890250e+00	1.285746681406296155e+01	-8.460740177737545054e+00	1.302602973334735026e+01
2.956227653702202307e+00	1.285648928138652458e+01	-8.393206789851838323e+00	1.287893287556402555e+01
2.962510478867462993e+00	1.289269727455892678e+01	-8.480661556489035746e+00	1.308795754492876107e+01
2.968796535179442309e+00	1.289281893375545529e+01	-8.423649091846366233e+00	1.302513732983495309e+01
2.975077657376874907e+00	1.291948674527336038e+01	-8.364889492326199161e+00	1.307533724613959514e+01
2.981359866759223376e+00	1.292036900779589637e+01	-8.336969502542070032e+00	1.301532286218478873e+01
2.987646761575656562e+00	1.294634580402687796e+01	-8.381296308684730079e+00	1.309784068635673115e+01
2.993929038370399365e+00	1.297756636509833150e+01	-8.366258032953735935e+00	1.317849051091587853e+01
3.000206214840962726e+00	1.299237158040137352e+01	-8.359542132441761808e+00	1.317803968115233815e+01
3.006486172402415669e+00	1.303546401586954673e+01	-8.382297846012248144e+00	1.325524583373786314e+01
3.012769812211594456e+00	1.302323400328739567e+01	-8.318761333271927683e+00	1.320639730806577816e+01
3.019053144326170113e+00	1.306839364884544352e+01	-8.379832106421046589e+00	1.329313924712129946e+01
3.025337405144251424e+00	1.307745076456415134e+01	-8.310821874345084126e+00	1.325327560257727377e+01
3.031623734799107961e+00	1.308591177252767679e+01	-8.323190889465708509e+00	1.329777453496167716e+01
3.037908962055872575e+00	1.311916298213593279e+01	-8.295384414340920998e+00	1.341824746508329724e+01
3.044195067146031608e+00	1.312343043932979647e+01	-8.291497468144402916e+00	1.334276466063119670e+01
3.050475543482170426e+00	1.317588609248394604e+01	-8.330775223453963818e+00	1.344205689092606626e+01
3.056754954538277502e+00	1.318785440825850053e+01	-8.242664942121322724e+00	1.345819372672030667e+01
3.063040539557494668e+00	1.321932344053396768e+01	-8.291380946835429810e+00	1.353920855541297463e+01
3.069323699454357346e+00	1.324695162420765548e+01	-8.339547830720960064e+00	1.355936414768701503e+01
3.075610692642898769e+00	1.324647602339998187e+01	-8.199566772310006968e+00	1.356249328145569599e+01
3.081893798009918584e+00	1.328025913026891658e+01	-8.224432352838178417e+00	1.364117358485411913e+01
3.088174549548037717e+00	1.332727570207872603e+01	-8.224565615729051871e+00	1.367587975220872920e+01
3.094458635632868493e+00	1.333696479564920878e+01	-8.247421749140759317e+00	1.368112732734155124e+01
3.100743982931558840e+00	1.340526159265418116e+01	-8.293304173336320417e+00	1.384633649164211278e+01
3.107028111748448396e+00	1.338091920863002393e+01	-8.223120358565696009e+00	1.377782728859367190e+01
3.113309299655494300e+00	1.344613406400003264e+01	-8.266404683339583670e+00	1.389078538404667995e+01
3.119590662867241626e+00	1.345733785346048528e+01	-8.244520077506900080e+00	1.386723356353904357e+01
3.125874006820172912e+00	1.348082492764599749e+01	-8.230508294418749315e+00	1.396085968625073370e+01
3.132159251154602586e+00	1.353940132141490871e+01	-8.244507479799413119e+00	1.410436406406331677e+01
3.138439172765940643e+00	1.356330612702722327e+01	-8.268379217569412631e+00	1.418552483369477635e+01
3.144723867719826593e+00	1.360615300299702213e+01	-8.254995324586339223e+00	1.417674527586810740e+01
3.151003951258561031e+00	1.362677207808193103e+01	-8.253676258294722956e+00	1.422585611780048076e+01
3.157283664131563139e+00	1.366941617780090468e+01	-8.274110107020348437e+00	1.431823158906441940e+01
3.163569317183839935e+00	1.368717794365921314e+01	-8.225421949146040745e+00	1.429848731884323954e+01
3.169851661717792091e+00	1.374474442416514464e+01	-8.271887465181672283e+00	1.447118170285411232e+01
3.176137704316093657e+00	1.377602999007474693e+01	-8.320321185463887659e+00	1.452761843533824404e+01
3.182420924828643916e+00	1.381371990822900919e+01	-8.299987122818096807e+00	1.457340751850975202e+01
3.188702811875577581e+00	1.387901599870248681e+01	-8.323433413217614429e+00	1.467732586442684095e+01
3.194990520008989865e+00	1.391723808713402200e+01	-8.296774386063564322e+00	1.478392160513894460e+01
3.201275324656983834e+00	1.393727000102990665e+01	-8.300461628725244623e+00	1.479150266658124302e+01
3.207551352179861759e+00	1.399703229510589075e+01	-8.326583571609065260e+00	1.493071193371431171e+01
3.213835216737041645e+00	1.401636110850593653e+01	-8.336670597369764124e+00	1.495180532359749392e+01
3.220122579819103770e+00	1.397157657512942741e+01	-8.145524211732137587e+00	1.456942697566663369e+01
3.226406606618656525e+00	1.384313987112426503e+01	-7.728996787465327145e+00	1.370762795444640503e+01
3.232687390085645429e+00	1.371895665569816636e+01	-7.418822155922057959e+00	1.286652919668989448e+01
3.238969121280456331e+00	1.364336512184676131e+01	-7.264838336845637734e+00	1.216476065005868357e+01
3.245254751548589667e+00	1.357574174721606397e+01	-7.011715569565219575e+00	1.154863227080695864e+01
3.251534499036136783e+00	1.352415715065098212e+01	-6.891085887258360465e+00	1.106192423796269431e+01
3.257817780791052442e+00	1.341909028987880248e+01	-6.621017828877495681e+00	1.032140660193708293e+01
3.264102164154097263e+00	1.339847028751132108e+01	-6.494479338093180232e+00	9.837607735023732758e+00
3.270384152138468892e+00	1.335107499696050759e+01	-6.338022693956519404e+00	9.278214080424348253e+00
3.276669427476867735e+00	1.332439556975311312e+01	-6.292191076925940152e+00	8.840601650731674255e+00
3.282954688864507808e+00	1.327287179326157052e+01	-6.174611716559078367e+00	8.322707591683679240e+00
3.289237200334947264e+00	1.322644342441558507e+01	-5.988417111971921614e+00	7.767989389529049937e+00
3.295519587088236779e+00	1.322968760241004915e+01	-5.931811511414324833e+00	7.292482709818741249e+00
3.301805977329951958e+00	1.316078782864011565e+01	-5.809302465364680756e+00	6.826676977492286191e+00
3.308087486222440088e+00	1.315908002760771467e+01	-5.753824380559847462e+00	6.442408813140040102e+00
3.314367630234227313e+00	1.313605657011858696e+01	-5.629980203024664398e+00	5.927528866835294785e+00
3.320651909732194262e+00	1.309057104764033141e+01	-5.561169171352926988e+00	5.473387519489260278e+00
3.326931260376857047e+00	1.308323401486385151e+01	-5.491999479665012451e+00	5.098222654461958214e+00
3.333216512447217728e+00	1.305042722618176398e+01	-5.355331177599352621e+00	4.631869280168449343e+00
3.339504489419978128e+00	1.307207127255499302e+01	-5.356984601772554200e+00	4.301640629477906153e+00
3.345786804809928405e+00	1.301663704929678822e+01	-5.160401002215791344e+00	3.718244251129162681e+00
3.352071130016277767e+00	1.300934995315471454e+01	-5.163199639308548861e+00	3.452356914355815931e+00
3.358351496304225581e+00	1.299465122985737864e+01	-5.121404359176868759e+00	3.038079799303697648e+00
3.364630591073392019e+00	1.297981267773924152e+01	-5.033868610524691256e+00	2.645039529171440584e+00
3.370916305215045483e+00	1.295398821725909144e+01	-4.993012767889739578e+00	2.250028580878040252e+00
3.377197952029413752e+00	1.293351659719680669e+01	-4.854299825619003528e+00	1.842621928670203690e+00
3.383483063818085501e+00	1.295552964119864647e+01	-4.826563299027375464e+00	1.542540401824845198e+00
3.389769992424469969e+00	1.292717824993561671e+01	-4.806443871396359313e+00	1.139838667707161912e+00
3.396051330885982100e+00	1.294356476299952163e+01	-4.748095379186617393e+00	8.094191424038854610e-01
3.402330879139463971e+00	1.292748013819470820e+01	-4.735369647796892068e+00	4.335999785304878174e-01
3.408610488352048495e+00	1.291819619478546244e+01	-4.655989607731555679e+00	9.737359108175611122e-02
3.414897837696641236e+00	1.290477401820595382e+01	-4.594278708424306856e+00	-2.867352324478026904e-01
3.421180484052105619e+00	1.290352137446451586e+01	-4.544495047477912664e+00	-5.985762428249052913e-01
3.427461639653846870e+00	1.290068435871600627e+01	-4.512471817212474257e+00	-9.674518533432653333e-01
3.433749159643459059e+00	1.291653344098087430e+01	-4.495985253527892134e+00	-1.198237306922034451e+00
3.440032646656798310e+00	1.288849496273266482e+01	-4.379347457751199713e+00	-1.614538341969804724e+00
3.446313366033385339e+00	1.289808923976008082e+01	-4.405731999285046996e+00	-1.906153888507123639e+00
3.452600135384134905e+00	1.288024509744373347e+01	-4.331672701480012044e+00	-2.248481032476335351e+00
3.458883152815406703e+00	1.288633795852533837e+01	-4.308303564625991733e+00	-2.527662819147906248e+00
3.465163834403715448e+00	1.289472768015773774e+01	-4.266360784535814688e+00	-2.801321819577544669e+00
3.471449329786229221e+00	1.289923255371901334e+01	-4.209166846471281254e+00	-3.209628365206201650e+00
3.477734476754053894e+00	1.290682549201998341e+01	-4.203987782862202316e+00	-3.473543518824472542e+00
3.484019652467224226e+00	1.288114397689048296e+01	-4.112242342300103104e+00	-3.929714514314316176e+00
3.490297019369712928e+00	1.290592057454898622e+01	-4.138144380657249322e+00	-4.104012724222722674e+00
3.496582486484379970e+00	1.290569076260540982e+01	-4.070079739394049767e+00	-4.393509818736871075e+00
3.502868048046865024e+00	1.291425125678829211e+01	-4.078221825455495164e+00	-4.664560349198811018e+00
3.509144649545451244e+00	1.290688660314578406e+01	-3.972715443261976898e+00	-5.083491627175365402e+00
3.515428082003116295e+00	1.290572779678378090e+01	-3.946492747534753764e+00	-5.371174035522341406e+00
3.521711031624695565e+00	1.294022873295589449e+01	-4.004790046826691707e+00	-5.497379178988840209e+00
3.527991850954735664e+00	1.293432769345741384e+01	-3.943693852990082238e+00	-5.900256894738929780e+00
3.534275545726699885e+00	1.291661230752510825e+01	-3.884691139360806122e+00	-6.162714088041536087e+00
3.540562632020772149e+00	1.295404539464300875e+01	-3.887656189578363453e+00	-6.406365672093620844e+00
3.546844410757220789e+00	1.294961373818046191e+01	-3.867729535045347333e+00	-6.691645817802756468e+00
3.553131386753758836e+00	1.295826109979469010e+01	-3.821816413791482514e+00	-6.932699627346662119e+00
3.559419203211965144e+00	1.295886573747686654e+01	-3.753562458595448348e+00	-7.288365510494721811e+00
3.565697971577579839e+00	1.299019585454857229e+01	-3.813361410064872281e+00	-7.462998202456938124e+00
3.571979559134798254e+00	1.301450526340045499e+01	-3.776136609416945067e+00	-7.773737616983349419e+00
3.578265774595833726e+00	1.298284308477425064e+01	-3.727521275313705473e+00	-8.017604795902574466e+00
3.584548309769353125e+00	1.300855183264975246e+01	-3.694880704562142348e+00	-8.323202092905097160e+00
3.590826843920031486e+00	1.298441210595116502e+01	-3.612419692058029597e+00	-8.682023777635867745e+00
3.597107306745233934e+00	1.301897105310493963e+01	-3.665615460910442991e+00	-8.851049281141317948e+00
3.603392831792229245e+00	1.303836880041530577e+01	-3.605598612870355435e+00	-9.103944171881300562e+00
3.609673209822572559e+00	1.302208572538588172e+01	-3.604703261841788908e+00	-9.338053992210671339e+00
3.615955412133016189e+00	1.304891421284122011e+01	-3.611404170130742219e+00	-9.616334643172418595e+00
3.622241607772384686e+00	1.307708736946067951e+01	-3.544697650779381259e+00	-9.937158759918474971e+00
3.628520252736676444e+00	1.309637823825464586e+01	-3.560758244022709018e+00	-1.009486586754517212e+01
3.634804827569451113e+00	1.306564243178807416e+01	-3.507969070216271135e+00	-1.033242481958041203e+01
3.641094981788862928e+00	1.310093255452524552e+01	-3.506487615550673898e+00	-1.056360937480118345e+01
3.647383514928639325e+00	1.310153856127368144e+01	-3.443414307819035347e+00	-1.087522071777356736e+01
3.653663283927725658e+00	1.311596894440119243e+01	-3.401696442167349677e+00	-1.111280961316353277e+01
3.659943504072155296e+00	1.315285946157711905e+01	-3.381187989893891466e+00	-1.141717600911019126e+01
3.666232000281138603e+00	1.315323131428795733e+01	-3.374674281251413444e+00	-1.160563881369655981e+01
3.672514211678317597e+00	1.319513484051173613e+01	-3.368551574021275474e+00	-1.188127986302904304e+01
3.678794154686042539e+00	1.317606944729127427e+01	-3.317470671540283522e+00	-1.207394224013898665e+01
3.685078621861909820e+00	1.320976937226695647e+01	-3.303331635261997690e+00	-1.234035339717263646e+01
3.691359210097977961e+00	1.321636411777873121e+01	-3.297426667357131080e+00	-1.258083567670540859e+01
3.697642368173791105e+00	1.322178400968810941e+01	-3.286272063899348783e+00	-1.282926371065764393e+01
3.703925796735277665e+00	1.328013995546880111e+01	-3.310710327609360348e+00	-1.296746650732781703e+01
3.710208240364660348e+00	1.328898864377584488e+01	-3.230285018128312036e+00	-1.329757580195365207e+01
3.716494593122387169e+00	1.331061507607789451e+01	-3.286551167479026425e+00	-1.342725225212843831e+01
3.722775386659595398e+00	1.330382174372984494e+01	-3.215033485058779394e+00	-1.370686073573142139e+01
3.729058392883481510e+00	1.333558846838933221e+01	-3.175667359106325360e+00	-1.396356878533778811e+01
3.735339748210807720e+00	1.335427714033450819e+01	-3.184602900687583116e+00	-1.420741345005408540e+01
3.741620776392969638e+00	1.335793628169137115e+01	-3.151577010786520638e+00	-1.442307323301785438e+01
3.747904795418762980e+00	1.338907515625320421e+01	-3.107952777916836773e+00	-1.470991456283606880e+01
3.754190633281219380e+00	1.340173621136021787e+01	-3.090198668983383801e+00	-1.490656006149425927e+01
3.760478208018912749e+00	1.343727061678352186e+01	-3.075254954051374945e+00	-1.509246412743204324e+01
3.766755538573464346e+00	1.346983263163821221e+01	-3.122256412893414712e+00	-1.528117414407446972e+01
3.773032090135151506e+00	1.347212670461690287e+01	-3.051527937108530875e+00	-1.556616871247217659e+01
3.779322553012896879e+00	1.351594717226812037e+01	-3.066437632513639322e+00	-1.577809552950489369e+01
3.785609109731308930e+00	1.354538840328548410e+01	-3.035646579703825232e+00	-1.605642249101684627e+01
3.791889825936295200e+00	1.355482487528396796e+01	-3.022643836619448798e+00	-1.617898278977719073e+01
3.798174822702435893e+00	1.358520361172336877e+01	-2.990031733307941586e+00	-1.645967999953595040e+01
3.804458658753491651e+00	1.357415073198436239e+01	-2.944349833564916086e+00	-1.678136410759593744e+01
3.810738438095723435e+00	1.364038407812870268e+01	-3.012179617850363478e+00	-1.679863201116728177e+01
3.817018850285747167e+00	1.363653210597617260e+01	-2.929090321136742503e+00	-1.709889163256830003e+01
3.823305314209427763e+00	1.368136346849825813e+01	-2.939963568617598000e+00	-1.733028294246757994e+01
3.829591295197792178e+00	1.372449013496826709e+01	-2.923199392268761354e+00	-1.755502542557661982e+01
3.835872296070849341e+00	1.369987372091421740e+01	-2.860521422481296039e+00	-1.781197551515226962e+01
3.842156279590906109e+00	1.376069077902666749e+01	-2.911868584997164167e+00	-1.791350297939919045e+01
3.848441511099312429e+00	1.376792778297846631e+01	-2.851549755374197748e+00	-1.822981623777185689e+01
3.854723334376886079e+00	1.378251393559668969e+01	-2.862459807418693103e+00	-1.837321192571842232e+01
3.861004740704794713e+00	1.382678240499514288e+01	-2.848484285585702658e+00	-1.862276664836190676e+01
3.867284336650660848e+00	1.385531334919149238e+01	-2.843154809299860641e+00	-1.880362575553361282e+01
3.873567367678779849e+00	1.389880482972000664e+01	-2.821917400964656597e+00	-1.903625456050797382e+01
3.879850662830422792e+00	1.387064590669882591e+01	-2.739256601607008346e+00	-1.935205345483937478e+01
3.886137063198143338e+00	1.398576221206444892e+01	-2.825323074736752371e+00	-1.946937199001959229e+01
3.892419463049126005e+00	1.396401782970342254e+01	-2.741972895156195467e+00	-1.973833310945147090e+01
3.898703740328622658e+00	1.402983151296158226e+01	-2.802306415044295118e+00	-1.990142464093714736e+01
3.904991458788179326e+00	1.399389399270830658e+01	-2.731616886012163459e+00	-2.012134805881285970e+01
3.911270842222104083e+00	1.408390956171401776e+01	-2.713863040978729657e+00	-2.044702171290030179e+01
3.917549806479573071e+00	1.410926778884665644e+01	-2.722695819662543926e+00	-2.056371549029797308e+01
3.923836006203090587e+00	1.414778145837056478e+01	-2.722174557879664114e+00	-2.077023267356154079e+01
3.930121452497870926e+00	1.420870903768264348e+01	-2.751250808892579780e+00	-2.095760758168651705e+01
3.936398172858230460e+00	1.419299012335268628e+01	-2.689453816376697226e+00	-2.118762288192326793e+01
3.942683040425962293e+00	1.426439702506023188e+01	-2.711804937256387493e+00	-2.137170887412232290e+01
3.948974759704379611e+00	1.426704253093867081e+01	-2.663001790533449320e+00	-2.160203287529477123e+01
3.955259227995065352e+00	1.430311592380210683e+01	-2.633037299827421407e+00	-2.184172451781448032e+01
3.961537174921395454e+00	1.435409706302421640e+01	-2.635624418424095339e+00	-2.204390291878743824e+01
3.967820217617139544e+00	1.437215152621272019e+01	-2.620012287988962907e+00	-2.228980364428450400e+01
3.974105559832568968e+00	1.439810958462454060e+01	-2.550086759255647095e+00	-2.255129495046366017e+01
3.980384727931198352e+00	1.445680748212533118e+01	-2.619041109221446284e+00	-2.269082286551309835e+01
3.986664590839849698e+00	1.449494688046886459e+01	-2.556157756293355732e+00	-2.302832845230088665e+01
3.992949619150675034e+00	1.453213600672390093e+01	-2.621279883776605146e+00	-2.305378197250338346e+01
3.999235075769965952e+00	1.455801553395568426e+01	-2.515893577784828139e+00	-2.341248951122082289e+01
4.005515715515433506e+00	1.461325365196266546e+01	-2.561230244861482763e+00	-2.353294641737152304e+01
4.011798434346478537e+00	1.466346376099808246e+01	-2.502383207649160113e+00	-2.383130950154635030e+01
4.018083716245132386e+00	1.467987443156108540e+01	-2.494016091559454029e+00	-2.400965017288395487e+01
4.024365700052603856e+00	1.474627523547602692e+01	-2.528451069697796871e+00	-2.419183085473807182e+01
4.030643960839860540e+00	1.478464714479728137e+01	-2.537144204466193376e+00	-2.439915154237762707e+01
4.036928708926215137e+00	1.486844111633093313e+01	-2.544370559019853317e+00	-2.465423666243554024e+01
4.043218157412017177e+00	1.487124461080153814e+01	-2.443800304591799755e+00	-2.496610159146650076e+01
4.049503019487663558e+00	1.488882835032952023e+01	-2.456164450497159812e+00	-2.511747850352812961e+01
4.055781898960511000e+00	1.497528485108328766e+01	-2.465415303460296581e+00	-2.536057821230413367e+01
4.062060795621602161e+00	1.497941118788172865e+01	-2.427108848934917074e+00	-2.561077372153305021e+01
4.068347865354716042e+00	1.508975904829604886e+01	-2.479311558012888828e+00	-2.577413259400421808e+01
4.074631027173265529e+00	1.507840338476988862e+01	-2.399000488969618150e+00	-2.607407313440128505e+01
4.080910837526078971e+00	1.513211183517312186e+01	-2.454264035500199892e+00	-2.618069054967698861e+01
4.087201203341442657e+00	1.518594944889894904e+01	-2.458197921462803137e+00	-2.642827990288990136e+01
4.093486818591942189e+00	1.523024879770985862e+01	-2.307588800125992545e+00	-2.688102171705831367e+01
4.099764387336505500e+00	1.532026017679309859e+01	-2.480903733463111660e+00	-2.679973396330378321e+01
4.106049166937662420e+00	1.533450423556746145e+01	-2.376228370515666377e+00	-2.723316683776163671e+01
4.112334559041358695e+00	1.537441020155583793e+01	-2.395326911298423234e+00	-2.728984771513540153e+01
4.118618926059533614e+00	1.543725043167085076e+01	-2.314423260283795525e+00	-2.768864198659298737e+01
4.124898942031112625e+00	1.547265614025703151e+01	-2.329353655268517009e+00	-2.788449312304599914e+01
4.131175432561665417e+00	1.557123732043594266e+01	-2.352240003826155945e+00	-2.819139874781184218e+01
4.137461563786142271e+00	1.555556293050200622e+01	-2.302361328862203571e+00	-2.840319173431425170e+01
4.143746006210170307e+00	1.569027469197277114e+01	-2.394009831186278081e+00	-2.851860191060588079e+01
4.150029800482964326e+00	1.572502741965003104e+01	-2.315910149481588132e+00	-2.889398002855142167e+01
4.156313390684649001e+00	1.574622389516323118e+01	-2.279843495482206439e+00	-2.908448672673858937e+01
4.162596105843763716e+00	1.580191323336059561e+01	-2.302293823538685835e+00	-2.925825375543469775e+01
4.168881843141768684e+00	1.583665749109525578e+01	-2.164204633187718940e+00	-2.973236015733899862e+01
4.175162111073220217e+00	1.595243491614230891e+01	-2.351117115284371728e+00	-2.969916543897308969e+01
4.181448573417560155e+00	1.597414152466940251e+01	-2.203563242860343330e+00	-3.018508111932580462e+01
4.187738782464171194e+00	1.604461036609900759e+01	-2.248276839221800216e+00	-3.031659937621134659e+01
4.194017437180169061e+00	1.609556764449360955e+01	-2.235693227987046949e+00	-3.053848980640906063e+01
4.200293572701767175e+00	1.617438513082888463e+01	-2.230825191043800171e+00	-3.090771993026476139e+01
4.206580195481546269e+00	1.619294868372106677e+01	-2.199174695442308369e+00	-3.106677794636843259e+01
4.212860644652220543e+00	1.625078299190006703e+01	-2.163130149848132788e+00	-3.142173983886757682e+01
4.219138153430114002e+00	1.638479305326738356e+01	-2.244917740894923242e+00	-3.159639736817976896e+01
4.225426162098283811e+00	1.641930240588978762e+01	-2.161737118282365255e+00	-3.202536647901085587e+01
4.231713506719782636e+00	1.645863901943458885e+01	-2.146140333722093896e+00	-3.221276898514185660e+01
4.237990056577191744e+00	1.652549385775552793e+01	-2.168717683322477274e+00	-3.240038035801011063e+01
4.244267783646744618e+00	1.653197257401092202e+01	-2.080927935296653430e+00	-3.279914322651899283e+01
4.250560660182562955e+00	1.664143888317644482e+01	-2.090007167395357968e+00	-3.298137962892231911e+01
4.256847734842668096e+00	1.667042505987808099e+01	-2.068866054412918043e+00	-3.328643086376874294e+01
4.263127100734456221e+00	1.676524860250188098e+01	-2.118774904955099903e+00	-3.348245177194458222e+01
4.269406860432507500e+00	1.682163578841128526e+01	-2.100165428951823010e+00	-3.381018062417769698e+01
4.275691671482192646e+00	1.689828696990256418e+01	-2.016660530445822719e+00	-3.424422440639131793e+01
4.281972414189518794e+00	1.698139721699196159e+01	-2.049299247778534117e+00	-3.443050994153157518e+01
4.288253516806755705e+00	1.694782872808227481e+01	-1.961657536496459686e+00	-3.470459705920552551e+01
4.294540520160492925e+00	1.709103872512001132e+01	-2.052515708156846141e+00	-3.496042445097955209e+01
4.300825742921731809e+00	1.714818756350159035e+01	-1.956073102855977908e+00	-3.538034921096461716e+01
4.307109835491901961e+00	1.715250517977419875e+01	-1.969762860756608447e+00	-3.559855777365595486e+01
4.313390926478413157e+00	1.730248923858479770e+01	-2.026484809599619297e+00	-3.584688978277979743e+01
4.319667979480563247e+00	1.730619483670407277e+01	-1.880840887150851959e+00	-3.637848251319812931e+01
4.325952598143786076e+00	1.741274424679812327e+01	-2.040963348625472129e+00	-3.629910550063614494e+01
4.332241647035422361e+00	1.744791519187783280e+01	-1.907971000885693158e+00	-3.682235485578018341e+01
4.338524445619096781e+00	1.751321899981564911e+01	-1.884746096834045259e+00	-3.714849008304310729e+01
4.344809348131129845e+00	1.757365549342360467e+01	-1.884121626799567517e+00	-3.740613349653189346e+01
4.351090699193166600e+00	1.760315079783568137e+01	-1.791141759985905413e+00	-3.786208580776425237e+01
4.357369710808320029e+00	1.776301810886655019e+01	-1.832022533535428765e+00	-3.819834248591066483e+01
4.363659348967174445e+00	1.774012625667148058e+01	-1.671683754618371598e+00	-3.874325573552550850e+01
4.369947418280990981e+00	1.782228819544105747e+01	-1.835113933390900787e+00	-3.869864694152950335e+01
4.376226569265827315e+00	1.793209763164326986e+01	-1.700569411800201935e+00	-3.935303372403296152e+01
4.382499356631129217e+00	1.792363372469317895e+01	-1.657140489351547785e+00	-3.962567674121643790e+01
4.388784975178015024e+00	1.803890697605180904e+01	-1.650616405022218736e+00	-4.004679147567167519e+01
4.395068696309480494e+00	1.799715172466053659e+01	-1.526506947762179101e+00	-4.046485925516545734e+01
4.401347962382031298e+00	1.816483523120529142e+01	-1.615624798735040279e+00	-4.066230136552652397e+01
4.407628405096517099e+00	1.820482707383712295e+01	-1.532736936298842112e+00	-4.118114473599391800e+01
4.413915862185140426e+00	1.822532740096116655e+01	-1.512332309175698608e+00	-4.146836477856579961e+01
4.420203163534264235e+00	1.831996713732212712e+01	-1.615265091015105181e+00	-4.165152723378670885e+01
4.426480311003382795e+00	1.831220337262422504e+01	-1.332378992399564144e+00	-4.252996153327944029e+01
4.432765973643649104e+00	1.850004061422659518e+01	-1.606305208011487462e+00	-4.234702923972484712e+01
4.439053392023870614e+00	1.838514868007413483e+01	-1.285774375673511827e+00	-4.318735833957915560e+01
4.445336141335588742e+00	1.856240284663929430e+01	-1.456993250486264602e+00	-4.331845205886024530e+01
4.451617241414883352e+00	1.849568977937313363e+01	-1.272185181918214170e+00	-4.386888345481732898e+01
4.457901500730311106e+00	1.856311477138976684e+01	-1.206563147408558079e+00	-4.432849977230218030e+01
4.464189501093017043e+00	1.867829230331815893e+01	-1.321095385844069048e+00	-4.453692434734578853e+01
4.470470197548729985e+00	1.857674925704255386e+01	-1.031849707086619050e+00	-4.530091026520468489e+01
4.476748044268524573e+00	1.879091599071960772e+01	-1.206491934853469061e+00	-4.548111046677347957e+01
4.483035990164653484e+00	1.866557235757685618e+01	-9.636108541337923272e-01	-4.611587901988461624e+01
4.489323331650528104e+00	1.875321159775366553e+01	-9.636908786196259902e-01	-4.653351582643066564e+01
4.495599111667934800e+00	1.876929452299179601e+01	-9.423917175599895169e-01	-4.697343032134046581e+01
4.501870922878794090e+00	1.872204076449670751e+01	-7.448285376070494790e-01	-4.760354194173169873e+01
4.508155162877705457e+00	1.884827547964036043e+01	-8.776635312535553402e-01	-4.781961030718029093e+01
4.514446451153479423e+00	1.882718248818606099e+01	-5.630472823302749008e-01	-4.881532044256939429e+01
4.520723894043856994e+00	1.881563153540004052e+01	-6.472236945538553110e-01	-4.886739227660918061e+01
4.527003782460155890e+00	1.876629252364292810e+01	-5.286775059906634322e-01	-4.954319542922858233e+01
4.533293086610313161e+00	1.881896413316942684e+01	-4.137342952213931557e-01	-5.023033930198234742e+01
4.539578989864040182e+00	1.876242969108244552e+01	-3.460547378439912669e-01	-5.060239688952872683e+01
4.545857164866476730e+00	1.869571280449054385e+01	-1.549139413803999055e-01	-5.127630802274393318e+01
4.552138955546025656e+00	1.873900139938733744e+01	-1.065364173563899397e-01	-5.184647531518620411e+01
4.558432046889146605e+00	1.871263805415541981e+01	-8.485085282630984438e-02	-5.226140863161829486e+01
4.564713463378488711e+00	1.874036683903499068e+01	-7.184447980991827409e-02	-5.264497549575434476e+01
4.570987274133244682e+00	1.873266935978591974e+01	-5.701156269682307320e-02	-5.302449471397396508e+01
4.577274818151045643e+00	1.877044577693869698e+01	-1.370455622035430913e-02	-5.351297018505258762e+01
4.583563263889338657e+00	1.880794375859875700e+01	-3.930261013969273132e-02	-5.382998189191092564e+01
4.589844917004465508e+00	1.891625668802475957e+01	-2.919104495815500258e-02	-5.440872427410573664e+01
4.596126259982004747e+00	1.884371618371569923e+01	-2.091890613991803996e-02	-5.448731757165825229e+01
4.602409075598298926e+00	1.893292428038362729e+01	-6.178364312259828446e-04	-5.507789154137289955e+01
4.608696634867644804e+00	1.896713892246724242e+01	-3.186813071886099996e-02	-5.532157606625733592e+01
4.614977646498861219e+00	1.901136348223001704e+01	3.298304096430682703e-02	-5.585748223778426791e+01
4.621258953029527383e+00	1.901691942604918495e+01	-7.589368911878896506e-02	-5.588776693498799375e+01
4.627547993978874175e+00	1.918556956406360570e+01	-3.854151584208660719e-02	-5.668972564953622140e+01
4.633830152730579854e+00	1.922250977159380980e+01	3.011633865422896558e-02	-5.712943390878453442e+01
4.640104005367354567e+00	1.924872980392149913e+01	4.392912199891991359e-02	-5.737881511944426904e+01
4.646382060386754276e+00	1.934375053363613972e+01	2.452782523571769152e-02	-5.791924366716862238e+01
4.652674213731970987e+00	1.937324388130695141e+01	2.264675379123983964e-02	-5.819105514776259014e+01
4.658958291796220230e+00	1.950520721367730559e+01	1.270482026813069855e-03	-5.874106899398248061e+01
4.665233615070169648e+00	1.955373185152740945e+01	2.455432978437521382e-02	-5.914633602653516675e+01
4.671520675710307380e+00	1.953894457932887363e+01	4.740285030859557602e-02	-5.929636743812639565e+01
4.677814351732177300e+00	1.967421859543070184e+01	4.489302762875195529e-02	-5.994226560966981054e+01
4.684093699744638073e+00	1.972568146486969809e+01	3.332081358469946714e-02	-6.027409695546334945e+01
4.690368661472568590e+00	1.980823066919440834e+01	2.438565921000006992e-02	-6.068047628923637404e+01
4.696663270746453733e+00	1.989816306865933626e+01	2.293963637515771675e-02	-6.115036890039180406e+01
4.702945459248681459e+00	1.992773690493802619e+01	5.446383429314902158e-02	-6.146771188029196509e+01
4.709209170841929470e+00	2.003293581883556840e+01	9.699016334903401426e-03	-6.187222936903451398e+01
4.715491634753063543e+00	2.013487176133076773e+01	1.681996108179414223e-02	-6.240324650525275274e+01
4.721784316284933780e+00	2.021244382490733216e+01	1.931537824478685161e-02	-6.280473968013605202e+01
4.728063062331094635e+00	2.026394876016030011e+01	2.016335698163243539e-02	-6.311575884703512429e+01
4.734337423381671073e+00	2.040901512811682750e+01	2.149919060372024182e-02	-6.373851781508444958e+01
4.740627024094544062e+00	2.037294131533228381e+01	6.161472722174992506e-02	-6.391648977886450211e+01
4.746914995664547554e+00	2.051787270999748714e+01	-2.981827641320502695e-02	-6.438412143077178484e+01
4.753194740071086777e+00	2.061294534646352261e+01	4.306315348625557038e-02	-6.489287417573459038e+01
4.759478891864783456e+00	2.056639199720085998e+01	2.587317996573208767e-02	-6.490894697265875379e+01
4.765762396877359031e+00	2.069537425951110521e+01	3.965244411716015854e-02	-6.547128470596344130e+01
4.772049481246195768e+00	2.078948970825953069e+01	8.634168282503738856e-02	-6.598832335574681451e+01
4.778335091022592351e+00	2.092443694800322618e+01	5.790591658727851226e-02	-6.654789088606231928e+01
4.784610831402393849e+00	2.116747431286654546e+01	5.877385234968864752e-02	-6.748062964005390540e+01
4.790907306208476157e+00	2.115519571315127223e+01	1.030179581017481444e-01	-6.760830046724036890e+01
4.797204047706418173e+00	2.126123063415818493e+01	5.986915116811231119e-02	-6.805504488281485465e+01
4.803470827697504220e+00	2.133341506576394764e+01	1.772554133038636501e-02	-6.836191161144191142e+01
4.809748850577324042e+00	2.146714829682073145e+01	-1.688701556519028521e-02	-6.890737674275405311e+01
4.816045316586602176e+00	2.156173275154589675e+01	6.446747299613581061e-02	-6.944879237805538708e+01
4.822329240673497885e+00	2.168035769409642555e+01	9.709818206873041535e-03	-6.987678042526870570e+01
4.828596758226470165e+00	2.181885769448944501e+01	2.687243513390358621e-02	-7.047687991212346503e+01
4.834890332961369275e+00	2.187243608423284158e+01	9.607782460076774028e-03	-7.079132465784016404e+01
4.841191655056394261e+00	2.194014632742006299e+01	5.402881055572406055e-02	-7.122378693892714807e+01
4.847460407468000554e+00	2.206217788652529421e+01	-3.375229535841939467e-05	-7.166435250867553464e+01
4.853732128521334843e+00	2.221348294229418840e+01	4.858461087438194215e-02	-7.229905881742185159e+01
4.860029138783373170e+00	2.236894938092604335e+01	-3.615886032965731633e-02	-7.288234798088745947e+01
4.866314601732018019e+00	2.240413846655561159e+01	6.356253194254726790e-02	-7.325147385045987392e+01
4.872587026269203925e+00	2.248811348871831939e+01	7.109659383055889903e-02	-7.359710001064856044e+01
4.878874221748241702e+00	2.278522286390008134e+01	1.114424302013435064e-02	-7.464127364910208939e+01
4.885171078138658807e+00	2.285894679002229068e+01	1.876208369694255806e-02	-7.504430375919258722e+01
4.891450629931857641e+00	2.285917058633660304e+01	3.581564408778110508e-03	-7.511233023578822099e+01
4.897716482750221978e+00	2.314213293439341967e+01	-2.441126209253750498e-02	-7.612288640421806463e+01
4.904002834596266069e+00	2.314173425710134779e+01	-2.681084507646231546e-02	-7.629018306990167275e+01
4.910295858205786068e+00	2.321520086843691288e+01	-2.669609417656889847e-02	-7.660611814403605990e+01
4.916575188115905881e+00	2.332497748480307109e+01	7.094474202536654034e-03	-7.710341635970060281e+01
4.922847946197084212e+00	2.354412920430585032e+01	4.624589877425967950e-03	-7.799366415260305985e+01
4.929131667457151700e+00	2.372274878250344798e+01	7.249233240519294130e-02	-7.878516446135736828e+01
4.935434460144239033e+00	2.388311345159004873e+01	8.136148394240476367e-03	-7.928669707834529845e+01
4.941718513303545279e+00	2.385655755086029828e+01	1.818526197866321761e-02	-7.933643716890559006e+01
4.947978624761803168e+00	2.402021395996487030e+01	1.537505597349540960e-02	-7.998535817650343915e+01
4.954274999209829389e+00	2.429256776224767833e+01	3.404405348290104327e-03	-8.098231837144210488e+01
4.960571094729937514e+00	2.435369434648575648e+01	4.182234873321775959e-02	-8.132733586307678308e+01
4.966823207626954506e+00	2.452444861213452398e+01	8.345413792602290881e-02	-8.206161416827944777e+01
4.973097418390337587e+00	2.455275558992020279e+01	3.893046754031596890e-02	-8.220809244611372435e+01
4.979415129936382023e+00	2.492795000249440562e+01	-1.728243091198334441e-02	-8.347742769222023185e+01
4.985702082330368157e+00	2.505715452481618399e+01	-2.154198137068213514e-03	-8.404974080752904797e+01
4.991949985828016523e+00	2.521844650315151881e+01	4.487731305079896427e-02	-8.472444188466323567e+01
4.998241586316924057e+00	2.529030998281985276e+01	2.079246854915026491e-02	-8.505490326549703184e+01
5.004556635606089543e+00	2.550838786979988626e+01	5.131152007044162411e-02	-8.591132684653240403e+01
5.010828655701208945e+00	2.568062012587320098e+01	1.972635115934321531e-03	-8.651178397872229198e+01
5.017077229702536556e+00	2.604649629761593133e+01	8.633498482446280708e-03	-8.784775666983576059e+01
5.023374414758113637e+00	2.604403057937799204e+01	-1.578851487229103456e-02	-8.791261892435703373e+01
5.029688873569548413e+00	2.611101906282181417e+01	-4.020783593230731895e-02	-8.820190671683081973e+01
5.035958413584124216e+00	2.656994487489303580e+01	2.460889846435615827e-02	-8.990690899371723788e+01
5.042232667658486989e+00	2.655793000927977232e+01	-1.523594568482435248e-02	-8.992174619784486822e+01
5.048528755870775875e+00	2.680231188644954443e+01	1.590575179844368539e-02	-9.090004508242282100e+01
5.054821121427484520e+00	2.718561400177550524e+01	-6.646879204827969845e-02	-9.214083613688852381e+01
5.061069509814582368e+00	2.712427743924636658e+01	2.772519137145225757e-02	-9.214296509219867914e+01
5.067347812754101177e+00	2.730658346770631439e+01	-4.799418139663100269e-02	-9.275872748564179915e+01
5.073675050630431116e+00	2.757140216204959060e+01	-7.554344463135776420e-03	-9.378271251734666691e+01
5.079945928388977627e+00	2.766349548058847319e+01	-6.060652892616364210e-03	-9.417260816279913627e+01
5.086192992546071601e+00	2.785777096264993702e+01	-8.527755664356224258e-03	-9.489091301424589631e+01
5.092484128970163226e+00	2.800350557398882145e+01	-6.596321991996873142e-03	-9.554044306313033985e+01
5.098802924706086870e+00	2.835040986032053567e+01	2.794238998359937706e-02	-9.678511874881937160e+01
5.105078217426394005e+00	2.875301509275499612e+01	-1.640205065796225548e-02	-9.819871679441901335e+01
5.111325076574067872e+00	2.876646620410824085e+01	3.173515431953358862e-02	-9.836128941633079137e+01
5.117628358851224135e+00	2.894713401597735469e+01	-7.265153867484796558e-03	-9.902985698768911504e+01
5.123935939383525984e+00	2.932196626169034204e+01	-3.020938898311426035e-02	-1.003642946239527163e+02
5.130199176325612065e+00	2.957590963949702711e+01	-7.302734864899966538e-02	-1.012338293916475322e+02
5.136469985878846956e+00	2.973745186076848768e+01	1.421832720601069570e-02	-1.020105282537404037e+02
5.142797788696348071e+00	2.985095972528586117e+01	-4.093817862457838769e-02	-1.024039686930963029e+02
5.149090378043822192e+00	3.030316201296801637e+01	-9.962204974658438270e-04	-1.040502150392972567e+02
5.155289879840074363e+00	3.054777222331787101e+01	-1.190608140063989344e-02	-1.049279491886902633e+02
5.161564521234301317e+00	3.046516339272491791e+01	-2.566468792057639142e-02	-1.047330590048765799e+02
5.167916673496016244e+00	3.095906447086617774e+01	1.639090314077417884e-02	-1.065273570074055414e+02
5.174205974602950064e+00	3.145640690341844703e+01	-3.282388725147769581e-02	-1.082281528819914342e+02
5.180434820793812456e+00	3.145967334459815845e+01	1.664212524724234185e-02	-1.083553811490420742e+02
5.186729096569634656e+00	3.168593639744864632e+01	-1.362826765024444803e-02	-1.092026799561119361e+02
5.193058481037780894e+00	3.220621198504350247e+01	-4.798402161616806272e-02	-1.110140745552084525e+02
5.199319511444338460e+00	3.242175187427499594e+01	6.458976769572924437e-02	-1.119089988743688195e+02
5.205574295584361799e+00	3.235399353578444703e+01	-1.215867359725384539e-02	-1.116648139224032263e+02
5.211894977074066126e+00	3.287688539509687757e+01	-7.825978691775703489e-02	-1.134867359289100648e+02
5.218201708336958511e+00	3.310098537160237697e+01	-7.245345743528963656e-02	-1.143022479350492517e+02
5.224411911780083351e+00	3.358702849848079808e+01	-9.277504808311251919e-03	-1.160979721863894838e+02
5.230677632666463239e+00	3.384368561464464875e+01	8.851286291522027228e-02	-1.171865592433153580e+02
5.237056729559757429e+00	3.389856392084929837e+01	9.303415581552414160e-02	-1.174422914544112047e+02
5.243336785035660697e+00	3.450603164013229218e+01	-2.091103518648880152e-02	-1.194344654991978416e+02
5.249493476178225038e+00	3.465378412348788828e+01	2.568990675285814582e-02	-1.200458258044490663e+02
5.255787017738318134e+00	3.492700441331897565e+01	4.771676173957165035e-02	-1.211284171012909496e+02
5.262205327426889845e+00	3.499404448369781306e+01	6.010915218816138827e-02	-1.214041099728744797e+02
5.268477758348532269e+00	3.511580212066218110e+01	-1.662624505464695146e-02	-1.217854125627917625e+02
5.274632213654732560e+00	3.628074312699610715e+01	-2.818942810553044451e-02	-1.258386752118031922e+02
5.280950543314659740e+00	3.632962523423081791e+01	-4.456017123653121387e-02	-1.260823067138975517e+02
5.287327645024750389e+00	3.711524980770530391e+01	-4.469149135568500908e-02	-1.288580040762855674e+02
5.293582359180156516e+00	3.701315359994514154e+01	-2.602531256373678825e-02	-1.285291784753449349e+02
5.299789992649893478e+00	3.758458842224165153e+01	5.782803793401909004e-02	-1.306992762551168994e+02
5.306111460381987222e+00	3.735501182851232471e+01	9.450424483051515778e-02	-1.299834055990974093e+02
5.312452717892129250e+00	3.808618943739542573e+01	-9.415826476012501001e-02	-1.323365721627629910e+02
5.318650122853046724e+00	3.901504943954297033e+01	8.050024789866015718e-03	-1.357143362366407473e+02
5.324923043129819789e+00	3.912322818086592235e+01	-8.799923378430874604e-03	-1.361640824476981493e+02
5.331330237158205421e+00	3.898606129237494144e+01	-3.032113608910406641e-02	-1.356894028936391976e+02
5.337586726886338617e+00	4.036313522193997727e+01	5.883767275462351010e-02	-1.406055982250151715e+02
5.343685192440848830e+00	4.047576367218653814e+01	-1.491137071130576620e-02	-1.409320357723583754e+02
5.350070659715249199e+00	4.073738543147244684e+01	5.511355746523372012e-02	-1.420302101206650605e+02
5.356556762554878226e+00	4.154146190644054570e+01	4.644463673703484036e-02	-1.448458176420456027e+02
5.362691868684501095e+00	4.213698735010586915e+01	7.435521503434992796e-02	-1.469437181067087579e+02
5.368769208912516966e+00	4.175084131038484969e+01	6.175255613511888841e-02	-1.456237755743823925e+02
5.375270137997677722e+00	4.261211166952001861e+01	-3.645206348086572901e-02	-1.486064030033347763e+02
5.381769983045385786e+00	4.290340700697011300e+01	4.090278024110415023e-02	-1.497342562864162687e+02
5.387701030372958222e+00	4.308270020595698924e+01	3.081492275410011722e-02	-1.503336687786331254e+02
5.393786668001271600e+00	4.300804539994517484e+01	-1.714386930906749637e-02	-1.500823522072390688e+02
5.400446161099396569e+00	4.411824062056733453e+01	5.867741115598403001e-02	-1.540937724786800231e+02
5.406957063684501463e+00	4.486316164107695670e+01	1.528993565475796589e-02	-1.566640197742913472e+02
5.412655672453426270e+00	4.531129901604974464e+01	1.504629266698824346e-02	-1.582087898953726608e+02
5.418821279260546575e+00	4.587433492408978708e+01	-2.300881573712230260e-02	-1.602074635797679036e+02
5.425690594366304076e+00	4.691426568019601717e+01	2.082498023830485837e-02	-1.639280517663759156e+02
5.432217487502165376e+00	4.642015321117519733e+01	-4.395650316523026790e-02	-1.621581909900389178e+02
5.437649811577258241e+00	4.707733747214437159e+01	7.094452932074575557e-02	-1.645294341008509491e+02
5.443914404015878006e+00	4.877063975473791402e+01	6.510962838177047907e-02	-1.705317848520850816e+02
5.450953501686320202e+00	4.930206835238013952e+01	-8.161576430543353300e-02	-1.722759327939436673e+02
5.457483690405861232e+00	4.971655583954637336e+01	3.251331675487924375e-03	-1.738297777517400959e+02
5.462715250135157241e+00	5.187007561199519756e+01	7.394837980860768933e-02	-1.813894737266047343e+02
5.469033575551323523e+00	5.012233088459991848e+01	-3.570444727820584491e-03	-1.752688668405280055e+02
5.476177730420278778e+00	4.945958663358571528e+01	1.875411673512652555e-03	-1.729861153393876521e+02
5.482708935702562236e+00	5.196944123972840401e+01	-4.291169446445056157e-02	-1.817436341477603889e+02
5.487722405008360838e+00	5.190212710771791649e+01	-6.456605021499628450e-02	-1.814618707651062550e+02
5.494194284996126498e+00	5.240088438961166162e+01	1.694288417552508863e-01	-1.834832659865157609e+02
5.501391471009256406e+00	5.354393080730380206e+01	-1.320940933841981482e-02	-1.873116435380494238e+02
5.507128202673079009e+00	5.406851417488391576e+01	7.987498849322482997e-02	-1.892594583119374647e+02
5.512278020050448646e+00	5.625837152013392028e+01	3.129857028557472571e-03	-1.968482695050080054e+02
5.519395563377015534e+00	5.827580657447663981e+01	-1.020381001187037895e-01	-2.038140164416076345e+02
5.526598678609708770e+00	5.386980568668663238e+01	-8.617183885589635439e-02	-1.884248341285441768e+02
5.532162682462509196e+00	5.556039135408482110e+01	1.018025399789953683e-01	-1.945371667446467256e+02
5.537397124017139127e+00	5.762901199836386468e+01	1.629315102982457734e-03	-2.016820445650219256e+02
5.544582756485218589e+00	6.432096199071035869e+01	2.007863688748517117e-01	-2.253111637040539676e+02
5.551739327507637434e+00	6.361299403973787037e+01	-6.642499893326171689e-02	-2.225700885011615071e+02
5.557493306674907707e+00	5.127393207428376343e+01	3.568166326943895354e-04	-1.794562373466025917e+02
5.562281709102816940e+00	8.367923845431364782e+01	-3.970918737596656339e-02	-2.928338593140457533e+02
5.569272720323164449e+00	2.694114507714025919e+01	3.553152138605806393e-02	-9.432931842438604519e+01
