8.899641224696953554e-03	4.392542556776083984e+03	9.375177384376981990e+02	-9.613061178604264569e+03
1.507912216506557788e-02	5.016553779544377903e+03	3.716399403613621871e+03	-2.981944431867174899e+03
2.144790186456836667e-02	5.564673091260448928e+03	5.878040558773595876e+03	1.282470580316984979e+03
2.783660776489276650e-02	4.177358870039299291e+03	3.076559191783770530e+03	1.414978947658679772e+03
3.435099785803411021e-02	4.037071929111607460e+03	3.196940923717930673e+03	1.579617877037215294e+03
4.047886761425745911e-02	3.777368220599262713e+03	3.962083634292923762e+03	2.527021973868293571e+03
4.676716683575679601e-02	3.334614242217762239e+03	3.786555597089456114e+03	6.673020514959988532e+02
5.308225101765951665e-02	3.128784728113731035e+03	3.530222857419735647e+03	1.125853031524904901e+00
5.945362440940590160e-02	2.577625981161605523e+03	1.802770199043645789e+03	-4.750182651664347304e+02
6.576224814588792211e-02	2.564316586935528449e+03	2.893392742792505942e+03	9.888454042860144000e+01
7.196632906698736953e-02	2.227132618847638696e+03	2.092541415245724693e+03	-3.827662100020194202e+01
7.827860915688347743e-02	2.196882515927691657e+03	2.342693624151461336e+03	-1.469516036882836261e+02
8.470398945834539672e-02	1.872773038281579375e+03	1.589006610903143383e+03	2.696055676917553967e+01
9.096854620527369817e-02	1.754842705535116465e+03	1.795706519985792056e+03	2.916105684831230747e+02
9.720789776830213169e-02	1.580195846251957391e+03	1.672957683099807127e+03	2.533546964564503412e+02
1.034763038959366499e-01	1.376455271644988215e+03	1.156922824981422991e+03	-1.316156179891869726e+02
1.097576444254559219e-01	1.309377269650803782e+03	1.295555940059594150e+03	1.439528045848922488e+02
1.160543084780093354e-01	1.199799440670591821e+03	1.154248492392358685e+03	1.994705361123973262e+02
1.223669666537485351e-01	1.112912132788991812e+03	1.062290512194531857e+03	1.298297544889422852e+02
1.286817263090294094e-01	1.062413722720780015e+03	1.036004948296663542e+03	2.816790006090191056e+01
1.349500801664080818e-01	9.782000943761827330e+02	9.436786958930434821e+02	7.070426853806748113e+01
1.411949558842147678e-01	9.053687710824677879e+02	7.987852603176162347e+02	1.209150356681201970e+02
1.475133575747468451e-01	8.834151221790214095e+02	9.510603839613180526e+02	2.311939703342528674e+02
1.537865074252268427e-01	8.221124760968162946e+02	7.734662275292138247e+02	6.880013463081341740e+01
1.600657544051110326e-01	7.652163278796958821e+02	7.145247592674024872e+02	1.368224574607680495e+02
1.663991168687080635e-01	6.806845445691184295e+02	6.244648714046966234e+02	1.028851332338689417e+02
1.727195645776442856e-01	6.805061201116574239e+02	6.511292103715919666e+02	4.023737149282358416e+01
1.789765213377084718e-01	6.335397198693968903e+02	6.254140633289772495e+02	1.032949395587451704e+02
1.852353690647852158e-01	5.825164448788945037e+02	5.151917678949820356e+02	1.952501799250008574e+01
1.914806787341157279e-01	5.445832146724025051e+02	4.934022824485131764e+02	8.286732871516957744e+01
1.977889868651535599e-01	5.374945997739737322e+02	5.119807765410778302e+02	5.130564630751831601e+01
2.040937735447724277e-01	5.115023068377078630e+02	4.544712882255122963e+02	6.379385310820547517e+01
2.103939302609846018e-01	4.833317903947142895e+02	4.409141443584400122e+02	6.270555576879716853e+01
2.166909709822301688e-01	4.598807958642748872e+02	4.281444265337282786e+02	7.326851927353379779e+01
2.229700281216152047e-01	4.434586587682668437e+02	4.315936284104288916e+02	1.024869727348019239e+02
2.292620027086341994e-01	4.115386879308554171e+02	3.907780879896222359e+02	9.478017972102900046e+01
2.355141508366812297e-01	4.021324065286154905e+02	3.680452447361207078e+02	1.039787794491236781e+02
2.417910583817859116e-01	3.742754891418055649e+02	3.461800333670246346e+02	6.675110952372057227e+01
2.480856539439619257e-01	3.682892285431956907e+02	3.520974908503080201e+02	7.098935668129691123e+01
2.543492256872954549e-01	3.420533871519866693e+02	3.165249334358848614e+02	6.106225277145981778e+01
2.606334251884805386e-01	3.330554468132318107e+02	2.946243758265022166e+02	5.540753721644833973e+01
2.669257370896960802e-01	3.181707654554965643e+02	2.859623262050137100e+02	4.206127559234692370e+01
2.732423343141155980e-01	3.083114177357700214e+02	2.779436617675935963e+02	6.972799660185006587e+01
2.795529680084415936e-01	2.918003097266869759e+02	2.687201746765549615e+02	7.291704574990835397e+01
2.858366292314493129e-01	2.849431081306696569e+02	2.649528880830480375e+02	6.821423285050225616e+01
2.920876271394311496e-01	2.672692197335370565e+02	2.393073647834741564e+02	4.938831100019915255e+01
2.983449844439822751e-01	2.620628353440924343e+02	2.396743988262049925e+02	4.448981534161186602e+01
3.046382639407197446e-01	2.476975711695820337e+02	2.180233837099821983e+02	4.657965731138860832e+01
3.109279127003197196e-01	2.344610187805972714e+02	1.991953576231923932e+02	3.547887767552212779e+01
3.172168171618398036e-01	2.286852404167203758e+02	2.047884752830981370e+02	5.151767940658404399e+01
3.235187567944423082e-01	2.235357768869661470e+02	2.019734873423901718e+02	5.954079040596502637e+01
3.298168217550395687e-01	2.138578441372659711e+02	1.872203026632446665e+02	5.686613928297914100e+01
3.361176429457156667e-01	2.050763300151151043e+02	1.815498437846794104e+02	3.721906726328961668e+01
3.423700375709273769e-01	2.002623734145339540e+02	1.810550710114871436e+02	5.617228648221132659e+01
3.486478192666269682e-01	1.939642667247292422e+02	1.673985792578807832e+02	4.527674361241060552e+01
3.549411614411318028e-01	1.870483917885186713e+02	1.594810577718886577e+02	3.764153730085857319e+01
3.611916935421040642e-01	1.813284170975439338e+02	1.607978047209545025e+02	4.979152176848619860e+01
3.674767089563572564e-01	1.767776601253260367e+02	1.541076964233423325e+02	3.507521777335522017e+01
3.737647795277591056e-01	1.707639190069387780e+02	1.506078214699960824e+02	4.528653761804935129e+01
3.800654031475132477e-01	1.637391639787215070e+02	1.445803531109372670e+02	4.241399751472489754e+01
3.863539861259823738e-01	1.599790145449085799e+02	1.409964765970151461e+02	3.950639307773239040e+01
3.926140181364449755e-01	1.559104783355543873e+02	1.345598417116380006e+02	4.314384244786963762e+01
3.989264500321934581e-01	1.473923893985024733e+02	1.251960571128814621e+02	3.648787829683551820e+01
4.052073244576828714e-01	1.434481983922069901e+02	1.165406078013809719e+02	2.998134139122614172e+01
4.114916477570477182e-01	1.405371820735350070e+02	1.176000526163375923e+02	2.878076619846764217e+01
4.177814272116491257e-01	1.359506487951614986e+02	1.097764755968531745e+02	4.002004432917355103e+01
4.240400648725131116e-01	1.319186685570456916e+02	1.101792875597525239e+02	3.616291794954661754e+01
4.303425690270192283e-01	1.284268440130765896e+02	1.085154660891702605e+02	3.638141870580205506e+01
4.366358560255625965e-01	1.240744885129603148e+02	1.003163167237169802e+02	3.236214382673327350e+01
4.428996183220763605e-01	1.221200326551740432e+02	1.031393289833801958e+02	3.695638758180944450e+01
4.491634418529859563e-01	1.182545979455497758e+02	9.614550128880340196e+01	3.108832433932529327e+01
4.554414146254732731e-01	1.140404060617229618e+02	9.261575025340650313e+01	2.890226138139002643e+01
4.617634470301058558e-01	1.109621754750171334e+02	9.006524018494297934e+01	3.090260948553205722e+01
4.680644242023710433e-01	1.086938959727499991e+02	8.732294867065255062e+01	2.988116171311513725e+01
4.743485242764365895e-01	1.049328722189375753e+02	8.189569832482818867e+01	2.877594595227171936e+01
4.806356136815400082e-01	1.016559700120641025e+02	7.891028092582945419e+01	2.588094058206163339e+01
4.869019258388697646e-01	9.929811774382267231e+01	7.719708359884018023e+01	2.842354024992582140e+01
4.931697099599955947e-01	9.660285845248857584e+01	7.406264185135756861e+01	2.532896742696730641e+01
4.994506747144535908e-01	9.439136355105567588e+01	7.430241830730913932e+01	2.918874213715681876e+01
5.057159051335421429e-01	9.183139473928541463e+01	7.053483982027310617e+01	2.804298371040089322e+01
5.119923996268095356e-01	8.867569584867089816e+01	6.655302427340687643e+01	2.424179391601526490e+01
5.183126097768406826e-01	8.712610084968774515e+01	6.628879044237656615e+01	2.310845311201595464e+01
5.246089638029100000e-01	8.460653047652806436e+01	6.429338575778417919e+01	2.687234585649268226e+01
5.308757308483337267e-01	8.308465134895968163e+01	6.377377839838754880e+01	2.335615726096152045e+01
5.371573527946726934e-01	8.122698068183809994e+01	6.150716348268502287e+01	2.721331117259241950e+01
5.434579563783791256e-01	7.833701896817136401e+01	5.815625850582381418e+01	2.668996437427907864e+01
5.497430652392217842e-01	7.662322061934567330e+01	5.591955949236505319e+01	2.261536466412236024e+01
5.559937427501778773e-01	7.468549536732433580e+01	5.342836996162357366e+01	2.422090876958311512e+01
5.622854676609657654e-01	7.257457180330852964e+01	5.251927317079201174e+01	2.382210706322402061e+01
5.686011537227265711e-01	7.124545104150676877e+01	5.072561900892906550e+01	2.024662790030917137e+01
5.748804589422079614e-01	7.007343377659385908e+01	5.013561104168848459e+01	2.335243198397292730e+01
5.811550210340560296e-01	6.784392130473707994e+01	4.789386447447693484e+01	2.284721234854513483e+01
5.874394496660968468e-01	6.685405314625290885e+01	4.830070937256694918e+01	2.362487269861527750e+01
5.937176220296899176e-01	6.491635630912460897e+01	4.560482851207719790e+01	2.165243756793253027e+01
5.999971954793682505e-01	6.321074004058544205e+01	4.324233464445212860e+01	2.114902089424483478e+01
6.062679115124277596e-01	6.163282421886540163e+01	4.206285078957489532e+01	2.048484684593472949e+01
6.125469576444534381e-01	6.079114487501635722e+01	4.177237065564425222e+01	1.887933043623418428e+01
6.188477733041515272e-01	5.944183818809391795e+01	4.094037131694916809e+01	2.150798874921484938e+01
6.251310567437898813e-01	5.800269161190327338e+01	3.871208645011653715e+01	1.954545738179614034e+01
6.314027450383210560e-01	5.616093688850509125e+01	3.721385825204180975e+01	1.935181166913260142e+01
6.377003562732055375e-01	5.544773974398536609e+01	3.627298502066285124e+01	1.983424389700725143e+01
6.439857783314556494e-01	5.431020886991234420e+01	3.421169641971014386e+01	1.807106802031687920e+01
6.502685417166111925e-01	5.312329043798860795e+01	3.453044645400977686e+01	2.086718171988081139e+01
6.565586117699038216e-01	5.228662378874506089e+01	3.397214816278553684e+01	1.855184094357382918e+01
6.628369282359254377e-01	5.064576008170080001e+01	3.076432509257335468e+01	1.810391294918053262e+01
6.691185444962194362e-01	4.942259428840656454e+01	3.036434979188272010e+01	1.768779774826672835e+01
6.754070198575605755e-01	4.870468324358920853e+01	2.989504318004748029e+01	1.834721512607010041e+01
6.816835514593204692e-01	4.766974577656378642e+01	2.937672661755940595e+01	1.878329486359811895e+01
6.879592533861698112e-01	4.654667334682613244e+01	2.833342403731784032e+01	1.609432602024882186e+01
6.942344317039531587e-01	4.591654033044573424e+01	2.786488017828832398e+01	1.754848873612569449e+01
7.005175402434737908e-01	4.468427398705320286e+01	2.686738163269540891e+01	1.675863182857197486e+01
7.068124956608716758e-01	4.386932286275102655e+01	2.556285135889798354e+01	1.632148387326867223e+01
7.131019009674921527e-01	4.278946595855585144e+01	2.413759370122859238e+01	1.623279796597912750e+01
7.193918251171427247e-01	4.210482042705269379e+01	2.448570591221024983e+01	1.601361129248717319e+01
7.256833807598113140e-01	4.140353779384547295e+01	2.377735072920146919e+01	1.612291033187089440e+01
7.319652682709349989e-01	4.031070904542994526e+01	2.311906940029329505e+01	1.567225675677571139e+01
7.382507990484923344e-01	3.950964397048328181e+01	2.189608507061339537e+01	1.626237543961452658e+01
7.445265842115937893e-01	3.880745602816006823e+01	2.155683166583728649e+01	1.556412650788744401e+01
7.507871101942712455e-01	3.823620850222845746e+01	2.076446421695968070e+01	1.581774391477950736e+01
7.570758465316046459e-01	3.735538213853283196e+01	2.058241848574656530e+01	1.532460779066974332e+01
7.633641233600957365e-01	3.675565790238074015e+01	1.959741325380893073e+01	1.542283005435825061e+01
7.696462959862266917e-01	3.619735853318649532e+01	1.949692124915867097e+01	1.574506390655763255e+01
7.759394865175414102e-01	3.539990382292896243e+01	1.853429013890993104e+01	1.333760812879415170e+01
7.822329141989586843e-01	3.470484489558366192e+01	1.754547725820157567e+01	1.430382725274118805e+01
7.885314936520240181e-01	3.390842772021039764e+01	1.736621091595695177e+01	1.434064068146864734e+01
7.947896566979522071e-01	3.322946332492507793e+01	1.638154103266999329e+01	1.400742454202510956e+01
8.010491096592354809e-01	3.274778133503262012e+01	1.651359134687883312e+01	1.374099204197243296e+01
8.073364061727361651e-01	3.222119966879340325e+01	1.620688418652403584e+01	1.414759323312204131e+01
8.136229488373866170e-01	3.161175306339932689e+01	1.586659345771434815e+01	1.386676968519832798e+01
8.199152998961036776e-01	3.108334622425164895e+01	1.469049911146772658e+01	1.390268526122437898e+01
8.261952636392789762e-01	3.048490058036485095e+01	1.428207795090692400e+01	1.217703910156368785e+01
8.324897070080405914e-01	2.991064036596972286e+01	1.429707221076728629e+01	1.316365638782401248e+01
8.387959309210778480e-01	2.945172678873720784e+01	1.369326139519807661e+01	1.262907046872776995e+01
8.450634639703045181e-01	2.878363442653042981e+01	1.341807808886450104e+01	1.295602555510886766e+01
8.513282867562648182e-01	2.832061299273868826e+01	1.253857006114748529e+01	1.201973911724862099e+01
8.576198263902009566e-01	2.792151830699825865e+01	1.231988604951143351e+01	1.217961409084084679e+01
8.639058477062415697e-01	2.749178789615043783e+01	1.260522848589396183e+01	1.210997514688593313e+01
8.701838745487597837e-01	2.694001740607771112e+01	1.183107098867292883e+01	1.234405154844129449e+01
8.764641096075268534e-01	2.666834707153147122e+01	1.174466224167976236e+01	1.190802585168472483e+01
8.827503873399735745e-01	2.595035237570222009e+01	1.096910375298282858e+01	1.172375122913307877e+01
8.890332768393869323e-01	2.563796376030546753e+01	1.097279203340940512e+01	1.210966430444921471e+01
8.953084247113127780e-01	2.521727854911033617e+01	1.058892458553639493e+01	1.181096393821007240e+01
9.015956521667095602e-01	2.486638048419627367e+01	1.074917501094977546e+01	1.160271890427925712e+01
9.078833328094829680e-01	2.440456444638447309e+01	1.010498831028785283e+01	1.212514712085198099e+01
9.141744106319863450e-01	2.398647717072745422e+01	9.645833435099948616e+00	1.141628287805299458e+01
9.204630817717615043e-01	2.348130413603088940e+01	9.183894736857453722e+00	1.158708483255660227e+01
9.267434415264711456e-01	2.315670775646923474e+01	8.842751285715547027e+00	1.096250604446051291e+01
9.330324197354928906e-01	2.293002334087645622e+01	8.977568231940580290e+00	1.131457574916759157e+01
9.393265785573878812e-01	2.244729317896957355e+01	8.868676851661698279e+00	1.109257671702497916e+01
9.455974810398196650e-01	2.204848674046953505e+01	8.311327099358544856e+00	1.082563379927609581e+01
9.518660018545171964e-01	2.170795824341464098e+01	8.020553727134787536e+00	1.075169389809036957e+01
9.581413255531838757e-01	2.143076713221015339e+01	7.920587844636144403e+00	1.068395900335778137e+01
9.644350945109106954e-01	2.118474445739330392e+01	7.691209316096084159e+00	1.051455032685145596e+01
9.707355633568249820e-01	2.076323560248436095e+01	7.471059805727145786e+00	1.082796595671296735e+01
9.770080768450029041e-01	2.044642542950017372e+01	7.225264025785236299e+00	1.035135327432476160e+01
9.832823325363413414e-01	2.009023785288254871e+01	6.996380103096509373e+00	1.012196895940504326e+01
9.895569691966674686e-01	1.989005398666247615e+01	6.855264571033649723e+00	1.030350580629363932e+01
9.958456301921106979e-01	1.952800974440241433e+01	6.751058868289356418e+00	1.013276895939453759e+01
1.002136210743837408e+00	1.931563763861275973e+01	6.528544794574826504e+00	1.016141642082630980e+01
1.008404825335135424e+00	1.897472940384630746e+01	6.361027305139948851e+00	9.906698263806708482e+00
1.014694149836243398e+00	1.869353227628913316e+01	6.293031603261781015e+00	1.020918452142398358e+01
1.020992555437297167e+00	1.848374015137463644e+01	6.043142729708915084e+00	9.700189643236409864e+00
1.027273980437394485e+00	1.825154540577774753e+01	5.930707202657145238e+00	9.888294064773736736e+00
1.033559181896017254e+00	1.787886597727228377e+01	5.900724831502370371e+00	9.603726794226835395e+00
1.039847557392594934e+00	1.763833381746562523e+01	5.649602039343291970e+00	9.710921184869167888e+00
1.046126974943305088e+00	1.745234475675265173e+01	5.615920800576161831e+00	9.770391331471866891e+00
1.052403436811028659e+00	1.716365475912756722e+01	5.203546267301641493e+00	9.637889992812654683e+00
1.058680704651608684e+00	1.696704074365656822e+01	5.220821661478821873e+00	9.471389367946938975e+00
1.064964333065789193e+00	1.668371009794932647e+01	5.047805110759330027e+00	9.356453759401958337e+00
1.071256777440835473e+00	1.650489460861657420e+01	5.023606159523537507e+00	9.775419867400090723e+00
1.077544048801078125e+00	1.621142520989478086e+01	4.764649764132975918e+00	9.222667362825731630e+00
1.083824820188043603e+00	1.601784531228680919e+01	4.503538556213562138e+00	9.082054687220729505e+00
1.090108023942816695e+00	1.584201430303736124e+01	4.513731156780553810e+00	9.251802628620048097e+00
1.096389665956643222e+00	1.560411854219583816e+01	4.493136423033098126e+00	9.233644136233513322e+00
1.102681132058841440e+00	1.541915337400595476e+01	4.435324313749628544e+00	9.081034520991893899e+00
1.108963047594879958e+00	1.518404456604925912e+01	4.396472224751981628e+00	8.970726721340396281e+00
1.115225428463759272e+00	1.496765644708718135e+01	4.172518248504683669e+00	8.939028520183457616e+00
1.121502127614767863e+00	1.481706419189596602e+01	3.997400238823233476e+00	8.656356172302711371e+00
1.127792573824792033e+00	1.459343799067529091e+01	4.058500883969286654e+00	8.899197695732391722e+00
1.134089552668382961e+00	1.446829918658827019e+01	3.861866251139923989e+00	8.994882889133716475e+00
1.140364049650405942e+00	1.426266038306611605e+01	3.926137661730049633e+00	8.736267460044791378e+00
1.146639180320979445e+00	1.411319741030936648e+01	3.717913204815754380e+00	8.781777902315411666e+00
1.152942412991649901e+00	1.387032286787623292e+01	3.744763621370845286e+00	8.551232284575487341e+00
1.159228906751078814e+00	1.371339270407323951e+01	3.494064234404484992e+00	8.722204529097329129e+00
1.165508721887268173e+00	1.358176946749543923e+01	3.680612944702055245e+00	8.743345057102423823e+00
1.171793076256210320e+00	1.343697199660003427e+01	3.505834817050954122e+00	8.631986149545397780e+00
1.178087436369658958e+00	1.325105172773141327e+01	3.480049177755366152e+00	8.616247000025447633e+00
1.184367654251526902e+00	1.307655843567718001e+01	3.566773447134952146e+00	8.680275565711106367e+00
1.190634642299266632e+00	1.293627494570066006e+01	3.434511510651612198e+00	8.562276186962352043e+00
1.196912208834400859e+00	1.279074749974332903e+01	3.343065284744770604e+00	8.523072249249295851e+00
1.203201577354146234e+00	1.264682723351609717e+01	3.376004635035602330e+00	8.482896999963076112e+00
1.209486844441705733e+00	1.254051907130527432e+01	3.200998245853655444e+00	8.434908412317769333e+00
1.215763902074809888e+00	1.242149576805602251e+01	3.162159023213681586e+00	8.523524080051341656e+00
1.222049755171146668e+00	1.219625107291680521e+01	3.182602173534617052e+00	8.212120971534840663e+00
1.228340616621486969e+00	1.207382431226970709e+01	3.138711919967903885e+00	8.308015079305974382e+00
1.234632986576932767e+00	1.195932316524410943e+01	3.064085337554551369e+00	8.309467773435933680e+00
1.240902247176856488e+00	1.185150281597110222e+01	3.058801624342383896e+00	8.355349521871175966e+00
1.247174839144687519e+00	1.174383119545973742e+01	3.053374285628257745e+00	8.214959756170737037e+00
1.253465459933442272e+00	1.159367319754391090e+01	2.902712948954176753e+00	8.194996171755123626e+00
1.259749951892178421e+00	1.141636845872598549e+01	2.938831334474471202e+00	8.159243499005429001e+00
1.266032143127253873e+00	1.135806831689838603e+01	3.003455408395721893e+00	8.456442707280180215e+00
1.272316288472006507e+00	1.122547621644075200e+01	2.972304988691008454e+00	8.247947296485193647e+00
1.278604155058621350e+00	1.112647895837870493e+01	2.821648984984955977e+00	8.135133646088526405e+00
1.284886588933593865e+00	1.100946468101810893e+01	2.911081393768222725e+00	8.419900138210914875e+00
1.291175420066583257e+00	1.091638452184351316e+01	2.863800192463938465e+00	8.271602840251285116e+00
1.297465726373772332e+00	1.083473090347703227e+01	2.800704642080809936e+00	8.352947484427357239e+00
1.303741827011944299e+00	1.071682714278415460e+01	2.871260559319306793e+00	8.248027329740175162e+00
1.310017322922761851e+00	1.059226428438183554e+01	2.671123613889215154e+00	8.144387361292523053e+00
1.316301447662886703e+00	1.049628039753110897e+01	2.954839575383207961e+00	8.237158648318368748e+00
1.322586760363303249e+00	1.037450984539828625e+01	2.858107330457889450e+00	8.043786384163878367e+00
1.328865492452874664e+00	1.031445323677011316e+01	2.947842546798821406e+00	8.272781344774710277e+00
1.335144804954555564e+00	1.022814180563079134e+01	2.765878663142194327e+00	8.216303462591671547e+00
1.341440516272275119e+00	1.012998921550922127e+01	2.826269509955712689e+00	8.347778577139422396e+00
1.347730868417094552e+00	1.002582066881115708e+01	2.896512692764569685e+00	8.185910537949117938e+00
1.354001589994877630e+00	9.921466816876311157e+00	2.697892679773929991e+00	8.134510114691394733e+00
1.360282609297778444e+00	9.884463939520697906e+00	2.803618658514394291e+00	8.354693765960577778e+00
1.366565686457597906e+00	9.780258593076094797e+00	2.721287003349262879e+00	8.196262146370523638e+00
1.372851498482432708e+00	9.705792215172632353e+00	2.828204989197016683e+00	8.131402973209352680e+00
1.379135372929401804e+00	9.630845666138725392e+00	2.823827390103156976e+00	8.450642654459963765e+00
1.385409567149057164e+00	9.525778900430694307e+00	2.727272711527968685e+00	8.144823686266889240e+00
1.391698641219299315e+00	9.436671337668123272e+00	2.703977275151123294e+00	8.205284334505931199e+00
1.397984451439470810e+00	9.386449774491682163e+00	2.782658981341297633e+00	8.329663882843806988e+00
1.404267883409181961e+00	9.315768307371635970e+00	2.905631490895885349e+00	8.261412066636278695e+00
1.410554779484869181e+00	9.260452209325499950e+00	2.800263272696987382e+00	8.217972841364458603e+00
1.416837833547465397e+00	9.172621963207623352e+00	2.812701271984332063e+00	8.246562547571542723e+00
1.423118177187137068e+00	9.106150286920588144e+00	2.794007645916716243e+00	8.274035195976145118e+00
1.429397801164240089e+00	9.053262207259990646e+00	2.825805252025180625e+00	8.265162391520261664e+00
1.435686921822787232e+00	8.966827507578704726e+00	2.854375995828565493e+00	8.357250779017105558e+00
1.441977121769299597e+00	8.914929900041160593e+00	2.878412138022494737e+00	8.349469295480728803e+00
1.448253667853332427e+00	8.860349146452461966e+00	2.866728848623754988e+00	8.400599592663889226e+00
1.454532348972172651e+00	8.784656746103404856e+00	2.841863270517783757e+00	8.351990416602086853e+00
1.460819319151879903e+00	8.728409825376083120e+00	2.853404782061986111e+00	8.340677365087927342e+00
1.467110364402026468e+00	8.665217048199552963e+00	2.851317776133318826e+00	8.329371354771243574e+00
1.473392908948962132e+00	8.618379237065159515e+00	2.908069966418870056e+00	8.455597189151360382e+00
1.479669965243598950e+00	8.571805565078749467e+00	3.014536559106323566e+00	8.539204160519473064e+00
1.485956144602843532e+00	8.503692908112233440e+00	2.915720132020923394e+00	8.436909614953021830e+00
1.492233610763115115e+00	8.456476077917734813e+00	2.947956926474887940e+00	8.397125506616688995e+00
1.498502470379980078e+00	8.441907663226029257e+00	3.001885348784740337e+00	8.586285441361864557e+00
1.504785752051182701e+00	8.349425804311854549e+00	2.943233412329089749e+00	8.477963783733272862e+00
1.511075991894575976e+00	8.307750584134570460e+00	3.021889727438642925e+00	8.452773532604346940e+00
1.517361634985162189e+00	8.269599270483912079e+00	2.892347041897401994e+00	8.529497856002823397e+00
1.523648570969130533e+00	8.225236844615277931e+00	2.964104402973378072e+00	8.513308683898880957e+00
1.529938035715892264e+00	8.166861198855098536e+00	3.030270945164280860e+00	8.525195347207384700e+00
1.536230176913891965e+00	8.099770191965687260e+00	3.013915072339775847e+00	8.527263751320088403e+00
1.542510718779388279e+00	8.093569387189294417e+00	3.071717214055967204e+00	8.632351127035581939e+00
1.548783963082980275e+00	8.073431845506259918e+00	3.104534451236405257e+00	8.731977147574063736e+00
1.555073069779651318e+00	7.985681346439286621e+00	3.051518659958396551e+00	8.586058044729082184e+00
1.561357324927233892e+00	7.964404236884644384e+00	3.128551062415194206e+00	8.636493481195337552e+00
1.567629121053141006e+00	7.932261016396727982e+00	3.057668227922219817e+00	8.694963261253557008e+00
1.573913697404382583e+00	7.900678643136727075e+00	3.109099170530464473e+00	8.751354567809817908e+00
1.580203545230874029e+00	7.848976380263478880e+00	3.142297707425253606e+00	8.745827758148202236e+00
1.586485393434537983e+00	7.825194159216763090e+00	3.054342161594919336e+00	8.778946543001916680e+00
1.592760014263005841e+00	7.782960511514079194e+00	3.122950240155470958e+00	8.802089329455730748e+00
1.599046436394670812e+00	7.759692298216903872e+00	3.128958544875069414e+00	8.802885261381065973e+00
1.605342136637478934e+00	7.733229344636853853e+00	3.193578934491431376e+00	8.924339624132747062e+00
1.611619860919608627e+00	7.707038639451064377e+00	3.175438828847165773e+00	8.874576422713758461e+00
1.617897597081673799e+00	7.666312315228587693e+00	3.118566520422335842e+00	8.832514052718275721e+00
1.624183235481122756e+00	7.611051286233161406e+00	3.211120995804442657e+00	8.859332556906380773e+00
1.630464598531913722e+00	7.614095173453317322e+00	3.194125845290663790e+00	8.927329720653370160e+00
1.636748985747638274e+00	7.541112995721643841e+00	3.174745146556534614e+00	8.894261420389169004e+00
1.643030923698886259e+00	7.560769595622171657e+00	3.155002067855160242e+00	9.030170337837763128e+00
1.649309176648513064e+00	7.502788614392213340e+00	3.264331383981722290e+00	8.984920341120389509e+00
1.655593633940351861e+00	7.496408938174536907e+00	3.175371678428934974e+00	8.959679886703241891e+00
1.661879571405086464e+00	7.447931082374659617e+00	3.199729628731293740e+00	8.941183774716744637e+00
1.668169361685170271e+00	7.478677685449408585e+00	3.181999303749807773e+00	9.114785886401092441e+00
1.674450151530487485e+00	7.438352003361922371e+00	3.291214493701474897e+00	9.139538122422846911e+00
1.680722718978495900e+00	7.403956883175474957e+00	3.253791356447518712e+00	9.137709751229051491e+00
1.687013891340952476e+00	7.390101287286190868e+00	3.237345402887615631e+00	9.140241796531750396e+00
1.693308984907921033e+00	7.360473681764434950e+00	3.198631622475568648e+00	9.123109941815153334e+00
1.699582147428448486e+00	7.351955654458454781e+00	3.233441927751186107e+00	9.218447526923524649e+00
1.705863747055134105e+00	7.334877999868459675e+00	3.297091283324317779e+00	9.204108527261805506e+00
1.712154434283889470e+00	7.310434908075071014e+00	3.151659220276529894e+00	9.190800362628511522e+00
1.718438381579399321e+00	7.294038580712920883e+00	3.173228272801052352e+00	9.140740061920988424e+00
1.724721264464063930e+00	7.289524642017010336e+00	3.206998298063850061e+00	9.321645654510065881e+00
1.730997441276920679e+00	7.266521654424659360e+00	3.188654299248038448e+00	9.271177472669897668e+00
1.737287073528269499e+00	7.241661140062700674e+00	3.215610770033697996e+00	9.313745105395595303e+00
1.743567991878527401e+00	7.231504979609269412e+00	3.176615803082645240e+00	9.368888223190779740e+00
1.749840680212231048e+00	7.229486110531698095e+00	3.166080655053223669e+00	9.337957820156766786e+00
1.756128549091961144e+00	7.226742610847162851e+00	3.206931461651447712e+00	9.369876635628600070e+00
1.762413535324792502e+00	7.181724773646265270e+00	3.165926256183325016e+00	9.321805396843606317e+00
1.768696187669963837e+00	7.193978422169981179e+00	3.154794621997042192e+00	9.417499280887343005e+00
1.774979359379055266e+00	7.168631473409445398e+00	3.167607071364535898e+00	9.361858786437858626e+00
1.781265555576432957e+00	7.177127472230603544e+00	3.123442939837211441e+00	9.499156136965961394e+00
1.787549427830244619e+00	7.135803405123701815e+00	3.103944162983145461e+00	9.399783889526828418e+00
1.793834120011633004e+00	7.160440140989235758e+00	3.099380225385976129e+00	9.542516580768673151e+00
1.800115051552487300e+00	7.145199800838271997e+00	3.068046706547906233e+00	9.528136987692215953e+00
1.806393904854530330e+00	7.110949367062522342e+00	3.061174447552011291e+00	9.394851380982322198e+00
1.812674089667083432e+00	7.123305774326170514e+00	3.090735731163791300e+00	9.487072732277773923e+00
1.818956920109354058e+00	7.129957444565648395e+00	3.053126187609502384e+00	9.576316514201648644e+00
1.825244164118212220e+00	7.124672639930307305e+00	3.070273868363774916e+00	9.654043712347707640e+00
1.831527256642196955e+00	7.130698394815693675e+00	3.017180810394694213e+00	9.578391680888753257e+00
1.837811294935716599e+00	7.090840100160858306e+00	3.008537257148863553e+00	9.526654853692946290e+00
1.844100717411196744e+00	7.109764990148016217e+00	3.002261887292316356e+00	9.599882486172230500e+00
1.850384816792487230e+00	7.097573531589625340e+00	2.953277023580237248e+00	9.602611100824336887e+00
1.856666059735203822e+00	7.105701951920939230e+00	2.944053029098179231e+00	9.656505644254112397e+00
1.862947728675613979e+00	7.093208088011759394e+00	2.927983701510241676e+00	9.728123878073715147e+00
1.869229324466858078e+00	7.107464492017544266e+00	2.896112543090166636e+00	9.759506352191097633e+00
1.875517616802973686e+00	7.089022417921648334e+00	2.840621122490663453e+00	9.655651990859016820e+00
1.881800769033795229e+00	7.103052483745659451e+00	2.849774322157336837e+00	9.670337537466435762e+00
1.888078863416442710e+00	7.078145674061363302e+00	2.755611241233067332e+00	9.668529763480751882e+00
1.894353975182237582e+00	7.112036788095055684e+00	2.753247875585186577e+00	9.817837156153354172e+00
1.900642716154182565e+00	7.081488888307770679e+00	2.639091434626291033e+00	9.653592172538967731e+00
1.906933494748685121e+00	7.112894953972467960e+00	2.689550138243958610e+00	9.769440410885369630e+00
1.913207568676573933e+00	7.110905084037905333e+00	2.632667371728742989e+00	9.750363320925490740e+00
1.919490884732178992e+00	7.114945105703559314e+00	2.591838713581452236e+00	9.823526488222531938e+00
1.925776855684274480e+00	7.102691432655344528e+00	2.576382979770639015e+00	9.809833466769777743e+00
1.932064452961978152e+00	7.106902366705281082e+00	2.516024420659219274e+00	9.790849658034623815e+00
1.938342610030488800e+00	7.130024718407629081e+00	2.579515450930092602e+00	9.923193016150287704e+00
1.944618341543410178e+00	7.125287338520587710e+00	2.490648227607845211e+00	9.880031560549086933e+00
1.950906260203513876e+00	7.114859628746742715e+00	2.449205816159517823e+00	9.804253636658614823e+00
1.957194556613796488e+00	7.123111580193157266e+00	2.507210598045185090e+00	9.863118191656354838e+00
1.963479614559011432e+00	7.129809373721926136e+00	2.372386658319910691e+00	9.848287918768214411e+00
1.969760361532916226e+00	7.123323149630677698e+00	2.378443952276080076e+00	9.870242540968424905e+00
1.976048367034604736e+00	7.134855651739544058e+00	2.291510426315192195e+00	9.864163196212274443e+00
1.982337990217652335e+00	7.162253683264155235e+00	2.272255961840858873e+00	9.980886542298744502e+00
1.988617489259562721e+00	7.184345759349977989e+00	2.183105754890970918e+00	1.001918349882843096e+01
1.994896320665194178e+00	7.181251747752703807e+00	2.168473485153173286e+00	9.976179901490334956e+00
2.001179596222827151e+00	7.180323881918764251e+00	2.139863018257970761e+00	9.918451058602171244e+00
2.007459756923499761e+00	7.199573330629534418e+00	2.137992503450406367e+00	1.003402143835449145e+01
2.013737397779169935e+00	7.216863723824644694e+00	2.030713051477888609e+00	9.984584357364459706e+00
2.020017234677497164e+00	7.213642819527906980e+00	2.015640791552888000e+00	1.004275986395394149e+01
2.026310251015072783e+00	7.231140313207842674e+00	1.903811785342777618e+00	1.006200586224301041e+01
2.032600542948020284e+00	7.249950475364763669e+00	1.906904465436802587e+00	1.015911769366137740e+01
2.038873863192099289e+00	7.252902431953382134e+00	1.869244990188678734e+00	1.006414288967970272e+01
2.045154087821675404e+00	7.282898321871859260e+00	1.792191022585903459e+00	1.014509406921656343e+01
2.051444704514288730e+00	7.287484900546129296e+00	1.736576575091262731e+00	1.007808629517238508e+01
2.057730430280644729e+00	7.300741861618596396e+00	1.722875802682703128e+00	1.017485607273946613e+01
2.064013940455224461e+00	7.310223778614712842e+00	1.715121378413203113e+00	1.012997482501388191e+01
2.070299891179459895e+00	7.319780791295816158e+00	1.575606748465288476e+00	1.007795063871595964e+01
2.076589719964883951e+00	7.359385577412931312e+00	1.442463316712381260e+00	1.013650846288111751e+01
2.082865483794470673e+00	7.355859116605094172e+00	1.475904996952182469e+00	1.014877848937972260e+01
2.089134494859368640e+00	7.367603048781449893e+00	1.420648328846631170e+00	1.017842460676323846e+01
2.095424211360070288e+00	7.391276393780847442e+00	1.338615241211407625e+00	1.020767417545754085e+01
2.101707116664804254e+00	7.394868105467954145e+00	1.345457015472583118e+00	1.021086809140649976e+01
2.107986473933564309e+00	7.424492766401110444e+00	1.254190885033982905e+00	1.025686255932825830e+01
2.114271806543862375e+00	7.418737937964587914e+00	1.289478059556445899e+00	1.017620937372711865e+01
2.120552717288892275e+00	7.462611515374699245e+00	1.180501645444616443e+00	1.026599988898118809e+01
2.126836933207161717e+00	7.451990384803346856e+00	1.130660370037453788e+00	1.022223068564655613e+01
2.133122044791171845e+00	7.506387750648491064e+00	9.734829502076706165e-01	1.032858430186463217e+01
2.139411711910842673e+00	7.519661986128492792e+00	1.028209085422878033e+00	1.031459105145228961e+01
2.145697076775292089e+00	7.533762920708710453e+00	9.364967177388177078e-01	1.033508978534977096e+01
2.151973548606471276e+00	7.572632179105764472e+00	8.280120760187273943e-01	1.039703583549784760e+01
2.158259913555724108e+00	7.565992437014089411e+00	8.136951918456382105e-01	1.031378716869627610e+01
2.164545396699105506e+00	7.591527472080524142e+00	7.595693033753936341e-01	1.039077181657872373e+01
2.170830700377734068e+00	7.596994535322142639e+00	6.957811109585784193e-01	1.032281169799742138e+01
2.177114138849150393e+00	7.658456564628726149e+00	5.636619750752525082e-01	1.042997570558872766e+01
2.183387647576827018e+00	7.631537730709694323e+00	5.742853681608043326e-01	1.035498570099819560e+01
2.189670273687676971e+00	7.690225404880258075e+00	5.352998960312894683e-01	1.045092214943179165e+01
2.195960147934207463e+00	7.687856223420948432e+00	4.402982100737565241e-01	1.037706981237878701e+01
2.202242556317716371e+00	7.733635510084406306e+00	3.417328749523332321e-01	1.044796214874469342e+01
2.208521655981037668e+00	7.739289044357459346e+00	3.238477525887702990e-01	1.049412968343585106e+01
2.214804637081333016e+00	7.779120564987064057e+00	2.625066411342956152e-01	1.053130251395154282e+01
2.221092583349425276e+00	7.780878106362345115e+00	1.930446697194352079e-01	1.049322975469967290e+01
2.227372893591468728e+00	7.817632302277862877e+00	1.161481233675864255e-01	1.050754520408321113e+01
2.233657161144248171e+00	7.845714298308549495e+00	9.448587210941603032e-02	1.050559773631438176e+01
2.239943485394438660e+00	7.863402966736372512e+00	-5.140142867883670114e-02	1.052279736362413409e+01
2.246224175264620815e+00	7.886140809913882777e+00	-9.774319440965290040e-02	1.055752668140518580e+01
2.252506378421252009e+00	7.888420485621176148e+00	-8.590384125585273645e-02	1.050622417515049989e+01
2.258783417054270437e+00	7.943034885081931229e+00	-2.181530623081676945e-01	1.061835173072951655e+01
2.265069077371457684e+00	7.932684722316076353e+00	-2.475496889208521623e-01	1.048769835485929036e+01
2.271350377044131452e+00	8.006362147900901505e+00	-3.252552213593867259e-01	1.063176495221713758e+01
2.277633995145353918e+00	7.992596633638149761e+00	-3.684553712539068160e-01	1.056190017369209677e+01
2.283922419579920149e+00	8.050221598783645405e+00	-4.416008073579273940e-01	1.072223836019666088e+01
2.290202874392252674e+00	8.063156391683676816e+00	-5.477307744903882059e-01	1.066108035978851731e+01
2.296490779970905560e+00	8.108446226601614626e+00	-5.576635594723399203e-01	1.069174780482112475e+01
2.302771769934229162e+00	8.090133880345934614e+00	-5.579153824663015682e-01	1.067513316744116203e+01
2.309051364164305564e+00	8.141110082726846997e+00	-6.710510944548759849e-01	1.066435700596493064e+01
2.315338502539088239e+00	8.145951953855904648e+00	-7.786222740056787384e-01	1.066611062742234495e+01
2.321627336503874428e+00	8.186243862365570223e+00	-8.028064031070151207e-01	1.067603140982971155e+01
2.327911878297218795e+00	8.214699464403812712e+00	-9.046146747867639393e-01	1.074727108235200923e+01
2.334186238580297168e+00	8.258692660267580976e+00	-9.447282209967637900e-01	1.074733739998228188e+01
2.340467971862688401e+00	8.254681630050916041e+00	-9.750493211589169595e-01	1.069994192136132405e+01
2.346756940970738725e+00	8.304587168569488753e+00	-1.073247927009250757e+00	1.083484759808189501e+01
2.353044444556199988e+00	8.327093754156749128e+00	-1.142112547744332351e+00	1.072709917898438015e+01
2.359327653314069906e+00	8.347412610455396731e+00	-1.180705733011868652e+00	1.079881768944237308e+01
2.365603048789861607e+00	8.352290390036722911e+00	-1.185932708561490578e+00	1.072399032702647403e+01
2.371885911737665165e+00	8.393673059289920246e+00	-1.346343727547258950e+00	1.079194506986327795e+01
2.378173303594019572e+00	8.435220359297050052e+00	-1.338758820390841819e+00	1.081231077378025418e+01
2.384454016539381271e+00	8.469648331251210749e+00	-1.437748234888365007e+00	1.085471517672425890e+01
2.390736447344785187e+00	8.481914710821508052e+00	-1.441544632554346173e+00	1.081380998168414820e+01
2.397014133897952259e+00	8.498086979175711875e+00	-1.485247677677897116e+00	1.079634721193574265e+01
2.403295490074321972e+00	8.546297100518771117e+00	-1.547279627401624946e+00	1.087167795507894930e+01
2.409585049672506862e+00	8.551266613678322415e+00	-1.606998592132030224e+00	1.086527088576321809e+01
2.415871703165322071e+00	8.575338148228121682e+00	-1.754829497847831599e+00	1.073061660481758040e+01
2.422160652369088840e+00	8.627662551640487010e+00	-1.763817299192192989e+00	1.089654414739326782e+01
2.428440167222748691e+00	8.643178928791021676e+00	-1.844977318125535559e+00	1.088624692124068360e+01
2.434717472383889803e+00	8.682684485250936390e+00	-1.902867774328610873e+00	1.083688676851000210e+01
2.441002456202044257e+00	8.711570262927340380e+00	-1.905087150236632887e+00	1.090328247253427918e+01
2.447289980304530488e+00	8.744809348974557750e+00	-1.967275279282491907e+00	1.091276248556373751e+01
2.453571844729242279e+00	8.761612079651493801e+00	-1.999879362731819432e+00	1.092432982567977717e+01
2.459852705114058846e+00	8.781729688138360856e+00	-2.047098313312963658e+00	1.089453480131989238e+01
2.466139233225018934e+00	8.820874469091060988e+00	-2.128744992263830849e+00	1.086382124618497080e+01
2.472421963421291391e+00	8.849217574765050998e+00	-2.175021428068209861e+00	1.091203596035777323e+01
2.478698519174224568e+00	8.882152693781565134e+00	-2.234161520539599266e+00	1.092744412659687292e+01
2.484980841400355800e+00	8.893826663508116681e+00	-2.257276777211413066e+00	1.094832148937994987e+01
2.491269319409339822e+00	8.915602356695302433e+00	-2.249899656661644709e+00	1.083625599073078938e+01
2.497548505139029373e+00	8.967377806423650455e+00	-2.347867983015039073e+00	1.099770311759370678e+01
2.503831667172610853e+00	8.987133687917467029e+00	-2.460568178256826055e+00	1.099834455710300318e+01
2.510117938323931153e+00	8.986133014090684767e+00	-2.395519783246103707e+00	1.089706515661560005e+01
2.516400733681277480e+00	9.018887630541156497e+00	-2.470665289538360732e+00	1.095773219774788387e+01
2.522688226833368130e+00	9.070806761837316046e+00	-2.487545027226358396e+00	1.089759931606693399e+01
2.528971695852665569e+00	9.080555706263117699e+00	-2.569010967244627075e+00	1.097604767516117974e+01
2.535252039407670299e+00	9.088143914790373756e+00	-2.565743532266298477e+00	1.080542052065994874e+01
2.541537514142774512e+00	9.150788930643837915e+00	-2.676325093963867641e+00	1.098809108407527724e+01
2.547823008847572179e+00	9.156515695672993616e+00	-2.681845038494259814e+00	1.091401168050422399e+01
2.554100666580690238e+00	9.216162984022981064e+00	-2.801514977218483970e+00	1.100980347157343786e+01
2.560376788884177301e+00	9.196823497450433038e+00	-2.756616307490100670e+00	1.088166087453447162e+01
2.566667521601497359e+00	9.230297323387683051e+00	-2.786388456110213241e+00	1.086464993516493394e+01
2.572955062237090473e+00	9.260190527776037683e+00	-2.808504233870972921e+00	1.087698471159219160e+01
2.579233771797999175e+00	9.303491604833952877e+00	-2.928301025621113940e+00	1.092462203030405554e+01
2.585520164300948220e+00	9.328075818610455983e+00	-2.960098218982133655e+00	1.092951430825378800e+01
2.591805130332431872e+00	9.363342050945025363e+00	-3.027602555417649111e+00	1.095096075184693163e+01
2.598084074692260881e+00	9.363748227905347221e+00	-2.999363411106735988e+00	1.090318179254508912e+01
2.604360404197643586e+00	9.392598710841193466e+00	-3.052849771219582120e+00	1.091137698561600189e+01
2.610647185140439142e+00	9.423648380888279164e+00	-3.037869931773002907e+00	1.086662734841118017e+01
2.616931864059273138e+00	9.453993174194799565e+00	-3.101963351368662636e+00	1.091775419845315653e+01
2.623206107911065565e+00	9.468721149600350273e+00	-3.128252324897109915e+00	1.085790519650078778e+01
2.629491626543270844e+00	9.495833357434152688e+00	-3.190697012081043837e+00	1.086081639551218991e+01
2.635778507982642349e+00	9.543837688001561403e+00	-3.235865604446722443e+00	1.096793143114706837e+01
2.642061039325260818e+00	9.521751198823249496e+00	-3.194406200169766841e+00	1.072020263546665397e+01
2.648343840729305843e+00	9.587979084805748897e+00	-3.204607481508449762e+00	1.088596755191960952e+01
2.654631838974855551e+00	9.590210975605216959e+00	-3.221713940290724221e+00	1.081759949361270401e+01
2.660919001246303761e+00	9.635140871514019878e+00	-3.269841237751297314e+00	1.086692775014920365e+01
2.667198525130066056e+00	9.666811935647485754e+00	-3.322974272439299881e+00	1.091935578766713810e+01
2.673484307038032526e+00	9.672298084739482604e+00	-3.340813427944895775e+00	1.083599511437814300e+01
2.679773388053849459e+00	9.709198194240952873e+00	-3.393874795081361473e+00	1.083403250762744463e+01
2.686058217632288692e+00	9.730138661805321831e+00	-3.430833843058145316e+00	1.082716230219688747e+01
2.692338738200057868e+00	9.780079126217264829e+00	-3.432639281038062151e+00	1.087686376083500051e+01
2.698618022887226964e+00	9.793579184153182737e+00	-3.492488347001617477e+00	1.082396252743622966e+01
2.704895450708277860e+00	9.803386355962212306e+00	-3.506775821461776577e+00	1.079877142949827551e+01
2.711175674923682166e+00	9.820637236687216998e+00	-3.528684640061486633e+00	1.080587113207543659e+01
2.717459832966957922e+00	9.859102483671893680e+00	-3.518074858010540318e+00	1.078077162444273362e+01
2.723745731959044569e+00	9.874988739995316678e+00	-3.599952577575785462e+00	1.075409354386792415e+01
2.730038414850594730e+00	9.894096210134716074e+00	-3.516186993572844255e+00	1.078169412521648951e+01
2.736317989800789441e+00	9.938453908147900862e+00	-3.612641270077372013e+00	1.083120937248900795e+01
2.742591858549239703e+00	9.965911776608930239e+00	-3.645451799916172408e+00	1.078968598791822231e+01
2.748879749010778362e+00	1.001041932797395262e+01	-3.623755726278422351e+00	1.085630395599648423e+01
2.755163403825859447e+00	1.002461877411350244e+01	-3.652833356811505894e+00	1.081757558781833062e+01
2.761446955625852073e+00	1.004478451206355238e+01	-3.645532893063208046e+00	1.080044885184196879e+01
2.767732088935374701e+00	1.006467786502772199e+01	-3.715955051836548506e+00	1.084523669776568511e+01
2.774015452421743966e+00	1.009873439425300390e+01	-3.762794029422189102e+00	1.081599066009597010e+01
2.780298635700591436e+00	1.011185569239909121e+01	-3.720854603247401915e+00	1.072507843576488362e+01
2.786577474762241380e+00	1.014801716343187721e+01	-3.764035181421644616e+00	1.080015195112431137e+01
2.792857983210164541e+00	1.018493788521916343e+01	-3.793972805225007683e+00	1.078141401997604554e+01
2.799143790920211483e+00	1.020645808867599769e+01	-3.838712341094150826e+00	1.083994289894629759e+01
2.805430058399325244e+00	1.023109410480277148e+01	-3.832295977877493875e+00	1.081567851369556443e+01
2.811715058209780072e+00	1.024584431022126907e+01	-3.841696145909243132e+00	1.071793530025072450e+01
2.817989272498773623e+00	1.027369873798727085e+01	-3.874079307021111696e+00	1.076658207673549406e+01
2.824269171595737760e+00	1.031571143952159808e+01	-3.897974001301297786e+00	1.074964645223034054e+01
2.830563016441804081e+00	1.032902920010731762e+01	-3.878472566434437052e+00	1.082101755996274406e+01
2.836848750951622034e+00	1.037046336764879051e+01	-3.948021600660580166e+00	1.078339940778479900e+01
2.843130027866129783e+00	1.040613339417672201e+01	-3.971198821560129488e+00	1.080051215166310818e+01
2.849413896912404986e+00	1.042787485364046240e+01	-3.955157152212990468e+00	1.080360817454401712e+01
2.855697464522425566e+00	1.046144314162760658e+01	-3.942383199830696405e+00	1.081958730527162516e+01
2.861978799810683594e+00	1.049942769456576208e+01	-4.037720607580052246e+00	1.089912199135629578e+01
2.868262469415629567e+00	1.051881088729969704e+01	-4.003616280459417531e+00	1.084708040132436224e+01
2.874547359206753860e+00	1.055193262676736410e+01	-4.056423544629295996e+00	1.084427304275268611e+01
2.880831111471525041e+00	1.056268235331580563e+01	-4.041992435962174390e+00	1.085457761578835445e+01
2.887113216972382546e+00	1.059619633184730070e+01	-4.031103228363308588e+00	1.082394538964106090e+01
2.893394504725182781e+00	1.059781057115708514e+01	-4.033793195753470506e+00	1.076325222943665949e+01
2.899673662137033592e+00	1.066557304402621575e+01	-4.094560442168480030e+00	1.087777211770805863e+01
2.905953958587380814e+00	1.069248045739973030e+01	-4.125367301757342453e+00	1.089490407726701804e+01
2.912241118105161064e+00	1.072334365867666683e+01	-4.155999284594993348e+00	1.099996679136018152e+01
2.918525996366671205e+00	1.074485339938452810e+01	-4.125303910397279061e+00	1.090515098047422704e+01
2.924809035425688819e+00	1.076483743210411248e+01	-4.147054610704487665e+00	1.091714136017177417e+01
2.931095916293684933e+00	1.081103310186067112e+01	-4.162647632086473592e+00	1.089685946177864295e+01
2.937378182606774413e+00	1.085946823554099261e+01	-4.183083178164800131e+00	1.102037314939387436e+01
2.943659980254369923e+00	1.087379094357908293e+01	-4.192192361685831870e+00	1.096904869109815372e+01
2.949946454403890250e+00	1.091183788491679607e+01	-4.147790689669534459e+00	1.099498308881610598e+01
2.956227653702202307e+00	1.093989214010292166e+01	-4.199728431050739452e+00	1.095706815370798637e+01
2.962510478867462993e+00	1.095868640824553175e+01	-4.178621591299251037e+00	1.098051414567010475e+01
2.968796535179442309e+00	1.101346509995083167e+01	-4.273985018988492257e+00	1.110256757259800331e+01
2.975077657376874907e+00	1.105403993449192157e+01	-4.248862238392914215e+00	1.114145858302339498e+01
2.981359866759223376e+00	1.105572270164266335e+01	-4.227900670721446375e+00	1.109516228336937615e+01
2.987646761575656562e+00	1.112662046169812768e+01	-4.288521366769556309e+00	1.124243782765381283e+01
2.993929038370399365e+00	1.113631257218444226e+01	-4.306714046177448019e+00	1.117538689729903467e+01
3.000206214840962726e+00	1.118259712092163838e+01	-4.311178705010149770e+00	1.121245021228241612e+01
3.006486172402415669e+00	1.120300414413207868e+01	-4.308902770512567315e+00	1.121082450688257559e+01
3.012769812211594456e+00	1.124769458816497725e+01	-4.341169884073063479e+00	1.123773494810993512e+01
3.019053144326170113e+00	1.128137187953036680e+01	-4.367368475506620662e+00	1.131594642653942628e+01
3.025337405144251424e+00	1.131874327170199201e+01	-4.351329667940046164e+00	1.134458590632703689e+01
3.031623734799107961e+00	1.138169831049086156e+01	-4.414329317956166676e+00	1.145944919916609273e+01
3.037908962055872575e+00	1.141979037444551182e+01	-4.480124995401317811e+00	1.150397280149753065e+01
3.044195067146031608e+00	1.144872706605005419e+01	-4.427061857524062560e+00	1.155830480454131504e+01
3.050475543482170426e+00	1.149869638851422593e+01	-4.486570774338169088e+00	1.153136852255658162e+01
3.056754954538277502e+00	1.152633690713144432e+01	-4.410385631309549304e+00	1.153923067294021898e+01
3.063040539557494668e+00	1.154153658322295328e+01	-4.459997443483395330e+00	1.153112106299712991e+01
3.069323699454357346e+00	1.159444160064593987e+01	-4.433764716217078572e+00	1.156384416216108235e+01
3.075610692642898769e+00	1.163694180906132303e+01	-4.526806608531128262e+00	1.166936082294107457e+01
3.081893798009918584e+00	1.168262793624464990e+01	-4.530718010952157648e+00	1.171588057597347543e+01
3.088174549548037717e+00	1.173439653924366333e+01	-4.559049474414492487e+00	1.176923482800884280e+01
3.094458635632868493e+00	1.178475505735509721e+01	-4.619004004426148668e+00	1.196224687620381744e+01
3.100743982931558840e+00	1.180186168741895969e+01	-4.541137888502469799e+00	1.191390301752780800e+01
3.107028111748448396e+00	1.185069085989393045e+01	-4.666046518182998426e+00	1.204200866760173305e+01
3.113309299655494300e+00	1.189167991221307830e+01	-4.638433769101750315e+00	1.194189433249402477e+01
3.119590662867241626e+00	1.192686256181619697e+01	-4.641388765283547713e+00	1.204985321116440034e+01
3.125874006820172912e+00	1.200286715031131379e+01	-4.677217482786936387e+00	1.214357174413240337e+01
3.132159251154602586e+00	1.204970419192158992e+01	-4.694562063020035758e+00	1.227873278782673694e+01
3.138439172765940643e+00	1.209348674425074677e+01	-4.716887160698469472e+00	1.233957843517914732e+01
3.144723867719826593e+00	1.213784356186736524e+01	-4.793264386152760181e+00	1.234481591288971103e+01
3.151003951258561031e+00	1.218905805498807915e+01	-4.768236359278421155e+00	1.247485904766208620e+01
3.157283664131563139e+00	1.222980101787499763e+01	-4.781292012696206406e+00	1.247073642530049398e+01
3.163569317183839935e+00	1.228711153773575759e+01	-4.845186996245138822e+00	1.257319834213559417e+01
3.169851661717792091e+00	1.234437233502086428e+01	-4.871428562418494757e+00	1.265157556951226958e+01
3.176137704316093657e+00	1.239539967582055979e+01	-4.923395731920761520e+00	1.271353808539906538e+01
3.182420924828643916e+00	1.243816317618136225e+01	-4.908523090189162552e+00	1.284615146115555007e+01
3.188702811875577581e+00	1.248721216267234269e+01	-4.904076113981094664e+00	1.289359626010089066e+01
3.194990520008989865e+00	1.255938975492941623e+01	-4.940833836251200317e+00	1.303192581143377815e+01
3.201275324656983834e+00	1.262052580222353626e+01	-5.038287381932161857e+00	1.313224982585488299e+01
3.207551352179861759e+00	1.268703810248822883e+01	-5.049906787391441831e+00	1.323163251474140090e+01
3.213835216737041645e+00	1.274825532715135346e+01	-5.092753309330127820e+00	1.338139283596443363e+01
3.220122579819103770e+00	1.264505748385506401e+01	-4.802326863721324557e+00	1.275685071885031974e+01
3.226406606618656525e+00	1.242235883032402910e+01	-4.295697022392651832e+00	1.156048532633629122e+01
3.232687390085645429e+00	1.222143378824968707e+01	-3.803269513954667502e+00	1.040489812093724353e+01
3.238969121280456331e+00	1.205229396358785543e+01	-3.340284988555213275e+00	9.433653686893363144e+00
3.245254751548589667e+00	1.188045952856954735e+01	-2.942592829246450936e+00	8.470259124114345894e+00
3.251534499036136783e+00	1.173112906993790538e+01	-2.602679913324100536e+00	7.507353742780788153e+00
3.257817780791052442e+00	1.162410940586764774e+01	-2.285079068642328348e+00	6.749100907578456265e+00
3.264102164154097263e+00	1.150571604547076987e+01	-2.021971374409936573e+00	5.947451649540555607e+00
3.270384152138468892e+00	1.139468213884832259e+01	-1.800183615358514455e+00	5.247650381279335363e+00
3.276669427476867735e+00	1.129475930012974239e+01	-1.553638318503807625e+00	4.585853241895579302e+00
3.282954688864507808e+00	1.122302095883329365e+01	-1.420699113625415455e+00	3.932371036089523653e+00
3.289237200334947264e+00	1.116959051190352881e+01	-1.199758378064953224e+00	3.334959963056161492e+00
3.295519587088236779e+00	1.110132142909881914e+01	-1.089027513073310249e+00	2.748170173275719996e+00
3.301805977329951958e+00	1.103546396441591426e+01	-8.841086041832965092e-01	2.204166988842909181e+00
3.308087486222440088e+00	1.098323444329718868e+01	-8.658365484418264479e-01	1.693292241790421038e+00
3.314367630234227313e+00	1.093028128463068249e+01	-6.728746550174251606e-01	1.161618972537293404e+00
3.320651909732194262e+00	1.089727555551149685e+01	-5.559116648669408800e-01	6.961218217676014008e-01
3.326931260376857047e+00	1.086765918270603670e+01	-4.752916591023342852e-01	1.313972180220364383e-01
3.333216512447217728e+00	1.082673705589010105e+01	-4.205300073376105896e-01	-2.364960386671685344e-01
3.339504489419978128e+00	1.081002424540524487e+01	-3.545083355571219119e-01	-6.618788214911137668e-01
3.345786804809928405e+00	1.077924056974860711e+01	-2.436270327521756485e-01	-1.087816617899548532e+00
3.352071130016277767e+00	1.074707566126396507e+01	-2.003198064195711448e-01	-1.497323886606557908e+00
3.358351496304225581e+00	1.072876392985381599e+01	-1.313862509106791532e-01	-1.951232491005820080e+00
3.364630591073392019e+00	1.071274572324985463e+01	-4.080809902384632815e-02	-2.354036072240287325e+00
3.370916305215045483e+00	1.070923795213198737e+01	-5.518309341989149214e-02	-2.699428487654493392e+00
3.377197952029413752e+00	1.069217573344340977e+01	-1.398544017692507357e-02	-3.065250755130894955e+00
3.383483063818085501e+00	1.068414829045825165e+01	6.023953636293754091e-03	-3.411389734714521893e+00
3.389769992424469969e+00	1.069110454001230792e+01	4.059407652708551389e-02	-3.730731244016769477e+00
3.396051330885982100e+00	1.067525789669445757e+01	9.691571397497901474e-02	-4.104520294568437144e+00
3.402330879139463971e+00	1.069858342469126100e+01	8.024035484829222797e-02	-4.363101345934246034e+00
3.408610488352048495e+00	1.069523292682317717e+01	1.013865466814432431e-01	-4.663479555651666608e+00
3.414897837696641236e+00	1.069037009244376435e+01	9.797177943853031812e-02	-5.029671460955318807e+00
3.421180484052105619e+00	1.069618839044527370e+01	1.505658536084002186e-01	-5.292276130973688097e+00
3.427461639653846870e+00	1.070128272133775127e+01	1.379978927654321452e-01	-5.589163626492615222e+00
3.433749159643459059e+00	1.072441107554433160e+01	1.712350343306455192e-01	-5.945079910366572129e+00
3.440032646656798310e+00	1.073451969642756687e+01	1.266444544809328943e-01	-6.163306938453300354e+00
3.446313366033385339e+00	1.077436282294150871e+01	1.422864494313265671e-01	-6.456008433585745721e+00
3.452600135384134905e+00	1.075266585195544167e+01	1.569587360330009784e-01	-6.713835574202254186e+00
3.458883152815406703e+00	1.076767420051411861e+01	1.435503232023070119e-01	-7.053018022973749801e+00
3.465163834403715448e+00	1.079788645827247606e+01	1.464889298887205316e-01	-7.209705181974924493e+00
3.471449329786229221e+00	1.080695356594408096e+01	1.010506175689691588e-01	-7.561789074728453741e+00
3.477734476754053894e+00	1.083513940288654354e+01	1.178272158295866484e-01	-7.805627127582490665e+00
3.484019652467224226e+00	1.085166987197781552e+01	1.287223869557695966e-01	-8.088517329233381403e+00
3.490297019369712928e+00	1.088760979475007673e+01	6.928959198726679369e-02	-8.292890662454777129e+00
3.496582486484379970e+00	1.090659219906994792e+01	9.422316428544656730e-02	-8.588341498522876094e+00
3.502868048046865024e+00	1.092727934170784110e+01	6.989278304212231951e-02	-8.812852197993075620e+00
3.509144649545451244e+00	1.095483809123810026e+01	8.370088226707791956e-02	-9.076653177637179937e+00
3.515428082003116295e+00	1.097078115702195689e+01	9.054497556283213830e-03	-9.279994736058508664e+00
3.521711031624695565e+00	1.099974628020669343e+01	-1.433122196468637408e-02	-9.525374216693075269e+00
3.527991850954735664e+00	1.101698254692265522e+01	1.251178589848727166e-02	-9.765298829452124352e+00
3.534275545726699885e+00	1.104187644894373044e+01	3.475033503090796394e-02	-1.001263583121695078e+01
3.540562632020772149e+00	1.107571107550607614e+01	-3.963660328938927585e-02	-1.019213416592568322e+01
3.546844410757220789e+00	1.111490277476654498e+01	-4.089573900524320210e-02	-1.044647415611582808e+01
3.553131386753758836e+00	1.113660239955433440e+01	-6.243374358828843868e-02	-1.066490363077516612e+01
3.559419203211965144e+00	1.116372864202581283e+01	-1.062453602959990001e-01	-1.089884512191318322e+01
3.565697971577579839e+00	1.118364376240989522e+01	-1.203430478600809456e-01	-1.105763542486277373e+01
3.571979559134798254e+00	1.122437911663661403e+01	-9.277890557645455949e-02	-1.129507551895362205e+01
3.578265774595833726e+00	1.125047802219777893e+01	-1.273684856737736515e-01	-1.158361563498359814e+01
3.584548309769353125e+00	1.130358722433944507e+01	-2.045092214965393285e-01	-1.174166271851202481e+01
3.590826843920031486e+00	1.131122182924019626e+01	-1.986853814355623027e-01	-1.196832378345940739e+01
3.597107306745233934e+00	1.134759709577030584e+01	-1.959941533481528164e-01	-1.218385485106176702e+01
3.603392831792229245e+00	1.140361470696911717e+01	-2.657870391064124926e-01	-1.233840559903995882e+01
3.609673209822572559e+00	1.141154390115609552e+01	-2.553229879613337361e-01	-1.261996812481594610e+01
3.615955412133016189e+00	1.147148069766195633e+01	-3.191835359855841880e-01	-1.275962553052285742e+01
3.622241607772384686e+00	1.148064392048777194e+01	-3.348481779622484167e-01	-1.295321882759989229e+01
3.628520252736676444e+00	1.152061628210593902e+01	-3.502752572280362076e-01	-1.317717073719822629e+01
3.634804827569451113e+00	1.153439661433781538e+01	-3.820974355311595461e-01	-1.338437896101553193e+01
3.641094981788862928e+00	1.160277611066295478e+01	-4.210446966408495362e-01	-1.352947036244089318e+01
3.647383514928639325e+00	1.162012185371028217e+01	-4.273489929209229321e-01	-1.372128315280287403e+01
3.653663283927725658e+00	1.167180665687808983e+01	-4.377237871080992826e-01	-1.397149455067634527e+01
3.659943504072155296e+00	1.170365895868499351e+01	-4.575985167014717803e-01	-1.419273965014907901e+01
3.666232000281138603e+00	1.175591368078413623e+01	-5.028008397196999102e-01	-1.433684864023979522e+01
3.672514211678317597e+00	1.178556982538432329e+01	-5.117159577712091512e-01	-1.453358854603599148e+01
3.678794154686042539e+00	1.182524774350054386e+01	-5.534084766824449719e-01	-1.469132589518708620e+01
3.685078621861909820e+00	1.183521516123792416e+01	-5.594343254738831650e-01	-1.490742645752885664e+01
3.691359210097977961e+00	1.188433076831533697e+01	-6.354533775233766058e-01	-1.502886054262989646e+01
3.697642368173791105e+00	1.191557700201509817e+01	-6.230840503123556973e-01	-1.527791644918771574e+01
3.703925796735277665e+00	1.196550333082308271e+01	-6.283774423086121441e-01	-1.548339940674115311e+01
3.710208240364660348e+00	1.199094247493083287e+01	-6.572244211362576749e-01	-1.565582518776709620e+01
3.716494593122387169e+00	1.204567198016578189e+01	-6.929845313005713603e-01	-1.586374493119996032e+01
3.722775386659595398e+00	1.207186806681228752e+01	-7.266236304314200867e-01	-1.602026615384712116e+01
3.729058392883481510e+00	1.213815506952558110e+01	-7.631743916862311350e-01	-1.618809470134006290e+01
3.735339748210807720e+00	1.218059847096282944e+01	-7.751982855394565775e-01	-1.639944559429826754e+01
3.741620776392969638e+00	1.217757689205190985e+01	-7.863719497369791034e-01	-1.657507970655036900e+01
3.747904795418762980e+00	1.223303640822719274e+01	-8.235256568688062995e-01	-1.672997262052937373e+01
3.754190633281219380e+00	1.228152768918268656e+01	-8.626913327304553958e-01	-1.686660023566850342e+01
3.760478208018912749e+00	1.234399146512820522e+01	-8.899423750168911074e-01	-1.708365732536423209e+01
3.766755538573464346e+00	1.236233651340350015e+01	-8.907721960008140316e-01	-1.729110210092401800e+01
3.773032090135151506e+00	1.240345883431346152e+01	-9.134659323754090732e-01	-1.750991028824875073e+01
3.779322553012896879e+00	1.246059263412614015e+01	-9.514962764909609128e-01	-1.762426490677205138e+01
3.785609109731308930e+00	1.249748165116123744e+01	-9.617170057546189366e-01	-1.783845575616933488e+01
3.791889825936295200e+00	1.251794063691856351e+01	-9.605756545821217962e-01	-1.795388259404959541e+01
3.798174822702435893e+00	1.257573211183126105e+01	-1.014131529528137232e+00	-1.816054642659265994e+01
3.804458658753491651e+00	1.259882036792297733e+01	-1.019165590824445466e+00	-1.833929697044194285e+01
3.810738438095723435e+00	1.266511985658086736e+01	-1.063409023322234859e+00	-1.848110249614951073e+01
3.817018850285747167e+00	1.271269320460576324e+01	-1.103432615117774018e+00	-1.866119199901010717e+01
3.823305314209427763e+00	1.276738520729948867e+01	-1.105127399571703251e+00	-1.885932016580147064e+01
3.829591295197792178e+00	1.280372597149445824e+01	-1.123421843315005608e+00	-1.907798503739381246e+01
3.835872296070849341e+00	1.284579927314561587e+01	-1.170862842854586638e+00	-1.919261355752837517e+01
3.842156279590906109e+00	1.287187576178577508e+01	-1.181949854170116998e+00	-1.936847720083165214e+01
3.848441511099312429e+00	1.292722862395847194e+01	-1.224055153057082235e+00	-1.952078161157681890e+01
3.854723334376886079e+00	1.296059494067250917e+01	-1.204288732218963709e+00	-1.972276041259360113e+01
3.861004740704794713e+00	1.298587170693091331e+01	-1.226060799950182023e+00	-1.987960913642768901e+01
3.867284336650660848e+00	1.305373878463790582e+01	-1.243572990952803714e+00	-2.013306045068935646e+01
3.873567367678779849e+00	1.310273466592699521e+01	-1.273801843990813643e+00	-2.028329535669786665e+01
3.879850662830422792e+00	1.313883307409438927e+01	-1.265259225066013515e+00	-2.051872933580041192e+01
3.886137063198143338e+00	1.321767073096575373e+01	-1.301197631948687095e+00	-2.068376497328539898e+01
3.892419463049126005e+00	1.326642345007692114e+01	-1.338800740846647130e+00	-2.083932858581912129e+01
3.898703740328622658e+00	1.328859270426105788e+01	-1.327467495192778069e+00	-2.105713417863814030e+01
3.904991458788179326e+00	1.334673693217143864e+01	-1.356285716112227036e+00	-2.124327026538696828e+01
3.911270842222104083e+00	1.339662698725349266e+01	-1.397371200964336202e+00	-2.139863939600853371e+01
3.917549806479573071e+00	1.344010673902339548e+01	-1.370496338940721426e+00	-2.158036678837175515e+01
3.923836006203090587e+00	1.349275350578862920e+01	-1.379174099224065531e+00	-2.183923536083376149e+01
3.930121452497870926e+00	1.353754872933618891e+01	-1.410844518555927962e+00	-2.200074629655549074e+01
3.936398172858230460e+00	1.357634717119068490e+01	-1.419350790518155714e+00	-2.215931173609854099e+01
3.942683040425962293e+00	1.361555626998801571e+01	-1.475128439038715378e+00	-2.230612497816828466e+01
3.948974759704379611e+00	1.367245631186401766e+01	-1.473001180178210578e+00	-2.248480248859399921e+01
3.955259227995065352e+00	1.368775028138812111e+01	-1.505318555270505509e+00	-2.266243326183667151e+01
3.961537174921395454e+00	1.377839977591584208e+01	-1.529899571486562859e+00	-2.286575310255495452e+01
3.967820217617139544e+00	1.378667279437194892e+01	-1.493234595492293648e+00	-2.302401245474224467e+01
3.974105559832568968e+00	1.388813902016905466e+01	-1.538289131873838977e+00	-2.323212628622957610e+01
3.980384727931198352e+00	1.392502780299524545e+01	-1.535779355000807866e+00	-2.345053895262278587e+01
3.986664590839849698e+00	1.394959542529611518e+01	-1.561527160396632308e+00	-2.364577496730547423e+01
3.992949619150675034e+00	1.402927182462454070e+01	-1.612707687855239991e+00	-2.374717130922722319e+01
3.999235075769965952e+00	1.408132180088949070e+01	-1.593879427375485491e+00	-2.399630310859564375e+01
4.005515715515433506e+00	1.413257810533596626e+01	-1.628123374221821962e+00	-2.423550523612413343e+01
4.011798434346478537e+00	1.418908570120576762e+01	-1.613036205160685466e+00	-2.440065608430337107e+01
4.018083716245132386e+00	1.423997392587046562e+01	-1.649820143521130822e+00	-2.457948434704397300e+01
4.024365700052603856e+00	1.429742581320202000e+01	-1.652697348212743611e+00	-2.479912028692898573e+01
4.030643960839860540e+00	1.433455472339911374e+01	-1.648653984910136039e+00	-2.500004057097824273e+01
4.036928708926215137e+00	1.444317433046397170e+01	-1.684661595450593685e+00	-2.527198268640944789e+01
4.043218157412017177e+00	1.447269587018362280e+01	-1.702420078005863369e+00	-2.542148173732548599e+01
4.049503019487663558e+00	1.452244119910882247e+01	-1.708126527093741576e+00	-2.565196400928769904e+01
4.055781898960511000e+00	1.456648599924966270e+01	-1.680168595649961460e+00	-2.584812782379266949e+01
4.062060795621602161e+00	1.461085376443416983e+01	-1.657478276643248094e+00	-2.614060933043953838e+01
4.068347865354716042e+00	1.468798893227337032e+01	-1.712044476098946388e+00	-2.625469908612936010e+01
4.074631027173265529e+00	1.473486256680289230e+01	-1.693393179314670371e+00	-2.651010173744577259e+01
4.080910837526078971e+00	1.478532936295349209e+01	-1.694152949755049153e+00	-2.673414164701239670e+01
4.087201203341442657e+00	1.484012226765430675e+01	-1.740020120003383797e+00	-2.690143391905306558e+01
4.093486818591942189e+00	1.489855656946981455e+01	-1.717377515734372251e+00	-2.718033393399170095e+01
4.099764387336505500e+00	1.498258568378754596e+01	-1.759793719657819944e+00	-2.733677296139942214e+01
4.106049166937662420e+00	1.499436158689134224e+01	-1.749981846028527466e+00	-2.755446018729163171e+01
4.112334559041358695e+00	1.510441734804972391e+01	-1.789970192124923809e+00	-2.775236217318204979e+01
4.118618926059533614e+00	1.514659227534754393e+01	-1.752660977487433325e+00	-2.801625482434568326e+01
4.124898942031112625e+00	1.518706972521626675e+01	-1.741363577351418446e+00	-2.827658471908059212e+01
4.131175432561665417e+00	1.525142740473322611e+01	-1.765422569790650265e+00	-2.844735853770278311e+01
4.137461563786142271e+00	1.531658622557344529e+01	-1.815413566095646747e+00	-2.867526283477312532e+01
4.143746006210170307e+00	1.539296843218790123e+01	-1.780091683900807409e+00	-2.892355226625473108e+01
4.150029800482964326e+00	1.544651582313489868e+01	-1.771158579886935813e+00	-2.921338660492938288e+01
4.156313390684649001e+00	1.548342306740113727e+01	-1.817901470654019525e+00	-2.932629654069699399e+01
4.162596105843763716e+00	1.559545590262685089e+01	-1.812082326183156233e+00	-2.965160522669953380e+01
4.168881843141768684e+00	1.561868908841681503e+01	-1.770880277461517771e+00	-2.992576963802353873e+01
4.175162111073220217e+00	1.568102867036950521e+01	-1.818322779094537101e+00	-3.005545838687361027e+01
4.181448573417560155e+00	1.571553551426763029e+01	-1.765678952227102361e+00	-3.034030353827196791e+01
4.187738782464171194e+00	1.578653688946566724e+01	-1.799952505080060661e+00	-3.053678923023440817e+01
4.194017437180169061e+00	1.589403743481658715e+01	-1.740821614592043654e+00	-3.096493429803478747e+01
4.200293572701767175e+00	1.593418422734768747e+01	-1.741497266755908324e+00	-3.123633580623311801e+01
4.206580195481546269e+00	1.599944243554034351e+01	-1.872776849180196157e+00	-3.121556848431777098e+01
4.212860644652220543e+00	1.605335588357432641e+01	-1.809936252843221016e+00	-3.159028705427848749e+01
4.219138153430114002e+00	1.615792810665514523e+01	-1.814113836280999426e+00	-3.185101115061882737e+01
4.225426162098283811e+00	1.618001463244081251e+01	-1.823126684786911422e+00	-3.207410792651542408e+01
4.231713506719782636e+00	1.625736499973053029e+01	-1.817875792783339772e+00	-3.235875547125831986e+01
4.237990056577191744e+00	1.635626491479402489e+01	-1.764720094588260180e+00	-3.274837838952632296e+01
4.244267783646744618e+00	1.636682087996195278e+01	-1.812681432473409071e+00	-3.286120173141960521e+01
4.250560660182562955e+00	1.644923783612420465e+01	-1.738104619076801916e+00	-3.321354197174835576e+01
4.256847734842668096e+00	1.653082342689888762e+01	-1.766647030892180670e+00	-3.353326436332012150e+01
4.263127100734456221e+00	1.659829126729752602e+01	-1.772532718535231533e+00	-3.373996824824526897e+01
4.269406860432507500e+00	1.664341520470818736e+01	-1.791571320353638086e+00	-3.400592149350036664e+01
4.275691671482192646e+00	1.669532730611443583e+01	-1.725497244095453686e+00	-3.433142522978752709e+01
4.281972414189518794e+00	1.677398098075709854e+01	-1.784701688051572699e+00	-3.447165639006689020e+01
4.288253516806755705e+00	1.687833551235777918e+01	-1.724174998461752040e+00	-3.499946650260221048e+01
4.294540520160492925e+00	1.696404704947767428e+01	-1.799442678623097480e+00	-3.514484670385066778e+01
4.300825742921731809e+00	1.698005986520496080e+01	-1.682716995357454559e+00	-3.552742122971748273e+01
4.307109835491901961e+00	1.704145003550064885e+01	-1.684477487875321033e+00	-3.579295718084899391e+01
4.313390926478413157e+00	1.716105446605478946e+01	-1.724210511478829755e+00	-3.609305223558652642e+01
4.319667979480563247e+00	1.716062304122833737e+01	-1.679954834467842995e+00	-3.639386878174800444e+01
4.325952598143786076e+00	1.728022755778992092e+01	-1.641346063343110506e+00	-3.671007012134377590e+01
4.332241647035422361e+00	1.727172331758507084e+01	-1.650455201583437725e+00	-3.699638335044343052e+01
4.338524445619096781e+00	1.738120496674586946e+01	-1.702830474297967189e+00	-3.722421153015505269e+01
4.344809348131129845e+00	1.743125903222598083e+01	-1.591297609599997553e+00	-3.764435972699497057e+01
4.351090699193166600e+00	1.749959541141723207e+01	-1.604502333520453794e+00	-3.799325334109747843e+01
4.357369710808320029e+00	1.759930637653450702e+01	-1.619994282333470759e+00	-3.824858543935889088e+01
4.363659348967174445e+00	1.766023014831501214e+01	-1.527841346526766175e+00	-3.883388867913883757e+01
4.369947418280990981e+00	1.774815216676211804e+01	-1.574790723537121240e+00	-3.899800093887849783e+01
4.376226569265827315e+00	1.782543967190474987e+01	-1.563441829290573182e+00	-3.938673434833550857e+01
4.382499356631129217e+00	1.784237220069162433e+01	-1.545495819855358111e+00	-3.966243899278143203e+01
4.388784975178015024e+00	1.790339386671357857e+01	-1.481220436243428473e+00	-4.004994617976507243e+01
4.395068696309480494e+00	1.791108355949834774e+01	-1.425007855678383839e+00	-4.048192614320569760e+01
4.401347962382031298e+00	1.805802023609378537e+01	-1.473849135395739252e+00	-4.071270855455722426e+01
4.407628405096517099e+00	1.806829249844250995e+01	-1.405849508289572558e+00	-4.117094202685792226e+01
4.413915862185140426e+00	1.811795971039983755e+01	-1.360921658364357967e+00	-4.155144373046620387e+01
4.420203163534264235e+00	1.826120816597006069e+01	-1.386384422299380637e+00	-4.198990251265893647e+01
4.426480311003382795e+00	1.826916078817640710e+01	-1.302961069594840371e+00	-4.244088354424734888e+01
4.432765973643649104e+00	1.834342375557007543e+01	-1.414019112328389394e+00	-4.241627793444956041e+01
4.439053392023870614e+00	1.830830936714216506e+01	-1.306079117805658774e+00	-4.295881953658010843e+01
4.445336141335588742e+00	1.845674401671181286e+01	-1.361425977608295979e+00	-4.330605587862601880e+01
4.451617241414883352e+00	1.842143824103022709e+01	-1.245065643180351955e+00	-4.373678839011989083e+01
4.457901500730311106e+00	1.852029162265812090e+01	-1.149532004182446832e+00	-4.446750401990049539e+01
4.464189501093017043e+00	1.857656474590927687e+01	-1.214523493672448051e+00	-4.455756660901148081e+01
4.470470197548729985e+00	1.853971617726527299e+01	-1.085510922343039919e+00	-4.516491549461589727e+01
4.476748044268524573e+00	1.867018669872134495e+01	-1.126847514957293628e+00	-4.546364424443177654e+01
4.483035990164653484e+00	1.860939265434481271e+01	-1.023889629302108029e+00	-4.593505570203710420e+01
4.489323331650528104e+00	1.868719199507889783e+01	-9.867357342133241671e-01	-4.638008747285480382e+01
4.495599111667934800e+00	1.868260811728555026e+01	-9.677436720668195491e-01	-4.678477222789679502e+01
4.501870922878794090e+00	1.871233091284611305e+01	-8.995500879417250850e-01	-4.735590652329300809e+01
4.508155162877705457e+00	1.877568502015492413e+01	-9.474781208678005884e-01	-4.760215094386121848e+01
4.514446451153479423e+00	1.871724556560349839e+01	-7.110292755849862978e-01	-4.831894781372844960e+01
4.520723894043856994e+00	1.872196015924000889e+01	-7.478652265651382081e-01	-4.856663672837079559e+01
4.527003782460155890e+00	1.869466111597767366e+01	-6.287358001838171395e-01	-4.922493156950006465e+01
4.533293086610313161e+00	1.875126944209301172e+01	-6.154893711882585272e-01	-4.978158096883042560e+01
4.539578989864040182e+00	1.875610849058306684e+01	-4.682791124250135772e-01	-5.040959894235825089e+01
4.545857164866476730e+00	1.864016589358267595e+01	-3.796249185429706463e-01	-5.077273355195013238e+01
4.552138955546025656e+00	1.858998629166929106e+01	-3.398684966534517016e-01	-5.116990045708497092e+01
4.558432046889146605e+00	1.865347482451985428e+01	-2.741522151290576859e-01	-5.187067579327514721e+01
4.564713463378488711e+00	1.868378030889865471e+01	-2.484758795839698275e-01	-5.231171798787013216e+01
4.570987274133244682e+00	1.863605393778637520e+01	-1.620900241638134343e-01	-5.268202761747216556e+01
4.577274818151045643e+00	1.872429238378783367e+01	-2.091078184522479066e-01	-5.313775767794250982e+01
4.583563263889338657e+00	1.878539968005761907e+01	-1.720654938357483177e-01	-5.366277098221286224e+01
4.589844917004465508e+00	1.879811646791470281e+01	-1.925359791211494476e-01	-5.394876038505286431e+01
4.596126259982004747e+00	1.879659750051077793e+01	-2.135011167153339218e-01	-5.422642610552357212e+01
4.602409075598298926e+00	1.884770671590063174e+01	-1.741348810366261657e-01	-5.467980305609559366e+01
4.608696634867644804e+00	1.893051793255033033e+01	-1.830310221139665738e-01	-5.510226224795209760e+01
4.614977646498861219e+00	1.901791196548952101e+01	-1.917107479963121586e-01	-5.563139901978095736e+01
4.621258953029527383e+00	1.903641084519810178e+01	-1.836001341884346549e-01	-5.592160501976091780e+01
4.627547993978874175e+00	1.905298451686536865e+01	-2.236393890040657695e-01	-5.614758875936757221e+01
4.633830152730579854e+00	1.910717033759747707e+01	-1.567185979796373585e-01	-5.665169163704318578e+01
4.640104005367354567e+00	1.921432140231610575e+01	-2.536133571283428756e-01	-5.700542300663294526e+01
4.646382060386754276e+00	1.924335151548438105e+01	-1.618147812479939773e-01	-5.749090938817930407e+01
4.652674213731970987e+00	1.927556152602388551e+01	-1.828166884455610930e-01	-5.775238061797558942e+01
4.658958291796220230e+00	1.944230852731165982e+01	-1.098833079187515466e-01	-5.847580274862623639e+01
4.665233615070169648e+00	1.947499878779651894e+01	-1.633299861512163553e-01	-5.877865084286801078e+01
4.671520675710307380e+00	1.944800817534128612e+01	-1.826427993080187995e-01	-5.881906211828025732e+01
4.677814351732177300e+00	1.963916965891069566e+01	-1.699792702079796491e-01	-5.964522353850273362e+01
4.684093699744638073e+00	1.967037322677281708e+01	-1.515212338873332953e-01	-5.994572057705789803e+01
4.690368661472568590e+00	1.978753341207645988e+01	-1.710480667692931833e-01	-6.043331443529184099e+01
4.696663270746453733e+00	1.988714185354064057e+01	-1.909554395469774679e-01	-6.088798052963466745e+01
4.702945459248681459e+00	1.989801639994863081e+01	-1.251016331551346172e-01	-6.119780444774233530e+01
4.709209170841929470e+00	2.002181849080781006e+01	-1.618710791490343692e-01	-6.170056962740274287e+01
4.715491634753063543e+00	2.008655119198450123e+01	-1.693354710910966732e-01	-6.207003843860413639e+01
4.721784316284933780e+00	2.005951139039302333e+01	-1.046105020056899565e-01	-6.227526018730363688e+01
4.728063062331094635e+00	2.025262121577737418e+01	-2.054565565522048221e-01	-6.288255460099274785e+01
4.734337423381671073e+00	2.034626832590856083e+01	-2.006103560629157179e-01	-6.331063168834096899e+01
4.740627024094544062e+00	2.033719517200343319e+01	-1.807698225535373793e-01	-6.352770432165738157e+01
4.746914995664547554e+00	2.054882246055604256e+01	-2.086887585722920213e-01	-6.429118570212713735e+01
4.753194740071086777e+00	2.061405586614898411e+01	-1.206190536351067211e-01	-6.475187058480419466e+01
4.759478891864783456e+00	2.066720228230970591e+01	-2.020199287983769632e-01	-6.501529699703705489e+01
4.765762396877359031e+00	2.079608952162178070e+01	-2.904220203075223994e-01	-6.543668593464492744e+01
4.772049481246195768e+00	2.090571177481149689e+01	-2.195167853810418013e-01	-6.598429426365910899e+01
4.778335091022592351e+00	2.099110625929250773e+01	-2.012511031763215830e-01	-6.643860948830351276e+01
4.784610831402393849e+00	2.110698271294060646e+01	-1.919820673745078199e-01	-6.698348585230270658e+01
4.790907306208476157e+00	2.124338029023559571e+01	-1.721404488539228506e-01	-6.759659409672526920e+01
4.797204047706418173e+00	2.118597252314250312e+01	-1.709612365447906179e-01	-6.752902642569883085e+01
4.803470827697504220e+00	2.133516706777682614e+01	-1.402310244663667049e-01	-6.820068002448257971e+01
4.809748850577324042e+00	2.145594482033319395e+01	-1.874243602465332503e-01	-6.869978309791008542e+01
4.816045316586602176e+00	2.149171038754915841e+01	-2.299723411313309429e-01	-6.885129277672136539e+01
4.822329240673497885e+00	2.172666245090155712e+01	-1.962571657427299165e-01	-6.979086688870164323e+01
4.828596758226470165e+00	2.173065177409028692e+01	-2.058260832165970389e-01	-6.993681610426773432e+01
4.834890332961369275e+00	2.194757384027224845e+01	-1.712795977480082998e-01	-7.081499741203082010e+01
4.841191655056394261e+00	2.203056627310068194e+01	-1.843035507115578786e-01	-7.122385071675199697e+01
4.847460407468000554e+00	2.213567583727537169e+01	-1.996897151818604610e-01	-7.165045214277409968e+01
4.853732128521334843e+00	2.226848986948731479e+01	-2.061342549495128185e-01	-7.217950076224312284e+01
4.860029138783373170e+00	2.231908555979797981e+01	-1.966284929507129409e-01	-7.253766765082204415e+01
4.866314601732018019e+00	2.251788045149219641e+01	-1.260402281012868719e-01	-7.338617645292798386e+01
4.872587026269203925e+00	2.267654622766578498e+01	-1.210659320350563062e-01	-7.399146177139799363e+01
4.878874221748241702e+00	2.275361256247468589e+01	-8.764655715167872507e-02	-7.443893109473611958e+01
4.885171078138658807e+00	2.287429366896231642e+01	-1.250945309992520793e-01	-7.493858646792693889e+01
4.891450629931857641e+00	2.303223179765725703e+01	-1.506801191054014943e-01	-7.549558234663390976e+01
4.897716482750221978e+00	2.320970495157026292e+01	-1.949692568108009061e-01	-7.614743757811014291e+01
4.904002834596266069e+00	2.329900413965902928e+01	-1.779739391104400159e-01	-7.661569492880370547e+01
4.910295858205786068e+00	2.332394208252913614e+01	-1.280936526022082855e-01	-7.685186888766226332e+01
4.916575188115905881e+00	2.357180239311972159e+01	-1.891669435385017473e-01	-7.768529368075687103e+01
4.922847946197084212e+00	2.363217789813866432e+01	-1.095879011686630294e-01	-7.812429137561585435e+01
4.929131667457151700e+00	2.383787968331382956e+01	-1.144014650327430382e-01	-7.893052801608133962e+01
4.935434460144239033e+00	2.386086988534587050e+01	-6.272836288271874117e-02	-7.912813549063282892e+01
4.941718513303545279e+00	2.410319237430720207e+01	-1.594618160271413787e-01	-7.993470012712509742e+01
4.947978624761803168e+00	2.433321805405747185e+01	-6.315639648974581688e-02	-8.097636597319444718e+01
4.954274999209829389e+00	2.434206010196179193e+01	-8.297028714542227512e-02	-8.103643527793194323e+01
4.960571094729937514e+00	2.446107095763126793e+01	-1.190697248791794949e-01	-8.148421827891297653e+01
4.966823207626954506e+00	2.479194072793319847e+01	-1.282888240595090601e-01	-8.269348104933072818e+01
4.973097418390337587e+00	2.473589949560475887e+01	-1.167862745173788575e-01	-8.262405930967575785e+01
4.979415129936382023e+00	2.490698559028847825e+01	-1.465391673240411252e-01	-8.325947498600928043e+01
4.985702082330368157e+00	2.519077396691572091e+01	-4.307833437695013368e-02	-8.445210757982528094e+01
4.991949985828016523e+00	2.536211749580122543e+01	-5.732648175261365747e-02	-8.508905204145563062e+01
4.998241586316924057e+00	2.547897273141472851e+01	-1.128464325843982069e-01	-8.553434441887260675e+01
5.004556635606089543e+00	2.551096426322355271e+01	-9.570062334232713741e-02	-8.575747749784838447e+01
5.010828655701208945e+00	2.581044991222248086e+01	-9.961961553062893826e-02	-8.683313276135875469e+01
5.017077229702536556e+00	2.584603912004123671e+01	-1.525768713786795350e-01	-8.698151810156413433e+01
5.023374414758113637e+00	2.613350715627557719e+01	-8.856371030250316523e-02	-8.814099400774706794e+01
5.029688873569548413e+00	2.638271073297200076e+01	-7.880521134886346590e-02	-8.908738813121919975e+01
5.035958413584124216e+00	2.652249130744649719e+01	-1.272508454424487179e-01	-8.953503294124757872e+01
5.042232667658486989e+00	2.663738714656139805e+01	-1.275561532466191750e-01	-9.008038031654169231e+01
5.048528755870775875e+00	2.697595694492364871e+01	-9.640149100822992256e-02	-9.133626577925839740e+01
5.054821121427484520e+00	2.701847317738420884e+01	-1.383417955397469312e-01	-9.150229427793418324e+01
5.061069509814582368e+00	2.715589303148846767e+01	-1.014553375631760956e-01	-9.210159996246788694e+01
5.067347812754101177e+00	2.762393949425026918e+01	-1.377179107469401198e-01	-9.376644014210688738e+01
5.073675050630431116e+00	2.765781594659690157e+01	-1.031388430674190504e-01	-9.397138009375159129e+01
5.079945928388977627e+00	2.786136813987605265e+01	-8.568168363973913126e-02	-9.477117408701954560e+01
5.086192992546071601e+00	2.789112496062974245e+01	-1.663904224274448118e-01	-9.483046972556707033e+01
5.092484128970163226e+00	2.825855333120515667e+01	-4.662453124656319725e-02	-9.636244990640885533e+01
5.098802924706086870e+00	2.846590665830170863e+01	-8.113120150994056201e-02	-9.707559801685597733e+01
5.105078217426394005e+00	2.867019085511073939e+01	9.856123408156820462e-03	-9.794201769246302547e+01
5.111325076574067872e+00	2.886941979837282801e+01	-1.174968054690456454e-01	-9.856380651754389532e+01
5.117628358851224135e+00	2.897317939532050701e+01	-3.409547591339518596e-02	-9.910080369556389712e+01
5.123935939383525984e+00	2.910067006360677411e+01	-3.918319233162281812e-02	-9.959037851592603374e+01
5.130199176325612065e+00	2.964185182622468062e+01	-1.135871117980567918e-01	-1.013845262589393599e+02
5.136469985878846956e+00	2.979652287187373361e+01	-3.872219671996079277e-02	-1.021421552638379922e+02
5.142797788696348071e+00	2.988248061679670897e+01	-5.863299901725749913e-02	-1.024985352518345110e+02
5.149090378043822192e+00	3.025742113327610383e+01	-3.151495865955095815e-02	-1.038380073716065084e+02
5.155289879840074363e+00	3.065521902232507401e+01	-5.202251175772139302e-02	-1.052423298514776207e+02
5.161564521234301317e+00	3.073779910569701812e+01	-1.840109461685209349e-02	-1.056844944140850231e+02
5.167916673496016244e+00	3.121128227844345204e+01	-2.533483239881697754e-02	-1.073620209518855120e+02
5.174205974602950064e+00	3.120738454459178612e+01	-4.525339402846364351e-02	-1.073593537101559576e+02
5.180434820793812456e+00	3.142849341690735798e+01	-6.919252908518998615e-03	-1.082259548286388764e+02
5.186729096569634656e+00	3.153192867098013252e+01	-1.412997481788878275e-02	-1.086868035611926473e+02
5.193058481037780894e+00	3.207587465831369400e+01	-3.140201621207602822e-02	-1.105778332002375919e+02
5.199319511444338460e+00	3.236843115931819881e+01	-3.744774828525818111e-02	-1.116208216306583978e+02
5.205574295584361799e+00	3.247094189039032130e+01	-6.068614684286727928e-02	-1.120297525084954486e+02
5.211894977074066126e+00	3.294749842585031274e+01	2.937444752182747851e-02	-1.138545174072928035e+02
5.218201708336958511e+00	3.310602638813349330e+01	-9.647424692051657924e-02	-1.142953579598639067e+02
5.224411911780083351e+00	3.352655908246577354e+01	2.034157595779222463e-02	-1.159417280033857622e+02
5.230677632666463239e+00	3.392198825158252617e+01	2.470405209184762564e-03	-1.173538532671465617e+02
5.237056729559757429e+00	3.438822436244058878e+01	-3.311338989235917268e-02	-1.189929948516446530e+02
5.243336785035660697e+00	3.428973545852517191e+01	-5.149181197944433658e-02	-1.186521543003999710e+02
5.249493476178225038e+00	3.464726593679015565e+01	-6.742308293073204228e-02	-1.199245820713612289e+02
5.255787017738318134e+00	3.524220825886426667e+01	-3.896228703650909259e-02	-1.221257330360190423e+02
5.262205327426889845e+00	3.528063008288029323e+01	-1.812642128841583655e-02	-1.223092678026895044e+02
5.268477758348532269e+00	3.582494371834470570e+01	1.397024294880254251e-02	-1.242792728407590062e+02
5.274632213654732560e+00	3.588483129882526157e+01	-1.269868555500682731e-03	-1.245033304216782000e+02
5.280950543314659740e+00	3.648097066702784019e+01	2.873841971936318129e-02	-1.266918128899962426e+02
5.287327645024750389e+00	3.704098102766963052e+01	-6.748420768060736652e-02	-1.285647498446487020e+02
5.293582359180156516e+00	3.708903422922073645e+01	2.601621385195904135e-02	-1.288638025359487642e+02
5.299789992649893478e+00	3.747695027115336330e+01	-4.286791180917482250e-03	-1.302489159677868713e+02
5.306111460381987222e+00	3.793339235468729953e+01	-4.248346010438530662e-02	-1.318400616118638311e+02
5.312452717892129250e+00	3.863603274800988885e+01	-3.728297591580401193e-02	-1.343104578650855672e+02
5.318650122853046724e+00	3.904386451736101549e+01	-4.806813780924635432e-02	-1.357430091881420822e+02
5.324923043129819789e+00	3.880831374711750925e+01	1.137711953493748644e-02	-1.350935186717009628e+02
5.331330237158205421e+00	3.965068538833062206e+01	-5.258555410971036542e-02	-1.379715401494310640e+02
5.337586726886338617e+00	4.016379695060445698e+01	-4.720561043812632196e-02	-1.397944555914130262e+02
5.343685192440848830e+00	4.114806421552399485e+01	-5.226495278040706183e-02	-1.432372966358041992e+02
5.350070659715249199e+00	4.051519330921550477e+01	9.037883802311640763e-03	-1.411898401786766044e+02
5.356556762554878226e+00	4.144389844184106408e+01	7.969847179616164345e-02	-1.445341902153000717e+02
5.362691868684501095e+00	4.122622440930180687e+01	-2.834413104011745000e-03	-1.436919695694062966e+02
5.368769208912516966e+00	4.245821451490865428e+01	-3.810508977630316929e-02	-1.479827690566594640e+02
5.375270137997677722e+00	4.173154732784089305e+01	-2.662343139340204307e-02	-1.455519424336187626e+02
5.381769983045385786e+00	4.235644649059332068e+01	5.821799700154184354e-02	-1.478438850976495189e+02
5.387701030372958222e+00	4.424018866543622153e+01	-2.752499200642478938e-02	-1.543079599679403202e+02
5.393786668001271600e+00	4.429516796228328701e+01	-1.777972339289270870e-02	-1.545639114606658211e+02
5.400446161099396569e+00	4.403847089061514453e+01	-9.177318578772915292e-02	-1.536589320700367978e+02
5.406957063684501463e+00	4.509395335042951558e+01	-9.742592175180275760e-02	-1.573571528092439848e+02
5.412655672453426270e+00	4.455218403874350486e+01	-1.951618988728797896e-02	-1.555190586302944951e+02
5.418821279260546575e+00	4.631867101468071724e+01	-6.825348025837615906e-02	-1.617158795427361895e+02
5.425690594366304076e+00	4.677182912194723485e+01	-9.773846559055983027e-03	-1.634100561793935071e+02
5.432217487502165376e+00	4.827198873434272031e+01	-8.430468855027553610e-02	-1.685802297792207867e+02
5.437649811577258241e+00	4.781545669444114566e+01	-1.086310320250274790e-02	-1.670217320594715034e+02
5.443914404015878006e+00	4.704978878829207645e+01	-2.804183154314728380e-02	-1.644181446802231221e+02
5.450953501686320202e+00	4.812784288528551713e+01	-2.073452360997542904e-02	-1.682359446679238033e+02
5.457483690405861232e+00	4.867023561930738396e+01	8.283865244436469655e-02	-1.702546121846197309e+02
5.462715250135157241e+00	4.985029475400529719e+01	-8.216644811612058841e-02	-1.741738247232026140e+02
5.469033575551323523e+00	5.304150241520704867e+01	2.176531079283411385e-02	-1.855027948342901141e+02
5.476177730420278778e+00	5.317993365843798870e+01	9.153592382352937484e-02	-1.860871232513912048e+02
5.482708935702562236e+00	5.251017039361322247e+01	2.660298387809878484e-02	-1.837012201737336738e+02
5.487722405008360838e+00	5.287020492552704809e+01	8.950735080523741782e-02	-1.850049439931983670e+02
5.494194284996126498e+00	5.505010507154793231e+01	3.191720866016825586e-02	-1.926123833185371268e+02
5.501391471009256406e+00	5.514748092848750360e+01	-1.677487843762023034e-01	-1.927642037372276036e+02
5.507128202673079009e+00	5.187485120048183518e+01	1.003320220952514524e-01	-1.816054361768807439e+02
5.512278020050448646e+00	5.400472482456903123e+01	-1.019193272373759007e-01	-1.888541716277471494e+02
5.519395563377015534e+00	5.927315261404319102e+01	-5.428706931920478443e-03	-2.074014569728765593e+02
5.526598678609708770e+00	5.661703743922018361e+01	-4.969121534948343216e-02	-1.980730669908095933e+02
5.532162682462509196e+00	6.602398948177395255e+01	3.163849379026924535e-01	-2.313721547239406391e+02
5.537397124017139127e+00	6.048983093725353655e+01	4.798705114384210074e-02	-2.117408235292102745e+02
5.544582756485218589e+00	6.883800832281586679e+01	1.205196699403442429e-01	-2.410377882677618402e+02
5.551739327507637434e+00	6.125125232960161270e+01	-1.377252325090608243e-01	-2.142309042389077547e+02
5.557493306674907707e+00	5.333058027660085543e+01	3.469841907138822290e-02	-1.866884066989298958e+02
5.562281709102816940e+00	5.537171307775187756e+01	3.714432004018113770e-02	-1.938361930865871159e+02
5.569272720323164449e+00	7.486757147031909199e+01	-3.264950496360969484e-02	-2.620029215597041343e+02
