8.899641224696953554e-03	5.617817755358303839e+04	3.592355112501452822e+04	-5.435165588085184572e+04
1.507912216506557788e-02	5.633619470038098370e+04	4.542078860132307454e+04	-4.406948674669481079e+03
2.144790186456836667e-02	6.182093803227727767e+04	2.442415216009877986e+04	-2.010172410540517376e+04
2.783660776489276650e-02	5.381871520773066732e+04	4.930240087370472611e+04	4.088580617898693890e+04
3.435099785803411021e-02	4.080442816362191661e+04	2.397638790000807421e+04	-5.654543453262800540e+03
4.047886761425745911e-02	3.490489265456428984e+04	2.661672762251662425e+04	9.475808545557056277e+02
4.676716683575679601e-02	2.672577842707599120e+04	1.582108195198664544e+04	-5.542259655552944423e+03
5.308225101765951665e-02	2.387784294032455364e+04	1.839957656200367273e+04	2.650938901103106673e+03
5.945362440940590160e-02	1.928630923569644074e+04	9.539714483708710759e+03	-7.563029897207529757e+03
6.576224814588792211e-02	1.857486863930186155e+04	8.910106560187810828e+03	-1.920289336987170145e+03
7.196632906698736953e-02	1.735887060124270283e+04	9.609631025271684848e+03	3.834512132643038171e+02
7.827860915688347743e-02	1.526412539452813689e+04	7.725148305254713705e+03	-8.901211592488866700e+02
8.470398945834539672e-02	1.326331067003687531e+04	5.544112446096840358e+03	1.290462927222210055e+03
9.096854620527369817e-02	1.178728195847148527e+04	5.971891209476566473e+03	-3.594666251148946117e+02
9.720789776830213169e-02	1.067779301581862819e+04	5.757032561853466177e+03	-1.873790198458828797e+02
1.034763038959366499e-01	9.103806387367038042e+03	3.682202485599643296e+03	1.244400012444117010e+03
1.097576444254559219e-01	8.180495751601536540e+03	3.822370237039805943e+03	1.187460402642167537e+03
1.160543084780093354e-01	7.376544088978283071e+03	3.427741715865591686e+03	2.284036468174670347e+02
1.223669666537485351e-01	7.181092132415657034e+03	2.937143557784122549e+03	1.641990683029043510e+02
1.286817263090294094e-01	6.445683389063529830e+03	2.081775479798457582e+03	1.773303485933276988e+02
1.349500801664080818e-01	6.288000253374255408e+03	2.489786850233632322e+03	5.655495927870113064e+02
1.411949558842147678e-01	5.707094861730720368e+03	1.631094018531246093e+03	-2.821161940807717983e+00
1.475133575747468451e-01	5.184822132065447477e+03	1.718685900430001766e+03	7.554316491995406295e+02
1.537865074252268427e-01	4.891833608645837558e+03	1.387535404581258945e+03	3.949878973626350671e+02
1.600657544051110326e-01	4.458507456324789018e+03	1.108835660097150594e+03	4.415204779642473341e+02
1.663991168687080635e-01	4.194113118374155420e+03	1.073559281178498622e+03	5.018696886756567324e+02
1.727195645776442856e-01	3.854510885311412039e+03	5.303444646067899839e+02	3.135095088223009157e+02
1.789765213377084718e-01	3.617858752227632976e+03	8.375702047253679439e+02	5.742627015681214289e+02
1.852353690647852158e-01	3.374068852083099046e+03	5.741090715853848678e+02	2.693614874712383767e+02
1.914806787341157279e-01	3.217672660275226917e+03	5.403111861259092166e+02	4.353499727540545337e+02
1.977889868651535599e-01	2.980767273305629260e+03	6.025238291010945204e+02	4.933253767265917986e+02
2.040937735447724277e-01	2.848446217295826045e+03	2.361399957875659084e+02	5.791999326678692341e+02
2.103939302609846018e-01	2.609372614523791526e+03	5.387350755138314184e+01	4.366741430698272666e+02
2.166909709822301688e-01	2.572298000531830894e+03	2.836922793138115040e+01	2.923917159438979070e+02
2.229700281216152047e-01	2.353690115605720621e+03	4.049468300259044895e+01	3.536383643586476637e+02
2.292620027086341994e-01	2.274111960413822544e+03	-8.790743209830320382e+01	4.410799389968545938e+02
2.355141508366812297e-01	2.098523774818534548e+03	-8.506552617306907393e+01	4.312964745869313674e+02
2.417910583817859116e-01	2.001346816900683280e+03	-6.750730114683022975e+01	3.728317668505475808e+02
2.480856539439619257e-01	1.927906993007810570e+03	-1.824858898364613538e+02	5.121937111067088608e+02
2.543492256872954549e-01	1.814870516412054712e+03	-2.129899766752144501e+02	4.680110366228899466e+02
2.606334251884805386e-01	1.729642857053289390e+03	-2.762490565075815994e+02	4.354895525065873017e+02
2.669257370896960802e-01	1.667786145108848814e+03	-2.723193684494099784e+02	4.140662478991334865e+02
2.732423343141155980e-01	1.601445712238356919e+03	-3.352330706084393341e+02	4.788521399997383696e+02
2.795529680084415936e-01	1.505315488412868717e+03	-3.913564349524002068e+02	4.303942304364509255e+02
2.858366292314493129e-01	1.417899766471962266e+03	-3.804075882919934202e+02	4.354278725909764489e+02
2.920876271394311496e-01	1.350402772883540365e+03	-3.929033877340809227e+02	4.313200725723999085e+02
2.983449844439822751e-01	1.313439066371273157e+03	-3.951320727578176957e+02	4.556518616297228164e+02
3.046382639407197446e-01	1.265175072854531663e+03	-4.400515935723217922e+02	4.702554064921991994e+02
3.109279127003197196e-01	1.201353330774739106e+03	-3.920114393080221475e+02	4.373454359688181512e+02
3.172168171618398036e-01	1.179553462414229671e+03	-4.972885372367630907e+02	4.606063263415517213e+02
3.235187567944423082e-01	1.106026069260320810e+03	-4.882333069264908545e+02	4.460928737236102393e+02
3.298168217550395687e-01	1.059464700122441172e+03	-4.550809107246574285e+02	4.459380079988308125e+02
3.361176429457156667e-01	1.031068382760369559e+03	-4.833591631244642599e+02	4.782340310434545358e+02
3.423700375709273769e-01	9.707753728431758873e+02	-4.696893201779216156e+02	4.420129126621184810e+02
3.486478192666269682e-01	9.473241133349889651e+02	-4.805106675057726306e+02	4.476169736619538639e+02
3.549411614411318028e-01	9.237494414456698451e+02	-4.825564960944504378e+02	4.361251617652638970e+02
3.611916935421040642e-01	8.858471840197187248e+02	-5.132647293379942539e+02	4.664219422517074918e+02
3.674767089563572564e-01	8.380981408381045412e+02	-4.824530847002910718e+02	4.484907112652264800e+02
3.737647795277591056e-01	8.165667354733747061e+02	-4.887226866282827586e+02	4.518219141719377490e+02
3.800654031475132477e-01	7.961904343297104560e+02	-4.954790125748905325e+02	4.218041971268251586e+02
3.863539861259823738e-01	7.630565695416123617e+02	-5.037430213990915604e+02	4.742409131231294737e+02
3.926140181364449755e-01	7.476556826633242281e+02	-5.095840429800377365e+02	4.263585295872996426e+02
3.989264500321934581e-01	7.125944718183967552e+02	-4.902682769297120444e+02	4.291115337207331208e+02
4.052073244576828714e-01	6.924671033714861323e+02	-4.935988792016462412e+02	4.347999136395666824e+02
4.114916477570477182e-01	6.654572762356141311e+02	-4.887391161260028980e+02	4.299051995700999669e+02
4.177814272116491257e-01	6.450344168401657043e+02	-4.896165616534499918e+02	4.386258975981873505e+02
4.240400648725131116e-01	6.290984650089775414e+02	-4.884697825978594778e+02	4.355325334824720471e+02
4.303425690270192283e-01	6.067204828678561626e+02	-4.871623024913408244e+02	4.345359867244073939e+02
4.366358560255625965e-01	5.897546322974747000e+02	-4.819038518665531114e+02	4.187091143970662870e+02
4.428996183220763605e-01	5.727335520775316127e+02	-4.845281274029119345e+02	4.310636201336307067e+02
4.491634418529859563e-01	5.521874254276451666e+02	-4.633587393202632256e+02	3.904563977565418895e+02
4.554414146254732731e-01	5.357848083877115641e+02	-4.644751805225003523e+02	4.098572892888011552e+02
4.617634470301058558e-01	5.216090315662492003e+02	-4.773143173487979425e+02	4.215313896182889835e+02
4.680644242023710433e-01	5.083025256776087986e+02	-4.573304232623571579e+02	3.997057408769123867e+02
4.743485242764365895e-01	4.929868614670443776e+02	-4.617835422062012185e+02	4.143373714169546815e+02
4.806356136815400082e-01	4.816986276899299355e+02	-4.550193486234822444e+02	4.141021285165114705e+02
4.869019258388697646e-01	4.654168967298536472e+02	-4.573232061282962491e+02	4.047492276799045499e+02
4.931697099599955947e-01	4.516825563595575659e+02	-4.426498619297363462e+02	4.032528038505125778e+02
4.994506747144535908e-01	4.432953002498913975e+02	-4.414180888884025649e+02	3.965412996841011477e+02
5.057159051335421429e-01	4.358325194138446932e+02	-4.437229280083516869e+02	3.968048845322920783e+02
5.119923996268095356e-01	4.239236874658011516e+02	-4.419942613310734600e+02	3.992104545748658211e+02
5.183126097768406826e-01	4.061757344494445192e+02	-4.284704409565408127e+02	3.794842775101278676e+02
5.246089638029100000e-01	3.931575279882387690e+02	-4.165180119954315501e+02	3.747080262915030744e+02
5.308757308483337267e-01	3.873259956383094504e+02	-4.152748048726581374e+02	3.702202342929415408e+02
5.371573527946726934e-01	3.788178166456277154e+02	-4.168147607275613495e+02	3.790437596100433097e+02
5.434579563783791256e-01	3.707855002239359123e+02	-4.117828505480447916e+02	3.787067216992575140e+02
5.497430652392217842e-01	3.584238681124777486e+02	-4.016054170749608261e+02	3.651130919366642615e+02
5.559937427501778773e-01	3.531511948381315733e+02	-4.056848367504074986e+02	3.739166474651923977e+02
5.622854676609657654e-01	3.432273151175876365e+02	-3.946095030628861196e+02	3.604909762564591915e+02
5.686011537227265711e-01	3.361031656809747119e+02	-3.926982534842697419e+02	3.572858810910343550e+02
5.748804589422079614e-01	3.285669072966376802e+02	-3.872554805916597616e+02	3.549482239463094402e+02
5.811550210340560296e-01	3.207079803368591229e+02	-3.866288960524447589e+02	3.551481765609752301e+02
5.874394496660968468e-01	3.096473130284654189e+02	-3.725076663943113999e+02	3.395424803912062544e+02
5.937176220296899176e-01	3.078290305621408720e+02	-3.759306996350711643e+02	3.506722690868899122e+02
5.999971954793682505e-01	2.999558163648657683e+02	-3.688684567098209186e+02	3.409120930121420088e+02
6.062679115124277596e-01	2.948971236368574864e+02	-3.656957258857862598e+02	3.405681583630711202e+02
6.125469576444534381e-01	2.877266220649389652e+02	-3.630998999092978465e+02	3.401482574168616111e+02
6.188477733041515272e-01	2.790114190213782308e+02	-3.525537222521292620e+02	3.292371190110640669e+02
6.251310567437898813e-01	2.770908458818956888e+02	-3.588890687924681515e+02	3.410044707163798989e+02
6.314027450383210560e-01	2.687504832102855516e+02	-3.513327086524224683e+02	3.319202816153656386e+02
6.377003562732055375e-01	2.647430090563942713e+02	-3.463834250724570438e+02	3.288930102931769852e+02
6.439857783314556494e-01	2.587970378924981674e+02	-3.428375504533137814e+02	3.255100990546868047e+02
6.502685417166111925e-01	2.528594204603879803e+02	-3.390611494758232993e+02	3.213570208001569881e+02
6.565586117699038216e-01	2.481529311139425147e+02	-3.350890845661132857e+02	3.181213828187647437e+02
6.628369282359254377e-01	2.439830985248044044e+02	-3.306921819364781641e+02	3.162954533164981399e+02
6.691185444962194362e-01	2.387765872649318339e+02	-3.252146420803427418e+02	3.124102346723109918e+02
6.754070198575605755e-01	2.344237370570949679e+02	-3.215185834889327907e+02	3.103320410732309824e+02
6.816835514593204692e-01	2.289584966916428925e+02	-3.165121510779762275e+02	3.063493953400810597e+02
6.879592533861698112e-01	2.248706634071876920e+02	-3.137867841237449511e+02	3.015538604152850439e+02
6.942344317039531587e-01	2.199980621752709169e+02	-3.068721153766990710e+02	2.956705235756648449e+02
7.005175402434737908e-01	2.146307381351052754e+02	-3.036546491731335209e+02	2.959928996135257648e+02
7.068124956608716758e-01	2.125486115148893873e+02	-3.025903457655599595e+02	2.965943442626917204e+02
7.131019009674921527e-01	2.083358046206047050e+02	-2.980379902754061732e+02	2.908653259482488238e+02
7.193918251171427247e-01	2.053989261851558012e+02	-2.967350899353257319e+02	2.905574055654912513e+02
7.256833807598113140e-01	2.019664243814314375e+02	-2.939640537347427767e+02	2.911241704432362098e+02
7.319652682709349989e-01	1.968072773323535785e+02	-2.849377816992483190e+02	2.790338030644458058e+02
7.382507990484923344e-01	1.947120149698975524e+02	-2.861593994351185302e+02	2.836768327530960505e+02
7.445265842115937893e-01	1.909927039116930416e+02	-2.830909157821535587e+02	2.789142768283239207e+02
7.507871101942712455e-01	1.872912789654929497e+02	-2.785483068007088718e+02	2.788327536651070204e+02
7.570758465316046459e-01	1.843443546413540730e+02	-2.754559068566252336e+02	2.737434363912221897e+02
7.633641233600957365e-01	1.807079904074001888e+02	-2.709319789069277249e+02	2.724288643590617767e+02
7.696462959862266917e-01	1.774282731291377786e+02	-2.669835436778846542e+02	2.674590473143293821e+02
7.759394865175414102e-01	1.742076887908334299e+02	-2.644061968798392854e+02	2.645440520599971705e+02
7.822329141989586843e-01	1.732579921421367999e+02	-2.644636964019341576e+02	2.667772271559746855e+02
7.885314936520240181e-01	1.689069701732897499e+02	-2.582223780371272142e+02	2.602099475963636905e+02
7.947896566979522071e-01	1.665855414363703915e+02	-2.557166354250393283e+02	2.588801542966859301e+02
8.010491096592354809e-01	1.633284064604195009e+02	-2.525211926811595049e+02	2.553947047055844450e+02
8.073364061727361651e-01	1.621309635101394804e+02	-2.517409094458087679e+02	2.556384913787017581e+02
8.136229488373866170e-01	1.577103071939959875e+02	-2.440914865963282523e+02	2.476711311607826929e+02
8.199152998961036776e-01	1.568647945583157934e+02	-2.452941312752894021e+02	2.502548402951573507e+02
8.261952636392789762e-01	1.526439140885148049e+02	-2.392532003466675405e+02	2.430952617979041577e+02
8.324897070080405914e-01	1.518020997433154093e+02	-2.404542394214452941e+02	2.470530278454737640e+02
8.387959309210778480e-01	1.488922830728778024e+02	-2.362286840000309383e+02	2.432520712739422208e+02
8.450634639703045181e-01	1.468470528729888827e+02	-2.330372223518525914e+02	2.399458858544338113e+02
8.513282867562648182e-01	1.448782898777020591e+02	-2.313309224115674283e+02	2.391561899733105463e+02
8.576198263902009566e-01	1.428892964036252238e+02	-2.292763010407954312e+02	2.366718528867644125e+02
8.639058477062415697e-01	1.396503103862245325e+02	-2.241867674723539778e+02	2.309723663431467457e+02
8.701838745487597837e-01	1.380925206008496957e+02	-2.227509134368391130e+02	2.305430604353943806e+02
8.764641096075268534e-01	1.359153618065172964e+02	-2.193578260365195831e+02	2.282443724274050680e+02
8.827503873399735745e-01	1.333132928714067020e+02	-2.159637685166433414e+02	2.242418286447002629e+02
8.890332768393869323e-01	1.319857877688233430e+02	-2.145640204756564060e+02	2.232200813395680257e+02
8.953084247113127780e-01	1.294720984798030372e+02	-2.109808819552241630e+02	2.208174134048655617e+02
9.015956521667095602e-01	1.281689468854995937e+02	-2.094927157800574662e+02	2.193788525002796916e+02
9.078833328094829680e-01	1.265435262619747903e+02	-2.080396405878118173e+02	2.187101931661310061e+02
9.141744106319863450e-01	1.251436245951419579e+02	-2.065721334016228923e+02	2.179241952830823834e+02
9.204630817717615043e-01	1.226835756556046277e+02	-2.025817866562816789e+02	2.135964970364947249e+02
9.267434415264711456e-01	1.207677253737724499e+02	-2.002142854780163361e+02	2.113265861977233158e+02
9.330324197354928906e-01	1.195954542800458000e+02	-1.987967890624531151e+02	2.106731865519673761e+02
9.393265785573878812e-01	1.174825780206194423e+02	-1.950573461602513703e+02	2.062870222285853004e+02
9.455974810398196650e-01	1.158477284227043071e+02	-1.932662519207121079e+02	2.054718656343498822e+02
9.518660018545171964e-01	1.139423007121614830e+02	-1.899451054654355460e+02	2.016434780990076092e+02
9.581413255531838757e-01	1.134459355316821529e+02	-1.899564249430812026e+02	2.025394365649907797e+02
9.644350945109106954e-01	1.107976724993212514e+02	-1.859342273950707636e+02	1.981315904214500563e+02
9.707355633568249820e-01	1.097180944578129669e+02	-1.849605680558130985e+02	1.974888485322614429e+02
9.770080768450029041e-01	1.082809480123138712e+02	-1.827581041887926006e+02	1.958884976311146886e+02
9.832823325363413414e-01	1.065153456095402476e+02	-1.795880971576289937e+02	1.923415336665623840e+02
9.895569691966674686e-01	1.064145444454169649e+02	-1.810296683188267366e+02	1.958578255550040126e+02
9.958456301921106979e-01	1.043075344676986305e+02	-1.771774452690443979e+02	1.905913456250989952e+02
1.002136210743837408e+00	1.029624119869549901e+02	-1.751224150352580295e+02	1.891544284280333272e+02
1.008404825335135424e+00	1.012384944791528341e+02	-1.727145105757077772e+02	1.864726605735795317e+02
1.014694149836243398e+00	1.004002961501238360e+02	-1.714611223020768875e+02	1.855879936962915622e+02
1.020992555437297167e+00	9.919222980032948556e+01	-1.696025337837280631e+02	1.837712718315453628e+02
1.027273980437394485e+00	9.726161536994843004e+01	-1.665281774743744165e+02	1.805584566088975293e+02
1.033559181896017254e+00	9.574194360251193814e+01	-1.638161068092574055e+02	1.777778662145872204e+02
1.039847557392594934e+00	9.518734767181200596e+01	-1.634873687884374647e+02	1.783059874768484292e+02
1.046126974943305088e+00	9.394044986125429375e+01	-1.617520091710552776e+02	1.766900563871883776e+02
1.052403436811028659e+00	9.323434753546752063e+01	-1.608702482096484232e+02	1.762119108076800842e+02
1.058680704651608684e+00	9.177567709573953891e+01	-1.582427003967085284e+02	1.729865294788089329e+02
1.064964333065789193e+00	9.129642228810595839e+01	-1.581112918525511475e+02	1.732339728180415648e+02
1.071256777440835473e+00	8.922845618505193954e+01	-1.542529817954792009e+02	1.689719241268048791e+02
1.077544048801078125e+00	8.858254122688924781e+01	-1.535558465591151105e+02	1.683765267633432927e+02
1.083824820188043603e+00	8.697885480411321169e+01	-1.506472281599349685e+02	1.654156002260600928e+02
1.090108023942816695e+00	8.676237420408122603e+01	-1.508916508893950379e+02	1.666627818373233936e+02
1.096389665956643222e+00	8.604378193265938535e+01	-1.501837018893603783e+02	1.662607466247133630e+02
1.102681132058841440e+00	8.503187525538650959e+01	-1.483302526367038467e+02	1.640922407284738256e+02
1.108963047594879958e+00	8.367677625438091127e+01	-1.460932496157874994e+02	1.618237132036150854e+02
1.115225428463759272e+00	8.232073248701841806e+01	-1.437499726820977628e+02	1.592949114730515703e+02
1.121502127614767863e+00	8.190423031234018936e+01	-1.431423713214819031e+02	1.593538148431637467e+02
1.127792573824792033e+00	8.095265846431047407e+01	-1.418241768921251946e+02	1.579134662365740098e+02
1.134089552668382961e+00	7.997754839255678405e+01	-1.401822049873571245e+02	1.561336023399621524e+02
1.140364049650405942e+00	7.918597295111655399e+01	-1.388919924193738780e+02	1.552536084687080802e+02
1.146639180320979445e+00	7.785671292878559768e+01	-1.365792830442810555e+02	1.522513110985745186e+02
1.152942412991649901e+00	7.703130048323335188e+01	-1.349838659914676100e+02	1.511896748348283097e+02
1.159228906751078814e+00	7.663119489156535735e+01	-1.344001427297512237e+02	1.504638095104129150e+02
1.165508721887268173e+00	7.552160007636875605e+01	-1.328456987034629435e+02	1.489979485995473567e+02
1.171793076256210320e+00	7.544610247390747304e+01	-1.331755811518469841e+02	1.502448788474122239e+02
1.178087436369658958e+00	7.370393142886301519e+01	-1.296304118687460800e+02	1.458582351979207203e+02
1.184367654251526902e+00	7.346256825686388936e+01	-1.295362374354765791e+02	1.457964627783373999e+02
1.190634642299266632e+00	7.244166949020639379e+01	-1.276350191610935241e+02	1.440085868660572714e+02
1.196912208834400859e+00	7.181877931519444758e+01	-1.268318074587430004e+02	1.431589526421944640e+02
1.203201577354146234e+00	7.117279019621850011e+01	-1.256824834693135386e+02	1.420751188364714324e+02
1.209486844441705733e+00	6.992392393830219532e+01	-1.232090212985308284e+02	1.392624197293892223e+02
1.215763902074809888e+00	6.916321827610175887e+01	-1.221037844373144878e+02	1.377384903463757269e+02
1.222049755171146668e+00	6.835534130103869188e+01	-1.206365725273691538e+02	1.365090542162950840e+02
1.228340616621486969e+00	6.845991601780059455e+01	-1.215536626090556496e+02	1.381993267257983575e+02
1.234632986576932767e+00	6.747039255613003661e+01	-1.195813111340200976e+02	1.360256278586846861e+02
1.240902247176856488e+00	6.650266555145822167e+01	-1.176570320666937448e+02	1.339509855502664948e+02
1.247174839144687519e+00	6.610140656662370873e+01	-1.168260923640243476e+02	1.328995822321410856e+02
1.253465459933442272e+00	6.530674406666317111e+01	-1.157252743678561018e+02	1.322154789291151644e+02
1.259749951892178421e+00	6.448409605946137901e+01	-1.141116758621934224e+02	1.303292283685425730e+02
1.266032143127253873e+00	6.391112345094983738e+01	-1.134611912892702037e+02	1.296657368451087962e+02
1.272316288472006507e+00	6.288645903706803608e+01	-1.109142016958139862e+02	1.265849053509061264e+02
1.278604155058621350e+00	6.323581112841475971e+01	-1.120925370790216391e+02	1.286492642037078440e+02
1.284886588933593865e+00	6.240755056193223993e+01	-1.107829162185599472e+02	1.272476667382385642e+02
1.291175420066583257e+00	6.177168481142141587e+01	-1.095718662788350315e+02	1.260676995552264543e+02
1.297465726373772332e+00	6.115378372411500862e+01	-1.084414378102005827e+02	1.245673886097843450e+02
1.303741827011944299e+00	6.018653123180875042e+01	-1.064254281172462271e+02	1.221817402052760428e+02
1.310017322922761851e+00	6.021273498255960988e+01	-1.069669609014710971e+02	1.235913436461386823e+02
1.316301447662886703e+00	5.940757684482134948e+01	-1.053623603050942421e+02	1.213068763305115283e+02
1.322586760363303249e+00	5.904334170230516321e+01	-1.048003098620550730e+02	1.209876101788291578e+02
1.328865492452874664e+00	5.823632637556164582e+01	-1.032714346088744577e+02	1.192405191756909915e+02
1.335144804954555564e+00	5.784478704153941919e+01	-1.026643373331708347e+02	1.185317506989419059e+02
1.341440516272275119e+00	5.720203222064001380e+01	-1.015253462159193703e+02	1.174324873917283583e+02
1.347730868417094552e+00	5.653509308869465855e+01	-1.000054990777904891e+02	1.156737805645751962e+02
1.354001589994877630e+00	5.599097819137387688e+01	-9.917978991010807022e+01	1.149620092841010859e+02
1.360282609297778444e+00	5.585487265823635283e+01	-9.899804554881383467e+01	1.150297122998952233e+02
1.366565686457597906e+00	5.525863842174219798e+01	-9.802074753166047572e+01	1.136123559317534841e+02
1.372851498482432708e+00	5.464175639270868601e+01	-9.693742917856405938e+01	1.124389121770633011e+02
1.379135372929401804e+00	5.383861427968034263e+01	-9.514500907785001971e+01	1.103577276032475680e+02
1.385409567149057164e+00	5.361487958313440316e+01	-9.503227224395907058e+01	1.106469115562741479e+02
1.391698641219299315e+00	5.290393954414568611e+01	-9.350252730643100563e+01	1.089447189631467978e+02
1.397984451439470810e+00	5.269485870730959221e+01	-9.315048377234064958e+01	1.086815849845001196e+02
1.404267883409181961e+00	5.213829715003394227e+01	-9.209446656120096009e+01	1.071174602739070849e+02
1.410554779484869181e+00	5.177420018583261907e+01	-9.153296180489100209e+01	1.069845620661448180e+02
1.416837833547465397e+00	5.162634874930191131e+01	-9.136833393665820324e+01	1.067779956597538416e+02
1.423118177187137068e+00	5.089107467011134389e+01	-8.978937880241696234e+01	1.050574609149221743e+02
1.429397801164240089e+00	5.034388674040170741e+01	-8.874087881388481946e+01	1.038468524790612548e+02
1.435686921822787232e+00	5.000853330543184683e+01	-8.825004605204473762e+01	1.034175207871372351e+02
1.441977121769299597e+00	5.009742774359488493e+01	-8.861235303180573908e+01	1.040046517971481421e+02
1.448253667853332427e+00	4.953694698104290950e+01	-8.758440863558907097e+01	1.027320405820585449e+02
1.454532348972172651e+00	4.872452979789049010e+01	-8.574898308644239364e+01	1.003028934156118339e+02
1.460819319151879903e+00	4.860387855341723196e+01	-8.553767239077814111e+01	1.004601125408130713e+02
1.467110364402026468e+00	4.810209284806519037e+01	-8.481572810264246698e+01	9.950950283214719150e+01
1.473392908948962132e+00	4.770281464005057614e+01	-8.393143701422987135e+01	9.872378568905330098e+01
1.479669965243598950e+00	4.723692801313531220e+01	-8.307241746238263147e+01	9.794029956786091873e+01
1.485956144602843532e+00	4.687929582416658292e+01	-8.251793520257912462e+01	9.696510773250740556e+01
1.492233610763115115e+00	4.646729288071004049e+01	-8.163143752983955892e+01	9.621393632495160375e+01
1.498502470379980078e+00	4.609210728645806654e+01	-8.090760250843742085e+01	9.521634231351774247e+01
1.504785752051182701e+00	4.561738315181749925e+01	-7.995289931336286315e+01	9.416677786982572229e+01
1.511075991894575976e+00	4.527757716368378738e+01	-7.936258740527657096e+01	9.339212853227206779e+01
1.517361634985162189e+00	4.531331527923508418e+01	-7.963836213027451549e+01	9.410726827071954403e+01
1.523648570969130533e+00	4.494213973129149764e+01	-7.881317871951625875e+01	9.319616249951127429e+01
1.529938035715892264e+00	4.440961734228337576e+01	-7.776303968940791833e+01	9.195581020188500077e+01
1.536230176913891965e+00	4.429094709192391832e+01	-7.774533444554579376e+01	9.195958998705206966e+01
1.542510718779388279e+00	4.365100479049381477e+01	-7.614526866504395741e+01	8.992302159036071885e+01
1.548783963082980275e+00	4.355435470321466340e+01	-7.616167607577474996e+01	9.015019077486276444e+01
1.555073069779651318e+00	4.309745391035051654e+01	-7.531849984644590279e+01	8.895644271664245650e+01
1.561357324927233892e+00	4.276329677792016071e+01	-7.460880941207312844e+01	8.847346264496894719e+01
1.567629121053141006e+00	4.235036239976045636e+01	-7.379967952353190697e+01	8.737263066162039138e+01
1.573913697404382583e+00	4.190162018418924816e+01	-7.287990605949646294e+01	8.637524966833724704e+01
1.580203545230874029e+00	4.180372318217246885e+01	-7.262344313068857105e+01	8.606044355921376621e+01
1.586485393434537983e+00	4.148485785978746065e+01	-7.211485966268023162e+01	8.563883654624748942e+01
1.592760014263005841e+00	4.121405621289047616e+01	-7.161714910312744564e+01	8.508237268438473677e+01
1.599046436394670812e+00	4.098836705626098365e+01	-7.129038322373540382e+01	8.469878669085659340e+01
1.605342136637478934e+00	4.053941863919197175e+01	-7.024740173181599801e+01	8.357593288559193923e+01
1.611619860919608627e+00	4.022816869232843828e+01	-6.958879231261383325e+01	8.290038996112852487e+01
1.617897597081673799e+00	3.992037093834943562e+01	-6.905386842506646872e+01	8.192787506973347433e+01
1.624183235481122756e+00	3.981144927430510450e+01	-6.891486175385395541e+01	8.192715483959423750e+01
1.630464598531913722e+00	3.919537915356286106e+01	-6.752355825773405229e+01	8.041606330976327399e+01
1.636748985747638274e+00	3.898602142892750066e+01	-6.717918667718048198e+01	7.986597711196179716e+01
1.643030923698886259e+00	3.902889241003980914e+01	-6.741592455762021530e+01	8.024463574433781332e+01
1.649309176648513064e+00	3.835736805530459748e+01	-6.592234171061676307e+01	7.836400020541368860e+01
1.655593633940351861e+00	3.830699905639396974e+01	-6.595539018146979515e+01	7.868837640453440940e+01
1.661879571405086464e+00	3.805283364188336748e+01	-6.537606866291957886e+01	7.799088025463053953e+01
1.668169361685170271e+00	3.773724399492456172e+01	-6.477657936749987755e+01	7.712842690568996318e+01
1.674450151530487485e+00	3.765948982654054333e+01	-6.464542410624652291e+01	7.721985995278554071e+01
1.680722718978495900e+00	3.712210192686319488e+01	-6.346912231528818182e+01	7.568283512754518938e+01
1.687013891340952476e+00	3.692449873841308516e+01	-6.313613090437649333e+01	7.527199664673160839e+01
1.693308984907921033e+00	3.667339216947079450e+01	-6.263090480679640137e+01	7.464488628204686904e+01
1.699582147428448486e+00	3.643605195345836023e+01	-6.217245443475523814e+01	7.412115476154409066e+01
1.705863747055134105e+00	3.637927165200807877e+01	-6.208603688775205853e+01	7.417661916242681741e+01
1.712154434283889470e+00	3.594871830064688822e+01	-6.119852508953191261e+01	7.310908867556210566e+01
1.718438381579399321e+00	3.575287704274679612e+01	-6.082802440380982745e+01	7.269921901161572464e+01
1.724721264464063930e+00	3.544958825351118747e+01	-6.012133056928667685e+01	7.171964031196854705e+01
1.730997441276920679e+00	3.525168310265478055e+01	-5.973603861633307588e+01	7.148085773393749776e+01
1.737287073528269499e+00	3.509048504534789714e+01	-5.945744820620989657e+01	7.110320180199833828e+01
1.743567991878527401e+00	3.465308223568049328e+01	-5.855973157126722128e+01	6.999242372840591031e+01
1.749840680212231048e+00	3.451603851283288549e+01	-5.829403686161939646e+01	6.967887776554596257e+01
1.756128549091961144e+00	3.437293911820627557e+01	-5.798035467534062093e+01	6.944847724540052525e+01
1.762413535324792502e+00	3.416892552590891796e+01	-5.767808041695911214e+01	6.899572604249466679e+01
1.768696187669963837e+00	3.391275257809738974e+01	-5.708079046325333650e+01	6.849725945953926498e+01
1.774979359379055266e+00	3.370323629239552332e+01	-5.666370405316997250e+01	6.773617352181204865e+01
1.781265555576432957e+00	3.344645124433097294e+01	-5.603753913557041955e+01	6.706051010646766031e+01
1.787549427830244619e+00	3.334509722030112044e+01	-5.588017016143211180e+01	6.701490072995028413e+01
1.793834120011633004e+00	3.324621572661084201e+01	-5.576612364755142437e+01	6.695684555548302797e+01
1.800115051552487300e+00	3.296941645121857789e+01	-5.515624658745723963e+01	6.612972968280585917e+01
1.806393904854530330e+00	3.262471592959260391e+01	-5.438632987169766153e+01	6.520926085057872967e+01
1.812674089667083432e+00	3.257300721024476786e+01	-5.439205112860499014e+01	6.524017286553282702e+01
1.818956920109354058e+00	3.225282254301807683e+01	-5.367202471138563880e+01	6.451285838165631503e+01
1.825244164118212220e+00	3.205428692291596349e+01	-5.325691771024046517e+01	6.388197172526349732e+01
1.831527256642196955e+00	3.176219512460949446e+01	-5.274183721664817881e+01	6.319791668860252543e+01
1.837811294935716599e+00	3.187010199825335022e+01	-5.303169485323238774e+01	6.361313795080878464e+01
1.844100717411196744e+00	3.161294280296681336e+01	-5.242894117739855631e+01	6.302814441331933182e+01
1.850384816792487230e+00	3.137258819296880930e+01	-5.189132329801208954e+01	6.228641594402907344e+01
1.856666059735203822e+00	3.110502585137293607e+01	-5.126637653953633844e+01	6.168040854492539182e+01
1.862947728675613979e+00	3.097533828607457096e+01	-5.110502378995005301e+01	6.140878557607805988e+01
1.869229324466858078e+00	3.091453232937157125e+01	-5.100315174433151100e+01	6.133731956192748669e+01
1.875517616802973686e+00	3.071859634032782793e+01	-5.060450259503141979e+01	6.089728121195130228e+01
1.881800769033795229e+00	3.032128815211058281e+01	-4.964797273565425684e+01	5.964037971504789937e+01
1.888078863416442710e+00	3.035500049525397159e+01	-4.983434398347620231e+01	5.990246264721398006e+01
1.894353975182237582e+00	2.997963443296063701e+01	-4.900615204432120464e+01	5.892544502052582800e+01
1.900642716154182565e+00	3.000444157716067295e+01	-4.910223461610161877e+01	5.914721832460415385e+01
1.906933494748685121e+00	2.975076414336181685e+01	-4.845587974063617764e+01	5.831482991223598589e+01
1.913207568676573933e+00	2.961602082548809634e+01	-4.825529536642181938e+01	5.810563892257133034e+01
1.919490884732178992e+00	2.955107917079666535e+01	-4.810063373157210265e+01	5.806646150757374869e+01
1.925776855684274480e+00	2.923484697153974210e+01	-4.743026119530188822e+01	5.721060422310551274e+01
1.932064452961978152e+00	2.905877816515624801e+01	-4.705565940682644310e+01	5.672284791395397718e+01
1.938342610030488800e+00	2.879856929793216480e+01	-4.650048297281827558e+01	5.598615525307882024e+01
1.944618341543410178e+00	2.889794903557420724e+01	-4.680265730999619223e+01	5.652106688478965424e+01
1.950906260203513876e+00	2.856200410818899726e+01	-4.594295663424766474e+01	5.544808577313944653e+01
1.957194556613796488e+00	2.849845105162596681e+01	-4.590466089492756652e+01	5.543739057218899546e+01
1.963479614559011432e+00	2.829277058422923119e+01	-4.547240091436088960e+01	5.484745911177527944e+01
1.969760361532916226e+00	2.808358634355999328e+01	-4.498113498947222411e+01	5.428949106667953828e+01
1.976048367034604736e+00	2.802766803812693652e+01	-4.497752606071477999e+01	5.418897018458039128e+01
1.982337990217652335e+00	2.774643717250243924e+01	-4.424379232489519609e+01	5.341534244033164924e+01
1.988617489259562721e+00	2.767350643794238607e+01	-4.420295514850002405e+01	5.332347775546639213e+01
1.994896320665194178e+00	2.749264824867251278e+01	-4.373603256382104831e+01	5.291204091072686566e+01
2.001179596222827151e+00	2.741309755094767198e+01	-4.361170101350900552e+01	5.268292714066686244e+01
2.007459756923499761e+00	2.720519899086750470e+01	-4.318357820508996525e+01	5.217894385325347884e+01
2.013737397779169935e+00	2.707849577083408832e+01	-4.285926166095678269e+01	5.180598560629631066e+01
2.020017234677497164e+00	2.695999359108794025e+01	-4.267915880467717216e+01	5.155082643617521398e+01
2.026310251015072783e+00	2.677996951169734174e+01	-4.218456836118180320e+01	5.102739557455038977e+01
2.032600542948020284e+00	2.659136104415101087e+01	-4.179557440798240719e+01	5.050559760778766361e+01
2.038873863192099289e+00	2.648112387963812253e+01	-4.159436495770140851e+01	5.031283278533700809e+01
2.045154087821675404e+00	2.637213799075201237e+01	-4.136300907571132512e+01	5.007260829437137772e+01
2.051444704514288730e+00	2.622270984061861654e+01	-4.108297649589665923e+01	4.969205280909815059e+01
2.057730430280644729e+00	2.613666354756647081e+01	-4.091637279076436329e+01	4.956813607870938654e+01
2.064013940455224461e+00	2.603825838455991004e+01	-4.068137330964621157e+01	4.936217135506830545e+01
2.070299891179459895e+00	2.578011970290979704e+01	-4.007473174496588797e+01	4.850493462394257449e+01
2.076589719964883951e+00	2.568077256895351823e+01	-3.987606508089844226e+01	4.822541343093951838e+01
2.082865483794470673e+00	2.566795948244292802e+01	-3.988850870240595725e+01	4.836820228494513429e+01
2.089134494859368640e+00	2.543458182203273310e+01	-3.930562943875206372e+01	4.766968179661817118e+01
2.095424211360070288e+00	2.539445298697728148e+01	-3.923476010421143201e+01	4.751462430818471461e+01
2.101707116664804254e+00	2.524069429890577609e+01	-3.889306065059005135e+01	4.716052192059670034e+01
2.107986473933564309e+00	2.508009399914634940e+01	-3.857378317833567394e+01	4.679937968140423976e+01
2.114271806543862375e+00	2.496046119182852863e+01	-3.830092397350121303e+01	4.638542058665439072e+01
2.120552717288892275e+00	2.483780881558656617e+01	-3.802812510198636886e+01	4.619591607214426432e+01
2.126836933207161717e+00	2.477663078211930170e+01	-3.794361887409277045e+01	4.599416819019211289e+01
2.133122044791171845e+00	2.458775561871265936e+01	-3.754882578964924988e+01	4.556050598066363477e+01
2.139411711910842673e+00	2.455180006911413315e+01	-3.749226266478059699e+01	4.550880650056962651e+01
2.145697076775292089e+00	2.445181566540980000e+01	-3.725922370990711840e+01	4.525984806490396295e+01
2.151973548606471276e+00	2.426935340300705946e+01	-3.679059773077212014e+01	4.475113733391031445e+01
2.158259913555724108e+00	2.420822057953676421e+01	-3.665283475298147664e+01	4.457681022327921028e+01
2.164545396699105506e+00	2.399641167751764215e+01	-3.619955377756462411e+01	4.397404015886168338e+01
2.170830700377734068e+00	2.395453897061155857e+01	-3.611053402204645835e+01	4.383235306306835355e+01
2.177114138849150393e+00	2.384558103097348791e+01	-3.588092898818848653e+01	4.363293187523984784e+01
2.183387647576827018e+00	2.373316671469932970e+01	-3.561391805203844285e+01	4.326251609685015609e+01
2.189670273687676971e+00	2.371897446473899507e+01	-3.566024116803693289e+01	4.341248094659979984e+01
2.195960147934207463e+00	2.345770328805184590e+01	-3.501370261042278287e+01	4.260118709184489916e+01
2.202242556317716371e+00	2.351890099643355470e+01	-3.519829378054524227e+01	4.281539864696058828e+01
2.208521655981037668e+00	2.342355244140888715e+01	-3.490910542491290869e+01	4.259161295587773566e+01
2.214804637081333016e+00	2.329546609019222103e+01	-3.472061724826378537e+01	4.232532679947704679e+01
2.221092583349425276e+00	2.315871306210319958e+01	-3.436099828801964406e+01	4.179468647716007013e+01
2.227372893591468728e+00	2.295950203928221001e+01	-3.391320046035477276e+01	4.126723454735513741e+01
2.233657161144248171e+00	2.297085870796454543e+01	-3.392299927463194109e+01	4.139724821375263986e+01
2.239943485394438660e+00	2.277637886690436986e+01	-3.353198611467062307e+01	4.082000545110278011e+01
2.246224175264620815e+00	2.281747062734803677e+01	-3.361458155225748357e+01	4.101974042652010155e+01
2.252506378421252009e+00	2.265991370897590684e+01	-3.322871175968965218e+01	4.053741719243910779e+01
2.258783417054270437e+00	2.254624748906639198e+01	-3.303662055588706892e+01	4.035340084692186480e+01
2.265069077371457684e+00	2.251020625900056871e+01	-3.289671315812774566e+01	4.017672626246528012e+01
2.271350377044131452e+00	2.240210193778890968e+01	-3.264159834088609813e+01	3.993069932159673385e+01
2.277633995145353918e+00	2.228546721713809120e+01	-3.234941222755391976e+01	3.960694301098687475e+01
2.283922419579920149e+00	2.212764920142756964e+01	-3.202808297978288721e+01	3.920518673560336964e+01
2.290202874392252674e+00	2.209031249630645277e+01	-3.198304311173625081e+01	3.910558495442971605e+01
2.296490779970905560e+00	2.199725000291188692e+01	-3.172803861061245101e+01	3.890318163115697558e+01
2.302771769934229162e+00	2.187347234911694827e+01	-3.146849732247430609e+01	3.849363486535465739e+01
2.309051364164305564e+00	2.178701490450812273e+01	-3.133949019385082124e+01	3.833691243025847939e+01
2.315338502539088239e+00	2.172089489387798977e+01	-3.112641750439382804e+01	3.809392474275212237e+01
2.321627336503874428e+00	2.160102351782073171e+01	-3.080956366978865546e+01	3.776242078094573174e+01
2.327911878297218795e+00	2.155821050362259683e+01	-3.077228036023617364e+01	3.771092596240432471e+01
2.334186238580297168e+00	2.144354640163421877e+01	-3.046287914577824552e+01	3.742278199942997929e+01
2.340467971862688401e+00	2.144408166438025631e+01	-3.049806525327330320e+01	3.744329792891743125e+01
2.346756940970738725e+00	2.132341058555851632e+01	-3.021056048642127223e+01	3.714979721283503267e+01
2.353044444556199988e+00	2.123746639822196869e+01	-3.004710179835075579e+01	3.691382405626422525e+01
2.359327653314069906e+00	2.121545979710620955e+01	-2.995689310005603545e+01	3.688467563680939776e+01
2.365603048789861607e+00	2.107416816867788256e+01	-2.964344683577716921e+01	3.643569946843235385e+01
2.371885911737665165e+00	2.111087101887421014e+01	-2.972803901747418109e+01	3.664905981816872327e+01
2.378173303594019572e+00	2.093583895314823096e+01	-2.928520331183598557e+01	3.606804494032510178e+01
2.384454016539381271e+00	2.092873845439230607e+01	-2.928638306281036208e+01	3.608723487692185472e+01
2.390736447344785187e+00	2.083241455665762842e+01	-2.902943436236086328e+01	3.582726747941431711e+01
2.397014133897952259e+00	2.069522647743861299e+01	-2.871263089427847959e+01	3.540327755298238799e+01
2.403295490074321972e+00	2.067229664273001788e+01	-2.869943555455796869e+01	3.539643240032419413e+01
2.409585049672506862e+00	2.062074635719741167e+01	-2.853145932584698841e+01	3.520691946515886883e+01
2.415871703165322071e+00	2.050241715753358918e+01	-2.826394644326225247e+01	3.485943401087734372e+01
2.422160652369088840e+00	2.044428142133982362e+01	-2.815610591969259602e+01	3.475403131764754505e+01
2.428440167222748691e+00	2.042809989142505955e+01	-2.810724372106912128e+01	3.482504388372882431e+01
2.434717472383889803e+00	2.028914678259190296e+01	-2.780866415835251360e+01	3.437329675789641215e+01
2.441002456202044257e+00	2.024649721077845399e+01	-2.770180745969742020e+01	3.426981365926099699e+01
2.447289980304530488e+00	2.013748844485763101e+01	-2.741794938113295999e+01	3.394942413193817998e+01
2.453571844729242279e+00	2.017624337996143780e+01	-2.751273024238490450e+01	3.409538077067222162e+01
2.459852705114058846e+00	2.013859144705316240e+01	-2.742611495373186514e+01	3.393422438821131237e+01
2.466139233225018934e+00	2.000582694424294417e+01	-2.707867151108351322e+01	3.355183998805808443e+01
2.472421963421291391e+00	1.992265970883649473e+01	-2.686926493940141469e+01	3.331962626978440056e+01
2.478698519174224568e+00	1.990699174846663055e+01	-2.684542442344741175e+01	3.338284681144051547e+01
2.484980841400355800e+00	1.980008781010836927e+01	-2.666113419354848446e+01	3.302394008742417242e+01
2.491269319409339822e+00	1.976265374517482698e+01	-2.651787074747647566e+01	3.294677341055374598e+01
2.497548505139029373e+00	1.963330736867313320e+01	-2.617371261425289219e+01	3.257172383848614317e+01
2.503831667172610853e+00	1.966947924874073550e+01	-2.630596760615732777e+01	3.275131421429971113e+01
2.510117938323931153e+00	1.952514365309614419e+01	-2.592839295884408202e+01	3.221864547278303803e+01
2.516400733681277480e+00	1.953625417836381217e+01	-2.591822423996536529e+01	3.231976702461540185e+01
2.522688226833368130e+00	1.946036329313454871e+01	-2.574809846102641941e+01	3.215177715389559410e+01
2.528971695852665569e+00	1.938661269656837405e+01	-2.558869481247530686e+01	3.193761044513893310e+01
2.535252039407670299e+00	1.943623566072512432e+01	-2.566000864441990714e+01	3.207776818439503330e+01
2.541537514142774512e+00	1.934653484192624617e+01	-2.548138555375340530e+01	3.176924752331022361e+01
2.547823008847572179e+00	1.926508902400937728e+01	-2.527111077663033356e+01	3.157835219256995529e+01
2.554100666580690238e+00	1.920194915574574424e+01	-2.512469446260225325e+01	3.140904339729835826e+01
2.560376788884177301e+00	1.911855801062257498e+01	-2.487917077913189345e+01	3.113914418232784342e+01
2.566667521601497359e+00	1.918123034712501962e+01	-2.507198722499049737e+01	3.149529028232279515e+01
2.572955062237090473e+00	1.905068424032349839e+01	-2.470095717229222032e+01	3.095735789334357690e+01
2.579233771797999175e+00	1.905254564492263825e+01	-2.466976129684824670e+01	3.102974631056932253e+01
2.585520164300948220e+00	1.896095124875808935e+01	-2.448887583096980336e+01	3.076582878453567815e+01
2.591805130332431872e+00	1.892179039145753450e+01	-2.434574621312625453e+01	3.064098175786449119e+01
2.598084074692260881e+00	1.891177995048676053e+01	-2.437835873901712702e+01	3.071939094044183705e+01
2.604360404197643586e+00	1.879646789260209871e+01	-2.402187110941948234e+01	3.020895086382868300e+01
2.610647185140439142e+00	1.882846539876631553e+01	-2.412521550654281555e+01	3.041924809218519954e+01
2.616931864059273138e+00	1.874689066805870752e+01	-2.387311936029518122e+01	3.008610798629657879e+01
2.623206107911065565e+00	1.871600561656668305e+01	-2.381788463564702951e+01	3.006177247689483067e+01
2.629491626543270844e+00	1.866168112733393158e+01	-2.367958858938060729e+01	2.984795823626973998e+01
2.635778507982642349e+00	1.861350451481335355e+01	-2.355019304275583991e+01	2.983249160058818816e+01
2.642061039325260818e+00	1.861494681416344577e+01	-2.352545111597057570e+01	2.973514546744516096e+01
2.648343840729305843e+00	1.858177980732448731e+01	-2.341794822263280906e+01	2.958509968997076101e+01
2.654631838974855551e+00	1.854181251401857367e+01	-2.328751412645869934e+01	2.951523204344949747e+01
2.660919001246303761e+00	1.850081311781922722e+01	-2.318542478862331535e+01	2.942535929269784845e+01
2.667198525130066056e+00	1.846206878008999652e+01	-2.308340388781157770e+01	2.935517365970817494e+01
2.673484307038032526e+00	1.841034371376465728e+01	-2.294709159506413343e+01	2.919593777376438837e+01
2.679773388053849459e+00	1.838288846093599105e+01	-2.289976548128948508e+01	2.914286470550690922e+01
2.686058217632288692e+00	1.835680855201299622e+01	-2.278325417588579427e+01	2.900992101062714212e+01
2.692338738200057868e+00	1.832209423695897144e+01	-2.270820828207974884e+01	2.894957529438729793e+01
2.698618022887226964e+00	1.827078651289908606e+01	-2.257169447909901905e+01	2.872112894874423716e+01
2.704895450708277860e+00	1.819816284267040629e+01	-2.233844141873826317e+01	2.851205050575365263e+01
2.711175674923682166e+00	1.822492204521131498e+01	-2.241304613247929467e+01	2.868879053780973010e+01
2.717459832966957922e+00	1.823928544629720960e+01	-2.239144024118089149e+01	2.868122374986478107e+01
2.723745731959044569e+00	1.811062929988424486e+01	-2.211674788510457645e+01	2.832122585249813085e+01
2.730038414850594730e+00	1.809547142307759771e+01	-2.197764767049439527e+01	2.824594548349709910e+01
2.736317989800789441e+00	1.809093534838241979e+01	-2.200038114729748528e+01	2.824899437782874401e+01
2.742591858549239703e+00	1.804113601332099748e+01	-2.185499780498923883e+01	2.813816865136980994e+01
2.748879749010778362e+00	1.810983666590234265e+01	-2.198873808937992891e+01	2.830523093774566235e+01
2.755163403825859447e+00	1.803045501732809441e+01	-2.178193791813820468e+01	2.804956857717613161e+01
2.761446955625852073e+00	1.802174062959028689e+01	-2.169390396516892139e+01	2.797901316946250461e+01
2.767732088935374701e+00	1.799617847126975079e+01	-2.161986981392196583e+01	2.793395419725854012e+01
2.774015452421743966e+00	1.797509478665958582e+01	-2.155298353877413575e+01	2.791013079337073322e+01
2.780298635700591436e+00	1.791540237536590041e+01	-2.137064570659643437e+01	2.761923236402557080e+01
2.786577474762241380e+00	1.788175402066979203e+01	-2.123648158679207043e+01	2.757313249599624783e+01
2.792857983210164541e+00	1.794549162636764450e+01	-2.140303704594672496e+01	2.772471111819793066e+01
2.799143790920211483e+00	1.792493518264904040e+01	-2.131118900139396999e+01	2.770325724400293765e+01
2.805430058399325244e+00	1.785153314021913573e+01	-2.115351070401768396e+01	2.759730098261729481e+01
2.811715058209780072e+00	1.784784727553119765e+01	-2.108495234270710128e+01	2.745903686289032564e+01
2.817989272498773623e+00	1.781423556658304719e+01	-2.098940572730415255e+01	2.739016737198270945e+01
2.824269171595737760e+00	1.782372611703254250e+01	-2.098041736044088879e+01	2.735584056623020999e+01
2.830563016441804081e+00	1.775669994780600547e+01	-2.078481686919672455e+01	2.718762051606197616e+01
2.836848750951622034e+00	1.781744929949352496e+01	-2.089588282272050535e+01	2.732809382598064118e+01
2.843130027866129783e+00	1.777973314207125455e+01	-2.070695618758619005e+01	2.713439094927286277e+01
2.849413896912404986e+00	1.774719164220018186e+01	-2.065647445367228840e+01	2.713078703214620191e+01
2.855697464522425566e+00	1.773790399168303367e+01	-2.060588129101553889e+01	2.714674751191113700e+01
2.861978799810683594e+00	1.767968904448767731e+01	-2.043423077225604700e+01	2.690421240652420209e+01
2.868262469415629567e+00	1.770067087585253063e+01	-2.047047850310066153e+01	2.698131503912473406e+01
2.874547359206753860e+00	1.770243520660360659e+01	-2.038110574402225694e+01	2.697406578865244597e+01
2.880831111471525041e+00	1.773134307254130704e+01	-2.042119651228741972e+01	2.709442631905999121e+01
2.887113216972382546e+00	1.766235560965844087e+01	-2.028023689599577395e+01	2.681659672893405499e+01
2.893394504725182781e+00	1.765225473222335140e+01	-2.019305676189782872e+01	2.671423350015720288e+01
2.899673662137033592e+00	1.769781616025833060e+01	-2.023045304859664384e+01	2.687175442816675286e+01
2.905953958587380814e+00	1.764727686833756692e+01	-2.006109194064332257e+01	2.671788209602099329e+01
2.912241118105161064e+00	1.767634751540074944e+01	-2.008767378272311532e+01	2.678125881776561101e+01
2.918525996366671205e+00	1.767032260681916611e+01	-2.002589312367624430e+01	2.673237498377975285e+01
2.924809035425688819e+00	1.760743953869842926e+01	-1.988836146094764246e+01	2.660470017145078359e+01
2.931095916293684933e+00	1.767605644658392805e+01	-2.000378577555596138e+01	2.673728566457093692e+01
2.937378182606774413e+00	1.763108404951469055e+01	-1.977677106896158321e+01	2.657311527208483781e+01
2.943659980254369923e+00	1.770282834794504723e+01	-1.996104026404072940e+01	2.676405382599516614e+01
2.949946454403890250e+00	1.769264954265241130e+01	-1.989171174991641422e+01	2.673278957887346152e+01
2.956227653702202307e+00	1.768175296468001534e+01	-1.981846172872858958e+01	2.671080482862253902e+01
2.962510478867462993e+00	1.766711062884459693e+01	-1.974162248008224907e+01	2.667447936467844016e+01
2.968796535179442309e+00	1.764390883307377678e+01	-1.965390435761295151e+01	2.657321317330067956e+01
2.975077657376874907e+00	1.770370082106888177e+01	-1.966721361652007261e+01	2.667885497553014318e+01
2.981359866759223376e+00	1.767178155431195918e+01	-1.960852838805648801e+01	2.660876694459004810e+01
2.987646761575656562e+00	1.769812657339875273e+01	-1.961049139242326333e+01	2.671916394051744348e+01
2.993929038370399365e+00	1.773761730805960468e+01	-1.962040642110745736e+01	2.678603232019917257e+01
3.000206214840962726e+00	1.766490792172723090e+01	-1.937850994711865837e+01	2.644741661297025104e+01
3.006486172402415669e+00	1.770331387808979073e+01	-1.944489523701811251e+01	2.660074216908428824e+01
3.012769812211594456e+00	1.775559477827547283e+01	-1.949529040897715859e+01	2.676205611802466322e+01
3.019053144326170113e+00	1.776034984943952821e+01	-1.946655734383770309e+01	2.677664953070522103e+01
3.025337405144251424e+00	1.778609484068424962e+01	-1.952993032353100133e+01	2.678130468924247154e+01
3.031623734799107961e+00	1.774140169232844144e+01	-1.938854501704975419e+01	2.675070239277942363e+01
3.037908962055872575e+00	1.781199744060728918e+01	-1.941938371251268336e+01	2.685788293067547272e+01
3.044195067146031608e+00	1.782840023180817113e+01	-1.940809081416415793e+01	2.686974432747650710e+01
3.050475543482170426e+00	1.784333855307207273e+01	-1.941619839421105809e+01	2.687155889171247125e+01
3.056754954538277502e+00	1.785743100533437300e+01	-1.939188841358421911e+01	2.686560640509009090e+01
3.063040539557494668e+00	1.792273614216440691e+01	-1.941291342162687883e+01	2.702692137954689855e+01
3.069323699454357346e+00	1.790341832100287789e+01	-1.930971484818271122e+01	2.696520784345516830e+01
3.075610692642898769e+00	1.790184463414382776e+01	-1.928215867825170804e+01	2.698709535764393053e+01
3.081893798009918584e+00	1.792009364558205320e+01	-1.923234123709297094e+01	2.697799725416744820e+01
3.088174549548037717e+00	1.796766221963096655e+01	-1.928542275887241431e+01	2.704406758735275318e+01
3.094458635632868493e+00	1.794881050691707713e+01	-1.922895213303825912e+01	2.696433588388925173e+01
3.100743982931558840e+00	1.801976710557396189e+01	-1.926701958285209670e+01	2.721024088320482903e+01
3.107028111748448396e+00	1.800323533192086956e+01	-1.920079174655106868e+01	2.715090193140184027e+01
3.113309299655494300e+00	1.805427340106493617e+01	-1.919696688862294209e+01	2.731360998627947367e+01
3.119590662867241626e+00	1.805133197680319057e+01	-1.914495303115809222e+01	2.718588969892661211e+01
3.125874006820172912e+00	1.810730270013061727e+01	-1.922779799143484780e+01	2.732597818373279352e+01
3.132159251154602586e+00	1.814252776302592451e+01	-1.922666558611807730e+01	2.742023164858466444e+01
3.138439172765940643e+00	1.815613014588139151e+01	-1.922732226626289176e+01	2.752134483226954842e+01
3.144723867719826593e+00	1.823868966645800072e+01	-1.936008557126170260e+01	2.773927476481888377e+01
3.151003951258561031e+00	1.821920131612479210e+01	-1.920944427727036441e+01	2.752323349109818906e+01
3.157283664131563139e+00	1.830474349673676926e+01	-1.928560655309294702e+01	2.779759309863984384e+01
3.163569317183839935e+00	1.829087356892913974e+01	-1.924783039164864462e+01	2.773014609661126784e+01
3.169851661717792091e+00	1.836250018678675744e+01	-1.926599429604122804e+01	2.787173453279525859e+01
3.176137704316093657e+00	1.837236123072287697e+01	-1.925815801743829425e+01	2.786794428264536450e+01
3.182420924828643916e+00	1.849025995664781874e+01	-1.940417645471593389e+01	2.818017977400482010e+01
3.188702811875577581e+00	1.849309376538237970e+01	-1.936724298179898796e+01	2.815670319197222682e+01
3.194990520008989865e+00	1.854863063245904087e+01	-1.947108826710735840e+01	2.834615216017103023e+01
3.201275324656983834e+00	1.859780947491806558e+01	-1.940600063866356706e+01	2.844472113696597759e+01
3.207551352179861759e+00	1.862741373946371226e+01	-1.937969871936584099e+01	2.837299654352160161e+01
3.213835216737041645e+00	1.864450344732130560e+01	-1.935503771088164626e+01	2.847423206428936737e+01
3.220122579819103770e+00	1.853097852275141477e+01	-1.902232161660956322e+01	2.777783963827258518e+01
3.226406606618656525e+00	1.815310838061033394e+01	-1.805585592744857593e+01	2.620813408082188900e+01
3.232687390085645429e+00	1.793747426675167489e+01	-1.751544621226083365e+01	2.504867738151847334e+01
3.238969121280456331e+00	1.773653923172479452e+01	-1.698107785643516365e+01	2.393352380771158749e+01
3.245254751548589667e+00	1.757500135797405960e+01	-1.652941265397945614e+01	2.295710413657124604e+01
3.251534499036136783e+00	1.745159205505396116e+01	-1.627235729790216112e+01	2.225055639582724964e+01
3.257817780791052442e+00	1.727811915926373132e+01	-1.571764709725369080e+01	2.126044416614695720e+01
3.264102164154097263e+00	1.720326274924716259e+01	-1.554214765062582515e+01	2.060344578541294425e+01
3.270384152138468892e+00	1.709750641934511961e+01	-1.523128524744504553e+01	1.989162116549824688e+01
3.276669427476867735e+00	1.698599810123412368e+01	-1.494125867938171126e+01	1.912209441669402565e+01
3.282954688864507808e+00	1.692259439587119374e+01	-1.478559528394528577e+01	1.854309531826094215e+01
3.289237200334947264e+00	1.677167738089204363e+01	-1.438034470172722479e+01	1.776993991994559252e+01
3.295519587088236779e+00	1.674855563455513519e+01	-1.430337072776331908e+01	1.720481461074604468e+01
3.301805977329951958e+00	1.661964147171345019e+01	-1.393431230449180092e+01	1.650837529381748325e+01
3.308087486222440088e+00	1.658558758556048573e+01	-1.384524355198251122e+01	1.594968831817252486e+01
3.314367630234227313e+00	1.648676620810662641e+01	-1.355723664182186816e+01	1.528909869272033362e+01
3.320651909732194262e+00	1.639748690528665520e+01	-1.335671348808641845e+01	1.471196592369928702e+01
3.326931260376857047e+00	1.636654491530332933e+01	-1.322018467510603301e+01	1.422931295372812777e+01
3.333216512447217728e+00	1.632219405899984110e+01	-1.308181950836431717e+01	1.369951743569737701e+01
3.339504489419978128e+00	1.629002198330579887e+01	-1.296846135782091203e+01	1.329525933847757990e+01
3.345786804809928405e+00	1.616179140125940705e+01	-1.265199803722438077e+01	1.260543732581315624e+01
3.352071130016277767e+00	1.619901643970625216e+01	-1.265370454281870494e+01	1.223864849746721362e+01
3.358351496304225581e+00	1.612818244837011150e+01	-1.243137855291745453e+01	1.173465252124738001e+01
3.364630591073392019e+00	1.607820113465482592e+01	-1.228185753737740704e+01	1.125996563384809690e+01
3.370916305215045483e+00	1.604630510191376658e+01	-1.215221959561589138e+01	1.078206926290310541e+01
3.377197952029413752e+00	1.600424951866470025e+01	-1.206626478347916098e+01	1.031799489033675066e+01
3.383483063818085501e+00	1.597954376578595870e+01	-1.197969128250399073e+01	9.938770926036667674e+00
3.389769992424469969e+00	1.588062442877930458e+01	-1.172035158311982528e+01	9.232214560418679383e+00
3.396051330885982100e+00	1.585830592671076822e+01	-1.159501879789400292e+01	8.855468386650402479e+00
3.402330879139463971e+00	1.581396168078050657e+01	-1.150506161664060123e+01	8.416609961772264725e+00
3.408610488352048495e+00	1.580933803492441037e+01	-1.144652506093626698e+01	8.062754299769252953e+00
3.414897837696641236e+00	1.581073394583136960e+01	-1.138406439808467496e+01	7.711625165286779549e+00
3.421180484052105619e+00	1.572255522714277909e+01	-1.115786378003796919e+01	7.177267331495237990e+00
3.427461639653846870e+00	1.567068986280396814e+01	-1.101430712135733181e+01	6.675843533880858161e+00
3.433749159643459059e+00	1.568749470420650916e+01	-1.104303698737564865e+01	6.456744037590651075e+00
3.440032646656798310e+00	1.563024139299919923e+01	-1.080177291385518679e+01	5.899750665769768254e+00
3.446313366033385339e+00	1.564447242519155701e+01	-1.085917252502210673e+01	5.682817866574384702e+00
3.452600135384134905e+00	1.557576426493622357e+01	-1.060000829110568432e+01	5.128232891703477847e+00
3.458883152815406703e+00	1.560170401914274407e+01	-1.062363627373329855e+01	4.817476719812703756e+00
3.465163834403715448e+00	1.559517445273251646e+01	-1.055808210919479606e+01	4.579664408182900992e+00
3.471449329786229221e+00	1.554587803130604051e+01	-1.042621717683339000e+01	4.102487643328410094e+00
3.477734476754053894e+00	1.552799788270381853e+01	-1.033584621284447991e+01	3.679777445969859340e+00
3.484019652467224226e+00	1.549717589003146578e+01	-1.021162797869078354e+01	3.261520705010701349e+00
3.490297019369712928e+00	1.551017772197061184e+01	-1.023728270015247155e+01	3.136571148992896241e+00
3.496582486484379970e+00	1.545210019294906623e+01	-1.004979815051415848e+01	2.594583073349639335e+00
3.502868048046865024e+00	1.543966480778111539e+01	-9.973743293092660167e+00	2.238103105847419894e+00
3.509144649545451244e+00	1.541695057149015113e+01	-9.896025760166603291e+00	1.890272894218601563e+00
3.515428082003116295e+00	1.541316369447447698e+01	-9.833931412701723218e+00	1.529589271401880168e+00
3.521711031624695565e+00	1.543360166755856078e+01	-9.811346684159873988e+00	1.309259603180523923e+00
3.527991850954735664e+00	1.535412980469795130e+01	-9.633437159719932197e+00	7.986654767504364205e-01
3.534275545726699885e+00	1.534963720155969114e+01	-9.582150742871085924e+00	5.169163524159764433e-01
3.540562632020772149e+00	1.534455509928571715e+01	-9.508075618053460687e+00	1.692669516699272236e-01
3.546844410757220789e+00	1.534486973210528049e+01	-9.434106496755598315e+00	-1.238631687399179421e-01
3.553131386753758836e+00	1.533893675755298780e+01	-9.417460202203981723e+00	-3.592042000853787886e-01
3.559419203211965144e+00	1.534534772142345105e+01	-9.343992478595147588e+00	-7.549007847646728164e-01
3.565697971577579839e+00	1.531363945201894872e+01	-9.194821654504671926e+00	-1.140810426280472356e+00
3.571979559134798254e+00	1.531659481625202268e+01	-9.222682786032578406e+00	-1.274150785884373915e+00
3.578265774595833726e+00	1.528838370107857969e+01	-9.084952829630136506e+00	-1.767886231766232275e+00
3.584548309769353125e+00	1.531160799724179533e+01	-9.077789087811783730e+00	-1.958013079621961472e+00
3.590826843920031486e+00	1.526615802726690951e+01	-8.987866371231623575e+00	-2.376592083896120311e+00
3.597107306745233934e+00	1.531591135323690089e+01	-8.978160566916585594e+00	-2.572654235652196864e+00
3.603392831792229245e+00	1.528858378865030332e+01	-8.870507078279510793e+00	-2.867782002588489476e+00
3.609673209822572559e+00	1.528164358995785754e+01	-8.815529190476212307e+00	-3.229890375443574158e+00
3.615955412133016189e+00	1.529873601777030068e+01	-8.780726197998591331e+00	-3.455130797707509860e+00
3.622241607772384686e+00	1.525127665306222191e+01	-8.594884179896165932e+00	-3.964359749806964039e+00
3.628520252736676444e+00	1.527341257697474930e+01	-8.624688786933276674e+00	-4.149357354806205933e+00
3.634804827569451113e+00	1.528601146985697312e+01	-8.555638980344767219e+00	-4.442830914861755076e+00
3.641094981788862928e+00	1.527820662089428971e+01	-8.573420505931331093e+00	-4.619610814576574853e+00
3.647383514928639325e+00	1.528027878281767649e+01	-8.480336680389529036e+00	-4.950969184216096330e+00
3.653663283927725658e+00	1.525566488817503163e+01	-8.428366816296691155e+00	-5.192743215713008453e+00
3.659943504072155296e+00	1.523094685143136218e+01	-8.321934839826052865e+00	-5.604497376628910565e+00
3.666232000281138603e+00	1.527576584906413082e+01	-8.300852143464707567e+00	-5.830354950315915552e+00
3.672514211678317597e+00	1.525935332137987821e+01	-8.250725262167405205e+00	-6.126971786940821119e+00
3.678794154686042539e+00	1.527919296757119660e+01	-8.207457821862329084e+00	-6.353712679994975687e+00
3.685078621861909820e+00	1.528642710435874008e+01	-8.124715327728324610e+00	-6.691594603837425659e+00
3.691359210097977961e+00	1.528569812635562286e+01	-8.103058392287344702e+00	-6.938676199855565052e+00
3.697642368173791105e+00	1.526016041020088743e+01	-7.945479774018450847e+00	-7.312325682725008491e+00
3.703925796735277665e+00	1.533155472881359849e+01	-8.045934274155538191e+00	-7.390312865076480442e+00
3.710208240364660348e+00	1.527480102887307289e+01	-7.961405458702896176e+00	-7.707321754144949466e+00
3.716494593122387169e+00	1.533165961537653565e+01	-7.935298451503143724e+00	-7.924761250151239445e+00
3.722775386659595398e+00	1.530033786914156302e+01	-7.847319046057725345e+00	-8.259815495611602998e+00
3.729058392883481510e+00	1.533631223934554733e+01	-7.826135979913825480e+00	-8.526290689404687484e+00
3.735339748210807720e+00	1.532216180509480630e+01	-7.765552571809291926e+00	-8.756463450646492674e+00
3.741620776392969638e+00	1.531541802121182805e+01	-7.663412387628117273e+00	-9.119214760387968965e+00
3.747904795418762980e+00	1.533916110896183937e+01	-7.690916456826870196e+00	-9.275970959435554164e+00
3.754190633281219380e+00	1.534083589551350890e+01	-7.608712181740648006e+00	-9.563807905101423756e+00
3.760478208018912749e+00	1.537452610279864906e+01	-7.620600448737037347e+00	-9.756142614310130412e+00
3.766755538573464346e+00	1.541743752860723404e+01	-7.625228974760969614e+00	-9.955920097679140213e+00
3.773032090135151506e+00	1.533673962355085507e+01	-7.394322034123069542e+00	-1.042167552297334687e+01
3.779322553012896879e+00	1.540999335212011090e+01	-7.500410600385852611e+00	-1.051749813952943491e+01
3.785609109731308930e+00	1.537290850512115448e+01	-7.388010109714712392e+00	-1.088898265648363761e+01
3.791889825936295200e+00	1.542736350419412084e+01	-7.386539909010858551e+00	-1.107148585968490728e+01
3.798174822702435893e+00	1.543153173914560128e+01	-7.356326272058542060e+00	-1.126070134723327243e+01
3.804458658753491651e+00	1.541736666615410378e+01	-7.300840361342483931e+00	-1.154023360849427959e+01
3.810738438095723435e+00	1.551775440092373337e+01	-7.421633857439069004e+00	-1.159424714258479128e+01
3.817018850285747167e+00	1.541259716769378763e+01	-7.113229222322679846e+00	-1.218566224746032667e+01
3.823305314209427763e+00	1.551035115118869179e+01	-7.240212741300053878e+00	-1.219500964848502456e+01
3.829591295197792178e+00	1.548728780440162467e+01	-7.138847669150128361e+00	-1.249467298493140710e+01
3.835872296070849341e+00	1.549801668780941988e+01	-7.047136042270096823e+00	-1.290654418973836393e+01
3.842156279590906109e+00	1.557114674274527921e+01	-7.186601247589059049e+00	-1.283743277678032513e+01
3.848441511099312429e+00	1.556317335504970245e+01	-6.995874568945122718e+00	-1.334839618687983176e+01
3.854723334376886079e+00	1.556406371548018974e+01	-6.999598097109078765e+00	-1.349862081109485246e+01
3.861004740704794713e+00	1.557054040273882478e+01	-6.977722659022446372e+00	-1.369058245125030915e+01
3.867284336650660848e+00	1.562990488621261242e+01	-6.947529737622845758e+00	-1.399434113105797550e+01
3.873567367678779849e+00	1.568039509095170025e+01	-6.984904165970140966e+00	-1.415743821963130955e+01
3.879850662830422792e+00	1.560506931659128149e+01	-6.814771899982896564e+00	-1.452678645257838674e+01
3.886137063198143338e+00	1.574609011855988250e+01	-6.952663315060942928e+00	-1.457560322830036981e+01
3.892419463049126005e+00	1.564544881461015713e+01	-6.687851583973778880e+00	-1.501668541883356944e+01
3.898703740328622658e+00	1.573658891811070326e+01	-6.822135105026116086e+00	-1.510422962271956138e+01
3.904991458788179326e+00	1.579499545710319097e+01	-6.785066372811373370e+00	-1.534876343937868270e+01
3.911270842222104083e+00	1.577184533816070910e+01	-6.691350610096519880e+00	-1.570050533291074224e+01
3.917549806479573071e+00	1.584104300201548909e+01	-6.749575147707280287e+00	-1.582538202711204356e+01
3.923836006203090587e+00	1.578619098154016598e+01	-6.565469737233570413e+00	-1.624812654802966705e+01
3.930121452497870926e+00	1.586014673732045033e+01	-6.668110374905602100e+00	-1.626140816469467154e+01
3.936398172858230460e+00	1.586604234201502095e+01	-6.550143494464847116e+00	-1.662934991003172414e+01
3.942683040425962293e+00	1.590801899373668959e+01	-6.558945755737892291e+00	-1.680927669480655950e+01
3.948974759704379611e+00	1.594755831529626455e+01	-6.493886147938674469e+00	-1.710243729941597124e+01
3.955259227995065352e+00	1.591152454872847422e+01	-6.417923191829079776e+00	-1.736789660407949398e+01
3.961537174921395454e+00	1.602952338398532817e+01	-6.562260977115904836e+00	-1.734702372188383990e+01
3.967820217617139544e+00	1.602899353345971178e+01	-6.415937511140168859e+00	-1.780484173987291996e+01
3.974105559832568968e+00	1.602984453235314888e+01	-6.379587124589557234e+00	-1.799554417975181408e+01
3.980384727931198352e+00	1.607007336944995046e+01	-6.420253218761437175e+00	-1.814284886392548302e+01
3.986664590839849698e+00	1.609689602331539859e+01	-6.331224369692205478e+00	-1.856980356600471538e+01
3.992949619150675034e+00	1.618999133167105953e+01	-6.419433706119322736e+00	-1.853298407656453151e+01
3.999235075769965952e+00	1.616238751841354571e+01	-6.263460661281450292e+00	-1.896747366706334148e+01
4.005515715515433506e+00	1.624329815430423452e+01	-6.273347882891835425e+00	-1.922609151881152556e+01
4.011798434346478537e+00	1.625964562393182788e+01	-6.268082480275262824e+00	-1.938402900609543167e+01
4.018083716245132386e+00	1.627508219163054548e+01	-6.169259187898465058e+00	-1.974842135101695462e+01
4.024365700052603856e+00	1.639116319809643940e+01	-6.312904461910615161e+00	-1.975410528117226505e+01
4.030643960839860540e+00	1.635186840570844780e+01	-6.131513214375237553e+00	-2.021136732586433737e+01
4.036928708926215137e+00	1.643969898148903752e+01	-6.223462364941551250e+00	-2.026000445548770301e+01
4.043218157412017177e+00	1.644046942804236267e+01	-6.156763921830932240e+00	-2.053252700112161122e+01
4.049503019487663558e+00	1.648414521383570630e+01	-6.092326180331636643e+00	-2.083151585658930927e+01
4.055781898960511000e+00	1.650910238260314955e+01	-6.111417767271134061e+00	-2.090964568220918807e+01
4.062060795621602161e+00	1.645128416519380110e+01	-5.881539266799658883e+00	-2.147274477132734916e+01
4.068347865354716042e+00	1.661198019652756130e+01	-6.075790747783948120e+00	-2.145469349364821454e+01
4.074631027173265529e+00	1.661825502949927724e+01	-5.932878035457017418e+00	-2.188935571933964042e+01
4.080910837526078971e+00	1.668808463414610443e+01	-6.002977039062247222e+00	-2.202394458785079578e+01
4.087201203341442657e+00	1.672315322872820786e+01	-5.988201678016404905e+00	-2.223524675998900690e+01
4.093486818591942189e+00	1.670002078169040516e+01	-5.877096245129228791e+00	-2.251219770364711437e+01
4.099764387336505500e+00	1.685511281715825760e+01	-6.030726449152701285e+00	-2.258638335460891255e+01
4.106049166937662420e+00	1.679122001579547074e+01	-5.751271436361965250e+00	-2.324000210452288329e+01
4.112334559041358695e+00	1.693396528784952793e+01	-5.944180508764389081e+00	-2.314003300980412448e+01
4.118618926059533614e+00	1.692113243870943151e+01	-5.772567564891480707e+00	-2.363028584137132171e+01
4.124898942031112625e+00	1.696568001249032775e+01	-5.748719407256915659e+00	-2.385187228779768276e+01
4.131175432561665417e+00	1.701412473722305307e+01	-5.770113688755722059e+00	-2.401612959417607840e+01
4.137461563786142271e+00	1.699339728439545993e+01	-5.561671428376484094e+00	-2.456568949446195305e+01
4.143746006210170307e+00	1.715227588109561196e+01	-5.849965135654327852e+00	-2.432939522572833724e+01
4.150029800482964326e+00	1.713533821351984443e+01	-5.588541340023470028e+00	-2.498857692077515580e+01
4.156313390684649001e+00	1.722528032681058718e+01	-5.641301100826765946e+00	-2.516511558825470019e+01
4.162596105843763716e+00	1.724624356329084307e+01	-5.629604246638123755e+00	-2.535503783566297287e+01
4.168881843141768684e+00	1.723066065874696307e+01	-5.522549394660429378e+00	-2.565306495282202803e+01
4.175162111073220217e+00	1.736128428408705915e+01	-5.697276313079751908e+00	-2.567694249385330707e+01
4.181448573417560155e+00	1.733841128723103608e+01	-5.420631995493205402e+00	-2.634172326376828011e+01
4.187738782464171194e+00	1.745093383025593425e+01	-5.559727196231911250e+00	-2.638097532987682570e+01
4.194017437180169061e+00	1.746434475603440717e+01	-5.460860576742670780e+00	-2.670697253693071360e+01
4.200293572701767175e+00	1.750754766146314978e+01	-5.379094859798062345e+00	-2.714535826054608236e+01
4.206580195481546269e+00	1.760241167672657525e+01	-5.411044847761990795e+00	-2.733795077064816681e+01
4.212860644652220543e+00	1.761494562878062453e+01	-5.281798277544038633e+00	-2.781602572479517121e+01
4.219138153430114002e+00	1.777111268758989482e+01	-5.543029382179305742e+00	-2.756354801804108234e+01
4.225426162098283811e+00	1.771302741257471425e+01	-5.261974589595340923e+00	-2.821958081548090291e+01
4.231713506719782636e+00	1.782772324756653859e+01	-5.341139900594584766e+00	-2.839173658758099705e+01
4.237990056577191744e+00	1.790693910268509370e+01	-5.367751883331135510e+00	-2.863005205309941914e+01
4.244267783646744618e+00	1.784278821751625443e+01	-5.026150817061315834e+00	-2.941744232545251947e+01
4.250560660182562955e+00	1.805794745143554181e+01	-5.345347100868621304e+00	-2.920065787210104702e+01
4.256847734842668096e+00	1.796340303288742746e+01	-5.018172015153948173e+00	-2.989658074682098032e+01
4.263127100734456221e+00	1.807802059506310144e+01	-5.112649951510241486e+00	-2.996327491260788634e+01
4.269406860432507500e+00	1.814101698791261796e+01	-5.105209609561782713e+00	-3.027885303462208810e+01
4.275691671482192646e+00	1.810778162088909937e+01	-4.989770169864561566e+00	-3.063040339358281017e+01
4.281972414189518794e+00	1.824497899209633545e+01	-5.184503684582535854e+00	-3.053516535909241725e+01
4.288253516806755705e+00	1.826772266198486960e+01	-4.996223171537295116e+00	-3.122056392374044620e+01
4.294540520160492925e+00	1.839110624227935986e+01	-5.058346987514760862e+00	-3.140062504354004957e+01
4.300825742921731809e+00	1.837115856327165631e+01	-4.829991938990922939e+00	-3.200398787902722830e+01
4.307109835491901961e+00	1.843454141205194929e+01	-4.841264028840051026e+00	-3.223228758927395177e+01
4.313390926478413157e+00	1.857947419482340834e+01	-5.003077833078646286e+00	-3.228677390892712395e+01
4.319667979480563247e+00	1.844637375333103435e+01	-4.580512020496434467e+00	-3.319694151940139193e+01
4.325952598143786076e+00	1.871812820690279722e+01	-5.018851921221322065e+00	-3.279841579603842661e+01
4.332241647035422361e+00	1.861629280497262684e+01	-4.580320484834223826e+00	-3.374098112217581757e+01
4.338524445619096781e+00	1.874954068285276421e+01	-4.696790003213910936e+00	-3.389199824756090607e+01
4.344809348131129845e+00	1.878108618687210907e+01	-4.647650437723764405e+00	-3.426820310416703563e+01
4.351090699193166600e+00	1.870775329524192188e+01	-4.383733007446059204e+00	-3.485816618317265636e+01
4.357369710808320029e+00	1.892534215836748857e+01	-4.629384073010642808e+00	-3.486783706204877831e+01
4.363659348967174445e+00	1.883013998518864440e+01	-4.312758454979396916e+00	-3.556014329331042489e+01
4.369947418280990981e+00	1.900328981235028181e+01	-4.512047985304390885e+00	-3.568091377200108383e+01
4.376226569265827315e+00	1.905101634929650345e+01	-4.398698318479825176e+00	-3.614476772128295323e+01
4.382499356631129217e+00	1.896530084576251696e+01	-4.092210949611691184e+00	-3.680554452956074840e+01
4.388784975178015024e+00	1.917639487621983108e+01	-4.298973475528940824e+00	-3.689334185005343159e+01
4.395068696309480494e+00	1.905819682278548655e+01	-3.902322047813004957e+00	-3.780136511614863792e+01
4.401347962382031298e+00	1.937561654601702799e+01	-4.387792104345915156e+00	-3.747391120788937968e+01
4.407628405096517099e+00	1.918428799828129172e+01	-3.864740305394928299e+00	-3.841671498337733226e+01
4.413915862185140426e+00	1.927364162514934165e+01	-3.947821742303023296e+00	-3.868830943027396785e+01
4.420203163534264235e+00	1.934613236210050857e+01	-3.948652960233741904e+00	-3.894423700727953985e+01
4.426480311003382795e+00	1.920508905270708411e+01	-3.466713045256243575e+00	-4.005697008936039083e+01
4.432765973643649104e+00	1.954272384166143439e+01	-3.953219497038530150e+00	-3.967418661381118739e+01
4.439053392023870614e+00	1.931126170376614581e+01	-3.319293705907182090e+00	-4.092321781028963557e+01
4.445336141335588742e+00	1.953415888607164419e+01	-3.692773458088007832e+00	-4.070307441306478324e+01
4.451617241414883352e+00	1.939843103200786345e+01	-3.293456914538996028e+00	-4.160642877624114533e+01
4.457901500730311106e+00	1.941072989879119959e+01	-3.104769019600691404e+00	-4.226736424983022289e+01
4.464189501093017043e+00	1.952890458157223463e+01	-3.291281087373279846e+00	-4.225177705205803846e+01
4.470470197548729985e+00	1.929132160888509162e+01	-2.550658233931820895e+00	-4.375243211525647524e+01
4.476748044268524573e+00	1.953850151749308139e+01	-3.065039203127282619e+00	-4.327779940967198513e+01
4.483035990164653484e+00	1.939068265478442754e+01	-2.539448495592230515e+00	-4.447949718852296286e+01
4.489323331650528104e+00	1.953211920617667730e+01	-2.634698363326853698e+00	-4.476384573173259440e+01
4.495599111667934800e+00	1.938288177168908888e+01	-2.398445674329264587e+00	-4.531997662064902954e+01
4.501870922878794090e+00	1.931455893379500921e+01	-2.054459160808623785e+00	-4.627629041789609943e+01
4.508155162877705457e+00	1.947560985774315867e+01	-2.221310499579436826e+00	-4.638410677347227562e+01
4.514446451153479423e+00	1.928862394397756219e+01	-1.683676604554417366e+00	-4.766690175821621267e+01
4.520723894043856994e+00	1.932384480132008164e+01	-1.747556031173530089e+00	-4.776393575845241912e+01
4.527003782460155890e+00	1.919776183479898890e+01	-1.376740965878613832e+00	-4.873715313566506069e+01
4.533293086610313161e+00	1.916103506370633269e+01	-1.233568031530417164e+00	-4.934632583705419506e+01
4.539578989864040182e+00	1.903396746353886471e+01	-9.717864170275436475e-01	-4.996419024409845377e+01
4.545857164866476730e+00	1.900116573911471107e+01	-7.061303921828823160e-01	-5.096297201562052948e+01
4.552138955546025656e+00	1.891353631058208862e+01	-5.490227177508079093e-01	-5.152921030484404241e+01
4.558432046889146605e+00	1.891331179527297834e+01	-4.272234781202358112e-01	-5.211984103467393226e+01
4.564713463378488711e+00	1.891217475730694275e+01	-3.775916982642217867e-01	-5.255510007099083936e+01
4.570987274133244682e+00	1.888391061228222867e+01	-3.036813485103284083e-01	-5.298074191188497650e+01
4.577274818151045643e+00	1.896454446339975775e+01	-2.820247203040534001e-01	-5.355023251180692512e+01
4.583563263889338657e+00	1.891804494466101261e+01	-2.785753529288547137e-01	-5.370572816489673329e+01
4.589844917004465508e+00	1.907293440866502365e+01	-2.030564455481268515e-01	-5.450772044992220344e+01
4.596126259982004747e+00	1.905387817513845405e+01	-2.053338163224886215e-01	-5.477732614920347487e+01
4.602409075598298926e+00	1.906627492930093126e+01	-1.708635607081578356e-01	-5.512516924767344051e+01
4.608696634867644804e+00	1.916398658887202089e+01	-1.582447418932861061e-01	-5.562912227591548486e+01
4.614977646498861219e+00	1.916010400264041280e+01	-1.931089049657243040e-01	-5.584741529093165724e+01
4.621258953029527383e+00	1.919901566750551680e+01	-1.457454135572100185e-01	-5.627446806156964243e+01
4.627547993978874175e+00	1.925760630168049659e+01	-1.242569262627040427e-01	-5.673736346041845735e+01
4.633830152730579854e+00	1.935405768812463023e+01	-1.795898196932407820e-01	-5.715876320271037514e+01
4.640104005367354567e+00	1.939899337721139005e+01	-1.834434006905113212e-01	-5.744058550895456960e+01
4.646382060386754276e+00	1.938240701007694611e+01	-1.409094840185633746e-01	-5.775281664361940415e+01
4.652674213731970987e+00	1.952157539136070952e+01	-1.258744019243548951e-01	-5.838218798439885404e+01
4.658958291796220230e+00	1.956768738806044183e+01	-6.390274130971107525e-02	-5.878944578474974492e+01
4.665233615070169648e+00	1.964345582257303491e+01	-1.187061468708382056e-01	-5.918226019063074261e+01
4.671520675710307380e+00	1.969185654352476078e+01	-1.480287276194502954e-01	-5.948807248145001836e+01
4.677814351732177300e+00	1.983364842435430830e+01	-9.327968946564170472e-02	-6.016717903676106971e+01
4.684093699744638073e+00	1.977688401612901359e+01	-1.081688209396337585e-01	-6.018564209355311334e+01
4.690368661472568590e+00	1.991265372633723274e+01	-8.129809030659899960e-02	-6.077952865683602823e+01
4.696663270746453733e+00	1.994035516835835153e+01	-1.370166299069318361e-01	-6.103042890434302592e+01
4.702945459248681459e+00	2.003233326063901742e+01	-1.166589686352463157e-01	-6.156040457910837915e+01
4.709209170841929470e+00	2.009212286272059345e+01	-5.046190772455707435e-02	-6.193796396861051790e+01
4.715491634753063543e+00	2.017707076082172435e+01	-7.207017799094710131e-02	-6.236656066212793093e+01
4.721784316284933780e+00	2.028277497952676711e+01	-9.966396086354029071e-02	-6.283878108455564160e+01
4.728063062331094635e+00	2.031216718879872118e+01	-5.264848908291221152e-02	-6.319011349493398910e+01
4.734337423381671073e+00	2.041261367449166286e+01	-9.957597133237315601e-02	-6.357245742662524179e+01
4.740627024094544062e+00	2.055294163653689665e+01	-8.485965799621908445e-02	-6.424927913030408888e+01
4.746914995664547554e+00	2.060566124897417239e+01	-3.413509807595881129e-02	-6.461630007400998466e+01
4.753194740071086777e+00	2.069587974707799560e+01	-7.252888612138662372e-02	-6.501225475801699361e+01
4.759478891864783456e+00	2.075759374723764950e+01	-9.840023620848601521e-03	-6.545810891759749950e+01
4.765762396877359031e+00	2.085995381202901555e+01	-6.990010861758229332e-02	-6.586957672973625222e+01
4.772049481246195768e+00	2.098235961886672385e+01	-4.375462613498080910e-02	-6.639906107681638048e+01
4.778335091022592351e+00	2.103112447887751912e+01	-1.325855645079577864e-02	-6.673357120616954319e+01
4.784610831402393849e+00	2.113837135601949413e+01	-4.540587066863720211e-02	-6.722746465930359250e+01
4.790907306208476157e+00	2.127489833281307696e+01	-7.231428146488876052e-02	-6.776432509344965638e+01
4.797204047706418173e+00	2.126101087860983796e+01	-3.543549705125650581e-03	-6.796283722408105632e+01
4.803470827697504220e+00	2.137989528339895529e+01	-4.216245015116265593e-02	-6.841681155162849848e+01
4.809748850577324042e+00	2.147049905602349185e+01	-6.795398868859274522e-02	-6.883148190592511639e+01
4.816045316586602176e+00	2.159976533670594279e+01	-7.838807301025460528e-02	-6.937795018158794846e+01
4.822329240673497885e+00	2.174585651503506156e+01	-3.936852122628679840e-02	-7.003609638839107276e+01
4.828596758226470165e+00	2.178166093220104571e+01	-3.411282406276343326e-02	-7.028756789945512651e+01
4.834890332961369275e+00	2.196791505936194611e+01	5.996742788714563496e-03	-7.110681828683549099e+01
4.841191655056394261e+00	2.208053883630859460e+01	-4.552630350279509436e-02	-7.153248052315599637e+01
4.847460407468000554e+00	2.217365030273667514e+01	-5.228330845228422452e-02	-7.193633428703546429e+01
4.853732128521334843e+00	2.220831334624844189e+01	-8.078757523047012598e-03	-7.222966598781847836e+01
4.860029138783373170e+00	2.226657889444222604e+01	-1.437889625560484844e-02	-7.256904552459070601e+01
4.866314601732018019e+00	2.243214008134401993e+01	4.799780890857831273e-02	-7.331495342460382858e+01
4.872587026269203925e+00	2.269145804577071956e+01	-4.240467711527164812e-03	-7.415939944298717990e+01
4.878874221748241702e+00	2.276402156614112826e+01	-5.728055403220430608e-02	-7.448740342832157069e+01
4.885171078138658807e+00	2.276943735300678995e+01	-8.764176494865842659e-02	-7.461683542326170482e+01
4.891450629931857641e+00	2.299894318494393630e+01	-5.275506330070819233e-02	-7.550432284465134103e+01
4.897716482750221978e+00	2.308963464754915762e+01	-2.107336530805341279e-02	-7.593036259646660824e+01
4.904002834596266069e+00	2.322550603907224342e+01	3.210485336143920065e-02	-7.663372649329289743e+01
4.910295858205786068e+00	2.334189749450639439e+01	-1.358876491109066789e-02	-7.703514440512036288e+01
4.916575188115905881e+00	2.348007812435327324e+01	-1.796925044120822532e-02	-7.759426984847499398e+01
4.922847946197084212e+00	2.358150937212658249e+01	-5.890217610674144261e-02	-7.798917528675025324e+01
4.929131667457151700e+00	2.370384252529663627e+01	-4.883421602123555645e-03	-7.862215354445061166e+01
4.935434460144239033e+00	2.383609562023168493e+01	-8.030113750293483557e-04	-7.913247104259016851e+01
4.941718513303545279e+00	2.423436707958586922e+01	-8.539286643371450658e-02	-8.045058803721053664e+01
4.947978624761803168e+00	2.411617592558113188e+01	4.844813420070100997e-03	-8.033376107731974969e+01
4.954274999209829389e+00	2.438609919467096532e+01	-6.660826769568986561e-03	-8.127689201590202117e+01
4.960571094729937514e+00	2.447752257181485191e+01	1.040802208856111966e-02	-8.170092322915385807e+01
4.966823207626954506e+00	2.454071544438369656e+01	2.738115841960210226e-02	-8.205141886040121335e+01
4.973097418390337587e+00	2.477502005406597618e+01	-2.165478945949887019e-02	-8.288220337512885294e+01
4.979415129936382023e+00	2.486922860497940491e+01	2.780879986769525889e-03	-8.329467917631676244e+01
4.985702082330368157e+00	2.505312203950463257e+01	-4.252848151209276395e-02	-8.396855476430410192e+01
4.991949985828016523e+00	2.535034293396440219e+01	1.841463272771354243e-02	-8.513250934934397662e+01
4.998241586316924057e+00	2.529607347874548040e+01	2.838125436562683249e-02	-8.506917497671223316e+01
5.004556635606089543e+00	2.549372541137546477e+01	5.489641461951552670e-02	-8.588014787377933601e+01
5.010828655701208945e+00	2.577150381768039367e+01	5.220845189648700172e-04	-8.684020342457897357e+01
5.017077229702536556e+00	2.598673441495166614e+01	-1.729993977715442097e-02	-8.761272366006711820e+01
5.023374414758113637e+00	2.595076359603723049e+01	3.990587526602853985e-02	-8.769037169680625254e+01
5.029688873569548413e+00	2.615182513938609787e+01	5.356694771286156509e-02	-8.845619304586060139e+01
5.035958413584124216e+00	2.642031024271848594e+01	1.952587080634230615e-02	-8.939713151079550357e+01
5.042232667658486989e+00	2.658858400186932869e+01	-7.237421290651295525e-02	-8.997814019285452503e+01
5.048528755870775875e+00	2.681375778175965863e+01	7.181192480030340608e-02	-9.097371581207414692e+01
5.054821121427484520e+00	2.700231842998749343e+01	-8.451773198034075174e-02	-9.150808730608956409e+01
5.061069509814582368e+00	2.730689527250972404e+01	1.237162353375444862e-01	-9.287647710771321385e+01
5.067347812754101177e+00	2.736250577302681108e+01	5.158716048450786608e-03	-9.300992833552446371e+01
5.073675050630431116e+00	2.752722729853517691e+01	2.131068702157711686e-02	-9.368574244201060708e+01
5.079945928388977627e+00	2.781417534629538579e+01	1.074652708529781446e-02	-9.473030448009723159e+01
5.086192992546071601e+00	2.812499543015835712e+01	-3.750773672313027080e-02	-9.577560883580805751e+01
5.092484128970163226e+00	2.814320553186121998e+01	1.724042490200540512e-02	-9.603781021911235882e+01
5.098802924706086870e+00	2.865631841582934314e+01	1.515268074866267002e-02	-9.784061385835310887e+01
5.105078217426394005e+00	2.868767201477125184e+01	-3.090149834982082455e-02	-9.794589547575291988e+01
5.111325076574067872e+00	2.879712171747016214e+01	2.586584623933258983e-02	-9.847284108336477004e+01
5.117628358851224135e+00	2.889027350334901456e+01	1.688762479160248534e-02	-9.887489845626716090e+01
5.123935939383525984e+00	2.926398707593468274e+01	-5.673086535479182624e-03	-1.002034655397905141e+02
5.130199176325612065e+00	2.985782480248732540e+01	-5.553874642298022024e-02	-1.022175112442586737e+02
5.136469985878846956e+00	2.975613171514828892e+01	5.589454437247866163e-03	-1.020409221373993205e+02
5.142797788696348071e+00	2.995753337274608086e+01	-4.279155121683899700e-03	-1.027892657771694189e+02
5.149090378043822192e+00	3.023468293988649691e+01	1.026344942652047433e-02	-1.038264798385768870e+02
5.155289879840074363e+00	3.038646330299945930e+01	-3.095738402158326047e-02	-1.043549972450492049e+02
5.161564521234301317e+00	3.091397198017186554e+01	1.922252538381078596e-02	-1.063284057661238791e+02
5.167916673496016244e+00	3.105194677836820460e+01	2.762107692070212006e-02	-1.068662671218834959e+02
5.174205974602950064e+00	3.124237046221327319e+01	-6.524639761865902443e-02	-1.074504934613909057e+02
5.180434820793812456e+00	3.124568897661985645e+01	-3.516887417881901096e-02	-1.075651642003580264e+02
5.186729096569634656e+00	3.157031005130196988e+01	-5.229092233292443812e-03	-1.088043883556685358e+02
5.193058481037780894e+00	3.246565483102979499e+01	1.012682480047635315e-02	-1.119742719273429543e+02
5.199319511444338460e+00	3.246065437277615473e+01	6.033480031661556109e-02	-1.120584956277455007e+02
5.205574295584361799e+00	3.277497566235231119e+01	-6.645775248818415470e-02	-1.130594501481502192e+02
5.211894977074066126e+00	3.260985685382300403e+01	3.709161842584456775e-02	-1.126926116922396091e+02
5.218201708336958511e+00	3.315330006210270852e+01	-5.899680044209196922e-02	-1.144974517181075981e+02
5.224411911780083351e+00	3.359896620974872405e+01	-5.059318667418362392e-02	-1.161010213615370077e+02
5.230677632666463239e+00	3.365586322937327424e+01	-6.769713294349949395e-02	-1.163637394258471147e+02
5.237056729559757429e+00	3.392156699875863524e+01	-8.825913308332352172e-03	-1.173983033523302879e+02
5.243336785035660697e+00	3.419906836484522472e+01	-5.212533143468681129e-02	-1.183498423919081262e+02
5.249493476178225038e+00	3.476521245993218656e+01	-7.386915204352102055e-03	-1.203988609315413072e+02
5.255787017738318134e+00	3.510874617411361953e+01	1.428848572915486850e-02	-1.217127574434153559e+02
5.262205327426889845e+00	3.530911152503071548e+01	-4.373109267697392055e-02	-1.223825042391195694e+02
5.268477758348532269e+00	3.577383200541832764e+01	-1.505538329961455743e-02	-1.240487376645844364e+02
5.274632213654732560e+00	3.590155097440605658e+01	1.079056562168101939e-02	-1.245587051940284198e+02
5.280950543314659740e+00	3.618484122047385654e+01	2.877753187594651527e-02	-1.256692587002754067e+02
5.287327645024750389e+00	3.699338675044893421e+01	-1.162294454153922456e-02	-1.284656263562779941e+02
5.293582359180156516e+00	3.724171305350804317e+01	5.929947080695586320e-02	-1.294160595473732087e+02
5.299789992649893478e+00	3.759063415677878339e+01	5.229930083743967312e-03	-1.306604077276713269e+02
5.306111460381987222e+00	3.813269109787772493e+01	2.105904928018701577e-02	-1.326139319170372346e+02
5.312452717892129250e+00	3.837031981983538031e+01	9.858830299434909183e-02	-1.335491452499906586e+02
5.318650122853046724e+00	3.886712570846484027e+01	4.909873350087412547e-02	-1.352385847433429831e+02
5.324923043129819789e+00	3.898579675684705848e+01	-2.846100932884843698e-02	-1.356600899359708876e+02
5.331330237158205421e+00	3.981276145758410934e+01	5.362350394732309095e-02	-1.386638537097450978e+02
5.337586726886338617e+00	4.001962311354866841e+01	3.184261259343639655e-02	-1.393740180003029820e+02
5.343685192440848830e+00	3.979365170438700261e+01	1.135840038383936490e-01	-1.387085375201209843e+02
5.350070659715249199e+00	4.079920969605937842e+01	1.994165967210815345e-03	-1.421808170946541452e+02
5.356556762554878226e+00	4.114495093805550852e+01	-7.878936990216769271e-03	-1.433950301659361060e+02
5.362691868684501095e+00	4.186903097328604417e+01	-8.124392878335740323e-03	-1.459248138454281332e+02
5.368769208912516966e+00	4.235814149416378172e+01	-2.607253783825607199e-02	-1.476529940617382977e+02
5.375270137997677722e+00	4.270376342775958989e+01	2.885962846023551465e-02	-1.489985107795806130e+02
5.381769983045385786e+00	4.272845734741838442e+01	2.764516153540307053e-02	-1.491057762453424687e+02
5.387701030372958222e+00	4.308088356569197686e+01	6.838891548810159537e-02	-1.503678448700449906e+02
5.393786668001271600e+00	4.369230444181656026e+01	-4.242087389719664814e-02	-1.524379401517386157e+02
5.400446161099396569e+00	4.452805375061242188e+01	-2.982854048067271405e-02	-1.554280315732363249e+02
5.406957063684501463e+00	4.441231971620862140e+01	-8.739534308723619083e-02	-1.549819924810389296e+02
5.412655672453426270e+00	4.484904088487347451e+01	-5.087721194453890183e-04	-1.565671903526641415e+02
5.418821279260546575e+00	4.580583767135905049e+01	3.683563237115861089e-02	-1.600372535957253319e+02
5.425690594366304076e+00	4.613192584698093412e+01	2.198808751836023312e-02	-1.611976681552100388e+02
5.432217487502165376e+00	4.711848877330157137e+01	-3.312909451167795477e-02	-1.646136088991317763e+02
5.437649811577258241e+00	4.740592799993934392e+01	-9.640005941586424210e-02	-1.655065370881555680e+02
5.443914404015878006e+00	4.855373702836973848e+01	2.318142156230729167e-02	-1.697233177291560935e+02
5.450953501686320202e+00	4.880622411338947586e+01	2.835142464931198706e-03	-1.706221932313678167e+02
5.457483690405861232e+00	4.887868875057452556e+01	1.899567765350092252e-02	-1.709221445258819188e+02
5.462715250135157241e+00	4.934701226627149140e+01	1.695000911466501212e-02	-1.725168610187566287e+02
5.469033575551323523e+00	5.186212710469585829e+01	5.266110237088351964e-02	-1.814118915857690411e+02
5.476177730420278778e+00	4.912989766382522561e+01	9.665253067489019967e-02	-1.719236327545880556e+02
5.482708935702562236e+00	5.021828850925018628e+01	-2.288374256946484886e-02	-1.756319601271671900e+02
5.487722405008360838e+00	5.034585406778744243e+01	1.198876091855086701e-01	-1.762065828847381397e+02
5.494194284996126498e+00	5.421983785194017713e+01	4.781616060577080496e-03	-1.896740668858525396e+02
5.501391471009256406e+00	5.396457864127467019e+01	-1.319824673965676876e-01	-1.886636286283701338e+02
5.507128202673079009e+00	5.510694896440535473e+01	1.955232731541053232e-02	-1.928295538125195492e+02
5.512278020050448646e+00	5.401041284981113932e+01	5.288630506943461061e-03	-1.889822595959209366e+02
5.519395563377015534e+00	5.452743480071380588e+01	3.531009558261169468e-02	-1.908390379267792127e+02
5.526598678609708770e+00	5.702714060655476658e+01	5.061523289785197638e-02	-1.996096025483555252e+02
5.532162682462509196e+00	5.663328917523883632e+01	7.391924095911640846e-02	-1.982651504758891576e+02
5.537397124017139127e+00	5.566739415386349776e+01	4.255820718454995238e-02	-1.948613149073646866e+02
5.544582756485218589e+00	5.858600650473981375e+01	2.740276387450038195e-02	-2.050635932796163843e+02
5.551739327507637434e+00	6.406059309857477047e+01	-3.279919223048966687e-02	-2.241709389409728317e+02
5.557493306674907707e+00	6.050714579327548392e+01	4.672121822352290864e-03	-2.117755349024843099e+02
5.562281709102816940e+00	5.296615829974016521e+01	-6.796116542382647785e-02	-1.853115734439265623e+02
5.569272720323164449e+00	1.173195177726028220e+02	-8.903970067014702061e-02	-4.105275955419306797e+02
