8.899641224696953554e-03	3.943978493289330072e+04	3.742355961642614420e+04	-5.184783891613997548e+04
1.507912216506557788e-02	3.673780466899888415e+04	2.606818844409178928e+04	-1.188520987203334016e+03
2.144790186456836667e-02	4.514064472222164477e+04	5.372520733114854374e+04	2.859401222455456082e+04
2.783660776489276650e-02	3.290487073077760579e+04	1.100635814986302648e+04	-4.446988042456216135e+03
3.435099785803411021e-02	2.728554464726361766e+04	1.868889568291722753e+04	-8.249508029533957597e+03
4.047886761425745911e-02	2.268610271780986295e+04	1.408716911301720938e+04	3.921984138526365768e+02
4.676716683575679601e-02	1.788568214633080424e+04	1.421146584170519418e+04	-1.862843350629108272e+03
5.308225101765951665e-02	1.533754247885008226e+04	8.250135082231319757e+03	-1.575332332199882785e+03
5.945362440940590160e-02	1.320359969846560671e+04	1.154791721702539871e+04	1.344535588456056985e+03
6.576224814588792211e-02	1.216556446984793911e+04	5.960071841154912363e+03	5.377870576545288941e+02
7.196632906698736953e-02	1.160283107366396507e+04	7.404510851758506760e+03	-1.888163058800629642e+03
7.827860915688347743e-02	1.025457952606679464e+04	7.536440864390229763e+03	-5.099040987316038809e+02
8.470398945834539672e-02	9.181822450293027941e+03	6.542096902760448756e+03	7.416412277280604712e+02
9.096854620527369817e-02	7.785362360392035953e+03	4.646460912255172843e+03	4.093148061803019573e+02
9.720789776830213169e-02	7.011321344005429637e+03	4.081594579424941003e+03	4.206634602949850432e+02
1.034763038959366499e-01	6.068126308077827161e+03	4.492830032657667289e+03	5.409509236541205155e+02
1.097576444254559219e-01	5.315717352158028916e+03	3.626768610547394474e+03	4.003933049726542777e+02
1.160543084780093354e-01	4.750161777334748876e+03	2.871014293740672201e+03	3.757393210272364854e+02
1.223669666537485351e-01	4.711364854747732352e+03	2.803941730082792219e+03	-5.341950974286097420e+01
1.286817263090294094e-01	4.202384288390497204e+03	2.552225577542571955e+03	2.178556075312018550e+02
1.349500801664080818e-01	4.110963657356813201e+03	2.332861678471893356e+03	6.579890707912488779e+02
1.411949558842147678e-01	3.830546853168384587e+03	1.999862557187118682e+03	1.181548035611618843e+02
1.475133575747468451e-01	3.369315744547274335e+03	1.757458577943028786e+03	3.541781032305994472e+02
1.537865074252268427e-01	3.158007064553288274e+03	1.582926190886329778e+03	2.434401245146886481e+02
1.600657544051110326e-01	2.909896904939843353e+03	1.414748004203088385e+03	3.822309198200298965e+02
1.663991168687080635e-01	2.713972622795251937e+03	1.555992069852439045e+03	3.901263695758751169e+02
1.727195645776442856e-01	2.538114908244280741e+03	1.185463700274954817e+03	8.069418573243279980e+01
1.789765213377084718e-01	2.264102620944736827e+03	1.103826698690581452e+03	2.994921452861851208e+02
1.852353690647852158e-01	2.176637228145287736e+03	8.899750773479020154e+02	9.753181900675348004e+01
1.914806787341157279e-01	2.026902564334166300e+03	7.902658080957825177e+02	3.080005298197924049e+02
1.977889868651535599e-01	1.869223319362464508e+03	7.346578554565588774e+02	1.723840410189623071e+02
2.040937735447724277e-01	1.821805226879663223e+03	6.838108044496378852e+02	2.943582281712892268e+02
2.103939302609846018e-01	1.674672910571325019e+03	6.248534518036834697e+02	2.087844682607523339e+02
2.166909709822301688e-01	1.615424691615882693e+03	5.833655985181069354e+02	2.087250462406238398e+02
2.229700281216152047e-01	1.490026042511666901e+03	4.047656940629720452e+02	8.718766326854242266e+01
2.292620027086341994e-01	1.432634929718260992e+03	4.528025215690634582e+02	1.836885672972822476e+02
2.355141508366812297e-01	1.334719710319931210e+03	3.794603972965430785e+02	2.928339137303582902e+02
2.417910583817859116e-01	1.265074553504615096e+03	3.415037642533350777e+02	2.486172680281614760e+02
2.480856539439619257e-01	1.169972797886053741e+03	2.744920386567241621e+02	1.507038834070872610e+02
2.543492256872954549e-01	1.147088548835477013e+03	1.770364167004434819e+02	2.533997028106453797e+02
2.606334251884805386e-01	1.082231937997587238e+03	1.894637333526480916e+02	2.203259435951696616e+02
2.669257370896960802e-01	1.047515435441170212e+03	2.156222538350228888e+02	1.985993413206935259e+02
2.732423343141155980e-01	9.901277008696124540e+02	1.662020088840623657e+02	2.558209477958790501e+02
2.795529680084415936e-01	9.295969001082587511e+02	1.144082799433183055e+02	2.333100874586223767e+02
2.858366292314493129e-01	8.819768940415591487e+02	9.729086884038663641e+01	2.083734014330300681e+02
2.920876271394311496e-01	8.359663126535102720e+02	6.165529142637934257e+01	2.472345991742143667e+02
2.983449844439822751e-01	7.877617865346692270e+02	5.293051667421112683e+01	1.989154485839909228e+02
3.046382639407197446e-01	7.745054522210513142e+02	-4.231144929727605586e+00	1.815300747428213981e+02
3.109279127003197196e-01	7.331140107958922272e+02	-1.016583284125275277e+01	1.963323370787535964e+02
3.172168171618398036e-01	6.961721232373450903e+02	9.180414964019213642e+00	1.964592131948610358e+02
3.235187567944423082e-01	6.734359623458543638e+02	-8.435333878539866603e+00	2.373444032682289162e+02
3.298168217550395687e-01	6.405330431107541926e+02	-4.199943223497871969e+01	1.949959284461750713e+02
3.361176429457156667e-01	6.200399488579370200e+02	-4.953807484669130190e+01	1.995189778979299717e+02
3.423700375709273769e-01	5.888468580164193327e+02	-5.368792373491173464e+01	1.961241160210727230e+02
3.486478192666269682e-01	5.649818298309289730e+02	-7.592499383048433970e+01	2.046641778624537551e+02
3.549411614411318028e-01	5.394214339259560802e+02	-7.324833837060540986e+01	1.871855169370274723e+02
3.611916935421040642e-01	5.263735379951373261e+02	-8.631790703638118600e+01	1.983513448020952694e+02
3.674767089563572564e-01	5.018910575891949293e+02	-1.028686325045325418e+02	1.683134538247699936e+02
3.737647795277591056e-01	4.796779160142032197e+02	-1.058039795904097105e+02	1.875802668296653053e+02
3.800654031475132477e-01	4.612120027213826461e+02	-9.309244139190143130e+01	1.662084300844140898e+02
3.863539861259823738e-01	4.498389459054776580e+02	-1.201824780016374774e+02	1.728793135814694324e+02
3.926140181364449755e-01	4.303407847200411425e+02	-1.179605161675987688e+02	1.865671725285879461e+02
3.989264500321934581e-01	4.164772415642063947e+02	-1.140369445006724334e+02	1.749128696204651590e+02
4.052073244576828714e-01	4.016948875653660025e+02	-1.151976224753755531e+02	1.920937652008914824e+02
4.114916477570477182e-01	3.874815783801298039e+02	-1.257647035342938153e+02	1.727119394264704511e+02
4.177814272116491257e-01	3.762595308493957873e+02	-1.282798721191854554e+02	1.641862823845150672e+02
4.240400648725131116e-01	3.615432353799079124e+02	-1.266211253318451497e+02	1.765014670513581621e+02
4.303425690270192283e-01	3.478257815229970333e+02	-1.323726751085806654e+02	1.648111823734379300e+02
4.366358560255625965e-01	3.396144145390575773e+02	-1.374051814505546929e+02	1.703181855073595159e+02
4.428996183220763605e-01	3.247223190459478133e+02	-1.388770479174197021e+02	1.657692734000748089e+02
4.491634418529859563e-01	3.140117093463234710e+02	-1.326970133733984767e+02	1.577439373718421507e+02
4.554414146254732731e-01	3.045372657375472727e+02	-1.419440181396745118e+02	1.620699492720341368e+02
4.617634470301058558e-01	2.914712527892555727e+02	-1.349255064143198979e+02	1.676399271582714334e+02
4.680644242023710433e-01	2.899369957266382016e+02	-1.498694716802371829e+02	1.604974854019248198e+02
4.743485242764365895e-01	2.764920336434277601e+02	-1.396097902071892634e+02	1.591381558690526674e+02
4.806356136815400082e-01	2.700555753982440024e+02	-1.434847604580979237e+02	1.633320037766301311e+02
4.869019258388697646e-01	2.612377582873718325e+02	-1.430700346279622863e+02	1.599997665468306423e+02
4.931697099599955947e-01	2.527418241739945017e+02	-1.422590371515587435e+02	1.549863383565176775e+02
4.994506747144535908e-01	2.481710566719654878e+02	-1.463524962199237791e+02	1.541356157981864499e+02
5.057159051335421429e-01	2.389995691138146867e+02	-1.411194794596879660e+02	1.559100420336339425e+02
5.119923996268095356e-01	2.351096742743132211e+02	-1.477536854089429426e+02	1.652008373096809919e+02
5.183126097768406826e-01	2.258474786922560895e+02	-1.454729104899161314e+02	1.514311986859148647e+02
5.246089638029100000e-01	2.197210287639032913e+02	-1.417307336367114772e+02	1.460515241022694397e+02
5.308757308483337267e-01	2.142918176433318251e+02	-1.390694707447758844e+02	1.427434299394021195e+02
5.371573527946726934e-01	2.063912900912567068e+02	-1.412301338449955779e+02	1.455112861978105627e+02
5.434579563783791256e-01	2.020746592049681283e+02	-1.415419723257434157e+02	1.455020080737537853e+02
5.497430652392217842e-01	1.965585850786435458e+02	-1.379187060449488342e+02	1.433736997104109037e+02
5.559937427501778773e-01	1.926397969234134564e+02	-1.428175121921593984e+02	1.466952941461814532e+02
5.622854676609657654e-01	1.878042709641106001e+02	-1.395155639647456383e+02	1.445754202052168864e+02
5.686011537227265711e-01	1.816705567942575499e+02	-1.361000359839974294e+02	1.367465319740828988e+02
5.748804589422079614e-01	1.762136762218667343e+02	-1.353374363728011929e+02	1.373157851608944497e+02
5.811550210340560296e-01	1.744799149801027340e+02	-1.379931557784555025e+02	1.407162923360294542e+02
5.874394496660968468e-01	1.686035262698015629e+02	-1.347160888539604571e+02	1.361262209252123512e+02
5.937176220296899176e-01	1.646096076175799396e+02	-1.334943647143482792e+02	1.347580058286426095e+02
5.999971954793682505e-01	1.609803331946808100e+02	-1.309693934032689526e+02	1.317850978798119002e+02
6.062679115124277596e-01	1.563011850058267669e+02	-1.292629709229482273e+02	1.319548054017605807e+02
6.125469576444534381e-01	1.539040955403795294e+02	-1.293507413733423448e+02	1.299356141457914759e+02
6.188477733041515272e-01	1.486361344622144998e+02	-1.267602914346092717e+02	1.277901390832535498e+02
6.251310567437898813e-01	1.474844793391971791e+02	-1.317827062401875367e+02	1.327784237931296332e+02
6.314027450383210560e-01	1.436292867071394141e+02	-1.258916015639420181e+02	1.258882684553832405e+02
6.377003562732055375e-01	1.392976005528679764e+02	-1.253013709280260883e+02	1.236368412761706566e+02
6.439857783314556494e-01	1.365646575624193133e+02	-1.231049337270779063e+02	1.249277336918886760e+02
6.502685417166111925e-01	1.337665777814695787e+02	-1.242635032310928551e+02	1.230074578727599004e+02
6.565586117699038216e-01	1.299908294717284036e+02	-1.220255596431567682e+02	1.203851334628267011e+02
6.628369282359254377e-01	1.282515038264924385e+02	-1.227827454109378209e+02	1.239862089709752979e+02
6.691185444962194362e-01	1.260952225937474083e+02	-1.217145904508172691e+02	1.223740572418471544e+02
6.754070198575605755e-01	1.223267520107124113e+02	-1.195443819920079704e+02	1.201062620488645649e+02
6.816835514593204692e-01	1.197766759091523170e+02	-1.196596009244121319e+02	1.199687715584677221e+02
6.879592533861698112e-01	1.176232614847027804e+02	-1.171789208896889960e+02	1.169901622999220621e+02
6.942344317039531587e-01	1.152770396923834255e+02	-1.169906615902260825e+02	1.182271591233441086e+02
7.005175402434737908e-01	1.129284294792300329e+02	-1.145368055035322215e+02	1.160068046308378342e+02
7.068124956608716758e-01	1.103095773630212619e+02	-1.135721106511826548e+02	1.137577165677904105e+02
7.131019009674921527e-01	1.079525730429626691e+02	-1.115215865023949249e+02	1.115786449451761086e+02
7.193918251171427247e-01	1.059134638975200602e+02	-1.114348189606658224e+02	1.145937527171506787e+02
7.256833807598113140e-01	1.040642968176611589e+02	-1.099318186104182047e+02	1.107428179963249733e+02
7.319652682709349989e-01	1.015513745915306600e+02	-1.075125638777394528e+02	1.089809277966763688e+02
7.382507990484923344e-01	9.974002381150756946e+01	-1.074464549423287849e+02	1.088514663805696330e+02
7.445265842115937893e-01	9.788071217688511183e+01	-1.059988284255728104e+02	1.068537903657458514e+02
7.507871101942712455e-01	9.726761164930762504e+01	-1.074545705716695778e+02	1.104062029106044918e+02
7.570758465316046459e-01	9.460796254472010958e+01	-1.051255939325093181e+02	1.060509544323587647e+02
7.633641233600957365e-01	9.311919190495223120e+01	-1.048008930793053821e+02	1.070272052606163840e+02
7.696462959862266917e-01	9.077330222136957616e+01	-1.019451538689851731e+02	1.033578420377298102e+02
7.759394865175414102e-01	8.839019834461024061e+01	-9.985701213716532720e+01	1.009378628920865424e+02
7.822329141989586843e-01	8.823770353987754334e+01	-1.012006336498696442e+02	1.034902452811595737e+02
7.885314936520240181e-01	8.571994699962043285e+01	-9.862919308865343737e+01	1.004417887808174612e+02
7.947896566979522071e-01	8.439796498094472099e+01	-9.867352506447119254e+01	1.007417603788529732e+02
8.010491096592354809e-01	8.318204780012030142e+01	-9.715224620399688149e+01	1.009746221334167302e+02
8.073364061727361651e-01	8.198514319502312730e+01	-9.694807207333849419e+01	9.928412749463684861e+01
8.136229488373866170e-01	8.044876612704739216e+01	-9.558369259192859602e+01	9.806309962753897480e+01
8.199152998961036776e-01	7.914581421858677857e+01	-9.534672466729080043e+01	9.828892450029860584e+01
8.261952636392789762e-01	7.746654887149186663e+01	-9.315080918430267332e+01	9.456424824023453368e+01
8.324897070080405914e-01	7.648152850483251086e+01	-9.234187965464047920e+01	9.572224439823219200e+01
8.387959309210778480e-01	7.500204109612643322e+01	-9.085076802621976810e+01	9.410990655712241448e+01
8.450634639703045181e-01	7.348008845489070495e+01	-8.999708259602331850e+01	9.325226765418423724e+01
8.513282867562648182e-01	7.279871457976450699e+01	-8.953369213458631748e+01	9.347970853382432210e+01
8.576198263902009566e-01	7.156795066791427473e+01	-8.853131648912220442e+01	9.279260191617258613e+01
8.639058477062415697e-01	7.035468810990182931e+01	-8.724682104439116870e+01	9.140020133341867847e+01
8.701838745487597837e-01	6.908843147281324093e+01	-8.636165824728828966e+01	8.975383075364977969e+01
8.764641096075268534e-01	6.776282991371316200e+01	-8.450523092585076768e+01	8.818368499375002045e+01
8.827503873399735745e-01	6.693853809458845205e+01	-8.393493399180847803e+01	8.851677503433793959e+01
8.890332768393869323e-01	6.612541259081767464e+01	-8.371342326898216868e+01	8.766091962599604415e+01
8.953084247113127780e-01	6.503948530547546625e+01	-8.280423046691188915e+01	8.722865830747562654e+01
9.015956521667095602e-01	6.362352092501412670e+01	-8.090047394909420575e+01	8.492938237319836503e+01
9.078833328094829680e-01	6.311149436019218939e+01	-8.109239046314282007e+01	8.601788711661583875e+01
9.141744106319863450e-01	6.218117165094997034e+01	-8.093345958134905516e+01	8.539594143597182097e+01
9.204630817717615043e-01	6.099270603189726359e+01	-7.892181314927948677e+01	8.371812417193592637e+01
9.267434415264711456e-01	6.069838334064105112e+01	-7.925580152465585115e+01	8.422502452736739542e+01
9.330324197354928906e-01	5.959967163540878943e+01	-7.800151271381973572e+01	8.280222424246545643e+01
9.393265785573878812e-01	5.862461466276550226e+01	-7.687671654028935109e+01	8.203835243736114080e+01
9.455974810398196650e-01	5.759587349478195506e+01	-7.605065911991275129e+01	8.127351054139563757e+01
9.518660018545171964e-01	5.665060621997492518e+01	-7.456494314693647141e+01	7.944579198143640042e+01
9.581413255531838757e-01	5.600642062024629553e+01	-7.406460574930426333e+01	7.947698835140678852e+01
9.644350945109106954e-01	5.507507631778847923e+01	-7.281018305516528244e+01	7.845699327591329109e+01
9.707355633568249820e-01	5.449942092590251264e+01	-7.306412083150931380e+01	7.837821855211890920e+01
9.770080768450029041e-01	5.389497972512638313e+01	-7.238644022235187947e+01	7.823385109869789744e+01
9.832823325363413414e-01	5.278630057086472505e+01	-7.064118441595140041e+01	7.601204022388346004e+01
9.895569691966674686e-01	5.224787423344281478e+01	-7.021336191982493347e+01	7.604059342098229024e+01
9.958456301921106979e-01	5.117750255335935350e+01	-6.879885635769768726e+01	7.477694135630684968e+01
1.002136210743837408e+00	5.092315406370418884e+01	-6.851895529269037866e+01	7.508837906196620793e+01
1.008404825335135424e+00	5.013623219522607144e+01	-6.775331322308952053e+01	7.412135912420076522e+01
1.014694149836243398e+00	4.946812212287461108e+01	-6.719568832459135876e+01	7.362940265662135175e+01
1.020992555437297167e+00	4.902368798484273071e+01	-6.706662494074537051e+01	7.374713964624334039e+01
1.027273980437394485e+00	4.869341186987321635e+01	-6.650091412347680375e+01	7.356347146315457053e+01
1.033559181896017254e+00	4.787157307967310516e+01	-6.571986983572628560e+01	7.254069987688923504e+01
1.039847557392594934e+00	4.716744825093522309e+01	-6.468717379960878588e+01	7.165099672381977314e+01
1.046126974943305088e+00	4.638947369081548544e+01	-6.343199967597276867e+01	7.050839031821867309e+01
1.052403436811028659e+00	4.566909362915733794e+01	-6.269856597176352153e+01	6.982649661823197107e+01
1.058680704651608684e+00	4.518312125646452415e+01	-6.229016228395335730e+01	6.926319574005410118e+01
1.064964333065789193e+00	4.469804578496727032e+01	-6.169711664643140381e+01	6.879817965700921434e+01
1.071256777440835473e+00	4.426983359212226787e+01	-6.129125710899108981e+01	6.851791108418350973e+01
1.077544048801078125e+00	4.354398570464807250e+01	-6.012767461252782653e+01	6.718981756793968430e+01
1.083824820188043603e+00	4.327306116092960764e+01	-6.012685527947875386e+01	6.772407623531617560e+01
1.090108023942816695e+00	4.247777866943688707e+01	-5.890318262598394483e+01	6.617489313932335904e+01
1.096389665956643222e+00	4.222401431965948149e+01	-5.902035661572644187e+01	6.655829899509261338e+01
1.102681132058841440e+00	4.180735392885790702e+01	-5.843095160354691586e+01	6.578897729693656515e+01
1.108963047594879958e+00	4.114957982526873081e+01	-5.749497424774405374e+01	6.517336649851867492e+01
1.115225428463759272e+00	4.057481212023613182e+01	-5.650524842597641140e+01	6.395691748035561375e+01
1.121502127614767863e+00	4.001881931286246896e+01	-5.580200119372543810e+01	6.363896647579574761e+01
1.127792573824792033e+00	3.983759729085472401e+01	-5.572134686995975983e+01	6.382939994009165474e+01
1.134089552668382961e+00	3.952115388436918408e+01	-5.532744559341943358e+01	6.344051709393188787e+01
1.140364049650405942e+00	3.895586863264152555e+01	-5.452843894804866665e+01	6.275607403966026965e+01
1.146639180320979445e+00	3.859413611067186878e+01	-5.415964571019646456e+01	6.255442561620065334e+01
1.152942412991649901e+00	3.814943647710955332e+01	-5.364614540292793521e+01	6.209865247511177699e+01
1.159228906751078814e+00	3.754572125016140660e+01	-5.271478368814172910e+01	6.090887084275286156e+01
1.165508721887268173e+00	3.717354916481407656e+01	-5.216149079097611008e+01	6.023521276204396457e+01
1.171793076256210320e+00	3.684277539068727236e+01	-5.174539496345502698e+01	6.039950317261956769e+01
1.178087436369658958e+00	3.647622905547248706e+01	-5.122578315457497666e+01	5.961540823253326238e+01
1.184367654251526902e+00	3.622838616070123408e+01	-5.115713119805031539e+01	5.979003607718738067e+01
1.190634642299266632e+00	3.585616427560713504e+01	-5.062487447508254235e+01	5.907969957779867798e+01
1.196912208834400859e+00	3.519897235842600480e+01	-4.950458404663836376e+01	5.795520736323554445e+01
1.203201577354146234e+00	3.493263385960390366e+01	-4.928326283224416215e+01	5.784411784625186215e+01
1.209486844441705733e+00	3.468744420722819655e+01	-4.902338624222355890e+01	5.754556465483079819e+01
1.215763902074809888e+00	3.434170341873996080e+01	-4.825870247220483833e+01	5.705680445314730065e+01
1.222049755171146668e+00	3.400632651925933203e+01	-4.784785816248701451e+01	5.674540577833788291e+01
1.228340616621486969e+00	3.370565458477533838e+01	-4.774411112845634619e+01	5.663963521897443343e+01
1.234632986576932767e+00	3.326025276879111914e+01	-4.687122802240454433e+01	5.557605794405945687e+01
1.240902247176856488e+00	3.296562459419304503e+01	-4.663495139569049286e+01	5.522267046842179639e+01
1.247174839144687519e+00	3.274905728640593594e+01	-4.630131541263892103e+01	5.523163212556077184e+01
1.253465459933442272e+00	3.243634826257922299e+01	-4.551533759986060090e+01	5.456126389985784897e+01
1.259749951892178421e+00	3.186999284071886862e+01	-4.480436230087714478e+01	5.364873906776011836e+01
1.266032143127253873e+00	3.167954926978047325e+01	-4.468620586732584599e+01	5.347239815058507872e+01
1.272316288472006507e+00	3.133976049211763737e+01	-4.409233220339876880e+01	5.302530266407313064e+01
1.278604155058621350e+00	3.113687958228847208e+01	-4.377730196422970721e+01	5.275003582044615769e+01
1.284886588933593865e+00	3.107140490550210643e+01	-4.397412705554576462e+01	5.325668268891467960e+01
1.291175420066583257e+00	3.070081400804507155e+01	-4.325412454911406002e+01	5.247250018772383839e+01
1.297465726373772332e+00	3.027394555297285450e+01	-4.240795580907632001e+01	5.143643196484429581e+01
1.303741827011944299e+00	3.013103423612903953e+01	-4.231053944649784881e+01	5.144455019953710462e+01
1.310017322922761851e+00	3.013109873981924025e+01	-4.259366804105044224e+01	5.188947338665031594e+01
1.316301447662886703e+00	2.951983167898162819e+01	-4.125861577761276777e+01	5.040838147163090355e+01
1.322586760363303249e+00	2.941422122537774442e+01	-4.130905447270247066e+01	5.081929340984304844e+01
1.328865492452874664e+00	2.916836177413287245e+01	-4.107699440935648028e+01	5.039829091687239071e+01
1.335144804954555564e+00	2.903499333185289188e+01	-4.099893298581466894e+01	5.032358738775093343e+01
1.341440516272275119e+00	2.846896316193978294e+01	-3.984376382364506242e+01	4.905809490947579121e+01
1.347730868417094552e+00	2.832480959562152023e+01	-3.967113107615082157e+01	4.872067539749789944e+01
1.354001589994877630e+00	2.815310604513614123e+01	-3.935292797029121203e+01	4.866066413246996092e+01
1.360282609297778444e+00	2.794578384717101471e+01	-3.924129281427651250e+01	4.840411628451611392e+01
1.366565686457597906e+00	2.745975812131073113e+01	-3.808300361470551110e+01	4.717794701816583824e+01
1.372851498482432708e+00	2.748179469973097966e+01	-3.835065083962523858e+01	4.757934954962548346e+01
1.379135372929401804e+00	2.722634346986275844e+01	-3.793388883522962374e+01	4.719655269619138238e+01
1.385409567149057164e+00	2.701597295296662793e+01	-3.756967896909397808e+01	4.675013362589893973e+01
1.391698641219299315e+00	2.672547052966898562e+01	-3.703555557896579842e+01	4.630330222782150429e+01
1.397984451439470810e+00	2.660654477364532866e+01	-3.709631689291923351e+01	4.617488216547105395e+01
1.404267883409181961e+00	2.634903823339197260e+01	-3.652911838481026763e+01	4.572984947936107147e+01
1.410554779484869181e+00	2.615130587460893352e+01	-3.630674407290293004e+01	4.543906003134198812e+01
1.416837833547465397e+00	2.599329850428720690e+01	-3.601243676057566745e+01	4.519245769521560874e+01
1.423118177187137068e+00	2.589231322237496258e+01	-3.589737099902136919e+01	4.514350530451833521e+01
1.429397801164240089e+00	2.561459411623760829e+01	-3.543657923946938126e+01	4.456509543976041954e+01
1.435686921822787232e+00	2.541497227938216241e+01	-3.507471251567107373e+01	4.424790643640719878e+01
1.441977121769299597e+00	2.523105219810838662e+01	-3.477212986476948942e+01	4.390796856100106282e+01
1.448253667853332427e+00	2.499740419090197108e+01	-3.447192015214401550e+01	4.347677708607164959e+01
1.454532348972172651e+00	2.489503081561737474e+01	-3.428993661169802465e+01	4.330137213566868581e+01
1.460819319151879903e+00	2.461679078406061549e+01	-3.371913201723226194e+01	4.275432761095127177e+01
1.467110364402026468e+00	2.456226507034936901e+01	-3.384542642213008889e+01	4.284511828016004387e+01
1.473392908948962132e+00	2.438149064907454644e+01	-3.356021862314850779e+01	4.250945267130742167e+01
1.479669965243598950e+00	2.429973931213271499e+01	-3.329579876631258628e+01	4.233271966072702952e+01
1.485956144602843532e+00	2.399399425028726540e+01	-3.286721741066289582e+01	4.163100541756505635e+01
1.492233610763115115e+00	2.383468774419493030e+01	-3.259957267180855212e+01	4.145198974559239247e+01
1.498502470379980078e+00	2.365368045363872085e+01	-3.227824902453804157e+01	4.108498163422941474e+01
1.504785752051182701e+00	2.352666300977973179e+01	-3.197501109051808399e+01	4.081563046348836110e+01
1.511075991894575976e+00	2.321227954558773732e+01	-3.130338761759833588e+01	4.009609250297970107e+01
1.517361634985162189e+00	2.328439148511724355e+01	-3.155925985289717417e+01	4.046146863685692097e+01
1.523648570969130533e+00	2.308754650535508546e+01	-3.126159975279259129e+01	4.017802498847402148e+01
1.529938035715892264e+00	2.294589334340966147e+01	-3.102488669062518056e+01	3.993302098708332437e+01
1.536230176913891965e+00	2.280080600012579950e+01	-3.080080096226544129e+01	3.953564519085929163e+01
1.542510718779388279e+00	2.263398645257235131e+01	-3.048788270142344814e+01	3.931517635562249779e+01
1.548783963082980275e+00	2.259890359664135318e+01	-3.045317438201497851e+01	3.930616618301746712e+01
1.555073069779651318e+00	2.244519676088006932e+01	-3.018129479700016660e+01	3.897850354780001680e+01
1.561357324927233892e+00	2.228120948356326991e+01	-2.996323327941285086e+01	3.863760770444850579e+01
1.567629121053141006e+00	2.211958286664253137e+01	-2.955550191286182127e+01	3.825959990365066687e+01
1.573913697404382583e+00	2.196719469587659646e+01	-2.943127273901760432e+01	3.785530121884391264e+01
1.580203545230874029e+00	2.188284709542248763e+01	-2.924125407525526299e+01	3.766420647280612855e+01
1.586485393434537983e+00	2.171635999617420154e+01	-2.914031955541484109e+01	3.760037111874832050e+01
1.592760014263005841e+00	2.165582191446020843e+01	-2.896271105286493253e+01	3.738506123079856991e+01
1.599046436394670812e+00	2.147544530520953998e+01	-2.862516007187043954e+01	3.709272718751158493e+01
1.605342136637478934e+00	2.133989277611685864e+01	-2.826350064155571573e+01	3.670001892636141605e+01
1.611619860919608627e+00	2.134274753754570852e+01	-2.839498499799886133e+01	3.682503366639443954e+01
1.617897597081673799e+00	2.120405922795779219e+01	-2.808797955841696492e+01	3.646670785212342736e+01
1.624183235481122756e+00	2.093706890062758674e+01	-2.767264595952785911e+01	3.580863131466225013e+01
1.630464598531913722e+00	2.086980240070293391e+01	-2.760090474908326286e+01	3.586152788975891070e+01
1.636748985747638274e+00	2.078914859878032928e+01	-2.729338889001889967e+01	3.545612048959192464e+01
1.643030923698886259e+00	2.068995256306233799e+01	-2.726207579722396446e+01	3.551135565101240843e+01
1.649309176648513064e+00	2.052903688997179898e+01	-2.687678362783845998e+01	3.497484498325484736e+01
1.655593633940351861e+00	2.049182153868284217e+01	-2.688532203580728819e+01	3.514408295628641810e+01
1.661879571405086464e+00	2.036796910166877694e+01	-2.664336002938325620e+01	3.462855746715500516e+01
1.668169361685170271e+00	2.020359778086488589e+01	-2.628208061025978282e+01	3.427616576291463701e+01
1.674450151530487485e+00	2.014408445151410021e+01	-2.622863410866370515e+01	3.432203733817264180e+01
1.680722718978495900e+00	1.999835523375075041e+01	-2.595331510545379317e+01	3.372313999165751852e+01
1.687013891340952476e+00	1.995652038492861280e+01	-2.585097335136605778e+01	3.376718394292235814e+01
1.693308984907921033e+00	1.975205512781677086e+01	-2.547975592438164583e+01	3.328272443352980758e+01
1.699582147428448486e+00	1.972909131967462670e+01	-2.544628260437814404e+01	3.321311952821870506e+01
1.705863747055134105e+00	1.965216784555967067e+01	-2.534211918339064340e+01	3.314148011566505403e+01
1.712154434283889470e+00	1.948497216106855845e+01	-2.504089362384082662e+01	3.277271185153341548e+01
1.718438381579399321e+00	1.940419001843195801e+01	-2.492837654979708972e+01	3.253358025888429239e+01
1.724721264464063930e+00	1.924210956672461137e+01	-2.453551944211136160e+01	3.216440259867469109e+01
1.730997441276920679e+00	1.927797081359124221e+01	-2.464433167613090347e+01	3.225918382783472538e+01
1.737287073528269499e+00	1.909219360447974623e+01	-2.432818106102618572e+01	3.171267488012305336e+01
1.743567991878527401e+00	1.908362259170768027e+01	-2.433524646728734098e+01	3.186341298075692308e+01
1.749840680212231048e+00	1.901319128403832437e+01	-2.420101227042628267e+01	3.171735698024163597e+01
1.756128549091961144e+00	1.894675331192966539e+01	-2.401304034661928100e+01	3.152434012827443155e+01
1.762413535324792502e+00	1.879578142095957460e+01	-2.382561410606981411e+01	3.107183026969083173e+01
1.768696187669963837e+00	1.872070224250408543e+01	-2.365564113344104769e+01	3.099285834486492419e+01
1.774979359379055266e+00	1.869669159108365264e+01	-2.357840543380556753e+01	3.090020880028844630e+01
1.781265555576432957e+00	1.856650959924691691e+01	-2.333547797369663357e+01	3.060133062956933614e+01
1.787549427830244619e+00	1.848469367163217214e+01	-2.324406299953074040e+01	3.047525260505469191e+01
1.793834120011633004e+00	1.842390939601006750e+01	-2.317914248022454515e+01	3.033248086514785058e+01
1.800115051552487300e+00	1.835510896375721046e+01	-2.298053266691720253e+01	3.019278569634283471e+01
1.806393904854530330e+00	1.823853901321928106e+01	-2.274675900879783086e+01	2.967720551420245201e+01
1.812674089667083432e+00	1.822876273902439692e+01	-2.272801049116561956e+01	2.970812234622355774e+01
1.818956920109354058e+00	1.815039913238069857e+01	-2.262255300461855256e+01	2.958705988087889693e+01
1.825244164118212220e+00	1.806084530608219296e+01	-2.244244754923803242e+01	2.938952727557946076e+01
1.831527256642196955e+00	1.789944157366374355e+01	-2.200063059765155415e+01	2.877871960293581211e+01
1.837811294935716599e+00	1.793365680627981362e+01	-2.223760358383530544e+01	2.917786404360617780e+01
1.844100717411196744e+00	1.773880407009377080e+01	-2.170394017448980151e+01	2.849920249908108616e+01
1.850384816792487230e+00	1.767071353270754486e+01	-2.165946747509378056e+01	2.830866991764157348e+01
1.856666059735203822e+00	1.763245789372336247e+01	-2.154557691069644676e+01	2.827824109774328676e+01
1.862947728675613979e+00	1.758919531759986299e+01	-2.149755689180699036e+01	2.821217670282491952e+01
1.869229324466858078e+00	1.754343329871615254e+01	-2.145088149081907503e+01	2.808068333162803043e+01
1.875517616802973686e+00	1.740188320310866388e+01	-2.108858943882343695e+01	2.756877651088713677e+01
1.881800769033795229e+00	1.740469781303524854e+01	-2.114427858544956251e+01	2.766163984472158788e+01
1.888078863416442710e+00	1.729630502194504160e+01	-2.091433751952419939e+01	2.744425014561958065e+01
1.894353975182237582e+00	1.727717337898855376e+01	-2.088603553779251953e+01	2.726880090849473248e+01
1.900642716154182565e+00	1.727744705525762825e+01	-2.089849022162830749e+01	2.732880186496691266e+01
1.906933494748685121e+00	1.710070406444108926e+01	-2.053097320549254690e+01	2.684214643416758150e+01
1.913207568676573933e+00	1.712913228875780192e+01	-2.065266267379161036e+01	2.694499347202166462e+01
1.919490884732178992e+00	1.700796919520370665e+01	-2.027485292465604516e+01	2.663156476655312943e+01
1.925776855684274480e+00	1.698361394601069918e+01	-2.023490458305985129e+01	2.651683581639012388e+01
1.932064452961978152e+00	1.690473865357267513e+01	-2.011109698471168628e+01	2.629872299863749774e+01
1.938342610030488800e+00	1.676396729002807362e+01	-1.980894947868208789e+01	2.596025191440215707e+01
1.944618341543410178e+00	1.681798470011871771e+01	-1.991661508792090629e+01	2.610758385246971258e+01
1.950906260203513876e+00	1.669075602825119020e+01	-1.967946737866206064e+01	2.580286364020325607e+01
1.957194556613796488e+00	1.658823026153240221e+01	-1.945208335806571398e+01	2.546887244255662708e+01
1.963479614559011432e+00	1.654746514776284982e+01	-1.938870540563266331e+01	2.535936292752823107e+01
1.969760361532916226e+00	1.648493120978729110e+01	-1.929419206177101387e+01	2.516343954704487373e+01
1.976048367034604736e+00	1.649990698402452338e+01	-1.936876725964922485e+01	2.530339828992925177e+01
1.982337990217652335e+00	1.638476829902771570e+01	-1.904994986292335923e+01	2.495405101018302929e+01
1.988617489259562721e+00	1.634006012467868629e+01	-1.897834084239984520e+01	2.478971074051093382e+01
1.994896320665194178e+00	1.630510515239189218e+01	-1.888489296114691030e+01	2.478620702895106831e+01
2.001179596222827151e+00	1.623273176720037725e+01	-1.872847897141441109e+01	2.453681800122591028e+01
2.007459756923499761e+00	1.620259492231339848e+01	-1.870371877435936625e+01	2.442449156090064477e+01
2.013737397779169935e+00	1.615622307790852474e+01	-1.860161485204023535e+01	2.430408006782483099e+01
2.020017234677497164e+00	1.608184908667529811e+01	-1.842768509330261040e+01	2.410174074868102068e+01
2.026310251015072783e+00	1.603743498294072722e+01	-1.834519369717881787e+01	2.400081797706200248e+01
2.032600542948020284e+00	1.599812471099527578e+01	-1.821009129721157294e+01	2.387104838948651064e+01
2.038873863192099289e+00	1.590367721427360514e+01	-1.802376409340480024e+01	2.351285864800756542e+01
2.045154087821675404e+00	1.580488678950900550e+01	-1.784940946476197254e+01	2.330767557579811822e+01
2.051444704514288730e+00	1.584309666373668080e+01	-1.790763151561456112e+01	2.339029039215793304e+01
2.057730430280644729e+00	1.577527511458676557e+01	-1.773775132807276833e+01	2.326168668154688390e+01
2.064013940455224461e+00	1.574156255127880222e+01	-1.771662153482930790e+01	2.314091977001237765e+01
2.070299891179459895e+00	1.563224128228222121e+01	-1.746876338103349369e+01	2.278295409188072540e+01
2.076589719964883951e+00	1.561366357126765259e+01	-1.740504993745932083e+01	2.275766546774687171e+01
2.082865483794470673e+00	1.556110929145517829e+01	-1.734702749840024794e+01	2.256390965749745092e+01
2.089134494859368640e+00	1.549598895730318127e+01	-1.712688631414364693e+01	2.244761103166897698e+01
2.095424211360070288e+00	1.551267983184346022e+01	-1.720289789878351883e+01	2.243607651455328522e+01
2.101707116664804254e+00	1.542318654391375077e+01	-1.701758043373611073e+01	2.221278365163665924e+01
2.107986473933564309e+00	1.539509234203177535e+01	-1.690070570317803700e+01	2.213045741142529721e+01
2.114271806543862375e+00	1.534160871032576345e+01	-1.688609136405333899e+01	2.193165880425682346e+01
2.120552717288892275e+00	1.530469357120122176e+01	-1.673059452578833017e+01	2.185190883563877051e+01
2.126836933207161717e+00	1.527769634300042512e+01	-1.667385801295329628e+01	2.182939668587342652e+01
2.133122044791171845e+00	1.520079590697566196e+01	-1.649896155934240127e+01	2.157812392180666095e+01
2.139411711910842673e+00	1.517305134385357768e+01	-1.643129295876672202e+01	2.141433303067823601e+01
2.145697076775292089e+00	1.512674005864756843e+01	-1.628658730791338982e+01	2.128680227888102650e+01
2.151973548606471276e+00	1.507621323651495615e+01	-1.620368121907543468e+01	2.117985070427438998e+01
2.158259913555724108e+00	1.509105839151596662e+01	-1.627044730771051917e+01	2.132301908667685453e+01
2.164545396699105506e+00	1.497852708931880272e+01	-1.602303582732089637e+01	2.089499539002211037e+01
2.170830700377734068e+00	1.496953102682786607e+01	-1.597382051413542037e+01	2.080009060656028552e+01
2.177114138849150393e+00	1.491255453158829880e+01	-1.584020567807683832e+01	2.077254766542107589e+01
2.183387647576827018e+00	1.484948291082572425e+01	-1.569031638617385660e+01	2.049893594144846887e+01
2.189670273687676971e+00	1.482203990042481401e+01	-1.567355427656666933e+01	2.044195817706323481e+01
2.195960147934207463e+00	1.476679818273554012e+01	-1.554272808028754405e+01	2.026732084735417772e+01
2.202242556317716371e+00	1.477762175842740078e+01	-1.553593134981460011e+01	2.031410601351420908e+01
2.208521655981037668e+00	1.472698009115645945e+01	-1.539547317634960066e+01	2.015031697061684568e+01
2.214804637081333016e+00	1.472400134919817027e+01	-1.547387476872050271e+01	2.023270478542205097e+01
2.221092583349425276e+00	1.468236103181186358e+01	-1.528654962158242370e+01	1.998933955216597624e+01
2.227372893591468728e+00	1.456878893847656720e+01	-1.504994796940217405e+01	1.964779452896734924e+01
2.233657161144248171e+00	1.457853557865714755e+01	-1.508800255200221230e+01	1.977356622142152887e+01
2.239943485394438660e+00	1.448452378733792933e+01	-1.483592782764024243e+01	1.939232172764938866e+01
2.246224175264620815e+00	1.451696609938507976e+01	-1.495299602405433603e+01	1.946858233598086230e+01
2.252506378421252009e+00	1.440584667778619021e+01	-1.466901691599136193e+01	1.916334919049099028e+01
2.258783417054270437e+00	1.440074640048068666e+01	-1.465826172639683200e+01	1.913234246430603136e+01
2.265069077371457684e+00	1.438152488075353475e+01	-1.456367149822492379e+01	1.907476382019287797e+01
2.271350377044131452e+00	1.433713734760554459e+01	-1.456243623243924468e+01	1.904593346729619796e+01
2.277633995145353918e+00	1.436547318093503378e+01	-1.453912220313852899e+01	1.904239407268057604e+01
2.283922419579920149e+00	1.426339904098795586e+01	-1.430876605349064512e+01	1.869186701944518703e+01
2.290202874392252674e+00	1.423067090597559492e+01	-1.425215220854954268e+01	1.863184422070590429e+01
2.296490779970905560e+00	1.421688579695845789e+01	-1.420272948318389972e+01	1.858483841900503464e+01
2.302771769934229162e+00	1.416386250536643487e+01	-1.406967617158831985e+01	1.841365954652756542e+01
2.309051364164305564e+00	1.416700727883423028e+01	-1.402015800195437478e+01	1.841867843201359989e+01
2.315338502539088239e+00	1.409296006887885966e+01	-1.388105160603260479e+01	1.817382828425553498e+01
2.321627336503874428e+00	1.407930570052603159e+01	-1.385227701743957596e+01	1.816056687359669652e+01
2.327911878297218795e+00	1.406886813873314601e+01	-1.381775965485672764e+01	1.813624288658297701e+01
2.334186238580297168e+00	1.401886845293009110e+01	-1.367087585993961341e+01	1.795204368425063279e+01
2.340467971862688401e+00	1.398752829115479734e+01	-1.359258662841856236e+01	1.786066377041976239e+01
2.346756940970738725e+00	1.393909389328453763e+01	-1.350883366570709399e+01	1.778292582885675444e+01
2.353044444556199988e+00	1.393655280507108252e+01	-1.345590030594349074e+01	1.765220841928416107e+01
2.359327653314069906e+00	1.390122000080520159e+01	-1.335409259178893926e+01	1.762333038869054036e+01
2.365603048789861607e+00	1.386009266920725835e+01	-1.333603361214607830e+01	1.749988497729662740e+01
2.371885911737665165e+00	1.389078285684045078e+01	-1.332571577190440237e+01	1.753655258077293055e+01
2.378173303594019572e+00	1.383026707262242461e+01	-1.327359289853696644e+01	1.740702848734810360e+01
2.384454016539381271e+00	1.380993209083769813e+01	-1.314334337640358541e+01	1.725258326405945297e+01
2.390736447344785187e+00	1.371772683561318651e+01	-1.294412423800740441e+01	1.705623807286915650e+01
2.397014133897952259e+00	1.372923453555931417e+01	-1.294007717865443396e+01	1.708340579014458527e+01
2.403295490074321972e+00	1.370838669050700531e+01	-1.289236012313386581e+01	1.691938107049710993e+01
2.409585049672506862e+00	1.366835917304040393e+01	-1.279597604725845805e+01	1.687146048898792117e+01
2.415871703165322071e+00	1.364788418847971130e+01	-1.276735801704245965e+01	1.680875579136487374e+01
2.422160652369088840e+00	1.361787593878752567e+01	-1.262593920093763700e+01	1.668993983603577647e+01
2.428440167222748691e+00	1.361791467850564707e+01	-1.260496200142947387e+01	1.669124470398182325e+01
2.434717472383889803e+00	1.356977546050446293e+01	-1.248155411654073355e+01	1.651838579333553270e+01
2.441002456202044257e+00	1.352971142371589153e+01	-1.239868447617162595e+01	1.647308481718010142e+01
2.447289980304530488e+00	1.353055391179811018e+01	-1.241544107307021783e+01	1.638484016326064463e+01
2.453571844729242279e+00	1.352818426407983488e+01	-1.236768994232117791e+01	1.636600921533565156e+01
2.459852705114058846e+00	1.350348747310714081e+01	-1.227631330708132396e+01	1.625854570451143744e+01
2.466139233225018934e+00	1.343779469549317263e+01	-1.217078175741749746e+01	1.612187507624908633e+01
2.472421963421291391e+00	1.343772808554223097e+01	-1.214497673047203996e+01	1.607845427888340595e+01
2.478698519174224568e+00	1.346885280586298528e+01	-1.217348685191438307e+01	1.614432809593964535e+01
2.484980841400355800e+00	1.338195369495129405e+01	-1.196720840483741632e+01	1.591935299750270438e+01
2.491269319409339822e+00	1.337587898152911592e+01	-1.193793524330366473e+01	1.577762394283711878e+01
2.497548505139029373e+00	1.332527087674705513e+01	-1.178805362505456422e+01	1.575643824137313231e+01
2.503831667172610853e+00	1.333254901877342391e+01	-1.181237613855814672e+01	1.575466020519399457e+01
2.510117938323931153e+00	1.332550324958361720e+01	-1.170524706167106288e+01	1.569368350177387050e+01
2.516400733681277480e+00	1.326223260464349529e+01	-1.160431407303203244e+01	1.552491734523397149e+01
2.522688226833368130e+00	1.327427369025128101e+01	-1.163325549529221981e+01	1.554251772814857802e+01
2.528971695852665569e+00	1.325345334154718380e+01	-1.159018096920203966e+01	1.546735133581788979e+01
2.535252039407670299e+00	1.325764104425942946e+01	-1.158191877229029743e+01	1.542079084899025787e+01
2.541537514142774512e+00	1.324071648342754237e+01	-1.146970513097363131e+01	1.536697707856068540e+01
2.547823008847572179e+00	1.319803862213787049e+01	-1.133302332479510710e+01	1.524806249981667428e+01
2.554100666580690238e+00	1.321561487180809280e+01	-1.138141498309417088e+01	1.526695283797704228e+01
2.560376788884177301e+00	1.317939993298466383e+01	-1.128956944204875690e+01	1.513694975310284185e+01
2.566667521601497359e+00	1.317726303876273519e+01	-1.130245725832427084e+01	1.514157417584618059e+01
2.572955062237090473e+00	1.312731088258073520e+01	-1.115047999577991256e+01	1.499719781190635004e+01
2.579233771797999175e+00	1.312938551059428249e+01	-1.118434797623720200e+01	1.503554212321433781e+01
2.585520164300948220e+00	1.312469700195415889e+01	-1.109501468891530784e+01	1.494102026180354414e+01
2.591805130332431872e+00	1.307072109840106400e+01	-1.094936398711515757e+01	1.485556931581539075e+01
2.598084074692260881e+00	1.309049973391893751e+01	-1.096481002984256925e+01	1.487818639089130635e+01
2.604360404197643586e+00	1.303246615777653972e+01	-1.081197124970770851e+01	1.466184784780724648e+01
2.610647185140439142e+00	1.306525471896086366e+01	-1.087131864881157917e+01	1.477160267969291851e+01
2.616931864059273138e+00	1.304917050221316011e+01	-1.080088758405375238e+01	1.462627232195939087e+01
2.623206107911065565e+00	1.302386033888750383e+01	-1.076530007791080479e+01	1.470221000429791935e+01
2.629491626543270844e+00	1.300286429587844594e+01	-1.068787433530776987e+01	1.452901375148822183e+01
2.635778507982642349e+00	1.301007384243725795e+01	-1.062296161903522318e+01	1.451871189790783312e+01
2.642061039325260818e+00	1.297528800451668296e+01	-1.059748337662398043e+01	1.442447222256492445e+01
2.648343840729305843e+00	1.295509586439940364e+01	-1.053256598440732184e+01	1.435660529942849273e+01
2.654631838974855551e+00	1.295129285807699659e+01	-1.047699707588086859e+01	1.428948806785150438e+01
2.660919001246303761e+00	1.296485062168291869e+01	-1.047751955364077148e+01	1.437417926741299290e+01
2.667198525130066056e+00	1.293434968020633669e+01	-1.034819195672869618e+01	1.422591324258531209e+01
2.673484307038032526e+00	1.295285985211450885e+01	-1.037730928177884238e+01	1.429767573080835596e+01
2.679773388053849459e+00	1.294979979398070213e+01	-1.034499938869605806e+01	1.427727818862361708e+01
2.686058217632288692e+00	1.289984329485514358e+01	-1.022500742487870617e+01	1.409525974759024614e+01
2.692338738200057868e+00	1.289642672068588070e+01	-1.017245827727361807e+01	1.410294744924643773e+01
2.698618022887226964e+00	1.291189599061697635e+01	-1.012716995637238959e+01	1.407352721567037257e+01
2.704895450708277860e+00	1.289046395793853783e+01	-1.010867438681358443e+01	1.393295971186721083e+01
2.711175674923682166e+00	1.288272996777940094e+01	-1.009103564535686104e+01	1.403138473208259107e+01
2.717459832966957922e+00	1.288401577132856879e+01	-1.003807285829175733e+01	1.396585456319638396e+01
2.723745731959044569e+00	1.288815837140496434e+01	-9.992055282823292472e+00	1.395798247735466724e+01
2.730038414850594730e+00	1.288529281430349371e+01	-9.920662166853194464e+00	1.395600826260779570e+01
2.736317989800789441e+00	1.288911004814651839e+01	-9.948351075279111555e+00	1.393194631047099818e+01
2.742591858549239703e+00	1.284819393066405624e+01	-9.826667209391377611e+00	1.385013568416154506e+01
2.748879749010778362e+00	1.288418658649014148e+01	-9.866790867176730373e+00	1.386045913198008428e+01
2.755163403825859447e+00	1.285924385293656336e+01	-9.754861318680577043e+00	1.373934175984852146e+01
2.761446955625852073e+00	1.285128839299390968e+01	-9.776061552264483367e+00	1.375959322525415729e+01
2.767732088935374701e+00	1.284113018584744204e+01	-9.680919519455139621e+00	1.374117258627298988e+01
2.774015452421743966e+00	1.284296483822874002e+01	-9.676589047266370258e+00	1.368726845214019860e+01
2.780298635700591436e+00	1.284287851339471409e+01	-9.609617017988766108e+00	1.366303353889763805e+01
2.786577474762241380e+00	1.282230470151408142e+01	-9.554640245894820083e+00	1.353980490584426377e+01
2.792857983210164541e+00	1.282417976389262826e+01	-9.505121583669364327e+00	1.363692177071731138e+01
2.799143790920211483e+00	1.283821356098261646e+01	-9.527353378771611148e+00	1.360817447781790257e+01
2.805430058399325244e+00	1.282613046531047019e+01	-9.479169283106129384e+00	1.359402711542618647e+01
2.811715058209780072e+00	1.284125409898729586e+01	-9.448068727117501453e+00	1.354689420842459668e+01
2.817989272498773623e+00	1.284295559080724658e+01	-9.352299804385632243e+00	1.348080702510074858e+01
2.824269171595737760e+00	1.287457074155533299e+01	-9.407028024358654150e+00	1.359616879831384928e+01
2.830563016441804081e+00	1.284288005196667370e+01	-9.318409606607323425e+00	1.358198512002801372e+01
2.836848750951622034e+00	1.285855860170250686e+01	-9.331166488720144869e+00	1.349876559958815925e+01
2.843130027866129783e+00	1.286928911173950318e+01	-9.299251764036220891e+00	1.351728501062630983e+01
2.849413896912404986e+00	1.283781080050451173e+01	-9.200425276424235577e+00	1.339858208691804187e+01
2.855697464522425566e+00	1.287458943319006544e+01	-9.307781663280477957e+00	1.351983501433935508e+01
2.861978799810683594e+00	1.283367505538708997e+01	-9.168194540379371205e+00	1.341916861168829023e+01
2.868262469415629567e+00	1.286624094504137972e+01	-9.140044631870640757e+00	1.342938971829891948e+01
2.874547359206753860e+00	1.287267259132042341e+01	-9.118089412117987180e+00	1.344634052833687576e+01
2.880831111471525041e+00	1.287575386091681295e+01	-9.067300034207567805e+00	1.346877651937331954e+01
2.887113216972382546e+00	1.287992052904491835e+01	-9.086012382323652048e+00	1.336667655918618713e+01
2.893394504725182781e+00	1.287554941536886055e+01	-8.995165065114568037e+00	1.338688704814398100e+01
2.899673662137033592e+00	1.291455418475023187e+01	-9.050888476720029274e+00	1.342436030182315321e+01
2.905953958587380814e+00	1.291771555645824421e+01	-9.007075073757661698e+00	1.343563846997746936e+01
2.912241118105161064e+00	1.293495469575485046e+01	-9.001322708395100847e+00	1.347787739712274480e+01
2.918525996366671205e+00	1.292895118448414493e+01	-8.950949614499684515e+00	1.345293020918594173e+01
2.924809035425688819e+00	1.291621784886145186e+01	-8.860543918443211098e+00	1.335698354828242707e+01
2.931095916293684933e+00	1.293880019415860616e+01	-8.906030000068058783e+00	1.340611576291111007e+01
2.937378182606774413e+00	1.296443108743383554e+01	-8.903550445043935113e+00	1.348184715035795378e+01
2.943659980254369923e+00	1.296566831151911892e+01	-8.829667643139167410e+00	1.342598619376561153e+01
2.949946454403890250e+00	1.298308912253838976e+01	-8.842405535310195575e+00	1.349014816419927065e+01
2.956227653702202307e+00	1.300103485281539051e+01	-8.825718639591245918e+00	1.350160123043583127e+01
2.962510478867462993e+00	1.305593086026977723e+01	-8.912295103540627039e+00	1.362503338337646142e+01
2.968796535179442309e+00	1.300357847155405011e+01	-8.764224832948601218e+00	1.348411785232802274e+01
2.975077657376874907e+00	1.303645939331353887e+01	-8.736713915260638785e+00	1.356961320271775762e+01
2.981359866759223376e+00	1.305996598290349731e+01	-8.730662522450463925e+00	1.357474210853688312e+01
2.987646761575656562e+00	1.311406717270282662e+01	-8.802403910927639075e+00	1.358416198155693522e+01
2.993929038370399365e+00	1.310486209564273530e+01	-8.728736558561514869e+00	1.364931273389830935e+01
3.000206214840962726e+00	1.307389251303116318e+01	-8.652656242171389067e+00	1.355040672730704188e+01
3.006486172402415669e+00	1.313777853257617423e+01	-8.730811136985952459e+00	1.365462181508861228e+01
3.012769812211594456e+00	1.313165629811343749e+01	-8.633637554244538492e+00	1.363163735383045427e+01
3.019053144326170113e+00	1.316828673066672195e+01	-8.621242762323262809e+00	1.367630845738535861e+01
3.025337405144251424e+00	1.320422271730154229e+01	-8.644869405756670844e+00	1.374954271582541487e+01
3.031623734799107961e+00	1.321318988027921115e+01	-8.633945461766090901e+00	1.373669781182929839e+01
3.037908962055872575e+00	1.323383542625857956e+01	-8.616088293634643236e+00	1.378071380469513940e+01
3.044195067146031608e+00	1.324255272324714383e+01	-8.584126326809732532e+00	1.384308765210770886e+01
3.050475543482170426e+00	1.328353640612985131e+01	-8.662224643436477578e+00	1.386100051849237680e+01
3.056754954538277502e+00	1.328789972783103757e+01	-8.572071861889890343e+00	1.385405735395728222e+01
3.063040539557494668e+00	1.330439092067027218e+01	-8.536928923832986627e+00	1.390623996680572994e+01
3.069323699454357346e+00	1.335997688380060566e+01	-8.592868732385042563e+00	1.404915590909127232e+01
3.075610692642898769e+00	1.337062714131875296e+01	-8.564573011293015625e+00	1.399121538022791000e+01
3.081893798009918584e+00	1.341006108006743247e+01	-8.578869433611680861e+00	1.410691976926620050e+01
3.088174549548037717e+00	1.340785329318704022e+01	-8.496476054075728257e+00	1.404983545224657959e+01
3.094458635632868493e+00	1.344232819899361608e+01	-8.530197347695244403e+00	1.409327059207712907e+01
3.100743982931558840e+00	1.347880660166915234e+01	-8.531128720884785466e+00	1.419457446762255337e+01
3.107028111748448396e+00	1.351967546499225215e+01	-8.566825052077156499e+00	1.420876746046888428e+01
3.113309299655494300e+00	1.354555860462167693e+01	-8.590704642131179014e+00	1.434793747707045419e+01
3.119590662867241626e+00	1.356425085071796310e+01	-8.542328779189881871e+00	1.430401644734008570e+01
3.125874006820172912e+00	1.360018029012734075e+01	-8.566832786982363501e+00	1.440816324616373478e+01
3.132159251154602586e+00	1.364623282880546995e+01	-8.502020892777025551e+00	1.449961594397883680e+01
3.138439172765940643e+00	1.365170779373526067e+01	-8.497101437649643429e+00	1.452055339553253788e+01
3.144723867719826593e+00	1.370356354436175650e+01	-8.572704390121106854e+00	1.458486747842527365e+01
3.151003951258561031e+00	1.370812714328568482e+01	-8.503834939426267781e+00	1.453499420701251843e+01
3.157283664131563139e+00	1.377962968871316107e+01	-8.541084785930484813e+00	1.468325370113605111e+01
3.163569317183839935e+00	1.378195730490998727e+01	-8.506570188780250064e+00	1.472753664911842009e+01
3.169851661717792091e+00	1.385919591984566246e+01	-8.663623230930253882e+00	1.484424212630045936e+01
3.176137704316093657e+00	1.389274985773494819e+01	-8.602822636894801533e+00	1.495986146949263684e+01
3.182420924828643916e+00	1.396103408767300813e+01	-8.677443059246398249e+00	1.512700064539836298e+01
3.188702811875577581e+00	1.395418021912288786e+01	-8.571009178459718214e+00	1.499403614144668673e+01
3.194990520008989865e+00	1.399773599227834175e+01	-8.597439670876651618e+00	1.511176413356260184e+01
3.201275324656983834e+00	1.404699640795604587e+01	-8.571028668666887285e+00	1.515978638576632243e+01
3.207551352179861759e+00	1.407623717979380551e+01	-8.566559159942739754e+00	1.528491638279348308e+01
3.213835216737041645e+00	1.412102805617964840e+01	-8.675772307180722009e+00	1.537755462374802207e+01
3.220122579819103770e+00	1.408132916558422565e+01	-8.471507649704834719e+00	1.498251686885123846e+01
3.226406606618656525e+00	1.391062219564796898e+01	-7.934073077054201839e+00	1.402770207529544599e+01
3.232687390085645429e+00	1.380541294948373832e+01	-7.717915122446420639e+00	1.317394274585678993e+01
3.238969121280456331e+00	1.372459769287190312e+01	-7.431287972694502031e+00	1.254388187171213787e+01
3.245254751548589667e+00	1.362748323868837730e+01	-7.251403526348223494e+00	1.183193718538465866e+01
3.251534499036136783e+00	1.357349251388529865e+01	-7.028492593415150758e+00	1.120723964219894775e+01
3.257817780791052442e+00	1.350623219007335152e+01	-6.876191407768512676e+00	1.060694098245610384e+01
3.264102164154097263e+00	1.345971320337601007e+01	-6.701015168652389775e+00	1.009470840298877015e+01
3.270384152138468892e+00	1.340045067522694389e+01	-6.553825974363984841e+00	9.511349705415398148e+00
3.276669427476867735e+00	1.336597049012567062e+01	-6.419328716621845565e+00	8.973809407459262033e+00
3.282954688864507808e+00	1.331632992152562167e+01	-6.276366770761736547e+00	8.463800763725872756e+00
3.289237200334947264e+00	1.327727014743149780e+01	-6.168644385047832301e+00	7.966405026268609468e+00
3.295519587088236779e+00	1.322588917370283035e+01	-6.093398620649839614e+00	7.431482752405127457e+00
3.301805977329951958e+00	1.322278600070365684e+01	-5.957113002886369912e+00	7.054004179148345877e+00
3.308087486222440088e+00	1.318982074203452903e+01	-5.888184585356632361e+00	6.585434485677834182e+00
3.314367630234227313e+00	1.314957140861938178e+01	-5.723370384875313022e+00	6.020423442653294543e+00
3.320651909732194262e+00	1.314236381356367289e+01	-5.667977361637904998e+00	5.721186531761432548e+00
3.326931260376857047e+00	1.312535211517515599e+01	-5.611460788166313662e+00	5.228631080426057842e+00
3.333216512447217728e+00	1.311012104510086651e+01	-5.480882681710040671e+00	4.821440108931703605e+00
3.339504489419978128e+00	1.308283123728592834e+01	-5.435348923209170735e+00	4.401054451269623691e+00
3.345786804809928405e+00	1.307020868973260264e+01	-5.376611299205668715e+00	4.029462165264096285e+00
3.352071130016277767e+00	1.305299783763825872e+01	-5.271676008973317451e+00	3.554560815602525459e+00
3.358351496304225581e+00	1.304369720615642514e+01	-5.265562580950558846e+00	3.254456729757942313e+00
3.364630591073392019e+00	1.299339315040476350e+01	-5.192553395500613789e+00	2.819448332509807642e+00
3.370916305215045483e+00	1.300303312693478830e+01	-5.115895975604121126e+00	2.413923888971147402e+00
3.377197952029413752e+00	1.297442142747153859e+01	-5.002861564778589454e+00	2.045898520973261636e+00
3.383483063818085501e+00	1.297602621159480485e+01	-4.978372937329735848e+00	1.676829739285551568e+00
3.389769992424469969e+00	1.297145432367375584e+01	-4.905494075129907650e+00	1.322949673750373645e+00
3.396051330885982100e+00	1.295535677619815118e+01	-4.822828184360903769e+00	9.181985540574006954e-01
3.402330879139463971e+00	1.295169585858951677e+01	-4.813994881184751051e+00	5.421192060696580217e-01
3.408610488352048495e+00	1.296433885576007228e+01	-4.796046872060578892e+00	2.996992678871604476e-01
3.414897837696641236e+00	1.295178915896226002e+01	-4.763572637038143931e+00	-2.910313900927436262e-02
3.421180484052105619e+00	1.293147791416507353e+01	-4.654502769821537989e+00	-4.194938583014335420e-01
3.427461639653846870e+00	1.291330077520840547e+01	-4.615042358305125880e+00	-8.641044261254471337e-01
3.433749159643459059e+00	1.292773325723943501e+01	-4.539594427532652965e+00	-1.129950563560321974e+00
3.440032646656798310e+00	1.291907306257596133e+01	-4.543685030318449058e+00	-1.435415371497724024e+00
3.446313366033385339e+00	1.293772250130174228e+01	-4.528820752418276641e+00	-1.739118882503781993e+00
3.452600135384134905e+00	1.289010083570382470e+01	-4.418701696866475181e+00	-2.173795829697422910e+00
3.458883152815406703e+00	1.289490842049417196e+01	-4.374148135923261016e+00	-2.464638575276628440e+00
3.465163834403715448e+00	1.294412051602476943e+01	-4.408736161617125227e+00	-2.667792115531971042e+00
3.471449329786229221e+00	1.290366232695604864e+01	-4.286738071726469812e+00	-3.096246985275105335e+00
3.477734476754053894e+00	1.292495399783197563e+01	-4.342168533934438912e+00	-3.302638662372973766e+00
3.484019652467224226e+00	1.290356043952830056e+01	-4.207129887971497340e+00	-3.734363382999590364e+00
3.490297019369712928e+00	1.292575693023945860e+01	-4.280190220412724678e+00	-3.914419409515908832e+00
3.496582486484379970e+00	1.292886559272545455e+01	-4.144906458432314089e+00	-4.281498261208037448e+00
3.502868048046865024e+00	1.294015188888121948e+01	-4.176753152268312341e+00	-4.536699088075232922e+00
3.509144649545451244e+00	1.293144596734772911e+01	-4.113666371765259733e+00	-4.856992655467889719e+00
3.515428082003116295e+00	1.293698767565954100e+01	-4.065309500770417195e+00	-5.163303410905752067e+00
3.521711031624695565e+00	1.296476930444914721e+01	-4.116447615392851311e+00	-5.337535734818136035e+00
3.527991850954735664e+00	1.294220549430218092e+01	-4.009386749096358393e+00	-5.729649315713627900e+00
3.534275545726699885e+00	1.293491187087754035e+01	-4.001811272898749827e+00	-6.054215443904806371e+00
3.540562632020772149e+00	1.296843873582285056e+01	-3.955268655003139955e+00	-6.246155218267234410e+00
3.546844410757220789e+00	1.297049821275363612e+01	-3.908032087782097097e+00	-6.657989159706997562e+00
3.553131386753758836e+00	1.297296548814816752e+01	-3.899997834051111223e+00	-6.811828063818837542e+00
3.559419203211965144e+00	1.294232322394982759e+01	-3.856070081655271320e+00	-7.173372502469985257e+00
3.565697971577579839e+00	1.295785329567960531e+01	-3.819629835507103444e+00	-7.396827239131873455e+00
3.571979559134798254e+00	1.301080361320805423e+01	-3.886349320454906664e+00	-7.593203075722786188e+00
3.578265774595833726e+00	1.300186586316876713e+01	-3.792111956094989633e+00	-7.936815186514748710e+00
3.584548309769353125e+00	1.300194225640661649e+01	-3.745270680923052709e+00	-8.201037580108211600e+00
3.590826843920031486e+00	1.300444063260441041e+01	-3.730051740481584055e+00	-8.494511052822268482e+00
3.597107306745233934e+00	1.305705146480327272e+01	-3.739221844760308056e+00	-8.746952222185329973e+00
3.603392831792229245e+00	1.305313010167211196e+01	-3.701648806974048966e+00	-8.946590838235978893e+00
3.609673209822572559e+00	1.305996707084704411e+01	-3.659915678937358585e+00	-9.310903883955582216e+00
3.615955412133016189e+00	1.308840127029562517e+01	-3.684704945649694086e+00	-9.454402513722712342e+00
3.622241607772384686e+00	1.306959541281217874e+01	-3.575786926082192174e+00	-9.802255960441167204e+00
3.628520252736676444e+00	1.308840666289693466e+01	-3.587264928435351052e+00	-1.002812023722052004e+01
3.634804827569451113e+00	1.311697783805183093e+01	-3.569183118163488100e+00	-1.024594094413673417e+01
3.641094981788862928e+00	1.312681551863710183e+01	-3.552279215951538394e+00	-1.053572854940142101e+01
3.647383514928639325e+00	1.313981849187999096e+01	-3.519949256146855276e+00	-1.077423287993654277e+01
3.653663283927725658e+00	1.314822725087968003e+01	-3.538565514271597046e+00	-1.096297943620652582e+01
3.659943504072155296e+00	1.317484286797118997e+01	-3.495329127825911542e+00	-1.126529805597957079e+01
3.666232000281138603e+00	1.317808618267752685e+01	-3.460215345400077691e+00	-1.148904069413130280e+01
3.672514211678317597e+00	1.319576443244392472e+01	-3.402623291156590124e+00	-1.177811188663734754e+01
3.678794154686042539e+00	1.320463369486983574e+01	-3.454731183306475994e+00	-1.193326048489010560e+01
3.685078621861909820e+00	1.319509099645703998e+01	-3.363727602358912439e+00	-1.222728111821766994e+01
3.691359210097977961e+00	1.323519887236120418e+01	-3.322668796217573384e+00	-1.249589737292880720e+01
3.697642368173791105e+00	1.327885598579387860e+01	-3.340653281517885098e+00	-1.272102975541830183e+01
3.703925796735277665e+00	1.326116413498895419e+01	-3.361387302788060083e+00	-1.285204164329988963e+01
3.710208240364660348e+00	1.326777680520181235e+01	-3.253911194562068232e+00	-1.326009030630019936e+01
3.716494593122387169e+00	1.332164303983429399e+01	-3.296335696837068507e+00	-1.338369469580820770e+01
3.722775386659595398e+00	1.333627562658366905e+01	-3.272074324118035005e+00	-1.367369026916319008e+01
3.729058392883481510e+00	1.332708852792512744e+01	-3.237750976899983701e+00	-1.387775891578270659e+01
3.735339748210807720e+00	1.336532239352935569e+01	-3.310225434800356137e+00	-1.399079375868221753e+01
3.741620776392969638e+00	1.338191015266432160e+01	-3.176670561290637629e+00	-1.436697739249040673e+01
3.747904795418762980e+00	1.340750497216830439e+01	-3.199946116041023192e+00	-1.453437197175677653e+01
3.754190633281219380e+00	1.341696210527063293e+01	-3.131446811283331133e+00	-1.485140790919117570e+01
3.760478208018912749e+00	1.343185819237158185e+01	-3.159865034836966569e+00	-1.501267974582013132e+01
3.766755538573464346e+00	1.346232587128090330e+01	-3.173285661556928261e+00	-1.515455168444679757e+01
3.773032090135151506e+00	1.347616510203272888e+01	-3.095073279616205930e+00	-1.551357760885845671e+01
3.779322553012896879e+00	1.352021396660837560e+01	-3.091242575444947516e+00	-1.566787891323609827e+01
3.785609109731308930e+00	1.351172204971693169e+01	-3.067443400158640809e+00	-1.593046835220839164e+01
3.791889825936295200e+00	1.356159808495721464e+01	-3.045553170842971280e+00	-1.614452409377329900e+01
3.798174822702435893e+00	1.357793957528961748e+01	-3.059053036545123394e+00	-1.633773043057919949e+01
3.804458658753491651e+00	1.356530248639891312e+01	-3.015162882883777318e+00	-1.659089502469877075e+01
3.810738438095723435e+00	1.362773973315285048e+01	-3.042068628059090951e+00	-1.676481548984804348e+01
3.817018850285747167e+00	1.363067053542842011e+01	-2.988215950808994492e+00	-1.706698776629559688e+01
3.823305314209427763e+00	1.367162081006935459e+01	-2.972510174670859762e+00	-1.722270003831185292e+01
3.829591295197792178e+00	1.369321594214567028e+01	-2.960615864424218202e+00	-1.740566989442214663e+01
3.835872296070849341e+00	1.370828003085870961e+01	-2.931186900311770760e+00	-1.769723715743947423e+01
3.842156279590906109e+00	1.377717809877058919e+01	-3.005374323340725073e+00	-1.776908806188417600e+01
3.848441511099312429e+00	1.377318967045761511e+01	-2.914197632250774550e+00	-1.811985257552503370e+01
3.854723334376886079e+00	1.382610805187987602e+01	-2.960097462723182637e+00	-1.829635396304586692e+01
3.861004740704794713e+00	1.383478340368202808e+01	-2.862162358478771651e+00	-1.852983882935052051e+01
3.867284336650660848e+00	1.384861906608320048e+01	-2.857037850716594551e+00	-1.879722313257011734e+01
3.873567367678779849e+00	1.390871477429032588e+01	-2.932555308549457784e+00	-1.886414846883679530e+01
3.879850662830422792e+00	1.391062793986655777e+01	-2.834771303066228931e+00	-1.923092343042200625e+01
3.886137063198143338e+00	1.396237581102814218e+01	-2.845528720255891209e+00	-1.937164197808787947e+01
3.892419463049126005e+00	1.398187075277672342e+01	-2.802853057025722183e+00	-1.966617873146877571e+01
3.898703740328622658e+00	1.402684827537494883e+01	-2.805284690208492471e+00	-1.987798333829065101e+01
3.904991458788179326e+00	1.403891787119868084e+01	-2.792648365631309026e+00	-2.004046811510832882e+01
3.911270842222104083e+00	1.406537549702644085e+01	-2.779950844038483027e+00	-2.028233209064491760e+01
3.917549806479573071e+00	1.412155237076547465e+01	-2.787249938206770583e+00	-2.041739986565910669e+01
3.923836006203090587e+00	1.411914649251638387e+01	-2.706540079033037394e+00	-2.076782392865128557e+01
3.930121452497870926e+00	1.417491112090413097e+01	-2.764399025055968906e+00	-2.084663800350143248e+01
3.936398172858230460e+00	1.422043962387234473e+01	-2.735671648271733147e+00	-2.112759164547227897e+01
3.942683040425962293e+00	1.425673248981654773e+01	-2.716340731316948087e+00	-2.138502807919103077e+01
3.948974759704379611e+00	1.430321190535776665e+01	-2.699439261910908439e+00	-2.159199558965680055e+01
3.955259227995065352e+00	1.430165295864539843e+01	-2.638661487301571462e+00	-2.193355581315825020e+01
3.961537174921395454e+00	1.435178329105562689e+01	-2.666909555230978945e+00	-2.198351698808070864e+01
3.967820217617139544e+00	1.437247308123502343e+01	-2.630643170282611187e+00	-2.228401270903867726e+01
3.974105559832568968e+00	1.441778625550506732e+01	-2.674131682844052449e+00	-2.239129043768293315e+01
3.980384727931198352e+00	1.446339402021206588e+01	-2.601341082839111252e+00	-2.267145277523426117e+01
3.986664590839849698e+00	1.450127705561423674e+01	-2.550753443191020153e+00	-2.297000931156044601e+01
3.992949619150675034e+00	1.456056665155180596e+01	-2.667005053003156156e+00	-2.300950411957241926e+01
3.999235075769965952e+00	1.457825363273822639e+01	-2.562539490339627690e+00	-2.336044098574680561e+01
4.005515715515433506e+00	1.463185298029798176e+01	-2.583308404459975893e+00	-2.351539688231814651e+01
4.011798434346478537e+00	1.466131738850895339e+01	-2.591556865092924156e+00	-2.371151598702033425e+01
4.018083716245132386e+00	1.469526978630029213e+01	-2.556606815049469184e+00	-2.396580005949536485e+01
4.024365700052603856e+00	1.476142487977766748e+01	-2.544510773946488058e+00	-2.421817395907376635e+01
4.030643960839860540e+00	1.479746846210828615e+01	-2.520387196828479670e+00	-2.448397414280288586e+01
4.036928708926215137e+00	1.479888321546356345e+01	-2.584199000464305840e+00	-2.446083138569199278e+01
4.043218157412017177e+00	1.486049775898541547e+01	-2.512013699744727990e+00	-2.484160729684384705e+01
4.049503019487663558e+00	1.492410070083732698e+01	-2.494669507579576173e+00	-2.514318561277474018e+01
4.055781898960511000e+00	1.494910281146525577e+01	-2.515644149162528542e+00	-2.523000483194471855e+01
4.062060795621602161e+00	1.500400445564446450e+01	-2.453223081517936777e+00	-2.558632053554789820e+01
4.068347865354716042e+00	1.509319955942333635e+01	-2.558032854438069048e+00	-2.565049341962745899e+01
4.074631027173265529e+00	1.513004967351101548e+01	-2.454393621497622746e+00	-2.602071231265018270e+01
4.080910837526078971e+00	1.516923632817704259e+01	-2.499745831867430823e+00	-2.615925666789692272e+01
4.087201203341442657e+00	1.521839430604092946e+01	-2.493827806107124623e+00	-2.635350248058367129e+01
4.093486818591942189e+00	1.526036391395398795e+01	-2.439437292885575648e+00	-2.672777507536080321e+01
4.099764387336505500e+00	1.531852798986333930e+01	-2.412114246932925088e+00	-2.690481771733763239e+01
4.106049166937662420e+00	1.532168231931876967e+01	-2.325214232064211739e+00	-2.726072631590858109e+01
4.112334559041358695e+00	1.541103805784405978e+01	-2.400567616179339225e+00	-2.738478512224203243e+01
4.118618926059533614e+00	1.544446760749494985e+01	-2.360838722107537535e+00	-2.761140115471533107e+01
4.124898942031112625e+00	1.546794288537749829e+01	-2.318417933144098164e+00	-2.787980906741376685e+01
4.131175432561665417e+00	1.555490751231662827e+01	-2.365849326389559248e+00	-2.806501430520430418e+01
4.137461563786142271e+00	1.558989307212558550e+01	-2.304266059928422816e+00	-2.838339891800523418e+01
4.143746006210170307e+00	1.570155114395466533e+01	-2.428044660639072649e+00	-2.845042136568460478e+01
4.150029800482964326e+00	1.568880859881751633e+01	-2.286553626054603772e+00	-2.884713566590470535e+01
4.156313390684649001e+00	1.575056954361096118e+01	-2.317360011525902319e+00	-2.904998048378751463e+01
4.162596105843763716e+00	1.580452558745818692e+01	-2.286368179390084521e+00	-2.930061518324639636e+01
4.168881843141768684e+00	1.583641687123773778e+01	-2.245434742690018748e+00	-2.961686003949201762e+01
4.175162111073220217e+00	1.592660938768583634e+01	-2.257139566772257133e+00	-2.982346853556362021e+01
4.181448573417560155e+00	1.596899009675594705e+01	-2.268047362293145852e+00	-3.006883215382715946e+01
4.187738782464171194e+00	1.604525230597745988e+01	-2.273296340907980273e+00	-3.027168176366975416e+01
4.194017437180169061e+00	1.611180806737267801e+01	-2.258290318616669179e+00	-3.057428933536356652e+01
4.200293572701767175e+00	1.613640775322112830e+01	-2.217361209670555944e+00	-3.084461718579117928e+01
4.206580195481546269e+00	1.623677497119127366e+01	-2.269328248283347005e+00	-3.106002733810416672e+01
4.212860644652220543e+00	1.626220235497559230e+01	-2.174632562166610938e+00	-3.147238065989687428e+01
4.219138153430114002e+00	1.634988834887993292e+01	-2.229705027765401137e+00	-3.157322179096572867e+01
4.225426162098283811e+00	1.636350452192527527e+01	-2.109039983353500514e+00	-3.199839898010300132e+01
4.231713506719782636e+00	1.642628225327638702e+01	-2.188002231940243902e+00	-3.207810117404121542e+01
4.237990056577191744e+00	1.654416909403505187e+01	-2.143315863931245957e+00	-3.251293557128850154e+01
4.244267783646744618e+00	1.650556116722755462e+01	-2.059588738934298835e+00	-3.274515443840009254e+01
4.250560660182562955e+00	1.667952434369874837e+01	-2.215292971772709674e+00	-3.284459272751823278e+01
4.256847734842668096e+00	1.668453416221339936e+01	-2.062463705574482997e+00	-3.339543596348308796e+01
4.263127100734456221e+00	1.677748052951846702e+01	-2.121381466685523964e+00	-3.351596408829968965e+01
4.269406860432507500e+00	1.683189794380598414e+01	-2.039014212580243957e+00	-3.390271944927653891e+01
4.275691671482192646e+00	1.681133482695682702e+01	-2.040202450183316252e+00	-3.405683578594673122e+01
4.281972414189518794e+00	1.696072234260111600e+01	-2.052834119521286027e+00	-3.441737698600645246e+01
4.288253516806755705e+00	1.698205805558018255e+01	-2.017652424655310028e+00	-3.471923484796211312e+01
4.294540520160492925e+00	1.709247538170568603e+01	-2.005485651118481094e+00	-3.507895333602203891e+01
4.300825742921731809e+00	1.716256352725965684e+01	-1.962075298140962820e+00	-3.545340600154177224e+01
4.307109835491901961e+00	1.718325378492797739e+01	-2.003705353891056973e+00	-3.556925152846540072e+01
4.313390926478413157e+00	1.727820142005218429e+01	-2.018609549823576543e+00	-3.581497757950107541e+01
4.319667979480563247e+00	1.732499613748400691e+01	-1.839272576368756518e+00	-3.650444771218230500e+01
4.325952598143786076e+00	1.742430362297326241e+01	-1.961583670296747961e+00	-3.647547031794291428e+01
4.332241647035422361e+00	1.744483000486981439e+01	-1.874756923131662534e+00	-3.692756986239628958e+01
4.338524445619096781e+00	1.756614542890642383e+01	-1.925691032044347217e+00	-3.719651098139136280e+01
4.344809348131129845e+00	1.754636078134271315e+01	-1.815928126177158042e+00	-3.750221070965918813e+01
4.351090699193166600e+00	1.761925477772001614e+01	-1.773137615135007117e+00	-3.797911071639869363e+01
4.357369710808320029e+00	1.772881394405788313e+01	-1.804791911915461844e+00	-3.814366021364771342e+01
4.363659348967174445e+00	1.769880785446512306e+01	-1.705239444091626977e+00	-3.858360607266713060e+01
4.369947418280990981e+00	1.786365929591288193e+01	-1.748031251836905664e+00	-3.891344961762775512e+01
4.376226569265827315e+00	1.786359421701925854e+01	-1.747430303406692698e+00	-3.915244700582580606e+01
4.382499356631129217e+00	1.789179785459489835e+01	-1.665121380376863858e+00	-3.955837567602689830e+01
4.388784975178015024e+00	1.798006027769232418e+01	-1.684535165557520919e+00	-3.982453064161867218e+01
4.395068696309480494e+00	1.802850257675738632e+01	-1.536175222450652189e+00	-4.052551827363020465e+01
4.401347962382031298e+00	1.816811823090833045e+01	-1.712014716287648453e+00	-4.052365757995483619e+01
4.407628405096517099e+00	1.819546302368753032e+01	-1.609331575329536079e+00	-4.106213870148851441e+01
4.413915862185140426e+00	1.817967468435525902e+01	-1.514218553217874463e+00	-4.138343087902929796e+01
4.420203163534264235e+00	1.835185649817557874e+01	-1.575980390211209059e+00	-4.175339795525614761e+01
4.426480311003382795e+00	1.831446191310322291e+01	-1.373006449434660103e+00	-4.247675455479009798e+01
4.432765973643649104e+00	1.854444726620909734e+01	-1.622168464708118707e+00	-4.238786040606331795e+01
4.439053392023870614e+00	1.842839906114986448e+01	-1.267458319721310733e+00	-4.328494584414704605e+01
4.445336141335588742e+00	1.856251685643407967e+01	-1.369303131168478016e+00	-4.343821189025396023e+01
4.451617241414883352e+00	1.853328560469072883e+01	-1.306139910324752185e+00	-4.388618287934461648e+01
4.457901500730311106e+00	1.858235131335560553e+01	-1.223824584180642105e+00	-4.440584248427813918e+01
4.464189501093017043e+00	1.866046162824084576e+01	-1.251701404868086565e+00	-4.458950621677593062e+01
4.470470197548729985e+00	1.857489740818363444e+01	-9.499547316906653549e-01	-4.545944167840622185e+01
4.476748044268524573e+00	1.878575694137996166e+01	-1.220306053809133928e+00	-4.545670624774015778e+01
4.483035990164653484e+00	1.865085661684257801e+01	-9.784621099433817859e-01	-4.610551088140325504e+01
4.489323331650528104e+00	1.880337634673664482e+01	-1.052900916773135354e+00	-4.643248741889010489e+01
4.495599111667934800e+00	1.881554292791256700e+01	-9.198362645029402040e-01	-4.714020130178776924e+01
4.501870922878794090e+00	1.871123484233845602e+01	-7.750774497640449123e-01	-4.750572065801745225e+01
4.508155162877705457e+00	1.886701128278860651e+01	-8.536336005035346508e-01	-4.789160691671966674e+01
4.514446451153479423e+00	1.879375813260146799e+01	-5.958149180353646823e-01	-4.874322926188155236e+01
4.520723894043856994e+00	1.882549021092841102e+01	-6.416136352065571202e-01	-4.889890192538927494e+01
4.527003782460155890e+00	1.875758280283395507e+01	-3.970201208042907215e-01	-4.971334653016397453e+01
4.533293086610313161e+00	1.882194082827464143e+01	-4.214567146257314767e-01	-5.017775244868138174e+01
4.539578989864040182e+00	1.877416240854493878e+01	-2.823202201646285991e-01	-5.076244587496116623e+01
4.545857164866476730e+00	1.872079561049313767e+01	-1.981161557430386466e-01	-5.121863546062256489e+01
4.552138955546025656e+00	1.870017262326082275e+01	-1.215558103860426287e-01	-5.175638723159286769e+01
4.558432046889146605e+00	1.869354544778012084e+01	-1.322371954583070330e-01	-5.210793053295319055e+01
4.564713463378488711e+00	1.874985086175921012e+01	-8.060045100817769814e-02	-5.270272095454742356e+01
4.570987274133244682e+00	1.872425637774383489e+01	-5.006689090312713836e-02	-5.301189880319154213e+01
4.577274818151045643e+00	1.878309380520644467e+01	-6.816200526830694384e-02	-5.340746913261961026e+01
4.583563263889338657e+00	1.884012201775312434e+01	-1.941249218659235262e-02	-5.392702837419439987e+01
4.589844917004465508e+00	1.878154210233281063e+01	-5.121964495812631954e-04	-5.405903571047954870e+01
4.596126259982004747e+00	1.882969937919959591e+01	-3.768515327561453715e-02	-5.448802287287294632e+01
4.602409075598298926e+00	1.885080924021011128e+01	-3.642180968852398032e-02	-5.475531714777237369e+01
4.608696634867644804e+00	1.901103019136862926e+01	5.906942122039354065e-02	-5.553344194879771578e+01
4.614977646498861219e+00	1.907569410741933424e+01	3.425669001236470584e-02	-5.600823844405232421e+01
4.621258953029527383e+00	1.905446511339152238e+01	1.580490473154379238e-02	-5.611286626563389035e+01
4.627547993978874175e+00	1.908826319500123958e+01	-4.753959824096716524e-03	-5.646676619304816569e+01
4.633830152730579854e+00	1.918070136277841442e+01	1.108431758025214890e-04	-5.697412502863382855e+01
4.640104005367354567e+00	1.926298770397870186e+01	9.742840320568661727e-02	-5.747573081541295181e+01
4.646382060386754276e+00	1.927367288982478755e+01	-1.704865952745030291e-02	-5.764548651685550595e+01
4.652674213731970987e+00	1.936678407279987724e+01	-1.823543027287231888e-02	-5.815401334291761515e+01
4.658958291796220230e+00	1.950064626667144552e+01	1.137842939143976669e-02	-5.872824652638090726e+01
4.665233615070169648e+00	1.955283066249943502e+01	-3.162885567021513772e-02	-5.905100162081959780e+01
4.671520675710307380e+00	1.959106955424003971e+01	4.260252058932090247e-02	-5.947730775164534833e+01
4.677814351732177300e+00	1.966701010482510981e+01	-1.773396144816513382e-03	-5.984341217581521732e+01
4.684093699744638073e+00	1.976072416992506930e+01	2.418993546828264452e-02	-6.034156217587010929e+01
4.690368661472568590e+00	1.983714623830463353e+01	8.056348592418148893e-03	-6.074712550533480027e+01
4.696663270746453733e+00	1.987108212937088680e+01	8.820614831062724773e-03	-6.103880194481468635e+01
4.702945459248681459e+00	1.993612360306189046e+01	2.863209495618177641e-02	-6.142540748737587819e+01
4.709209170841929470e+00	1.998085792057285204e+01	4.076839121088196398e-03	-6.169355912871389336e+01
4.715491634753063543e+00	2.000380664792436392e+01	4.442665514673948407e-02	-6.202272196469546373e+01
4.721784316284933780e+00	2.017043041152859928e+01	7.215372542527807853e-02	-6.278101089310575134e+01
4.728063062331094635e+00	2.018907300383886394e+01	1.842031027453938305e-02	-6.292401447542845006e+01
4.734337423381671073e+00	2.034801421448212011e+01	-2.693686975688067814e-04	-6.348588164837556747e+01
4.740627024094544062e+00	2.034646122715918537e+01	2.931193971677619609e-02	-6.378443635965157199e+01
4.746914995664547554e+00	2.043246334998468328e+01	9.600819395768789288e-03	-6.416012770536808318e+01
4.753194740071086777e+00	2.065515010550923947e+01	2.148972203358030797e-03	-6.494069745092183155e+01
4.759478891864783456e+00	2.064934678590777395e+01	2.831882312484918993e-02	-6.517284784341646287e+01
4.765762396877359031e+00	2.078123807045548688e+01	5.014001730960639114e-02	-6.580595126533391692e+01
4.772049481246195768e+00	2.081025946686079564e+01	-5.687412078086374802e-04	-6.591764023768067204e+01
4.778335091022592351e+00	2.096342979672290241e+01	1.049541688699161604e-02	-6.659481987532946334e+01
4.784610831402393849e+00	2.098827725458447091e+01	-2.263451615190789894e-03	-6.685096159832751539e+01
4.790907306208476157e+00	2.113144091065359831e+01	-3.786083852215850476e-02	-6.738538394831702760e+01
4.797204047706418173e+00	2.116630396112515555e+01	1.533612315038522869e-02	-6.765370488284723649e+01
4.803470827697504220e+00	2.132106920164784469e+01	4.287504512006417440e-02	-6.835688311520570437e+01
4.809748850577324042e+00	2.138488070690186049e+01	3.465348523884310972e-02	-6.871590417281636576e+01
4.816045316586602176e+00	2.154458293353327036e+01	-1.550207872550884471e-02	-6.928023738946083654e+01
4.822329240673497885e+00	2.163565542451573620e+01	5.936976833061267250e-02	-6.980778405303013301e+01
4.828596758226470165e+00	2.170746710925732614e+01	4.836224273812149421e-02	-7.013223062047471501e+01
4.834890332961369275e+00	2.189867169778502998e+01	3.825631824291315930e-02	-7.095172974316750469e+01
4.841191655056394261e+00	2.194352898835990828e+01	3.747854875542460523e-02	-7.122150512517079335e+01
4.847460407468000554e+00	2.202004393651886360e+01	-3.577040372095537796e-02	-7.147097296384309573e+01
4.853732128521334843e+00	2.221395222666910385e+01	2.910827920328155904e-02	-7.228993452809777409e+01
4.860029138783373170e+00	2.217453340527184480e+01	-1.159604248911934744e-03	-7.230203446932104328e+01
4.866314601732018019e+00	2.239352721505034793e+01	4.449369537950972203e-02	-7.318112456845237546e+01
4.872587026269203925e+00	2.258215912145830373e+01	-1.074830342764662716e-02	-7.383032953695789047e+01
4.878874221748241702e+00	2.263916560018426338e+01	2.698962803481465018e-03	-7.415972628895299579e+01
4.885171078138658807e+00	2.273680451979337747e+01	-6.976555821853813039e-03	-7.461505089383709333e+01
4.891450629931857641e+00	2.287881857408308406e+01	5.386841360285285485e-02	-7.526859198860402955e+01
4.897716482750221978e+00	2.297742394528885512e+01	4.129740350262728343e-02	-7.564596301597481443e+01
4.904002834596266069e+00	2.310197875970719750e+01	-2.226087390221252391e-02	-7.613053237605220147e+01
4.910295858205786068e+00	2.312852697626870224e+01	3.231357755800488146e-02	-7.642747938310901645e+01
4.916575188115905881e+00	2.342196739715431164e+01	-9.736756068083845042e-03	-7.740000119366762021e+01
4.922847946197084212e+00	2.343422954265424352e+01	-5.696808158136162231e-02	-7.752700980208585690e+01
4.929131667457151700e+00	2.363540018596130210e+01	6.600041248122866071e-03	-7.839828274742903602e+01
4.935434460144239033e+00	2.378423685494842132e+01	2.933168916716553248e-02	-7.897842077386000881e+01
4.941718513303545279e+00	2.385270511235072277e+01	1.441419274383295805e-02	-7.930777715671055716e+01
4.947978624761803168e+00	2.395819763963822879e+01	1.425863537782706691e-02	-7.981223067449560915e+01
4.954274999209829389e+00	2.429717095135818994e+01	1.982511126943869995e-02	-8.101199134861245454e+01
4.960571094729937514e+00	2.436838256926542812e+01	-4.169443976779579203e-02	-8.128355694963710221e+01
4.966823207626954506e+00	2.465667539079979775e+01	-1.489650557075375067e-02	-8.240341573434915290e+01
4.973097418390337587e+00	2.467634782201071886e+01	7.317506645350034533e-02	-8.267404883425497530e+01
4.979415129936382023e+00	2.481353579074227866e+01	-4.685724036305524698e-02	-8.306976702009379210e+01
4.985702082330368157e+00	2.509353568729388329e+01	-3.205606011806052397e-02	-8.412625639820171841e+01
4.991949985828016523e+00	2.514021760241833903e+01	6.857383515414181008e-02	-8.451507599994782538e+01
4.998241586316924057e+00	2.530046236126783654e+01	2.873677805125321449e-02	-8.507453779769451785e+01
5.004556635606089543e+00	2.562658195989595811e+01	-9.393088935145241583e-03	-8.623850301477864377e+01
5.010828655701208945e+00	2.566604316076550774e+01	2.564262533884703946e-02	-8.651164630947501166e+01
5.017077229702536556e+00	2.579944556767253161e+01	-6.067516974596345869e-02	-8.694230663464294651e+01
5.023374414758113637e+00	2.607734500343904216e+01	6.839161253355066639e-02	-8.814743397485472087e+01
5.029688873569548413e+00	2.621833239157230011e+01	2.491944683085905651e-02	-8.864151109990652344e+01
5.035958413584124216e+00	2.641242579783413191e+01	-8.482021305584293508e-04	-8.933340376621315215e+01
5.042232667658486989e+00	2.660766463797150294e+01	-2.066512563106249686e-02	-9.008848376973703864e+01
5.048528755870775875e+00	2.659129783280191361e+01	7.056549672670176139e-03	-9.015872910897806491e+01
5.054821121427484520e+00	2.692067457561608634e+01	7.833086845230865722e-03	-9.131955068720974111e+01
5.061069509814582368e+00	2.712751608364458988e+01	2.158144051955211001e-02	-9.214313232236541751e+01
5.067347812754101177e+00	2.731273164069092729e+01	2.323399689028939064e-02	-9.286254410322582942e+01
5.073675050630431116e+00	2.762143362234795774e+01	2.851809591754948109e-02	-9.402048946875440549e+01
5.079945928388977627e+00	2.772253941904916985e+01	-9.176090567347479354e-02	-9.428341113862617817e+01
5.086192992546071601e+00	2.787898774014718839e+01	8.481155719951298869e-03	-9.498000521574348909e+01
5.092484128970163226e+00	2.812048172866051488e+01	7.485459907752948193e-03	-9.594877549358658086e+01
5.098802924706086870e+00	2.820800721118764542e+01	-2.202970955281778869e-03	-9.628666269792114463e+01
5.105078217426394005e+00	2.859532173750810102e+01	-6.436918860173961032e-02	-9.761106636922718849e+01
5.111325076574067872e+00	2.880808267869324268e+01	6.828269475924106380e-02	-9.855755853377249309e+01
5.117628358851224135e+00	2.900558971570871591e+01	2.712129558222868553e-02	-9.927494488407042184e+01
5.123935939383525984e+00	2.910474502247110351e+01	4.733858031542371655e-03	-9.964442052435391872e+01
5.130199176325612065e+00	2.939720689263631215e+01	5.392169010459663819e-02	-1.007574814159949312e+02
5.136469985878846956e+00	2.965333363582629289e+01	-2.856801128389754516e-02	-1.016671465788758724e+02
5.142797788696348071e+00	2.990767102567615154e+01	1.819392580377713481e-02	-1.026562953042365081e+02
5.149090378043822192e+00	2.999173929317884202e+01	9.003203666788932302e-02	-1.030690165540404308e+02
5.155289879840074363e+00	3.035889357151601686e+01	2.850985329310885136e-02	-1.043188870223117561e+02
5.161564521234301317e+00	3.044836953516190547e+01	-2.623835506170472953e-02	-1.046804930809325356e+02
5.167916673496016244e+00	3.078863929960977330e+01	3.885086624945410100e-02	-1.059720578093888577e+02
5.174205974602950064e+00	3.133869656790821878e+01	3.887433850184945049e-03	-1.078757959219638281e+02
5.180434820793812456e+00	3.161825765336293870e+01	4.290972393284454151e-02	-1.089445312733152349e+02
5.186729096569634656e+00	3.159213808762671505e+01	2.637800474089472061e-02	-1.089276451549122129e+02
5.193058481037780894e+00	3.213400644336429934e+01	2.549472843410577685e-02	-1.108554644232300745e+02
5.199319511444338460e+00	3.194382224004517923e+01	3.343727187815426910e-02	-1.102400478375547692e+02
5.205574295584361799e+00	3.234058148320859516e+01	-5.539254568691401315e-02	-1.115765179189145044e+02
5.211894977074066126e+00	3.311755524052321675e+01	5.230389097970215145e-02	-1.144654419177861797e+02
5.218201708336958511e+00	3.326716147029529935e+01	8.580694008894917957e-02	-1.150498423481216435e+02
5.224411911780083351e+00	3.335012607424395981e+01	-3.482142895198681812e-03	-1.153044052496974956e+02
5.230677632666463239e+00	3.347188149386718692e+01	-3.392145555041014421e-02	-1.157579263506726619e+02
5.237056729559757429e+00	3.413001066533371386e+01	9.627498635367025270e-02	-1.182313436510436730e+02
5.243336785035660697e+00	3.436448904176074137e+01	6.391446119314392327e-02	-1.190540202558928087e+02
5.249493476178225038e+00	3.494732375818546188e+01	-1.203087364016269985e-02	-1.210249910468158134e+02
5.255787017738318134e+00	3.476432778967414805e+01	-2.758317137647620012e-03	-1.205038062691424301e+02
5.262205327426889845e+00	3.482193421100023301e+01	-6.819994395932893472e-03	-1.207196648470847862e+02
5.268477758348532269e+00	3.587884183391967952e+01	6.956068830703467099e-02	-1.245136613672535475e+02
5.274632213654732560e+00	3.585436350997812127e+01	-6.374582467069218883e-02	-1.243285615287035881e+02
5.280950543314659740e+00	3.644646119809512186e+01	2.611726119272151508e-02	-1.265650373271002991e+02
5.287327645024750389e+00	3.680732960797399045e+01	-5.616640035400325033e-03	-1.278199579215323780e+02
5.293582359180156516e+00	3.733974759523160003e+01	-9.902881234466972410e-03	-1.296889247404288028e+02
5.299789992649893478e+00	3.726655226234637297e+01	1.101034396533828869e-01	-1.296433501293579127e+02
5.306111460381987222e+00	3.764321162167621537e+01	-1.266973908424259138e-02	-1.308686647379516046e+02
5.312452717892129250e+00	3.851314073334633292e+01	3.665869296308538888e-03	-1.339237056644817017e+02
5.318650122853046724e+00	3.862696815797791317e+01	-4.310442599684568415e-02	-1.343050082166218999e+02
5.324923043129819789e+00	3.936592244472019786e+01	8.381616520099154435e-03	-1.370132302198090315e+02
5.331330237158205421e+00	3.975764539608265835e+01	-7.725364022937630804e-02	-1.383209706435445412e+02
5.337586726886338617e+00	3.948244752638466082e+01	9.222787292319449548e-02	-1.375706437272864378e+02
5.343685192440848830e+00	4.061695463542741180e+01	-1.296798756697732369e-01	-1.412976242250829841e+02
5.350070659715249199e+00	4.091834689689520843e+01	-5.648665292131292009e-02	-1.425349618392161517e+02
5.356556762554878226e+00	4.063583153033398787e+01	1.580072481180693281e-02	-1.416496027737280485e+02
5.362691868684501095e+00	4.182185897732554025e+01	-4.423946254592346986e-03	-1.457743024571089165e+02
5.368769208912516966e+00	4.274458162473201384e+01	-7.446429824540408242e-03	-1.490089922105701703e+02
5.375270137997677722e+00	4.149385822316675387e+01	-2.416816255792024731e-03	-1.447446411377779043e+02
5.381769983045385786e+00	4.252028814495612608e+01	9.377569177036922110e-02	-1.484520145706757432e+02
5.387701030372958222e+00	4.420908107858272018e+01	1.267040886394217927e-02	-1.542447988992495880e+02
5.393786668001271600e+00	4.385497643319517636e+01	2.342072357575182562e-02	-1.530848879833892227e+02
5.400446161099396569e+00	4.444125459337166006e+01	-3.157795789574801421e-02	-1.551229601968996974e+02
5.406957063684501463e+00	4.459218455430855244e+01	2.142840481782300188e-02	-1.557231741580593223e+02
5.412655672453426270e+00	4.549405959054396931e+01	-2.807929640436540586e-02	-1.588040954665360402e+02
5.418821279260546575e+00	4.630559092222309658e+01	-2.331828903833447694e-02	-1.617165745691086158e+02
5.425690594366304076e+00	4.549268415381880004e+01	1.004328467608596176e-01	-1.590466080689578519e+02
5.432217487502165376e+00	4.720634480644633157e+01	-6.122303361771135044e-02	-1.648900920587095129e+02
5.437649811577258241e+00	4.704599241534977949e+01	1.985936900952680467e-02	-1.643790818392735105e+02
5.443914404015878006e+00	4.654537298163550219e+01	1.557600137927315012e-02	-1.627028080572729039e+02
5.450953501686320202e+00	4.869543598011406260e+01	-1.328678379765061215e-02	-1.702228095865194177e+02
5.457483690405861232e+00	4.959972269015010227e+01	5.823637228520873316e-02	-1.734791249782897467e+02
5.462715250135157241e+00	4.882494794467372401e+01	-1.513767261288018716e-02	-1.706593542252203690e+02
5.469033575551323523e+00	5.082895436285645729e+01	-6.198980989563744083e-03	-1.777342740314089156e+02
5.476177730420278778e+00	5.196550377252182784e+01	1.692669875000998901e-03	-1.817482757724420139e+02
5.482708935702562236e+00	5.054078856363814509e+01	2.251279652207757113e-03	-1.767907326726400470e+02
5.487722405008360838e+00	5.432783106539342555e+01	9.725196323800822107e-02	-1.901090148832286388e+02
5.494194284996126498e+00	5.145583256043857290e+01	-8.884135941663201877e-03	-1.799981236174488686e+02
5.501391471009256406e+00	5.339494503226809741e+01	1.545496758499049182e-02	-1.868178623460353833e+02
5.507128202673079009e+00	5.526550215481628214e+01	1.228930821105438977e-02	-1.933764199902331882e+02
5.512278020050448646e+00	5.316749850547926570e+01	-9.989467088189862842e-02	-1.859269981857843277e+02
5.519395563377015534e+00	5.830900344014973058e+01	-1.070705633619477987e-01	-2.039259197405069699e+02
5.526598678609708770e+00	5.676147141513737893e+01	-7.900622955308311129e-03	-1.986235608669639987e+02
5.532162682462509196e+00	6.187893597148433145e+01	-8.472264728032406766e-02	-2.164625587503761039e+02
5.537397124017139127e+00	5.366112962212358184e+01	-2.094595026750397174e-02	-1.877733985304712121e+02
5.544582756485218589e+00	5.898132049491794504e+01	-1.025942151011291319e-02	-2.064120779100316270e+02
5.551739327507637434e+00	6.733081186255128614e+01	-9.487050644106181929e-02	-2.355514935085377317e+02
5.557493306674907707e+00	6.188609620364911734e+01	9.087936546530751836e-02	-2.166871831480775086e+02
5.562281709102816940e+00	6.431291369205268893e+01	1.062886235402510093e-01	-2.251979714933280263e+02
5.569272720323164449e+00	1.718308635792324068e+01	-4.621434664777137463e-02	-6.009432662257399471e+01
