8.899641224696953554e-03	1.039867359130672761e+06	2.838598857233384042e+05	-2.555932310222591739e+06
1.507912216506557788e-02	7.574082908557219198e+05	1.528089070833845180e+05	-9.597583089999313233e+04
2.144790186456836667e-02	2.742798416060603922e+05	-5.167585321502752049e+04	-2.273993736853530863e+05
2.783660776489276650e-02	1.526480828130468144e+05	5.949869898846657452e+04	4.037384379264895688e+04
3.435099785803411021e-02	7.375892219846908120e+04	1.006380272456116290e+04	-2.025706798396291924e+04
4.047886761425745911e-02	3.945309045525173860e+04	1.011283812365921949e+04	-1.570956048909347919e+04
4.676716683575679601e-02	3.349166684428444569e+04	9.943129725387272629e+03	-3.119764488232618987e+03
5.308225101765951665e-02	3.570328984868887346e+04	1.212924545702770956e+04	3.057416428164699937e+03
5.945362440940590160e-02	3.275042050178036516e+04	8.424804864841536983e+03	-5.077795853249006797e+01
6.576224814588792211e-02	3.465420273072885175e+04	1.523311985247078155e+04	8.290583247076909174e+03
7.196632906698736953e-02	2.974162698990824356e+04	1.286179897342850745e+04	-5.396756106315668148e+03
7.827860915688347743e-02	2.186243736526842986e+04	6.806877914849567787e+03	-4.125293420850728580e+03
8.470398945834539672e-02	1.858351790254007210e+04	9.138189369952879133e+03	6.139612963082383430e+03
9.096854620527369817e-02	1.454602614969970637e+04	5.570277997108877571e+03	7.151004296953364019e+02
9.720789776830213169e-02	1.292568066707381513e+04	3.806989924070428970e+03	-7.197572853214568340e+02
1.034763038959366499e-01	1.168331225029298366e+04	3.853345669745083796e+03	1.381864465426114066e+03
1.097576444254559219e-01	1.096568373769085338e+04	2.587955649303799873e+03	7.688357775712826196e+02
1.160543084780093354e-01	9.973408758100953492e+03	3.774379889357961929e+03	1.507883368566654326e+03
1.223669666537485351e-01	9.097939122399444386e+03	2.970201195861847282e+03	1.308766359750835818e+03
1.286817263090294094e-01	8.521723712217086359e+03	2.630154248637537876e+03	-2.880520746770823735e+02
1.349500801664080818e-01	7.346218838733738266e+03	2.063756137935289189e+03	4.497403089380936194e+02
1.411949558842147678e-01	6.758680255241148188e+03	1.820137915916712927e+03	-1.195918152231671883e+02
1.475133575747468451e-01	5.995458618973415469e+03	1.645321243341529225e+03	3.389017529995326754e+02
1.537865074252268427e-01	5.745941669475802883e+03	1.298634068492136294e+03	3.055646039616066787e+02
1.600657544051110326e-01	5.416949698338688904e+03	1.505220662961845392e+03	1.400296655381281141e+02
1.663991168687080635e-01	4.907836157583831664e+03	1.035970883634791562e+03	2.324199088615307573e+02
1.727195645776442856e-01	4.687414641989775191e+03	1.190483156573010547e+03	4.305151773155441788e+02
1.789765213377084718e-01	4.358549477069839668e+03	6.453596254620146055e+02	3.899389410047070896e+02
1.852353690647852158e-01	4.005219498843484416e+03	7.433378187932019046e+02	2.533158890093997968e+02
1.914806787341157279e-01	3.779426106531710502e+03	3.456852352207255876e+02	1.484361629059675636e+02
1.977889868651535599e-01	3.574327048682956956e+03	6.542358898326790495e+02	5.287077776881542377e+02
2.040937735447724277e-01	3.386193810999256129e+03	3.285240415198257438e+02	5.051374240321228513e+02
2.103939302609846018e-01	3.197474347475694685e+03	3.540600580138055307e+02	7.120432889074979812e+02
2.166909709822301688e-01	3.040280262742669493e+03	2.922021524036759956e+02	4.913885417452107163e+02
2.229700281216152047e-01	2.825268940567936170e+03	1.893889192751645112e+02	5.057086211757156207e+02
2.292620027086341994e-01	2.681997554086889522e+03	3.121788535152555610e+01	1.075173906114834068e+02
2.355141508366812297e-01	2.514754804060742572e+03	8.631261460400197905e+01	3.126099345749731242e+02
2.417910583817859116e-01	2.432336696655771902e+03	1.164279515215967109e+01	3.344202283778433866e+02
2.480856539439619257e-01	2.324267615526424379e+03	-2.816037997211782695e+01	2.578176837424798009e+02
2.543492256872954549e-01	2.198597520271439862e+03	-7.471970729619296492e+01	5.038283370264101109e+02
2.606334251884805386e-01	2.064888767395982541e+03	-1.417345752801756191e+02	4.106317725713844879e+02
2.669257370896960802e-01	1.958538734239036557e+03	-1.195027391046490095e+02	3.992093240785180797e+02
2.732423343141155980e-01	1.884308168406891809e+03	-1.687926467398235673e+02	5.298543404531425267e+02
2.795529680084415936e-01	1.800745210407118748e+03	-2.847687976023564715e+02	3.765874078823448485e+02
2.858366292314493129e-01	1.734034000248405391e+03	-2.890192518735212843e+02	3.388441368925502957e+02
2.920876271394311496e-01	1.642964308135085503e+03	-2.508467297030389886e+02	4.684067952544039599e+02
2.983449844439822751e-01	1.581021830849139178e+03	-3.467984754575284114e+02	4.377515436907950175e+02
3.046382639407197446e-01	1.518532627451648523e+03	-3.538485508239120918e+02	4.389982421672709165e+02
3.109279127003197196e-01	1.451981210590359751e+03	-3.717094356023271757e+02	3.948562293136845369e+02
3.172168171618398036e-01	1.390889659548559848e+03	-3.317108613989951778e+02	4.851421376154676750e+02
3.235187567944423082e-01	1.330858704116733861e+03	-3.315919168277402491e+02	4.253275846673561205e+02
3.298168217550395687e-01	1.291305822681604923e+03	-3.607290631912931076e+02	4.705351108604223782e+02
3.361176429457156667e-01	1.217279360030901216e+03	-3.588461968827094779e+02	4.877156672995870395e+02
3.423700375709273769e-01	1.191796041640840485e+03	-3.914281623738494886e+02	4.920929252835661600e+02
3.486478192666269682e-01	1.153257401787962863e+03	-3.949627617751797288e+02	4.438853993817173773e+02
3.549411614411318028e-01	1.102291271730941844e+03	-3.970169780440127170e+02	4.180556510692834991e+02
3.611916935421040642e-01	1.078833722693535947e+03	-4.031719105780431960e+02	4.986769936943604193e+02
3.674767089563572564e-01	1.027000698744731608e+03	-3.963480463857125642e+02	4.218286825004602747e+02
3.737647795277591056e-01	9.796298271189281195e+02	-3.959295216111237323e+02	4.240360825264838240e+02
3.800654031475132477e-01	9.644785023407636118e+02	-4.216455622305732618e+02	4.129443058579802255e+02
3.863539861259823738e-01	9.228894565677650235e+02	-3.894453121696567450e+02	4.078523043862236364e+02
3.926140181364449755e-01	8.963034832780657553e+02	-3.964090473660177736e+02	4.380291172646474820e+02
3.989264500321934581e-01	8.694003888999686751e+02	-4.045075820956377015e+02	4.288058404734264286e+02
4.052073244576828714e-01	8.446178622163273531e+02	-4.093197838661545234e+02	4.387910750227260337e+02
4.114916477570477182e-01	8.028327595066607500e+02	-3.971184682804638442e+02	4.196659031647460552e+02
4.177814272116491257e-01	7.868425915893951696e+02	-3.902656511075302888e+02	4.243361515049227819e+02
4.240400648725131116e-01	7.565494284465526107e+02	-4.031770501488353489e+02	3.750740263854148111e+02
4.303425690270192283e-01	7.383629506720325253e+02	-4.216547560799760390e+02	4.314927292938908749e+02
4.366358560255625965e-01	7.164092880746729861e+02	-3.906584363328610152e+02	3.965339987867143918e+02
4.428996183220763605e-01	6.978130072873775589e+02	-4.123235590166739257e+02	3.946587616317251559e+02
4.491634418529859563e-01	6.713632484333675166e+02	-3.958791950763749696e+02	3.855775518646362343e+02
4.554414146254732731e-01	6.557525453500416006e+02	-4.021410629151931744e+02	3.910133944503126600e+02
4.617634470301058558e-01	6.383710955037337271e+02	-4.020437496878437855e+02	4.073843238581251853e+02
4.680644242023710433e-01	6.193539460207229013e+02	-3.950147692850587191e+02	3.848412974973531959e+02
4.743485242764365895e-01	5.984161944435061287e+02	-3.934362022469230169e+02	3.668210856295538065e+02
4.806356136815400082e-01	5.764728076911359267e+02	-3.710553953286865294e+02	3.560867131501794347e+02
4.869019258388697646e-01	5.566169599829488561e+02	-3.650385224150042518e+02	3.670619199645388449e+02
4.931697099599955947e-01	5.411032654079721169e+02	-3.608115702678130106e+02	3.380004820498431855e+02
4.994506747144535908e-01	5.322464230462655905e+02	-3.686545929520718801e+02	3.590266227482453019e+02
5.057159051335421429e-01	5.206470568232684855e+02	-3.692134975222327853e+02	3.552134448109432583e+02
5.119923996268095356e-01	5.062420794358964713e+02	-3.678722140245505443e+02	3.661528081009378184e+02
5.183126097768406826e-01	4.916449650805084275e+02	-3.591993792223329933e+02	3.526104812017571817e+02
5.246089638029100000e-01	4.745383382508754266e+02	-3.567084868658967594e+02	3.415929131543200015e+02
5.308757308483337267e-01	4.697308873564956002e+02	-3.479002622883612617e+02	3.448788988179485955e+02
5.371573527946726934e-01	4.530716522064998344e+02	-3.414606854574767567e+02	3.327869383806433916e+02
5.434579563783791256e-01	4.482065405601530870e+02	-3.505907120996291155e+02	3.374231793973497133e+02
5.497430652392217842e-01	4.354069383108133593e+02	-3.460914543168193518e+02	3.356420998730801557e+02
5.559937427501778773e-01	4.264745928140986280e+02	-3.408777716431119416e+02	3.370915632973634501e+02
5.622854676609657654e-01	4.140387160035108423e+02	-3.401522099691647441e+02	3.251043877855352093e+02
5.686011537227265711e-01	4.067242244297667071e+02	-3.359057534320384661e+02	3.297968765702879068e+02
5.748804589422079614e-01	3.940287946399647012e+02	-3.268176675951267498e+02	3.195230724887142060e+02
5.811550210340560296e-01	3.865606046720233167e+02	-3.245643867474489639e+02	3.180042580658167140e+02
5.874394496660968468e-01	3.753437069255987808e+02	-3.232717228689161857e+02	3.105523199817487239e+02
5.937176220296899176e-01	3.651596671698502519e+02	-3.192657587200398552e+02	3.052905829041817469e+02
5.999971954793682505e-01	3.595789686517281325e+02	-3.171007743450287535e+02	3.081788557640940667e+02
6.062679115124277596e-01	3.516165092164469002e+02	-3.117183467967786896e+02	2.951047941459538606e+02
6.125469576444534381e-01	3.409445495301621349e+02	-3.054242454385356496e+02	2.979811365700805368e+02
6.188477733041515272e-01	3.339002840932274125e+02	-3.025275202375131585e+02	2.929105291996231699e+02
6.251310567437898813e-01	3.297567281530127161e+02	-3.038673023076718778e+02	2.970756513327926314e+02
6.314027450383210560e-01	3.217328979568628711e+02	-2.972075697777078176e+02	2.959257534270403198e+02
6.377003562732055375e-01	3.152993725845695963e+02	-2.997843250858545616e+02	2.940818979794464667e+02
6.439857783314556494e-01	3.074401593173784022e+02	-2.926952435620531219e+02	2.867921845230899294e+02
6.502685417166111925e-01	3.018387334604856846e+02	-2.925587803757070446e+02	2.853681755513475196e+02
6.565586117699038216e-01	2.957437882155599596e+02	-2.905017098417651482e+02	2.824097771603269393e+02
6.628369282359254377e-01	2.914980625417053375e+02	-2.878043083084614864e+02	2.821267239188348981e+02
6.691185444962194362e-01	2.856544458044267003e+02	-2.843984559245163268e+02	2.775358168993382719e+02
6.754070198575605755e-01	2.790007056531796934e+02	-2.810783997712363771e+02	2.791282301412941820e+02
6.816835514593204692e-01	2.727332046201690900e+02	-2.769492657435295087e+02	2.700775805137682255e+02
6.879592533861698112e-01	2.662509339534466903e+02	-2.703250937410605275e+02	2.646525784156679038e+02
6.942344317039531587e-01	2.631617792396007189e+02	-2.701130977260393138e+02	2.651724106515497397e+02
7.005175402434737908e-01	2.567841911905075563e+02	-2.637267797240436380e+02	2.598141849951740028e+02
7.068124956608716758e-01	2.521772248938860628e+02	-2.637188975471343610e+02	2.575326391670301405e+02
7.131019009674921527e-01	2.475500211032073992e+02	-2.612640601872786874e+02	2.571506380833191656e+02
7.193918251171427247e-01	2.451047979324756341e+02	-2.626505569059235654e+02	2.576762682501239965e+02
7.256833807598113140e-01	2.382825342529916099e+02	-2.557054300293341385e+02	2.521903670988159547e+02
7.319652682709349989e-01	2.360093533896355211e+02	-2.573188887643298131e+02	2.510218486089944747e+02
7.382507990484923344e-01	2.295801272611984984e+02	-2.473764094883423184e+02	2.456246543693790443e+02
7.445265842115937893e-01	2.237673454458820004e+02	-2.409635166348026019e+02	2.361990913305843662e+02
7.507871101942712455e-01	2.215907905627970251e+02	-2.451424905539588224e+02	2.451708958942795391e+02
7.570758465316046459e-01	2.179100899527397814e+02	-2.427958986114933282e+02	2.396223055348319235e+02
7.633641233600957365e-01	2.143951692546118579e+02	-2.405813060026987671e+02	2.409288270339576172e+02
7.696462959862266917e-01	2.108399415446507419e+02	-2.391087228523211365e+02	2.381080990589836688e+02
7.759394865175414102e-01	2.065080755901106500e+02	-2.364774450033349638e+02	2.364633750667648826e+02
7.822329141989586843e-01	2.024400257105779701e+02	-2.314774327518985046e+02	2.314454516947638467e+02
7.885314936520240181e-01	2.006750948136321142e+02	-2.321430726169321872e+02	2.326377546242093786e+02
7.947896566979522071e-01	1.967341458853053382e+02	-2.287660755684630374e+02	2.293995783482816933e+02
8.010491096592354809e-01	1.929242390275570074e+02	-2.270730701601263490e+02	2.281951430185156653e+02
8.073364061727361651e-01	1.887310827021900366e+02	-2.207525033230211307e+02	2.224204529680295366e+02
8.136229488373866170e-01	1.858842762223631837e+02	-2.198122680758431500e+02	2.200294508300931682e+02
8.199152998961036776e-01	1.815064577681894775e+02	-2.145341552323667713e+02	2.142994632250700420e+02
8.261952636392789762e-01	1.791597029635555884e+02	-2.130540705153290730e+02	2.135526335197408798e+02
8.324897070080405914e-01	1.762344383964517363e+02	-2.096447670882872671e+02	2.117663045742170027e+02
8.387959309210778480e-01	1.733502855556220084e+02	-2.074127499087000785e+02	2.085969439670592180e+02
8.450634639703045181e-01	1.696727346081227950e+02	-2.035269615142522355e+02	2.053619207139746834e+02
8.513282867562648182e-01	1.667069604591408449e+02	-2.013668850060975046e+02	2.024114648604436866e+02
8.576198263902009566e-01	1.648470530855169329e+02	-2.010283190142493197e+02	2.039841893904016672e+02
8.639058477062415697e-01	1.626549509797947053e+02	-1.997828509060817623e+02	2.026211926664270209e+02
8.701838745487597837e-01	1.598023174543191942e+02	-1.961242923040752260e+02	1.989662994171708590e+02
8.764641096075268534e-01	1.569155711171164853e+02	-1.940668919939864452e+02	1.963121723908722913e+02
8.827503873399735745e-01	1.554125549898985810e+02	-1.946898636282862753e+02	1.966030211977484328e+02
8.890332768393869323e-01	1.515718768843302655e+02	-1.877990464329218412e+02	1.901481019187237109e+02
8.953084247113127780e-01	1.494579696233713264e+02	-1.868083845174841713e+02	1.897735460872220017e+02
9.015956521667095602e-01	1.474119215784642449e+02	-1.857001509442646920e+02	1.880750747733836477e+02
9.078833328094829680e-01	1.450307797716945402e+02	-1.832491827140414387e+02	1.875662913518360426e+02
9.141744106319863450e-01	1.427327788136839786e+02	-1.807649890059982170e+02	1.851836965233983108e+02
9.204630817717615043e-01	1.403836495092576797e+02	-1.790393197005845423e+02	1.841315808733825463e+02
9.267434415264711456e-01	1.384188602777682604e+02	-1.776430759160419086e+02	1.812207919532734479e+02
9.330324197354928906e-01	1.369807215369216635e+02	-1.765960066842978051e+02	1.815945916217876572e+02
9.393265785573878812e-01	1.338955244578086763e+02	-1.713887150375990416e+02	1.755162485857454158e+02
9.455974810398196650e-01	1.328699600120289688e+02	-1.727650600894036472e+02	1.774149734009317285e+02
9.518660018545171964e-01	1.302940745586521700e+02	-1.688591431757138253e+02	1.730242808146279572e+02
9.581413255531838757e-01	1.287173714248913257e+02	-1.679877929635235603e+02	1.726868677177682514e+02
9.644350945109106954e-01	1.258708228104446079e+02	-1.638118955884032744e+02	1.689715591691150962e+02
9.707355633568249820e-01	1.243988424265236148e+02	-1.625574862859742495e+02	1.672845156646141049e+02
9.770080768450029041e-01	1.235897534535149305e+02	-1.638898941798636031e+02	1.693019789446002221e+02
9.832823325363413414e-01	1.212297235924782228e+02	-1.597013490342866078e+02	1.650059112168780189e+02
9.895569691966674686e-01	1.201093780960414392e+02	-1.604391535081158224e+02	1.663571282753969740e+02
9.958456301921106979e-01	1.175715573603063859e+02	-1.566641058903658177e+02	1.624071144812688203e+02
1.002136210743837408e+00	1.152065370668304780e+02	-1.530803626221950537e+02	1.586207328778775150e+02
1.008404825335135424e+00	1.150495370657918812e+02	-1.546156102378859885e+02	1.604690680359096575e+02
1.014694149836243398e+00	1.129813852082993009e+02	-1.514947019458054172e+02	1.588997835765856905e+02
1.020992555437297167e+00	1.119240886406975335e+02	-1.513733888631205389e+02	1.580481536407059195e+02
1.027273980437394485e+00	1.099324961314762561e+02	-1.485465674574055015e+02	1.562476904354872715e+02
1.033559181896017254e+00	1.080602029752957947e+02	-1.459913757828246332e+02	1.515274069454295613e+02
1.039847557392594934e+00	1.074135017050545002e+02	-1.467622309337724573e+02	1.537375217659084399e+02
1.046126974943305088e+00	1.054684006220207948e+02	-1.444888760953718929e+02	1.511487503565544444e+02
1.052403436811028659e+00	1.039119174124556082e+02	-1.422811421815876542e+02	1.491163388972649386e+02
1.058680704651608684e+00	1.024700413510010293e+02	-1.398461805498108390e+02	1.466310090562858761e+02
1.064964333065789193e+00	1.015714674146742027e+02	-1.408230040956582911e+02	1.484262956936784690e+02
1.071256777440835473e+00	1.009279143886422219e+02	-1.404542986465209822e+02	1.489794391521385819e+02
1.077544048801078125e+00	9.850795838493833401e+01	-1.363833964100815024e+02	1.429490384440827029e+02
1.083824820188043603e+00	9.826879352998363970e+01	-1.366839623571467257e+02	1.442212914441829525e+02
1.090108023942816695e+00	9.605106713045395850e+01	-1.335961768148511908e+02	1.410455616189629495e+02
1.096389665956643222e+00	9.633785460892866581e+01	-1.358106701284495159e+02	1.446147911809370896e+02
1.102681132058841440e+00	9.510928464330949339e+01	-1.346123595972274245e+02	1.432584902320295157e+02
1.108963047594879958e+00	9.313464731543973585e+01	-1.311895082796935128e+02	1.391584113981441817e+02
1.115225428463759272e+00	9.221172607330484539e+01	-1.304029257802256438e+02	1.384040276336783108e+02
1.121502127614767863e+00	9.111324010123715311e+01	-1.292985722088678244e+02	1.377441533601579522e+02
1.127792573824792033e+00	8.955159426678515899e+01	-1.271486467990570333e+02	1.360450097871870696e+02
1.134089552668382961e+00	8.854368684780250476e+01	-1.251930252639483996e+02	1.338898682831857911e+02
1.140364049650405942e+00	8.769642580856786651e+01	-1.255408358432681126e+02	1.342068975132106061e+02
1.146639180320979445e+00	8.633770908031118552e+01	-1.231451035727281749e+02	1.319245304137748747e+02
1.152942412991649901e+00	8.511219084195300866e+01	-1.209948546111843086e+02	1.300080895146431317e+02
1.159228906751078814e+00	8.382174340825207537e+01	-1.195280111328921322e+02	1.282325293362834771e+02
1.165508721887268173e+00	8.299657836101464170e+01	-1.185100584066055092e+02	1.273133526455866757e+02
1.171793076256210320e+00	8.246476536612300379e+01	-1.186463074037677075e+02	1.279900200497314700e+02
1.178087436369658958e+00	8.091214170221788038e+01	-1.158186415398947986e+02	1.246408523751146902e+02
1.184367654251526902e+00	8.014979238361689795e+01	-1.155530907225790997e+02	1.247640302807132571e+02
1.190634642299266632e+00	7.888554511864273877e+01	-1.135976109083120065e+02	1.227952685694345547e+02
1.196912208834400859e+00	7.795695370252229850e+01	-1.122565093833510446e+02	1.213266095540555511e+02
1.203201577354146234e+00	7.758284817039852044e+01	-1.121949110234030940e+02	1.212253974882580536e+02
1.209486844441705733e+00	7.578441193179621393e+01	-1.096400222700100073e+02	1.187642356067989482e+02
1.215763902074809888e+00	7.557460072657146100e+01	-1.098213927533061280e+02	1.190862868492968971e+02
1.222049755171146668e+00	7.468638364414589148e+01	-1.084635921068750832e+02	1.177742571063849510e+02
1.228340616621486969e+00	7.369962487163314790e+01	-1.070239883524764792e+02	1.165113641243169127e+02
1.234632986576932767e+00	7.305883914015910818e+01	-1.067870983085138050e+02	1.161415936436099940e+02
1.240902247176856488e+00	7.207793543515151669e+01	-1.051760757153095938e+02	1.145615203339238661e+02
1.247174839144687519e+00	7.137686543055011157e+01	-1.042749852385314426e+02	1.140891068117704350e+02
1.253465459933442272e+00	7.016743877151984066e+01	-1.025523146734895050e+02	1.121725323873772311e+02
1.259749951892178421e+00	6.980247341699019614e+01	-1.024822175116134702e+02	1.122344638467158404e+02
1.266032143127253873e+00	6.888825788087213198e+01	-1.012341769822795783e+02	1.111576698849601001e+02
1.272316288472006507e+00	6.758805166032314560e+01	-9.880872846244280083e+01	1.082855205305613708e+02
1.278604155058621350e+00	6.745187099002079378e+01	-9.955202161705663855e+01	1.096166988022005029e+02
1.284886588933593865e+00	6.676412437840032510e+01	-9.846107390176783269e+01	1.088599611379084422e+02
1.291175420066583257e+00	6.634451013612519432e+01	-9.814500635970436804e+01	1.088205064719237782e+02
1.297465726373772332e+00	6.529583566197405275e+01	-9.637671651885220570e+01	1.066222253679460721e+02
1.303741827011944299e+00	6.469394348238576242e+01	-9.561975569185307222e+01	1.061157505842179205e+02
1.310017322922761851e+00	6.404033510297317378e+01	-9.481618067515269388e+01	1.054003819038041883e+02
1.316301447662886703e+00	6.329098218199732884e+01	-9.405600783441731494e+01	1.047010762068432967e+02
1.322586760363303249e+00	6.250356056761404488e+01	-9.240161407488547241e+01	1.031391611800696211e+02
1.328865492452874664e+00	6.179539367827488405e+01	-9.173291212619744783e+01	1.018856031387860810e+02
1.335144804954555564e+00	6.153641546026056375e+01	-9.170008648607367263e+01	1.029048590935246494e+02
1.341440516272275119e+00	6.068028143090940318e+01	-9.035771029305678326e+01	1.012688429045165179e+02
1.347730868417094552e+00	6.022969229415536319e+01	-8.975352519227297421e+01	1.007970125741648673e+02
1.354001589994877630e+00	5.937647905310863905e+01	-8.840107585452841477e+01	9.938257794209140172e+01
1.360282609297778444e+00	5.902182847400565180e+01	-8.797104054750350599e+01	9.938157973303893300e+01
1.366565686457597906e+00	5.843021288228853649e+01	-8.732672892081649252e+01	9.839237097176602731e+01
1.372851498482432708e+00	5.744245328404458206e+01	-8.554546522876974279e+01	9.647979875001831829e+01
1.379135372929401804e+00	5.701870408591007333e+01	-8.473345301971110644e+01	9.590321656334245404e+01
1.385409567149057164e+00	5.672958659661805569e+01	-8.452759069428893213e+01	9.571496742687450876e+01
1.391698641219299315e+00	5.598590423253128989e+01	-8.343210036010982833e+01	9.456902376872646698e+01
1.397984451439470810e+00	5.554729679034873158e+01	-8.278209733012297988e+01	9.432868364171434905e+01
1.404267883409181961e+00	5.497293940728718553e+01	-8.212254377639223435e+01	9.358386720820624305e+01
1.410554779484869181e+00	5.447595594462602975e+01	-8.129882727987124724e+01	9.266207905881434215e+01
1.416837833547465397e+00	5.382365802338570404e+01	-8.019708837270924562e+01	9.179806840667798440e+01
1.423118177187137068e+00	5.334170597275087999e+01	-7.973738637174456301e+01	9.144034950224455827e+01
1.429397801164240089e+00	5.269667172064481520e+01	-7.877556809004184402e+01	9.005940622812505580e+01
1.435686921822787232e+00	5.237645429669079533e+01	-7.819619713123739757e+01	8.962242912753490032e+01
1.441977121769299597e+00	5.189939038297555385e+01	-7.756548919604229297e+01	8.935999587947455325e+01
1.448253667853332427e+00	5.140992049304748690e+01	-7.668922326032429737e+01	8.875978671577189516e+01
1.454532348972172651e+00	5.077404958162101423e+01	-7.578047271392864559e+01	8.738050752781003894e+01
1.460819319151879903e+00	5.068736894771116397e+01	-7.606885643922488782e+01	8.816519110946133253e+01
1.467110364402026468e+00	4.993151768554050562e+01	-7.480164230661728197e+01	8.646694797571205982e+01
1.473392908948962132e+00	4.962583563506087359e+01	-7.408436712686015824e+01	8.592804613381827039e+01
1.479669965243598950e+00	4.900853919538513281e+01	-7.318005631905177211e+01	8.520903255433896106e+01
1.485956144602843532e+00	4.880255480020112202e+01	-7.319053239742015649e+01	8.524493829165851366e+01
1.492233610763115115e+00	4.846797383004874860e+01	-7.288557157994138436e+01	8.526741313224628982e+01
1.498502470379980078e+00	4.782956055008114760e+01	-7.165228619077159067e+01	8.368664586338175582e+01
1.504785752051182701e+00	4.773668392442035469e+01	-7.175077263538798888e+01	8.398650973168007283e+01
1.511075991894575976e+00	4.699332202042548090e+01	-7.018789738839569736e+01	8.230730618615137928e+01
1.517361634985162189e+00	4.661777549194886916e+01	-6.969687233249706537e+01	8.197000943294786168e+01
1.523648570969130533e+00	4.618339102668220875e+01	-6.893985625534021722e+01	8.142327189932380804e+01
1.529938035715892264e+00	4.564882212608917911e+01	-6.801021380456687382e+01	7.984720886127163908e+01
1.536230176913891965e+00	4.556076238447163718e+01	-6.820833593050780053e+01	8.064320425735030540e+01
1.542510718779388279e+00	4.499273775369416484e+01	-6.712855792688044687e+01	7.926337553238805356e+01
1.548783963082980275e+00	4.471268882825968660e+01	-6.692410705303667839e+01	7.924782874301493507e+01
1.555073069779651318e+00	4.461951343455249486e+01	-6.678211483970065387e+01	7.928709708587432203e+01
1.561357324927233892e+00	4.407526544499692278e+01	-6.582445218981430912e+01	7.836160469036765619e+01
1.567629121053141006e+00	4.362249190162194878e+01	-6.506989544170124873e+01	7.728874313140099162e+01
1.573913697404382583e+00	4.314250536572491512e+01	-6.409387745016083215e+01	7.663116096124907983e+01
1.580203545230874029e+00	4.301475128939987513e+01	-6.423568712572028971e+01	7.659218611483991879e+01
1.586485393434537983e+00	4.256188480167765675e+01	-6.346119154256253836e+01	7.592306994505349849e+01
1.592760014263005841e+00	4.212633788085614839e+01	-6.269129713695033246e+01	7.509500990920483332e+01
1.599046436394670812e+00	4.202072460693722888e+01	-6.266055861753387290e+01	7.521665062770149746e+01
1.605342136637478934e+00	4.149493155331804672e+01	-6.167786149206878576e+01	7.394737136503823649e+01
1.611619860919608627e+00	4.108157873632221424e+01	-6.115130484436059533e+01	7.328385744217634112e+01
1.617897597081673799e+00	4.084679612435034102e+01	-6.061183400536819477e+01	7.301622945474727544e+01
1.624183235481122756e+00	4.073691295492224640e+01	-6.065155335524217861e+01	7.306312316132596152e+01
1.630464598531913722e+00	4.032506985472157623e+01	-5.988040306215636122e+01	7.232363872452279452e+01
1.636748985747638274e+00	3.990090691151319646e+01	-5.906292700831811970e+01	7.158873459847643517e+01
1.643030923698886259e+00	3.969570693162627606e+01	-5.888232630022711334e+01	7.142674725042868999e+01
1.649309176648513064e+00	3.943174636388850729e+01	-5.848521760820882065e+01	7.088997238993782446e+01
1.655593633940351861e+00	3.921972033933464985e+01	-5.824709204875617274e+01	7.086382056960852083e+01
1.661879571405086464e+00	3.874358238980316571e+01	-5.733834152819117236e+01	6.965825569106115722e+01
1.668169361685170271e+00	3.846476496930709033e+01	-5.695014750181321261e+01	6.928761310277633356e+01
1.674450151530487485e+00	3.819660770984520326e+01	-5.652058845617232663e+01	6.903251488302090877e+01
1.680722718978495900e+00	3.771329152815359009e+01	-5.545807997537529133e+01	6.779423081154294550e+01
1.687013891340952476e+00	3.761922823116567827e+01	-5.540498485248883753e+01	6.783251041904897249e+01
1.693308984907921033e+00	3.723703692219115169e+01	-5.480999354833527804e+01	6.706295497456940780e+01
1.699582147428448486e+00	3.707884262889554350e+01	-5.453255564203514894e+01	6.695117340356702584e+01
1.705863747055134105e+00	3.687715017956048769e+01	-5.429665092321010889e+01	6.660155601109153167e+01
1.712154434283889470e+00	3.635007156909826165e+01	-5.336390849864025654e+01	6.551223774208743578e+01
1.718438381579399321e+00	3.633148638320480472e+01	-5.342382938663057246e+01	6.579093194615187201e+01
1.724721264464063930e+00	3.602058114463348204e+01	-5.285509580475336122e+01	6.518489559249881893e+01
1.730997441276920679e+00	3.583732499694082918e+01	-5.273243038766349855e+01	6.501714437926034407e+01
1.737287073528269499e+00	3.553751722365731780e+01	-5.205426703607887617e+01	6.423384814286930578e+01
1.743567991878527401e+00	3.563474445242339073e+01	-5.256043659409542101e+01	6.505784750113001280e+01
1.749840680212231048e+00	3.512439019274524554e+01	-5.145874300754975650e+01	6.368692176842946395e+01
1.756128549091961144e+00	3.491689064374727991e+01	-5.117391299680205918e+01	6.336648517534921154e+01
1.762413535324792502e+00	3.453624722482881992e+01	-5.058864929282032818e+01	6.259210858105270603e+01
1.768696187669963837e+00	3.437045746575089566e+01	-5.019726952946438558e+01	6.212208608780603925e+01
1.774979359379055266e+00	3.405625734083862710e+01	-4.953119787478689062e+01	6.153435288289175986e+01
1.781265555576432957e+00	3.400718766961404071e+01	-4.963764218248210369e+01	6.168296984573303376e+01
1.787549427830244619e+00	3.374264349553663322e+01	-4.920655229526240504e+01	6.136600129010407301e+01
1.793834120011633004e+00	3.344096411268443347e+01	-4.863371040338491724e+01	6.053966543203333828e+01
1.800115051552487300e+00	3.335416294434694606e+01	-4.862081315546092242e+01	6.056940312439763829e+01
1.806393904854530330e+00	3.308421123409587494e+01	-4.797475003609434197e+01	5.981931291459324029e+01
1.812674089667083432e+00	3.288813213229322940e+01	-4.778596817964828602e+01	5.964539005984565989e+01
1.818956920109354058e+00	3.267667399813397111e+01	-4.740459475779768184e+01	5.923785484999123696e+01
1.825244164118212220e+00	3.251811797623613387e+01	-4.706016101676484453e+01	5.918925890502984544e+01
1.831527256642196955e+00	3.212478800900473175e+01	-4.625153432265011588e+01	5.784228826130654255e+01
1.837811294935716599e+00	3.201589060433752110e+01	-4.617460070578878373e+01	5.800984797852800057e+01
1.844100717411196744e+00	3.191579648842567352e+01	-4.614627545594248659e+01	5.778491629089159431e+01
1.850384816792487230e+00	3.168128345922028899e+01	-4.572586807210700499e+01	5.744009981112635188e+01
1.856666059735203822e+00	3.144058363045611060e+01	-4.527253171849370972e+01	5.672578124109884357e+01
1.862947728675613979e+00	3.133753070566642407e+01	-4.504470924110847818e+01	5.678153324081792164e+01
1.869229324466858078e+00	3.122401324341525708e+01	-4.493961600188309546e+01	5.658751939375190432e+01
1.875517616802973686e+00	3.077495530864751316e+01	-4.399258697522690653e+01	5.542638045438685879e+01
1.881800769033795229e+00	3.064045448632077040e+01	-4.379443189117310453e+01	5.502463598312287729e+01
1.888078863416442710e+00	3.039681163458723745e+01	-4.327740887272177872e+01	5.456321801811844097e+01
1.894353975182237582e+00	3.035739658062280100e+01	-4.347098524653171836e+01	5.472503854274079060e+01
1.900642716154182565e+00	3.025237751224835137e+01	-4.335479494432326675e+01	5.457574544661191851e+01
1.906933494748685121e+00	3.003316728838110095e+01	-4.287259872564418828e+01	5.410223874546662870e+01
1.913207568676573933e+00	2.990629795545664749e+01	-4.257976055525588777e+01	5.380968992682729635e+01
1.919490884732178992e+00	2.980472874233765168e+01	-4.256551875255436101e+01	5.381695489612826577e+01
1.925776855684274480e+00	2.958445242853627732e+01	-4.209635639597274093e+01	5.314556447205657719e+01
1.932064452961978152e+00	2.924844071824023928e+01	-4.144461511450663949e+01	5.255130318170401438e+01
1.938342610030488800e+00	2.912566782048821068e+01	-4.114547994017036814e+01	5.220406304574995460e+01
1.944618341543410178e+00	2.916824439279347203e+01	-4.146652111287307463e+01	5.240310165336118331e+01
1.950906260203513876e+00	2.888794076497493535e+01	-4.097269652572937559e+01	5.185826635450985833e+01
1.957194556613796488e+00	2.873586888694935837e+01	-4.057456064221761238e+01	5.150782243614099798e+01
1.963479614559011432e+00	2.857551019452359853e+01	-4.028133085867479934e+01	5.120000299224335549e+01
1.969760361532916226e+00	2.848060763713579746e+01	-4.011487394061049372e+01	5.100861474952313301e+01
1.976048367034604736e+00	2.831330278031349934e+01	-4.001376318964464929e+01	5.069544667564213825e+01
1.982337990217652335e+00	2.811969069833431689e+01	-3.959319468507319328e+01	5.023572003210469461e+01
1.988617489259562721e+00	2.800619693842971358e+01	-3.936437554968375707e+01	4.995256084691211385e+01
1.994896320665194178e+00	2.778421139783753446e+01	-3.890313045713308782e+01	4.951783279102764368e+01
2.001179596222827151e+00	2.772901298185322716e+01	-3.886529040183677353e+01	4.937108839274532812e+01
2.007459756923499761e+00	2.753097963617235422e+01	-3.846357231866241477e+01	4.893651945197236586e+01
2.013737397779169935e+00	2.735860121594581784e+01	-3.804649952991975681e+01	4.855240158581472087e+01
2.020017234677497164e+00	2.724573800411946678e+01	-3.796520185071004505e+01	4.834340762089532717e+01
2.026310251015072783e+00	2.718925875266356584e+01	-3.792364585220653339e+01	4.822788333675723038e+01
2.032600542948020284e+00	2.697302663649586663e+01	-3.749970773958042969e+01	4.771174138913850271e+01
2.038873863192099289e+00	2.686550222791281683e+01	-3.726708925350020962e+01	4.748386166791407703e+01
2.045154087821675404e+00	2.671324210588178261e+01	-3.708131236715168200e+01	4.720801374163322350e+01
2.051444704514288730e+00	2.663930411658708408e+01	-3.690738372777251186e+01	4.700221004275271497e+01
2.057730430280644729e+00	2.643042417365970564e+01	-3.646017623149733566e+01	4.649802405848679143e+01
2.064013940455224461e+00	2.631105418889815084e+01	-3.622169584681040533e+01	4.625273564097948054e+01
2.070299891179459895e+00	2.617241892082600074e+01	-3.598644488547016351e+01	4.575792129444701573e+01
2.076589719964883951e+00	2.599959778692426582e+01	-3.570637391616221379e+01	4.545569270139282736e+01
2.082865483794470673e+00	2.593534022925301841e+01	-3.565387465983830140e+01	4.537197252374569700e+01
2.089134494859368640e+00	2.582069027778593551e+01	-3.545349644894836416e+01	4.511740282087628628e+01
2.095424211360070288e+00	2.566701742238455353e+01	-3.513587838979828604e+01	4.470312172417886387e+01
2.101707116664804254e+00	2.552173838198218547e+01	-3.485077786379607545e+01	4.453805063916379936e+01
2.107986473933564309e+00	2.557009379041176089e+01	-3.494778991906570553e+01	4.467139185801230639e+01
2.114271806543862375e+00	2.528516650820814959e+01	-3.435523422462214427e+01	4.379157586614127240e+01
2.120552717288892275e+00	2.506664347525258663e+01	-3.393153685096628891e+01	4.323724019006152730e+01
2.126836933207161717e+00	2.497387473563312099e+01	-3.384052805451335644e+01	4.317206734961496295e+01
2.133122044791171845e+00	2.490560093847559031e+01	-3.366757592224047357e+01	4.298844022858880720e+01
2.139411711910842673e+00	2.489939156820494759e+01	-3.367704123744479716e+01	4.308178509299268910e+01
2.145697076775292089e+00	2.467230323735646280e+01	-3.320799616980865920e+01	4.235454817810295935e+01
2.151973548606471276e+00	2.456960867907773149e+01	-3.302250118374745114e+01	4.203892535500279592e+01
2.158259913555724108e+00	2.456509381548988102e+01	-3.302616296299267873e+01	4.213482320121102020e+01
2.164545396699105506e+00	2.435453746925326612e+01	-3.259993518695813464e+01	4.158692838338378550e+01
2.170830700377734068e+00	2.431289814703747254e+01	-3.261461460234487220e+01	4.154684707679511035e+01
2.177114138849150393e+00	2.420907648564753956e+01	-3.248718748978616588e+01	4.135168529813029892e+01
2.183387647576827018e+00	2.402426733763807221e+01	-3.211350428810500546e+01	4.085393853220792693e+01
2.189670273687676971e+00	2.396413857842188477e+01	-3.189804114895940756e+01	4.064205092525398300e+01
2.195960147934207463e+00	2.380235816624839629e+01	-3.163477774493807004e+01	4.018414097025869580e+01
2.202242556317716371e+00	2.379437820003108683e+01	-3.163901379993326657e+01	4.026706464579315536e+01
2.208521655981037668e+00	2.369891826322888662e+01	-3.148327202397383573e+01	4.012840248489221295e+01
2.214804637081333016e+00	2.354794683134289457e+01	-3.117335084190903061e+01	3.967107044211947908e+01
2.221092583349425276e+00	2.347046674377210707e+01	-3.099911091537953922e+01	3.947683147675894588e+01
2.227372893591468728e+00	2.333595981099443151e+01	-3.077188225427037693e+01	3.906346986618532213e+01
2.233657161144248171e+00	2.336238704449310788e+01	-3.087033627887393195e+01	3.926518509746347974e+01
2.239943485394438660e+00	2.322258284340153267e+01	-3.064417926846685347e+01	3.889989602788231338e+01
2.246224175264620815e+00	2.313639895435035498e+01	-3.048433799531904498e+01	3.874988006231981075e+01
2.252506378421252009e+00	2.300943012542619925e+01	-3.012942391915083817e+01	3.838632744736813152e+01
2.258783417054270437e+00	2.288223737915676992e+01	-2.991338599168594925e+01	3.814669313825510955e+01
2.265069077371457684e+00	2.282786838101685944e+01	-2.979133118355022702e+01	3.788810789583857286e+01
2.271350377044131452e+00	2.274233776131029927e+01	-2.960302369406704415e+01	3.756600258928583003e+01
2.277633995145353918e+00	2.269015355157454650e+01	-2.948371164909434583e+01	3.746470927820531926e+01
2.283922419579920149e+00	2.256846914242607482e+01	-2.931868167785299661e+01	3.720505478932292220e+01
2.290202874392252674e+00	2.250929484607217290e+01	-2.918861493035063503e+01	3.712732870715521472e+01
2.296490779970905560e+00	2.236596534902540867e+01	-2.890080441332971617e+01	3.676441294476887833e+01
2.302771769934229162e+00	2.222689158993357239e+01	-2.864643683931008056e+01	3.637354487977930262e+01
2.309051364164305564e+00	2.220868142410854773e+01	-2.857428229600214209e+01	3.629926849428393609e+01
2.315338502539088239e+00	2.215356338587739415e+01	-2.849865780572262963e+01	3.616059697214756596e+01
2.321627336503874428e+00	2.213160281220826775e+01	-2.844114771822617271e+01	3.615189489337129203e+01
2.327911878297218795e+00	2.199424895093894250e+01	-2.814805537690012471e+01	3.569025254470142983e+01
2.334186238580297168e+00	2.186878594158747191e+01	-2.793896182704557773e+01	3.542059093146973936e+01
2.340467971862688401e+00	2.178817316350883004e+01	-2.772445768987054393e+01	3.516565204752775742e+01
2.346756940970738725e+00	2.175173996545297683e+01	-2.768765509581204753e+01	3.509984786734744233e+01
2.353044444556199988e+00	2.169609545287582364e+01	-2.754495641086704438e+01	3.502049319165877961e+01
2.359327653314069906e+00	2.158174753436761861e+01	-2.731504703758101371e+01	3.464078330481684276e+01
2.365603048789861607e+00	2.146703652322618083e+01	-2.707948772731871401e+01	3.433923681364217373e+01
2.371885911737665165e+00	2.143381663423430439e+01	-2.703690573382092310e+01	3.426431767540805140e+01
2.378173303594019572e+00	2.139346324886483686e+01	-2.698160030908572438e+01	3.419022163434357253e+01
2.384454016539381271e+00	2.132498175119101091e+01	-2.685204149735924162e+01	3.394333573156256989e+01
2.390736447344785187e+00	2.122317833890852512e+01	-2.663937501254962470e+01	3.370413066660213275e+01
2.397014133897952259e+00	2.111586488201820089e+01	-2.636008406498719125e+01	3.339612055243163979e+01
2.403295490074321972e+00	2.113319490526557232e+01	-2.638532652241664422e+01	3.350341847706554432e+01
2.409585049672506862e+00	2.103751787321348132e+01	-2.619146377113971980e+01	3.319949247504579404e+01
2.415871703165322071e+00	2.091531339442987303e+01	-2.600082177411325546e+01	3.289049538013052398e+01
2.422160652369088840e+00	2.085390575754656339e+01	-2.588056869274100080e+01	3.275252518989643846e+01
2.428440167222748691e+00	2.081994362450659963e+01	-2.579591698746759221e+01	3.265253381698683199e+01
2.434717472383889803e+00	2.071725013909899715e+01	-2.557263278014604779e+01	3.227550111166918612e+01
2.441002456202044257e+00	2.062639024938430765e+01	-2.534129334804266875e+01	3.210248304632489891e+01
2.447289980304530488e+00	2.058160374833538597e+01	-2.523760120034050658e+01	3.189082111799488217e+01
2.453571844729242279e+00	2.049910131262647894e+01	-2.509415555236074979e+01	3.171197065489541700e+01
2.459852705114058846e+00	2.051936903803927237e+01	-2.520891251649490883e+01	3.176460019125995871e+01
2.466139233225018934e+00	2.041149340003481072e+01	-2.489468514857341219e+01	3.146264765843527655e+01
2.472421963421291391e+00	2.033582123941562614e+01	-2.475587973087546345e+01	3.132459267618507681e+01
2.478698519174224568e+00	2.033714381374909763e+01	-2.483422934436727303e+01	3.131245758987518713e+01
2.484980841400355800e+00	2.025500959496434916e+01	-2.458969400876295808e+01	3.112615325872579319e+01
2.491269319409339822e+00	2.020471195123848318e+01	-2.446711624046936961e+01	3.086667427894013471e+01
2.497548505139029373e+00	2.010369679972071211e+01	-2.426858316320292275e+01	3.062870899268303049e+01
2.503831667172610853e+00	2.014391814500221756e+01	-2.439198491034206739e+01	3.077775525056989281e+01
2.510117938323931153e+00	2.000982208524322559e+01	-2.408320954796892011e+01	3.042369584123314752e+01
2.516400733681277480e+00	1.994623624970348530e+01	-2.390354831929710500e+01	3.029524255948580702e+01
2.522688226833368130e+00	1.987184318932661853e+01	-2.378220282772684868e+01	2.999556213096028046e+01
2.528971695852665569e+00	1.980331747233343620e+01	-2.362889258853527608e+01	2.981265379939860338e+01
2.535252039407670299e+00	1.980887960891866229e+01	-2.365252119296129862e+01	2.988658170877982911e+01
2.541537514142774512e+00	1.971766857026673492e+01	-2.345023639557597050e+01	2.963523214346124490e+01
2.547823008847572179e+00	1.958467379959357757e+01	-2.316393952918104304e+01	2.919193560913139152e+01
2.554100666580690238e+00	1.963618718238412697e+01	-2.326111735275856418e+01	2.946599445664400463e+01
2.560376788884177301e+00	1.948252119802296889e+01	-2.286631392811674601e+01	2.895328617488898004e+01
2.566667521601497359e+00	1.958152379788275255e+01	-2.318229415998333565e+01	2.925514701375648130e+01
2.572955062237090473e+00	1.943134139546017991e+01	-2.283090445682960379e+01	2.877401352710551308e+01
2.579233771797999175e+00	1.942183174178730809e+01	-2.275793445207688492e+01	2.877634016252574156e+01
2.585520164300948220e+00	1.938548934685350744e+01	-2.269155474074173284e+01	2.863117134641896300e+01
2.591805130332431872e+00	1.926223119934110528e+01	-2.236391776501422513e+01	2.829992197992486425e+01
2.598084074692260881e+00	1.929992389505097705e+01	-2.250024657566829589e+01	2.848351344184042233e+01
2.604360404197643586e+00	1.916612814484831162e+01	-2.216731107812746515e+01	2.806543523255974293e+01
2.610647185140439142e+00	1.922504984516756110e+01	-2.233068578386239622e+01	2.821115538324116656e+01
2.616931864059273138e+00	1.914788130941445843e+01	-2.216286100931818126e+01	2.797398792978160031e+01
2.623206107911065565e+00	1.909309979383465361e+01	-2.203016748753132603e+01	2.796091840391592953e+01
2.629491626543270844e+00	1.904299495449080126e+01	-2.189858459817387271e+01	2.766976267635444131e+01
2.635778507982642349e+00	1.901753876775545749e+01	-2.183953646091772072e+01	2.776932838993605301e+01
2.642061039325260818e+00	1.901749847218520273e+01	-2.178668484320136756e+01	2.761442991435229288e+01
2.648343840729305843e+00	1.889216286463603112e+01	-2.159902674307502579e+01	2.728367099736086843e+01
2.654631838974855551e+00	1.884935843850671233e+01	-2.142539117706645158e+01	2.712044520181726170e+01
2.660919001246303761e+00	1.888123657106978470e+01	-2.154905837836529159e+01	2.726164222838466600e+01
2.667198525130066056e+00	1.877800459777799347e+01	-2.123472643710454477e+01	2.696031386594644630e+01
2.673484307038032526e+00	1.877051054271990793e+01	-2.116151511836531185e+01	2.684675950256596266e+01
2.679773388053849459e+00	1.874381436036936321e+01	-2.116284433687160060e+01	2.677987216709017915e+01
2.686058217632288692e+00	1.866130055760043760e+01	-2.099654443816278615e+01	2.660664809687959576e+01
2.692338738200057868e+00	1.868412392552559709e+01	-2.104655456990408169e+01	2.672645841629986663e+01
2.698618022887226964e+00	1.860619213627845170e+01	-2.087340744754675725e+01	2.642335956666151375e+01
2.704895450708277860e+00	1.863450686872414863e+01	-2.088095365300934247e+01	2.656970045940580505e+01
2.711175674923682166e+00	1.852831298909834956e+01	-2.056930956862522208e+01	2.617297748399672130e+01
2.717459832966957922e+00	1.858033067245909820e+01	-2.069988106097840586e+01	2.631602281853453817e+01
2.723745731959044569e+00	1.850807000358681975e+01	-2.056245313117238283e+01	2.616265311715784136e+01
2.730038414850594730e+00	1.848300971949074878e+01	-2.044065013031240596e+01	2.616435899527561304e+01
2.736317989800789441e+00	1.851319187283438694e+01	-2.049668190470673323e+01	2.624729676952231472e+01
2.742591858549239703e+00	1.838917846337879425e+01	-2.025303069064171879e+01	2.579204400366950267e+01
2.748879749010778362e+00	1.840866023620988301e+01	-2.031532372319284718e+01	2.589876120009622085e+01
2.755163403825859447e+00	1.833666888788415150e+01	-2.010118235797324715e+01	2.568247172840653292e+01
2.761446955625852073e+00	1.837709571930923502e+01	-2.019631976745140278e+01	2.580050998922230931e+01
2.767732088935374701e+00	1.830644759984997449e+01	-2.000905366875476332e+01	2.561611457119746404e+01
2.774015452421743966e+00	1.825353329469469443e+01	-1.986757744262849812e+01	2.545990796426013603e+01
2.780298635700591436e+00	1.825286484075989080e+01	-1.980011660241908444e+01	2.537060434533652753e+01
2.786577474762241380e+00	1.825439813046886428e+01	-1.982031404081447690e+01	2.542624267240167413e+01
2.792857983210164541e+00	1.824854539412944732e+01	-1.983508393576398987e+01	2.544099371900142614e+01
2.799143790920211483e+00	1.820761014822633683e+01	-1.964065217387402029e+01	2.520829314637974861e+01
2.805430058399325244e+00	1.821528253899595384e+01	-1.963025816474590002e+01	2.534949973189006300e+01
2.811715058209780072e+00	1.817966842508307934e+01	-1.952062223765005200e+01	2.515922040404230131e+01
2.817989272498773623e+00	1.817515325104477597e+01	-1.948441180308264009e+01	2.517976787773256220e+01
2.824269171595737760e+00	1.817999337473933963e+01	-1.958400711970710972e+01	2.515576691363125050e+01
2.830563016441804081e+00	1.816224346769668685e+01	-1.944437021395447474e+01	2.515637225227398233e+01
2.836848750951622034e+00	1.814012568488920962e+01	-1.944038037372787286e+01	2.510125849103894424e+01
2.843130027866129783e+00	1.814797511066107205e+01	-1.931103767254747794e+01	2.500161567023419451e+01
2.849413896912404986e+00	1.807593780122585869e+01	-1.920199220497006110e+01	2.489121301849909074e+01
2.855697464522425566e+00	1.808328780442484884e+01	-1.915423564773976750e+01	2.489821630230828120e+01
2.861978799810683594e+00	1.804506973573029427e+01	-1.900285167361994354e+01	2.471989957770482960e+01
2.868262469415629567e+00	1.805952726698007638e+01	-1.908674061254841448e+01	2.476399039774438293e+01
2.874547359206753860e+00	1.807644246718378511e+01	-1.902657611877251753e+01	2.479765327398888886e+01
2.880831111471525041e+00	1.797299790985798751e+01	-1.883210850689930638e+01	2.454749178489620931e+01
2.887113216972382546e+00	1.805078149340842586e+01	-1.895683240969370331e+01	2.469766375373843914e+01
2.893394504725182781e+00	1.800208748789874846e+01	-1.882274099869063377e+01	2.461535682279926363e+01
2.899673662137033592e+00	1.804627619225353641e+01	-1.887715846440965350e+01	2.472095825124261381e+01
2.905953958587380814e+00	1.802229389562520367e+01	-1.880129979930118012e+01	2.461011302277046653e+01
2.912241118105161064e+00	1.798531552446388559e+01	-1.870584000958134752e+01	2.450461272276693947e+01
2.918525996366671205e+00	1.796765447011832606e+01	-1.863325573810948299e+01	2.441252741792825631e+01
2.924809035425688819e+00	1.796771985067376320e+01	-1.855805167134885636e+01	2.436795227271251463e+01
2.931095916293684933e+00	1.802021751130637384e+01	-1.858969884889389945e+01	2.450212011571404247e+01
2.937378182606774413e+00	1.792733730775015388e+01	-1.839091470360018121e+01	2.421126610435019444e+01
2.943659980254369923e+00	1.794345243134084811e+01	-1.835496096260391496e+01	2.430747965638881070e+01
2.949946454403890250e+00	1.798775482935808157e+01	-1.840834150208293352e+01	2.440281814349835798e+01
2.956227653702202307e+00	1.799209032346555404e+01	-1.848741614448812953e+01	2.441617635952404086e+01
2.962510478867462993e+00	1.795317850306679475e+01	-1.828925615105419666e+01	2.428924929808788136e+01
2.968796535179442309e+00	1.794311050276530040e+01	-1.826143033292197160e+01	2.425710906983643511e+01
2.975077657376874907e+00	1.797873965137663888e+01	-1.824838062846765752e+01	2.433181320039473405e+01
2.981359866759223376e+00	1.796859881206950149e+01	-1.824044876213251243e+01	2.426906109053786409e+01
2.987646761575656562e+00	1.799941108391414701e+01	-1.824596569379542643e+01	2.436732921058267110e+01
2.993929038370399365e+00	1.803597343472308978e+01	-1.826286565691274433e+01	2.444810796481745996e+01
3.000206214840962726e+00	1.798377704897094276e+01	-1.812471746230857761e+01	2.427352404367139727e+01
3.006486172402415669e+00	1.803288742620539509e+01	-1.821842871545240072e+01	2.439433472711510476e+01
3.012769812211594456e+00	1.806796123502093820e+01	-1.819439999872540525e+01	2.447153954590575609e+01
3.019053144326170113e+00	1.807698403761042982e+01	-1.817209859497502933e+01	2.454581456344688917e+01
3.025337405144251424e+00	1.803636985805890447e+01	-1.807328125203063607e+01	2.438400819875108283e+01
3.031623734799107961e+00	1.806794977711194505e+01	-1.806799594618178872e+01	2.446663345577621129e+01
3.037908962055872575e+00	1.812519666183603562e+01	-1.817480644493622322e+01	2.463472951518267351e+01
3.044195067146031608e+00	1.808212484192416625e+01	-1.799993233068159526e+01	2.451426188400398232e+01
3.050475543482170426e+00	1.811052960622422248e+01	-1.798742295286382031e+01	2.451591833100461315e+01
3.056754954538277502e+00	1.811000720011278631e+01	-1.793607626587100157e+01	2.448867651084338348e+01
3.063040539557494668e+00	1.819182759686979267e+01	-1.805599558485472400e+01	2.478181226568221973e+01
3.069323699454357346e+00	1.818502675052111073e+01	-1.799300003859710984e+01	2.474979780144653674e+01
3.075610692642898769e+00	1.817180445642628683e+01	-1.796071427847465074e+01	2.462925955469785677e+01
3.081893798009918584e+00	1.818430022160182347e+01	-1.786206106715850339e+01	2.464533287818681373e+01
3.088174549548037717e+00	1.822755081534519306e+01	-1.794759457195833363e+01	2.476972050607125553e+01
3.094458635632868493e+00	1.822703512055745279e+01	-1.785501960191833248e+01	2.475944831754044984e+01
3.100743982931558840e+00	1.826198240954524366e+01	-1.789202804122777479e+01	2.484633752970881204e+01
3.107028111748448396e+00	1.830119628430367840e+01	-1.786879598250917311e+01	2.489983598186027081e+01
3.113309299655494300e+00	1.836852551200124140e+01	-1.806762599934590696e+01	2.505182699044200945e+01
3.119590662867241626e+00	1.835671930056440360e+01	-1.790509922423089151e+01	2.509875578452257017e+01
3.125874006820172912e+00	1.843029418533697950e+01	-1.806743272063967254e+01	2.518421958107591863e+01
3.132159251154602586e+00	1.842631240144461557e+01	-1.795630070308468618e+01	2.523782281800421856e+01
3.138439172765940643e+00	1.840186491613928865e+01	-1.790507423502968365e+01	2.507471400330087974e+01
3.144723867719826593e+00	1.851737247893954219e+01	-1.803326750406639434e+01	2.543286648248518844e+01
3.151003951258561031e+00	1.855065361473338115e+01	-1.802750791937268460e+01	2.553082625072473988e+01
3.157283664131563139e+00	1.856421087425590244e+01	-1.805905976425000148e+01	2.556676142136808849e+01
3.163569317183839935e+00	1.859158301192845641e+01	-1.799581453453145130e+01	2.555009451916733099e+01
3.169851661717792091e+00	1.866826172523105853e+01	-1.812108133853031333e+01	2.575191986378882092e+01
3.176137704316093657e+00	1.872215470814404270e+01	-1.817284951799839732e+01	2.592479782664367249e+01
3.182420924828643916e+00	1.869976069575778865e+01	-1.800532219389031852e+01	2.587225273150008320e+01
3.188702811875577581e+00	1.876754123083286530e+01	-1.811428494580612991e+01	2.599647243446175082e+01
3.194990520008989865e+00	1.884814817020619415e+01	-1.818309871898283347e+01	2.619779131292704477e+01
3.201275324656983834e+00	1.884444522443979508e+01	-1.808189565024935064e+01	2.611030729757150581e+01
3.207551352179861759e+00	1.890674478826129956e+01	-1.816376281254098402e+01	2.634003018317033096e+01
3.213835216737041645e+00	1.895800808098630341e+01	-1.821887884127933077e+01	2.640580467749190419e+01
3.220122579819103770e+00	1.882772073648752809e+01	-1.782302025279621205e+01	2.565845658385797279e+01
3.226406606618656525e+00	1.852688780333777885e+01	-1.705933331915541018e+01	2.430690246427926482e+01
3.232687390085645429e+00	1.833830391274284466e+01	-1.661046690865822839e+01	2.318232491204933865e+01
3.238969121280456331e+00	1.817999234376081930e+01	-1.614951400420105543e+01	2.219263141061265543e+01
3.245254751548589667e+00	1.796627793020743979e+01	-1.567271850890781693e+01	2.114874280813812035e+01
3.251534499036136783e+00	1.786605146500487606e+01	-1.539478260222207240e+01	2.033728354600349064e+01
3.257817780791052442e+00	1.771663739345041577e+01	-1.500794614587295328e+01	1.945116644946288886e+01
3.264102164154097263e+00	1.759162533629212888e+01	-1.472658624330752630e+01	1.863755667898134050e+01
3.270384152138468892e+00	1.746181969219270513e+01	-1.439434110606597805e+01	1.786338418643735437e+01
3.276669427476867735e+00	1.740061195171186981e+01	-1.419017982660663435e+01	1.726790619196819065e+01
3.282954688864507808e+00	1.725267970012744456e+01	-1.381739791295336950e+01	1.637798771203081216e+01
3.289237200334947264e+00	1.720667633466429081e+01	-1.369842293412464862e+01	1.579476914606610904e+01
3.295519587088236779e+00	1.710226586444087360e+01	-1.341874179377235521e+01	1.516572616225102443e+01
3.301805977329951958e+00	1.702971971699303211e+01	-1.320514709638017870e+01	1.457597874996041654e+01
3.308087486222440088e+00	1.695232242823874103e+01	-1.298672213570814193e+01	1.389672364339531718e+01
3.314367630234227313e+00	1.687628346649058741e+01	-1.281880482386484843e+01	1.327647019383840465e+01
3.320651909732194262e+00	1.681552832952023735e+01	-1.263893950788589393e+01	1.270728557420893878e+01
3.326931260376857047e+00	1.675728357305698779e+01	-1.250112510113531528e+01	1.213196776466378068e+01
3.333216512447217728e+00	1.672866399203558530e+01	-1.237493711130054841e+01	1.166007603664876413e+01
3.339504489419978128e+00	1.664824888949731729e+01	-1.219348181838569189e+01	1.111331877700022908e+01
3.345786804809928405e+00	1.656454955153263953e+01	-1.196662199290673989e+01	1.054654065952567166e+01
3.352071130016277767e+00	1.651692783985025770e+01	-1.181828588962281756e+01	1.001809610186322708e+01
3.358351496304225581e+00	1.648832669165562947e+01	-1.175157715253819823e+01	9.610902273393786999e+00
3.364630591073392019e+00	1.644378221699980003e+01	-1.164599349877482659e+01	9.093198088420420433e+00
3.370916305215045483e+00	1.638070205032570215e+01	-1.147865118481201030e+01	8.632781302847776672e+00
3.377197952029413752e+00	1.634197272173517135e+01	-1.140840534504015125e+01	8.191349868888952557e+00
3.383483063818085501e+00	1.633442642064416717e+01	-1.129150745797827682e+01	7.709550719036911914e+00
3.389769992424469969e+00	1.628804932916118275e+01	-1.115725160058098275e+01	7.247705985980533505e+00
3.396051330885982100e+00	1.624521910687571591e+01	-1.100528680989997277e+01	6.762446226576843245e+00
3.402330879139463971e+00	1.619281193291412535e+01	-1.088185967997232240e+01	6.356928992655403121e+00
3.408610488352048495e+00	1.617233251767731872e+01	-1.078785572274389359e+01	5.807475305469983695e+00
3.414897837696641236e+00	1.612312736583263728e+01	-1.066742087698354879e+01	5.527360911029625790e+00
3.421180484052105619e+00	1.609308519916339719e+01	-1.061565601606303133e+01	5.132366599325224321e+00
3.427461639653846870e+00	1.602977509525932831e+01	-1.038396232933207664e+01	4.549572928071217603e+00
3.433749159643459059e+00	1.606101306623066449e+01	-1.042658431106928596e+01	4.364301211666101743e+00
3.440032646656798310e+00	1.601102991732349068e+01	-1.031238364290143572e+01	3.909924354172261474e+00
3.446313366033385339e+00	1.601432606002740755e+01	-1.023014304236875915e+01	3.540087203500667190e+00
3.452600135384134905e+00	1.594961585704369966e+01	-1.009357571107740448e+01	3.073844894898453806e+00
3.458883152815406703e+00	1.593744453913495462e+01	-1.003011748577285545e+01	2.658986900492569916e+00
3.465163834403715448e+00	1.596071766526204527e+01	-9.980159510687071744e+00	2.437825026985123600e+00
3.471449329786229221e+00	1.590887102834249589e+01	-9.877703617510313450e+00	1.957574096568178490e+00
3.477734476754053894e+00	1.587049433755655059e+01	-9.771821327833016824e+00	1.608571784894162526e+00
3.484019652467224226e+00	1.583217916585851448e+01	-9.615636473939662920e+00	1.132066832946438506e+00
3.490297019369712928e+00	1.583598906417095797e+01	-9.640530403942062065e+00	9.241041717990511328e-01
3.496582486484379970e+00	1.580602935237443596e+01	-9.480765937789305653e+00	5.256979445545885143e-01
3.502868048046865024e+00	1.578953312361800165e+01	-9.416051294107143477e+00	1.656650439023066301e-01
3.509144649545451244e+00	1.578678846242022260e+01	-9.328806601842053681e+00	-1.956516463114587601e-01
3.515428082003116295e+00	1.579667745032939230e+01	-9.355124262121846002e+00	-5.086996938361890708e-01
3.521711031624695565e+00	1.584047395110750500e+01	-9.405809417215573731e+00	-6.335564737657135570e-01
3.527991850954735664e+00	1.575458718800270042e+01	-9.172906576171611093e+00	-1.173384265371334445e+00
3.534275545726699885e+00	1.573611129428764244e+01	-9.076000762261145383e+00	-1.521347516202029126e+00
3.540562632020772149e+00	1.573950512480004349e+01	-9.089531717730791271e+00	-1.697556431035708524e+00
3.546844410757220789e+00	1.569415400388350434e+01	-8.901911034948634338e+00	-2.210874600308371019e+00
3.553131386753758836e+00	1.572732398881483995e+01	-8.919855867458160503e+00	-2.426112471841206375e+00
3.559419203211965144e+00	1.565611366470123578e+01	-8.782403025468221713e+00	-2.841711590554905076e+00
3.565697971577579839e+00	1.569254635994229830e+01	-8.778993559325510176e+00	-3.082003737744740679e+00
3.571979559134798254e+00	1.571042703512718042e+01	-8.767276026302015524e+00	-3.358918273827202317e+00
3.578265774595833726e+00	1.563031196501686360e+01	-8.553314150959353768e+00	-3.803365655214407060e+00
3.584548309769353125e+00	1.567196283796330647e+01	-8.610414598271884046e+00	-3.988836068058742690e+00
3.590826843920031486e+00	1.562482968965357522e+01	-8.484661506404833631e+00	-4.415211300673044015e+00
3.597107306745233934e+00	1.567086567465262803e+01	-8.496215066687719641e+00	-4.541907048386044643e+00
3.603392831792229245e+00	1.564066477575636505e+01	-8.386587570730434038e+00	-4.947087823901692438e+00
3.609673209822572559e+00	1.561452090988086994e+01	-8.320194491370541456e+00	-5.281424942429791436e+00
3.615955412133016189e+00	1.564747119352992222e+01	-8.276089275931433065e+00	-5.498127677783640088e+00
3.622241607772384686e+00	1.560861895653511588e+01	-8.227231323275574937e+00	-5.772325430418715264e+00
3.628520252736676444e+00	1.563347684737017929e+01	-8.184968578204440348e+00	-6.093883061506749854e+00
3.634804827569451113e+00	1.563360984960277555e+01	-8.146035142468427637e+00	-6.338864693792082505e+00
3.641094981788862928e+00	1.561531297646795480e+01	-8.075301003439978587e+00	-6.661065482825701878e+00
3.647383514928639325e+00	1.561965474627153405e+01	-8.008053897268300858e+00	-6.970120080156647191e+00
3.653663283927725658e+00	1.562476226156205250e+01	-7.952108261516742438e+00	-7.261323312693669152e+00
3.659943504072155296e+00	1.568033301251432476e+01	-8.049639106207520101e+00	-7.385566521354329339e+00
3.666232000281138603e+00	1.565081586170385819e+01	-7.926382473715061217e+00	-7.683246913117490529e+00
3.672514211678317597e+00	1.564102242671391885e+01	-7.817952375536081355e+00	-8.079283973502688454e+00
3.678794154686042539e+00	1.566500157682378713e+01	-7.900488472877172264e+00	-8.201680154728705929e+00
3.685078621861909820e+00	1.565312453932983772e+01	-7.789740137752979798e+00	-8.532790751223114256e+00
3.691359210097977961e+00	1.563331902132352269e+01	-7.711288071635530095e+00	-8.791318530058770619e+00
3.697642368173791105e+00	1.567292608767075635e+01	-7.636810703483970286e+00	-9.225950914471155784e+00
3.703925796735277665e+00	1.569070414423622495e+01	-7.662570091373284598e+00	-9.305558220040126116e+00
3.710208240364660348e+00	1.564560060606765646e+01	-7.549457339466869144e+00	-9.616977629343255174e+00
3.716494593122387169e+00	1.569049565740283292e+01	-7.570846194095564030e+00	-9.814113677873296027e+00
3.722775386659595398e+00	1.570727501622907951e+01	-7.552638267631900604e+00	-1.006501803608609613e+01
3.729058392883481510e+00	1.574273008332952450e+01	-7.576768461685939648e+00	-1.027059600726764366e+01
3.735339748210807720e+00	1.569674999750910516e+01	-7.459838721025724873e+00	-1.053269660230974303e+01
3.741620776392969638e+00	1.567966810542815814e+01	-7.306026604352102716e+00	-1.097660637456013788e+01
3.747904795418762980e+00	1.571948478997585319e+01	-7.296072633514981476e+00	-1.114846074240722196e+01
3.754190633281219380e+00	1.570413751951204873e+01	-7.239667962919503985e+00	-1.144937095534426064e+01
3.760478208018912749e+00	1.574345268186450042e+01	-7.245555037934921394e+00	-1.166458078052439795e+01
3.766755538573464346e+00	1.573817525424333219e+01	-7.204310372019704367e+00	-1.186553160001922258e+01
3.773032090135151506e+00	1.574714411150655557e+01	-7.140745021119808023e+00	-1.218968786368859014e+01
3.779322553012896879e+00	1.580035567027144516e+01	-7.215375591967419844e+00	-1.224117868979941726e+01
3.785609109731308930e+00	1.575007845320510746e+01	-7.105201643207356810e+00	-1.263929735360226836e+01
3.791889825936295200e+00	1.581624394342050799e+01	-7.139477593569080405e+00	-1.276972489080685946e+01
3.798174822702435893e+00	1.579333459694760222e+01	-7.018132550603749742e+00	-1.310211851982363385e+01
3.804458658753491651e+00	1.579018162944775483e+01	-6.906432310010382380e+00	-1.343382937845402125e+01
3.810738438095723435e+00	1.585249733726823784e+01	-7.007119828759453384e+00	-1.345738831819041614e+01
3.817018850285747167e+00	1.583648325976442095e+01	-6.912173961571244085e+00	-1.383947648468789993e+01
3.823305314209427763e+00	1.587789578636242105e+01	-6.939636985225758004e+00	-1.395914002741059967e+01
3.829591295197792178e+00	1.586779675395828448e+01	-6.851999824002463768e+00	-1.421733240484511640e+01
3.835872296070849341e+00	1.586616954596747320e+01	-6.766003105977804744e+00	-1.460415030782951540e+01
3.842156279590906109e+00	1.595578695109443146e+01	-6.835043429418849570e+00	-1.467729259148472387e+01
3.848441511099312429e+00	1.595627113939876374e+01	-6.728144446961088043e+00	-1.507995469130045230e+01
3.854723334376886079e+00	1.598144333019047458e+01	-6.763755731769481194e+00	-1.517094905564972507e+01
3.861004740704794713e+00	1.598771842495510676e+01	-6.726218859371821068e+00	-1.537523926252533180e+01
3.867284336650660848e+00	1.600654176144948693e+01	-6.663851573225606728e+00	-1.575381960033681672e+01
3.873567367678779849e+00	1.602256755812926770e+01	-6.638755529911771092e+00	-1.596135662126861199e+01
3.879850662830422792e+00	1.601645280888946488e+01	-6.539040975704804026e+00	-1.628766280196850502e+01
3.886137063198143338e+00	1.608589054977878163e+01	-6.617263115635174664e+00	-1.631439132488883104e+01
3.892419463049126005e+00	1.608449193173090563e+01	-6.524523089474848270e+00	-1.664658285566372697e+01
3.898703740328622658e+00	1.614627709805696298e+01	-6.562759893108188081e+00	-1.683139593962544822e+01
3.904991458788179326e+00	1.617481705601947084e+01	-6.542483693994418203e+00	-1.708464637597246494e+01
3.911270842222104083e+00	1.614768392887539505e+01	-6.457923715503128825e+00	-1.736985046167059821e+01
3.917549806479573071e+00	1.619919570685245347e+01	-6.423005545026757801e+00	-1.758186659608098168e+01
3.923836006203090587e+00	1.616883095515918001e+01	-6.327368028225447638e+00	-1.784876072910074640e+01
3.930121452497870926e+00	1.623315531706397152e+01	-6.371847859084152077e+00	-1.801782838060197633e+01
3.936398172858230460e+00	1.624846474466061252e+01	-6.309755015040188653e+00	-1.828575866050724841e+01
3.942683040425962293e+00	1.626218675539564273e+01	-6.304977679708844818e+00	-1.848536049897834843e+01
3.948974759704379611e+00	1.634831792071565104e+01	-6.354262687878974525e+00	-1.863754736445595483e+01
3.955259227995065352e+00	1.635535372711692048e+01	-6.243951747005642261e+00	-1.901370555942229501e+01
3.961537174921395454e+00	1.641040069449288197e+01	-6.273300867346665477e+00	-1.911655256900303002e+01
3.967820217617139544e+00	1.639337842592141214e+01	-6.183329893832764768e+00	-1.948787397414346856e+01
3.974105559832568968e+00	1.641483815214209585e+01	-6.106825639851598098e+00	-1.974404520075259128e+01
3.980384727931198352e+00	1.648295156422848251e+01	-6.185467368609285366e+00	-1.985375216454509228e+01
3.986664590839849698e+00	1.648299934980185455e+01	-6.031013321093778856e+00	-2.031100636784784896e+01
3.992949619150675034e+00	1.657469689633295928e+01	-6.161128117546935457e+00	-2.026736425659366247e+01
3.999235075769965952e+00	1.660888096461483698e+01	-6.053358723643625261e+00	-2.072147113230256465e+01
4.005515715515433506e+00	1.658639822357421423e+01	-6.048987250235264845e+00	-2.078083879193734873e+01
4.011798434346478537e+00	1.664175390635776708e+01	-6.052900393514299537e+00	-2.103809604735783267e+01
4.018083716245132386e+00	1.665160392809272238e+01	-5.968048715549512551e+00	-2.135567141479177877e+01
4.024365700052603856e+00	1.668457785272909533e+01	-5.997689662359309892e+00	-2.144120265182356277e+01
4.030643960839860540e+00	1.672716312410337380e+01	-5.890347565684073139e+00	-2.184898892256939007e+01
4.036928708926215137e+00	1.678880757642473398e+01	-6.039721578657829326e+00	-2.180692235307429527e+01
4.043218157412017177e+00	1.678357540026984296e+01	-5.917969848333625826e+00	-2.214388860471409970e+01
4.049503019487663558e+00	1.683663259857987526e+01	-5.904452855998691518e+00	-2.237815244348344734e+01
4.055781898960511000e+00	1.687819511466967981e+01	-5.859027292919127383e+00	-2.264942660785001394e+01
4.062060795621602161e+00	1.687674394465980399e+01	-5.766423834187765607e+00	-2.298700506456025749e+01
4.068347865354716042e+00	1.697602635150156658e+01	-5.884456363599688267e+00	-2.307810074846165804e+01
4.074631027173265529e+00	1.697015878337237638e+01	-5.716840564110875711e+00	-2.350167602007180889e+01
4.080910837526078971e+00	1.703893566166032514e+01	-5.760549058129007527e+00	-2.365407561999094455e+01
4.087201203341442657e+00	1.709253240750457437e+01	-5.718046260164212136e+00	-2.397147399405385926e+01
4.093486818591942189e+00	1.713358741592945833e+01	-5.725041563018693047e+00	-2.421110615974122382e+01
4.099764387336505500e+00	1.717092226623172380e+01	-5.680650654930258447e+00	-2.438963641101488022e+01
4.106049166937662420e+00	1.718689748475766521e+01	-5.566427314122006642e+00	-2.481914433546199561e+01
4.112334559041358695e+00	1.728467334432132674e+01	-5.673602376122673263e+00	-2.485099063047063694e+01
4.118618926059533614e+00	1.736056167816986218e+01	-5.685048605773880048e+00	-2.511538767266993233e+01
4.124898942031112625e+00	1.735506079616430597e+01	-5.688378789446089101e+00	-2.526589848100355695e+01
4.131175432561665417e+00	1.740726391214105462e+01	-5.623000691546049090e+00	-2.556577122661369827e+01
4.137461563786142271e+00	1.742034276194828379e+01	-5.544181369543773386e+00	-2.592978634396236259e+01
4.143746006210170307e+00	1.751516544121908936e+01	-5.606242446801221746e+00	-2.604073093056849686e+01
4.150029800482964326e+00	1.747470308802719074e+01	-5.308505865190287665e+00	-2.667468832125468126e+01
4.156313390684649001e+00	1.756700894557252823e+01	-5.475514568940394788e+00	-2.663310761466787469e+01
4.162596105843763716e+00	1.764728184721082371e+01	-5.469248810234912384e+00	-2.692449676446680940e+01
4.168881843141768684e+00	1.759862744553804603e+01	-5.262053591119204121e+00	-2.742802885000675062e+01
4.175162111073220217e+00	1.777603648806777059e+01	-5.466201403392692448e+00	-2.742200629262075040e+01
4.181448573417560155e+00	1.774936911063391776e+01	-5.316110412617275571e+00	-2.780790942564756207e+01
4.187738782464171194e+00	1.783923414433452237e+01	-5.399829781341217050e+00	-2.792260751094568150e+01
4.194017437180169061e+00	1.787017484918263577e+01	-5.302067730166634796e+00	-2.829496481484371984e+01
4.200293572701767175e+00	1.793595712416728816e+01	-5.295138996245357887e+00	-2.861359121817566731e+01
4.206580195481546269e+00	1.801724344042061787e+01	-5.405588940729356473e+00	-2.868307185297145168e+01
4.212860644652220543e+00	1.797829125391357152e+01	-5.169678149787010568e+00	-2.919265723702977411e+01
4.219138153430114002e+00	1.811240576446210682e+01	-5.317217789000075356e+00	-2.919198786907456977e+01
4.225426162098283811e+00	1.809948146065253383e+01	-5.130504273592662479e+00	-2.975108674133756281e+01
4.231713506719782636e+00	1.819176566566651942e+01	-5.180263581613457013e+00	-2.997920035951799633e+01
4.237990056577191744e+00	1.828711631019755757e+01	-5.250916703104844707e+00	-3.007177329033795488e+01
4.244267783646744618e+00	1.824468053988199756e+01	-4.970790499182926148e+00	-3.074735226591468873e+01
4.250560660182562955e+00	1.842228913639001675e+01	-5.193430961422729197e+00	-3.067875727034383715e+01
4.256847734842668096e+00	1.843519892907870172e+01	-5.104860647215544667e+00	-3.111089454025552570e+01
4.263127100734456221e+00	1.848465333072312333e+01	-5.056138608325073669e+00	-3.137582070373485621e+01
4.269406860432507500e+00	1.852309720082546818e+01	-5.047102638338034630e+00	-3.165283678491612207e+01
4.275691671482192646e+00	1.855992150588085110e+01	-4.938717305541247882e+00	-3.206317773235597457e+01
4.281972414189518794e+00	1.866617094837059199e+01	-5.040485532004749025e+00	-3.216516574221285651e+01
4.288253516806755705e+00	1.865412635593746415e+01	-4.867211299890322529e+00	-3.266697891540341203e+01
4.294540520160492925e+00	1.876795699685424168e+01	-4.995896656111039391e+00	-3.279880241972475829e+01
4.300825742921731809e+00	1.883927136448951600e+01	-4.906087115838470680e+00	-3.320858955759992881e+01
4.307109835491901961e+00	1.887717520582776132e+01	-4.797838746541510879e+00	-3.371932565613236932e+01
4.313390926478413157e+00	1.899192121123780197e+01	-4.860130672337228397e+00	-3.388282605880049658e+01
4.319667979480563247e+00	1.892305894059762394e+01	-4.651751995321038002e+00	-3.447053644102376779e+01
4.325952598143786076e+00	1.906714118139412761e+01	-4.835676568343639126e+00	-3.440834198853166725e+01
4.332241647035422361e+00	1.909985815998520309e+01	-4.612628710362051798e+00	-3.509015820704634336e+01
4.338524445619096781e+00	1.913601294814053233e+01	-4.602142724263089235e+00	-3.537113024093959268e+01
4.344809348131129845e+00	1.917537804602951468e+01	-4.551106099943079464e+00	-3.570246129339453489e+01
4.351090699193166600e+00	1.922991883946912139e+01	-4.541716606134569290e+00	-3.608498014100960916e+01
4.357369710808320029e+00	1.935240950272037352e+01	-4.560963823138184381e+00	-3.631787012768957368e+01
4.363659348967174445e+00	1.935480132325568547e+01	-4.394821094000056050e+00	-3.691628600243014802e+01
4.369947418280990981e+00	1.942321492479205958e+01	-4.586312581991171200e+00	-3.681035241720755380e+01
4.376226569265827315e+00	1.947376442203152180e+01	-4.326385765174572740e+00	-3.761161797266557016e+01
4.382499356631129217e+00	1.950316359366856389e+01	-4.180157429694751237e+00	-3.815114180124711396e+01
4.388784975178015024e+00	1.961545257474238824e+01	-4.341329487746545368e+00	-3.823955245227219990e+01
4.395068696309480494e+00	1.952429949774851536e+01	-4.005855246296282424e+00	-3.897349242334256303e+01
4.401347962382031298e+00	1.971257955807955398e+01	-4.208090573964103243e+00	-3.904936783852333804e+01
4.407628405096517099e+00	1.962330410353671084e+01	-3.980232406825237046e+00	-3.952930379418915408e+01
4.413915862185140426e+00	1.972193828904985224e+01	-3.927439972887630137e+00	-4.009117798240139052e+01
4.420203163534264235e+00	1.976605652543253555e+01	-3.856823107085012747e+00	-4.043830642343247206e+01
4.426480311003382795e+00	1.967634899579449836e+01	-3.540979931333148034e+00	-4.129190620069686446e+01
4.432765973643649104e+00	1.987800978670124152e+01	-3.913611697359965280e+00	-4.095085787117287879e+01
4.439053392023870614e+00	1.976132441052962463e+01	-3.446179211610839399e+00	-4.212889002068244793e+01
4.445336141335588742e+00	1.993708181544846170e+01	-3.616640454191015763e+00	-4.224106218217060871e+01
4.451617241414883352e+00	1.984424812137692484e+01	-3.336578717333712252e+00	-4.291384694323397753e+01
4.457901500730311106e+00	1.989677119985579168e+01	-3.168961248663594521e+00	-4.363719686215782900e+01
4.464189501093017043e+00	2.008643161030243007e+01	-3.431434321010077948e+00	-4.359446345552133550e+01
4.470470197548729985e+00	1.985257472850801719e+01	-2.931339458099429418e+00	-4.467467305919489462e+01
4.476748044268524573e+00	2.010121493228958300e+01	-3.299329655384447779e+00	-4.441026262109654965e+01
4.483035990164653484e+00	1.988814306817637956e+01	-2.709591833736295197e+00	-4.563999486275294970e+01
4.489323331650528104e+00	2.005431939181652723e+01	-2.849671624738870701e+00	-4.592294089962598491e+01
4.495599111667934800e+00	1.994345462396285740e+01	-2.590463425544812903e+00	-4.657832321415044419e+01
4.501870922878794090e+00	1.987055624090623240e+01	-2.353972192130294072e+00	-4.732983057517722614e+01
4.508155162877705457e+00	1.999967200425323455e+01	-2.478915498321830224e+00	-4.744420992782432478e+01
4.514446451153479423e+00	1.980642274674460523e+01	-2.030732864389750869e+00	-4.846298820251848838e+01
4.520723894043856994e+00	1.988625491881321494e+01	-2.056371728870396876e+00	-4.884518093873425926e+01
4.527003782460155890e+00	1.977032868458063675e+01	-1.770007496361166499e+00	-4.967973004919388558e+01
4.533293086610313161e+00	1.974735854364988086e+01	-1.577543677845281600e+00	-5.038552256504856786e+01
4.539578989864040182e+00	1.967003207548351895e+01	-1.388962025487269658e+00	-5.096665758357901410e+01
4.545857164866476730e+00	1.954485776463773306e+01	-1.222560546989381880e+00	-5.155347683008612591e+01
4.552138955546025656e+00	1.947022557704629619e+01	-1.016325414351701539e+00	-5.221719519455149339e+01
4.558432046889146605e+00	1.947664787021354726e+01	-8.700613035143818230e-01	-5.292688869930257312e+01
4.564713463378488711e+00	1.947496898037118029e+01	-8.295923531440151377e-01	-5.333516989340677839e+01
4.570987274133244682e+00	1.951199468622050759e+01	-7.253101095902625417e-01	-5.400321254900415369e+01
4.577274818151045643e+00	1.955365324136730010e+01	-6.690984689301401334e-01	-5.453045155093698071e+01
4.583563263889338657e+00	1.955390514891993092e+01	-6.329807061063620344e-01	-5.487518299946889044e+01
4.589844917004465508e+00	1.953098521347967065e+01	-6.402879933755407649e-01	-5.508189493014706528e+01
4.596126259982004747e+00	1.962721535416241991e+01	-5.693262545130680641e-01	-5.579463511868121373e+01
4.602409075598298926e+00	1.963619215143732433e+01	-5.761140648145572918e-01	-5.610228464235196810e+01
4.608696634867644804e+00	1.967482515274650368e+01	-5.110041116729627797e-01	-5.649952733334080079e+01
4.614977646498861219e+00	1.968032645754437837e+01	-4.966164049795154800e-01	-5.686508952431201891e+01
4.621258953029527383e+00	1.977172965111717318e+01	-4.894144453722429899e-01	-5.737757154123568881e+01
4.627547993978874175e+00	1.982201436791174842e+01	-4.653914515588254974e-01	-5.785076784611805323e+01
4.633830152730579854e+00	1.982043802378280617e+01	-4.108256631227842348e-01	-5.812944003436589213e+01
4.640104005367354567e+00	1.995407438634735442e+01	-4.166683815806535574e-01	-5.872097697559617302e+01
4.646382060386754276e+00	1.990790971023772471e+01	-4.237363052646734296e-01	-5.884563290865932572e+01
4.652674213731970987e+00	2.001257909846283667e+01	-3.615810806911244901e-01	-5.953688646382151717e+01
4.658958291796220230e+00	2.005164299345439716e+01	-4.057856067124432364e-01	-5.973419293642028549e+01
4.665233615070169648e+00	2.009037716261094175e+01	-3.728535839846049416e-01	-6.012568790617349634e+01
4.671520675710307380e+00	2.019037704308185965e+01	-3.877012889745402036e-01	-6.059534827410058710e+01
4.677814351732177300e+00	2.023354507907115263e+01	-3.294289135814106317e-01	-6.103868650182347011e+01
4.684093699744638073e+00	2.023995526959255997e+01	-3.234073336515215225e-01	-6.128488240767605078e+01
4.690368661472568590e+00	2.038493496655026149e+01	-2.582181979981859055e-01	-6.195863830478849366e+01
4.696663270746453733e+00	2.038463127088773419e+01	-2.831793119294478966e-01	-6.216813912326350788e+01
4.702945459248681459e+00	2.051506250168969459e+01	-2.783989620009904575e-01	-6.281395912062044573e+01
4.709209170841929470e+00	2.053837788146845966e+01	-2.871563227691798503e-01	-6.296362276599763419e+01
4.715491634753063543e+00	2.060746500603204012e+01	-2.287311900238846729e-01	-6.348903892072130617e+01
4.721784316284933780e+00	2.065079130420374298e+01	-2.671806841019589429e-01	-6.376067527899794385e+01
4.728063062331094635e+00	2.088375896205928584e+01	-2.254869458598755538e-01	-6.470296448113049337e+01
4.734337423381671073e+00	2.091963103763547238e+01	-2.733819928539067412e-01	-6.491784263092858964e+01
4.740627024094544062e+00	2.094919180768039979e+01	-2.082144374591310965e-01	-6.528159022357256447e+01
4.746914995664547554e+00	2.103854093376251200e+01	-2.213160041380498322e-01	-6.571409658987710145e+01
4.753194740071086777e+00	2.105835877291607261e+01	-1.956036276921679640e-01	-6.595104844068190175e+01
4.759478891864783456e+00	2.119338696516285836e+01	-1.956334235143179501e-01	-6.655508174654593745e+01
4.765762396877359031e+00	2.134194997496484447e+01	-2.298622872251012417e-01	-6.713835204676772150e+01
4.772049481246195768e+00	2.143550537530912337e+01	-2.264400649468711335e-01	-6.760097326827657582e+01
4.778335091022592351e+00	2.143567902876464260e+01	-1.995074152709459814e-01	-6.776472630876199332e+01
4.784610831402393849e+00	2.148885164122159352e+01	-1.818150647317983704e-01	-6.815820965142683008e+01
4.790907306208476157e+00	2.157569129329875324e+01	-1.720916798223894040e-01	-6.858330987272610457e+01
4.797204047706418173e+00	2.169149259137926578e+01	-1.951899474395622225e-01	-6.908360113334460095e+01
4.803470827697504220e+00	2.175350613110612485e+01	-1.924355202746982907e-01	-6.941397523844752016e+01
4.809748850577324042e+00	2.189069289466403845e+01	-1.928735062007377876e-01	-7.001484225771301340e+01
4.816045316586602176e+00	2.206310733342127151e+01	-1.490452924860757866e-01	-7.074023082208185542e+01
4.822329240673497885e+00	2.216702388235693277e+01	-1.799024909558877283e-01	-7.117651916188533789e+01
4.828596758226470165e+00	2.239219279747328528e+01	-1.888612053843022887e-01	-7.202759913278946158e+01
4.834890332961369275e+00	2.231373783615279649e+01	-1.196830348407187938e-01	-7.203582023725121530e+01
4.841191655056394261e+00	2.252846906827957696e+01	-1.332761314591302815e-01	-7.284295229548222039e+01
4.847460407468000554e+00	2.261805731072126235e+01	-1.262352004625112434e-01	-7.327597118929259068e+01
4.853732128521334843e+00	2.273337019245676771e+01	-1.147355903568847840e-01	-7.377555757310470597e+01
4.860029138783373170e+00	2.282434808127145232e+01	-1.136441669963697138e-01	-7.426233632146016816e+01
4.866314601732018019e+00	2.288028852083379405e+01	-3.921337070637360284e-02	-7.464481601335994299e+01
4.872587026269203925e+00	2.298920648251803911e+01	-1.252420806786784246e-01	-7.498947249130584680e+01
4.878874221748241702e+00	2.317031134679866966e+01	-9.240488667039899184e-02	-7.577098635384227521e+01
4.885171078138658807e+00	2.321463157651156806e+01	-1.045030262963124873e-01	-7.604808656273441159e+01
4.891450629931857641e+00	2.346315712544708276e+01	-9.876724995714181166e-02	-7.698024250237210708e+01
4.897716482750221978e+00	2.347745889960546251e+01	-5.747714002933779903e-02	-7.717868717674615198e+01
4.904002834596266069e+00	2.358902720953808796e+01	-7.342785319099039143e-02	-7.769455673875008017e+01
4.910295858205786068e+00	2.369125236654038957e+01	-1.165774108480778781e-01	-7.807709523925814210e+01
4.916575188115905881e+00	2.379338912884378843e+01	-2.689032078115105237e-02	-7.858736784545440912e+01
4.922847946197084212e+00	2.392981707459914631e+01	-5.340618209338233308e-02	-7.917337463218574101e+01
4.929131667457151700e+00	2.417730820082432430e+01	-1.467465723337347816e-01	-7.999082046215173136e+01
4.935434460144239033e+00	2.439717982453885270e+01	-1.204275501606429100e-01	-8.082458372423523940e+01
4.941718513303545279e+00	2.437257030682566139e+01	-1.509695302977580034e-01	-8.082371379450805193e+01
4.947978624761803168e+00	2.451283571762072100e+01	-1.285499562104481241e-01	-8.146446724123907757e+01
4.954274999209829389e+00	2.476482790305760062e+01	-1.575427301117847401e-02	-8.251650857492045077e+01
4.960571094729937514e+00	2.487632934443234234e+01	-4.266038749453117396e-02	-8.294831659564913195e+01
4.966823207626954506e+00	2.506900564714257129e+01	-3.962093043607597953e-02	-8.373141997803875825e+01
4.973097418390337587e+00	2.520610482979426337e+01	-1.457643282962150719e-02	-8.432714787065400230e+01
4.979415129936382023e+00	2.525653989805521604e+01	-3.359453419358932741e-02	-8.458246592614086978e+01
4.985702082330368157e+00	2.546757594303515404e+01	-2.570923868413067803e-02	-8.536837813116476070e+01
4.991949985828016523e+00	2.557108892850003556e+01	-3.467650592822451444e-02	-8.581339340347638256e+01
4.998241586316924057e+00	2.579157576470239377e+01	-1.951956153138625222e-02	-8.668332230018665996e+01
5.004556635606089543e+00	2.619175600253326763e+01	-3.384867391978113593e-02	-8.811198264780507827e+01
5.010828655701208945e+00	2.601391675567615280e+01	-6.628343781580728344e-02	-8.757427646887155959e+01
5.017077229702536556e+00	2.629253910844882824e+01	-6.006037705154292083e-02	-8.857462530223273234e+01
5.023374414758113637e+00	2.653793902324521170e+01	-3.908904006619498550e-02	-8.957276681049222589e+01
5.029688873569548413e+00	2.683511004614443607e+01	-2.822396382658163422e-02	-9.066975181028701058e+01
5.035958413584124216e+00	2.676374718292084864e+01	-3.301369845202680592e-02	-9.048935389895591186e+01
5.042232667658486989e+00	2.692593557553594508e+01	-5.246181038774950199e-03	-9.117629420061714995e+01
5.048528755870775875e+00	2.726628941396786132e+01	4.264395715903008394e-02	-9.248519889632316904e+01
5.054821121427484520e+00	2.739293456526190340e+01	-1.348260380912123238e-03	-9.291874010682491303e+01
5.061069509814582368e+00	2.760745586735398049e+01	-3.644661467850283942e-02	-9.370210309819644579e+01
5.067347812754101177e+00	2.791027076052072431e+01	-9.297651673947549336e-03	-9.485287193949061191e+01
5.073675050630431116e+00	2.794935022959654702e+01	-1.925075088139262952e-02	-9.507210459517683887e+01
5.079945928388977627e+00	2.823903422489058812e+01	-1.122926031027772636e-01	-9.601284102693723810e+01
5.086192992546071601e+00	2.823493255551505499e+01	-7.035189430788149623e-02	-9.612828930892628421e+01
5.092484128970163226e+00	2.845993406604977238e+01	-5.670722000593865497e-02	-9.703243078317360926e+01
5.098802924706086870e+00	2.868649420825356344e+01	-6.021322700116484017e-02	-9.784167433230345523e+01
5.105078217426394005e+00	2.889950923030815488e+01	1.527895423281575016e-02	-9.872836542822678041e+01
5.111325076574067872e+00	2.937575591075979986e+01	3.782399069131023306e-02	-1.004631731038754623e+02
5.117628358851224135e+00	2.940208328557165274e+01	-7.713661497358914598e-02	-1.005124649213205430e+02
5.123935939383525984e+00	2.983436071862043448e+01	-2.669834791799748086e-02	-1.021116681670323203e+02
5.130199176325612065e+00	2.990750875518450158e+01	-6.827401430920117253e-02	-1.023565307279923502e+02
5.136469985878846956e+00	3.010663119553956690e+01	-6.668454688124847429e-02	-1.031585617903892853e+02
5.142797788696348071e+00	3.026005092004631791e+01	-2.270913618776271639e-02	-1.038017725733825358e+02
5.149090378043822192e+00	3.070926191119652060e+01	1.376374394731236760e-02	-1.054719768854096458e+02
5.155289879840074363e+00	3.087710364727833934e+01	-8.992442298986118646e-03	-1.060675566812932971e+02
5.161564521234301317e+00	3.087024798720312901e+01	-4.789237899275040899e-02	-1.060908517370202446e+02
5.167916673496016244e+00	3.154636689739339772e+01	-2.990858856097795837e-02	-1.084919117458522919e+02
5.174205974602950064e+00	3.148703714798519115e+01	-1.357882780767281569e-02	-1.083515515580715345e+02
5.180434820793812456e+00	3.192478911539510378e+01	-1.847464695410367536e-02	-1.099130574231229360e+02
5.186729096569634656e+00	3.242540315592678013e+01	-3.522644674940284687e-02	-1.117141182496242635e+02
5.193058481037780894e+00	3.248276094314275753e+01	-7.623047904209899472e-02	-1.119414591089386448e+02
5.199319511444338460e+00	3.280477822292181855e+01	-2.167654924855862489e-02	-1.131376577084592299e+02
5.205574295584361799e+00	3.307785449536578426e+01	-4.299360738921927105e-02	-1.141395351744110798e+02
5.211894977074066126e+00	3.319781582346350035e+01	-4.214313474208016691e-02	-1.146260546843146386e+02
5.218201708336958511e+00	3.358235142812478813e+01	-1.576717686529059692e-02	-1.160377681183242231e+02
5.224411911780083351e+00	3.436284535526560546e+01	1.028005157245214657e-02	-1.188092817178490037e+02
5.230677632666463239e+00	3.429818933264464675e+01	-1.133405881197334895e-02	-1.186473811341568876e+02
5.237056729559757429e+00	3.461304800852101238e+01	6.498475761072426693e-02	-1.198773830681333692e+02
5.243336785035660697e+00	3.482524045190383788e+01	-5.180743976514625045e-03	-1.205639248670295558e+02
5.249493476178225038e+00	3.520861383685650736e+01	8.846297340224157368e-03	-1.219324308796937260e+02
5.255787017738318134e+00	3.574264599044396107e+01	-8.641086608366687835e-03	-1.238910502349490201e+02
5.262205327426889845e+00	3.573041216123141339e+01	-1.999275220593195110e-02	-1.238640540040193230e+02
5.268477758348532269e+00	3.594791714273716110e+01	-4.499913564998984233e-02	-1.246352942507968891e+02
5.274632213654732560e+00	3.628934796870866819e+01	3.694386636945386909e-02	-1.259445607956223654e+02
5.280950543314659740e+00	3.675404016382712058e+01	-3.315701057052602117e-03	-1.276029112722452652e+02
5.287327645024750389e+00	3.709199554910180296e+01	-7.508197095514621000e-02	-1.287341069744298636e+02
5.293582359180156516e+00	3.752328207308880792e+01	7.631601540438684439e-02	-1.304214637376349515e+02
5.299789992649893478e+00	3.769814082108786835e+01	-2.515628173643768770e-02	-1.310026852096987113e+02
5.306111460381987222e+00	3.910564766022780958e+01	1.626577364544510088e-02	-1.359901954181943040e+02
5.312452717892129250e+00	3.861056187691475117e+01	-1.773245826621732898e-02	-1.342532465705916707e+02
5.318650122853046724e+00	3.938367648486460126e+01	2.021647409981348897e-02	-1.370041316757845493e+02
5.324923043129819789e+00	3.959114717654472315e+01	-3.863885080299665764e-02	-1.377584382871644664e+02
5.331330237158205421e+00	3.966843539904974136e+01	-9.210250173611188307e-02	-1.379931320801921686e+02
5.337586726886338617e+00	4.064377740503390868e+01	9.588083075858835902e-02	-1.416238524041749827e+02
5.343685192440848830e+00	4.062308376914114660e+01	5.661535152997142911e-02	-1.415170434093964218e+02
5.350070659715249199e+00	4.136387332333630695e+01	2.630386135980768147e-02	-1.441716282071588466e+02
5.356556762554878226e+00	4.156521098121218927e+01	3.426291615096959536e-02	-1.449124616034131918e+02
5.362691868684501095e+00	4.189858238560421455e+01	-1.777002618428969241e-02	-1.460194719796876655e+02
5.368769208912516966e+00	4.281327462935016825e+01	4.667586847171482922e-02	-1.492983900746798440e+02
5.375270137997677722e+00	4.335086997305963763e+01	3.754206764037120586e-02	-1.512573463584057833e+02
5.381769983045385786e+00	4.413017337629013781e+01	7.642656557674505158e-04	-1.539699554320210666e+02
5.387701030372958222e+00	4.380024764312202734e+01	2.506794520703464410e-02	-1.528274171859800674e+02
5.393786668001271600e+00	4.386498055535294327e+01	-6.655633885857246967e-02	-1.530131174853201514e+02
5.400446161099396569e+00	4.415678357490163819e+01	-4.237485522159695206e-02	-1.541185116820618930e+02
5.406957063684501463e+00	4.573111319191895063e+01	3.292090375619716874e-02	-1.597113342337141546e+02
5.412655672453426270e+00	4.685261425514269007e+01	-4.607155672034828758e-02	-1.635162728047264977e+02
5.418821279260546575e+00	4.641612981514946767e+01	-7.968433127976699837e-02	-1.620457130163462978e+02
5.425690594366304076e+00	4.626169170370766182e+01	6.316972782261798258e-02	-1.617013185587990449e+02
5.432217487502165376e+00	4.690914721585188829e+01	-5.510837375388535908e-02	-1.638621689239547550e+02
5.437649811577258241e+00	4.842090361643091967e+01	1.109828538205246129e-01	-1.692704241934466438e+02
5.443914404015878006e+00	4.760134715997381250e+01	4.181081741417623510e-02	-1.664213295368403465e+02
5.450953501686320202e+00	4.988099130959013650e+01	5.999379546932760363e-03	-1.743900556625697789e+02
5.457483690405861232e+00	5.002932368480028913e+01	-2.859499495879349804e-02	-1.748897470642177723e+02
5.462715250135157241e+00	5.066856514865002481e+01	3.481232990734114269e-02	-1.771527988752359022e+02
5.469033575551323523e+00	5.172459767199399039e+01	-4.473226235373382181e-02	-1.808253872476795721e+02
5.476177730420278778e+00	5.016208497987566517e+01	-2.318705326060823638e-03	-1.754314235421238664e+02
5.482708935702562236e+00	5.053850401955978811e+01	5.360478787909812859e-02	-1.768380995825004618e+02
5.487722405008360838e+00	5.400805417046580459e+01	-4.143512137972063698e-04	-1.888956479877051606e+02
5.494194284996126498e+00	5.579330210425515446e+01	5.040538821368518996e-02	-1.952322669721783370e+02
5.501391471009256406e+00	5.622052970189559318e+01	1.174973708960298235e-01	-1.968087611627986462e+02
5.507128202673079009e+00	5.389835229982953990e+01	1.262095041176197197e-01	-1.887065254729513697e+02
5.512278020050448646e+00	5.888386315387785430e+01	6.529951215630544481e-02	-2.060959881106474256e+02
5.519395563377015534e+00	5.885501678573427853e+01	-7.266923779407036266e-02	-2.058713621097795965e+02
5.526598678609708770e+00	5.601273100892333190e+01	2.168597881408285827e-02	-1.960292589954179903e+02
5.532162682462509196e+00	6.235945158974400471e+01	4.611431945712313879e-02	-2.182774552698051878e+02
5.537397124017139127e+00	5.941995830263955725e+01	-5.318627068061915208e-02	-2.078930554731672942e+02
5.544582756485218589e+00	6.366085803084096284e+01	-1.592900334143683150e-01	-2.226379416107324687e+02
5.551739327507637434e+00	5.438584539814854679e+01	7.725858422344294985e-02	-1.904203770350465561e+02
5.557493306674907707e+00	5.232980377576413389e+01	-2.993634893658672635e-02	-1.831208338003605149e+02
5.562281709102816940e+00	6.503868874387926269e+01	-4.304305970656017999e-02	-2.275907055399892158e+02
5.569272720323164449e+00	5.811324364532478626e+01	-2.887733127757919488e-02	-2.033670594906695328e+02
