8.899641224696953554e-03	3.789193059861121001e+05	1.722125021815482760e+05	-1.010442714428822394e+06
1.507912216506557788e-02	2.719454598390990286e+05	1.877477940196956915e+05	9.313919768985528208e+03
2.144790186456836667e-02	8.993332317641170812e+04	2.177669959837826900e+04	-1.001821885405829962e+05
2.783660776489276650e-02	4.859355662801706785e+04	4.843856232687408919e+04	1.906785048029054087e+04
3.435099785803411021e-02	1.860810375243922317e+04	1.542916880886187937e+04	-1.263136600827471966e+03
4.047886761425745911e-02	9.320206548848860621e+03	7.629717386823135712e+03	-2.272007526738660999e+03
4.676716683575679601e-02	8.606775165756047500e+03	7.511001702685183773e+03	1.050444786971877420e+03
5.308225101765951665e-02	1.166932874100564186e+04	1.036084659080709207e+04	-3.973881500909949978e+02
5.945362440940590160e-02	1.208275273833513347e+04	8.705143080538398863e+03	3.574566867381631710e+02
6.576224814588792211e-02	1.256643735748883773e+04	1.168651679468808106e+04	4.568103636673833535e+03
7.196632906698736953e-02	9.773311159234022853e+03	9.338293074835197331e+03	-2.307348648124199997e+02
7.827860915688347743e-02	6.349196684291721795e+03	5.973868045082719618e+03	4.040321185886119792e+02
8.470398945834539672e-02	4.370100244160658804e+03	5.494489739770021515e+03	2.790389981939767949e+03
9.096854620527369817e-02	2.977020492924425525e+03	3.680890548194839994e+03	9.837180609668486113e+02
9.720789776830213169e-02	2.611403045280630522e+03	2.867120433987958222e+03	-2.465400941312838157e+01
1.034763038959366499e-01	2.706842341910496543e+03	3.267676087008701870e+03	1.229786891630325499e+03
1.097576444254559219e-01	2.830538458519339201e+03	2.767115226852588876e+03	8.422280613800536457e+02
1.160543084780093354e-01	2.871534976497997832e+03	2.690508103387417577e+03	7.641370112549741407e+02
1.223669666537485351e-01	2.568371007306840966e+03	2.186284527868232544e+03	4.944315929397516243e+02
1.286817263090294094e-01	2.226407641609811435e+03	2.062329082175906478e+03	2.628503822938910162e+02
1.349500801664080818e-01	1.938861449119593090e+03	2.035962333266429368e+03	4.232287350704758069e+02
1.411949558842147678e-01	1.608002851320804666e+03	1.910971785510044811e+03	3.364929393539278522e+02
1.475133575747468451e-01	1.417754603920620184e+03	1.728221043723925504e+03	2.446509684661521646e+02
1.537865074252268427e-01	1.293123523074234527e+03	1.567159373070007859e+03	3.186400324277942673e+02
1.600657544051110326e-01	1.227366601413332546e+03	1.445481337877656188e+03	3.300034029013074814e+02
1.663991168687080635e-01	1.167361142207798366e+03	1.202808522420788449e+03	2.262697956850695675e+02
1.727195645776442856e-01	1.112856180237773515e+03	1.172768487986954824e+03	2.663385381083972447e+02
1.789765213377084718e-01	1.018661859180974375e+03	1.024437111098392279e+03	2.740964902065960587e+02
1.852353690647852158e-01	9.565038770060898514e+02	1.033605362178866471e+03	2.817686591995369554e+02
1.914806787341157279e-01	8.643259117647838821e+02	9.378788807325466905e+02	2.350288862745205165e+02
1.977889868651535599e-01	8.135026345354960995e+02	9.476208367298611392e+02	2.755691694397437459e+02
2.040937735447724277e-01	7.364674704138494690e+02	8.294072343342207887e+02	1.235125691446055924e+02
2.103939302609846018e-01	6.967885333876937466e+02	8.009624849107292448e+02	1.690316636876183054e+02
2.166909709822301688e-01	6.646943524455590477e+02	7.880700177869900926e+02	2.112856488715158036e+02
2.229700281216152047e-01	6.092700419787259989e+02	6.724367080494465654e+02	1.306143024650421012e+02
2.292620027086341994e-01	5.739170144201540325e+02	5.959422939141716142e+02	8.961242611486932219e+01
2.355141508366812297e-01	5.529183327543938731e+02	5.922446791244101405e+02	1.436587869077028756e+02
2.417910583817859116e-01	5.212053000659234385e+02	5.726072895653062460e+02	1.708559520255467703e+02
2.480856539439619257e-01	4.884857560015593663e+02	5.534594517774694395e+02	1.523369714832622890e+02
2.543492256872954549e-01	4.751842056810444319e+02	5.293470063092070177e+02	1.743746994585843026e+02
2.606334251884805386e-01	4.366772157461066399e+02	5.145786905573752392e+02	1.628748724956246861e+02
2.669257370896960802e-01	4.149554102918789908e+02	4.665030704853664929e+02	1.425204550181933598e+02
2.732423343141155980e-01	3.889765171028847135e+02	4.363336818989704398e+02	1.310441102506928814e+02
2.795529680084415936e-01	3.706269589612113009e+02	4.064731666067581273e+02	9.170318598799674703e+01
2.858366292314493129e-01	3.597025921102582515e+02	4.009032187855322604e+02	1.242621076585778752e+02
2.920876271394311496e-01	3.381127555958626658e+02	3.761500818762058316e+02	1.134343105358976658e+02
2.983449844439822751e-01	3.237328633854082796e+02	3.631090751956020881e+02	1.105600166781166962e+02
3.046382639407197446e-01	3.044220853234241986e+02	3.243768417828659381e+02	8.301785993557241738e+01
3.109279127003197196e-01	2.930559314689005532e+02	3.316847277113025712e+02	1.084709719179880238e+02
3.172168171618398036e-01	2.830226976082370243e+02	3.225362434209781100e+02	1.168934459817322562e+02
3.235187567944423082e-01	2.721576878174142280e+02	3.078174060501418126e+02	1.012142027565200948e+02
3.298168217550395687e-01	2.587748281713118672e+02	2.806798264667605167e+02	8.365953414723306025e+01
3.361176429457156667e-01	2.459219778015314830e+02	2.712878306887592998e+02	7.594406300971787971e+01
3.423700375709273769e-01	2.342111129086563324e+02	2.558700472145197580e+02	8.795870325458527361e+01
3.486478192666269682e-01	2.232467168984549062e+02	2.435294873829170683e+02	8.151070130976302153e+01
3.549411614411318028e-01	2.163223624497826734e+02	2.286711339437076447e+02	6.833681142957108534e+01
3.611916935421040642e-01	2.095853170686298199e+02	2.367926374291060085e+02	8.976008932345337143e+01
3.674767089563572564e-01	2.001193220251786045e+02	2.180847995539182591e+02	7.723808556558384453e+01
3.737647795277591056e-01	1.920405529069035424e+02	2.102743307318574182e+02	7.524514302067531446e+01
3.800654031475132477e-01	1.863906939911045413e+02	1.994149506457130769e+02	6.613596478639524889e+01
3.863539861259823738e-01	1.768205404133477145e+02	1.865641550103163127e+02	5.802626217415287613e+01
3.926140181364449755e-01	1.717121829005328095e+02	1.880747882353620071e+02	6.861526284692203603e+01
3.989264500321934581e-01	1.644005193511694358e+02	1.796408523466804183e+02	6.258175546181596616e+01
4.052073244576828714e-01	1.578194522895946648e+02	1.681187807359444548e+02	6.073971977507433451e+01
4.114916477570477182e-01	1.529551838732313627e+02	1.603888874869315941e+02	5.913806689452152199e+01
4.177814272116491257e-01	1.476058845645877682e+02	1.568321933852434142e+02	5.637341752054240374e+01
4.240400648725131116e-01	1.420844531211387505e+02	1.451717071547751345e+02	4.762433001091283558e+01
4.303425690270192283e-01	1.360702050821203670e+02	1.401609892378177165e+02	4.652950155905916318e+01
4.366358560255625965e-01	1.334376461274874259e+02	1.376209683678925728e+02	5.251765607521254253e+01
4.428996183220763605e-01	1.276004249400433110e+02	1.291284535543840377e+02	4.345676319059372616e+01
4.491634418529859563e-01	1.232918756176808444e+02	1.252976577726353327e+02	4.088519262961744261e+01
4.554414146254732731e-01	1.206480387942503398e+02	1.214530587930784975e+02	3.936308827126241283e+01
4.617634470301058558e-01	1.155370992273618782e+02	1.170713854325450143e+02	4.142569707526662626e+01
4.680644242023710433e-01	1.120779174280618804e+02	1.145163621378629557e+02	4.213530275291178384e+01
4.743485242764365895e-01	1.084618996131936939e+02	1.100272090176374746e+02	3.715132472582342160e+01
4.806356136815400082e-01	1.059611928059604793e+02	1.098522898910871675e+02	4.510805519256586393e+01
4.869019258388697646e-01	1.024737268969631288e+02	1.032115676919417382e+02	3.835046568857823246e+01
4.931697099599955947e-01	9.920550435608430462e+01	9.946580904579364812e+01	3.332797521544875963e+01
4.994506747144535908e-01	9.712154810108533809e+01	1.007890469266759794e+02	4.100177653182332449e+01
5.057159051335421429e-01	9.386455241668176086e+01	9.642541537621363545e+01	3.752963629240861110e+01
5.119923996268095356e-01	9.094872990994599604e+01	9.046624108721164248e+01	3.503579850012724961e+01
5.183126097768406826e-01	8.848588390794856195e+01	8.786890953180446218e+01	3.337638400795556493e+01
5.246089638029100000e-01	8.592528782841688439e+01	8.506674158921379103e+01	3.433764269014513104e+01
5.308757308483337267e-01	8.350859816222852317e+01	8.266499635174088212e+01	3.266390104463385313e+01
5.371573527946726934e-01	8.152515191517228743e+01	8.151141361887370351e+01	3.135005889525706024e+01
5.434579563783791256e-01	7.853889929769341904e+01	7.633101007106505165e+01	3.109093130924542692e+01
5.497430652392217842e-01	7.679761442963635432e+01	7.600895626010603223e+01	2.947021767578935680e+01
5.559937427501778773e-01	7.419308647196153572e+01	7.061318808432820049e+01	2.906795405896075124e+01
5.622854676609657654e-01	7.296746310634411259e+01	7.109407763750303388e+01	2.968514200326517738e+01
5.686011537227265711e-01	7.083392362530862840e+01	6.766756329238660328e+01	2.872907663732109995e+01
5.748804589422079614e-01	6.832407946524674003e+01	6.589868798473676748e+01	2.748612317267610550e+01
5.811550210340560296e-01	6.663179714790992136e+01	6.412330004759294866e+01	2.740743365074305871e+01
5.874394496660968468e-01	6.426747350945140624e+01	6.048180072640129623e+01	2.661664478705004555e+01
5.937176220296899176e-01	6.291600667267465496e+01	5.806276825897509042e+01	2.242429873608906021e+01
5.999971954793682505e-01	6.146579383816905562e+01	5.690702745022451836e+01	2.405945974338188620e+01
6.062679115124277596e-01	5.996302740938985210e+01	5.570865689074585703e+01	2.236431836530124784e+01
6.125469576444534381e-01	5.835826486433655447e+01	5.405216382930804997e+01	2.279350730301561967e+01
6.188477733041515272e-01	5.688487869284037401e+01	5.245254132093251087e+01	2.315587737552152348e+01
6.251310567437898813e-01	5.564761675316557188e+01	4.979317056790566909e+01	2.034865151612272882e+01
6.314027450383210560e-01	5.433780153675828473e+01	4.912426573027443055e+01	2.173399686138600018e+01
6.377003562732055375e-01	5.311647376780575769e+01	4.888972668843101133e+01	2.208039155103547202e+01
6.439857783314556494e-01	5.188309862625726510e+01	4.783038762596231663e+01	2.107575812559806039e+01
6.502685417166111925e-01	5.030401066487146267e+01	4.659329004083010517e+01	2.435985917045648463e+01
6.565586117699038216e-01	4.894769996893781894e+01	4.415520517482887897e+01	2.045930965898210729e+01
6.628369282359254377e-01	4.819981513302951726e+01	4.313365689562978389e+01	1.976321964940522236e+01
6.691185444962194362e-01	4.680058969392845825e+01	4.127884320234134208e+01	1.805083909942103659e+01
6.754070198575605755e-01	4.574460007902443692e+01	4.040286416205664466e+01	1.849711769234221492e+01
6.816835514593204692e-01	4.469371598063158757e+01	3.910635712144203069e+01	1.935756954023272769e+01
6.879592533861698112e-01	4.354889358748341976e+01	3.719981161074527165e+01	1.636228711197832197e+01
6.942344317039531587e-01	4.264669719479427812e+01	3.748480808939777376e+01	1.827445861259331394e+01
7.005175402434737908e-01	4.188170768862311633e+01	3.572315347911214900e+01	1.720068192431289589e+01
7.068124956608716758e-01	4.075757010755977916e+01	3.536174396476834403e+01	1.745070392955724259e+01
7.131019009674921527e-01	3.985470229617327220e+01	3.408650669991445170e+01	1.684261244785132661e+01
7.193918251171427247e-01	3.888671019729124367e+01	3.298586931433209912e+01	1.562328281285243570e+01
7.256833807598113140e-01	3.802709465726013605e+01	3.200369856140693514e+01	1.627799747132456076e+01
7.319652682709349989e-01	3.723258602279841512e+01	3.080392534756075307e+01	1.456691153230705638e+01
7.382507990484923344e-01	3.670758890797368679e+01	3.157879522558839014e+01	1.678638036739410566e+01
7.445265842115937893e-01	3.573990018011166114e+01	3.010715430289925720e+01	1.539631581017877338e+01
7.507871101942712455e-01	3.511000562491223320e+01	2.962073017089503324e+01	1.567919224062458028e+01
7.570758465316046459e-01	3.411863872803949960e+01	2.824300404303241407e+01	1.384730458464801650e+01
7.633641233600957365e-01	3.375385166462139352e+01	2.753403152178307067e+01	1.443293855024910499e+01
7.696462959862266917e-01	3.281706592282565538e+01	2.705777215465073837e+01	1.443245466845212732e+01
7.759394865175414102e-01	3.215234252680562577e+01	2.580475165442832974e+01	1.328573556257152255e+01
7.822329141989586843e-01	3.143095314332138912e+01	2.546067874068214110e+01	1.366711087489231780e+01
7.885314936520240181e-01	3.093993402600218090e+01	2.429824229727214657e+01	1.246702562660473390e+01
7.947896566979522071e-01	3.027779809786871823e+01	2.402209710153267253e+01	1.296846828587647771e+01
8.010491096592354809e-01	2.974963443625489035e+01	2.379818522364221067e+01	1.279753783282944291e+01
8.073364061727361651e-01	2.915061992774957034e+01	2.295736616267016572e+01	1.235117137921891839e+01
8.136229488373866170e-01	2.854460739754998855e+01	2.235748465813995622e+01	1.246082464745815876e+01
8.199152998961036776e-01	2.799027894269529071e+01	2.185792857815874513e+01	1.231269718413023284e+01
8.261952636392789762e-01	2.752124578393528509e+01	2.155396585137951249e+01	1.217614797561834195e+01
8.324897070080405914e-01	2.682666195638145368e+01	2.041214940151029822e+01	1.180354641484117373e+01
8.387959309210778480e-01	2.643652643444483274e+01	2.021473659412095003e+01	1.152867616968534747e+01
8.450634639703045181e-01	2.595194516955464437e+01	1.950462452935169466e+01	1.145798701935932762e+01
8.513282867562648182e-01	2.535808502518756669e+01	1.937354652560743773e+01	1.160977789723001941e+01
8.576198263902009566e-01	2.488252073470685488e+01	1.896566337025963378e+01	1.145454526218957447e+01
8.639058477062415697e-01	2.438460445705544188e+01	1.839387604838541179e+01	1.169269274265840508e+01
8.701838745487597837e-01	2.404775836220435181e+01	1.839002482105144409e+01	1.119900797874571197e+01
8.764641096075268534e-01	2.353245393161777343e+01	1.731056384609587795e+01	1.072909620486198179e+01
8.827503873399735745e-01	2.313645620906035916e+01	1.686910894901983582e+01	1.066424286846180713e+01
8.890332768393869323e-01	2.270076397578845828e+01	1.638444040323690132e+01	1.067921459159547837e+01
8.953084247113127780e-01	2.221027051524975349e+01	1.619478615826818313e+01	9.974177643015329053e+00
9.015956521667095602e-01	2.209002432080682610e+01	1.603745741020500759e+01	1.031910382515229330e+01
9.078833328094829680e-01	2.153687940985105342e+01	1.578381319919979298e+01	1.009380802054569415e+01
9.141744106319863450e-01	2.125486473438684598e+01	1.512737544017518410e+01	9.949038750775178741e+00
9.204630817717615043e-01	2.072747914917393430e+01	1.482249294757503577e+01	9.654665917135782038e+00
9.267434415264711456e-01	2.044130757370167828e+01	1.482507986664648669e+01	9.528997228788446350e+00
9.330324197354928906e-01	2.009563904661740708e+01	1.425943582608491234e+01	9.368425441137413046e+00
9.393265785573878812e-01	1.977531497002283345e+01	1.405361740895029854e+01	9.697964279677856680e+00
9.455974810398196650e-01	1.937169851554093469e+01	1.347892977187028762e+01	9.001449537812074908e+00
9.518660018545171964e-01	1.917264010752042225e+01	1.343311156628580072e+01	9.603979448594238022e+00
9.581413255531838757e-01	1.886070564097191493e+01	1.295883030337896535e+01	8.957741133411655454e+00
9.644350945109106954e-01	1.840753932767933421e+01	1.269726148591342785e+01	8.921213135849129117e+00
9.707355633568249820e-01	1.807284443322406275e+01	1.208630901622771425e+01	8.503480830138867574e+00
9.770080768450029041e-01	1.778760694975720114e+01	1.199995126588909322e+01	8.787010663881774875e+00
9.832823325363413414e-01	1.760343330865500988e+01	1.197121800901118505e+01	8.594373742163844199e+00
9.895569691966674686e-01	1.730507250290669674e+01	1.168294848975319056e+01	8.567799116262351689e+00
9.958456301921106979e-01	1.697349437399249439e+01	1.151681428694190501e+01	8.528927634929129198e+00
1.002136210743837408e+00	1.685189841913971875e+01	1.146100245306838161e+01	8.607465148467763782e+00
1.008404825335135424e+00	1.651200504993058971e+01	1.114838476503548392e+01	8.528224231071154904e+00
1.014694149836243398e+00	1.610115268778705655e+01	1.064484857101838955e+01	8.284434760962673394e+00
1.020992555437297167e+00	1.591601689514535600e+01	1.034420946631619920e+01	7.961656842394638112e+00
1.027273980437394485e+00	1.570258615176781802e+01	1.021218358080355593e+01	7.977663555688618402e+00
1.033559181896017254e+00	1.545930251317611948e+01	1.018865588430442770e+01	7.636580053130316514e+00
1.039847557392594934e+00	1.517957218160919375e+01	9.917143880954590429e+00	7.835517882942336421e+00
1.046126974943305088e+00	1.496046737041946884e+01	9.736750107849839964e+00	8.010108129557194090e+00
1.052403436811028659e+00	1.478196747564980029e+01	9.669516339827804785e+00	7.650226994925801272e+00
1.058680704651608684e+00	1.456052189298084976e+01	9.435913992752150037e+00	7.593048571825926629e+00
1.064964333065789193e+00	1.426738828900189660e+01	9.131736191599875596e+00	7.436794490853617212e+00
1.071256777440835473e+00	1.411310586278054124e+01	9.030847655563626120e+00	7.435284396500746240e+00
1.077544048801078125e+00	1.385683179821134026e+01	8.735586268454074599e+00	7.162154131520683364e+00
1.083824820188043603e+00	1.370738411871934836e+01	8.637007282767125815e+00	7.155984207571848721e+00
1.090108023942816695e+00	1.348002261729050844e+01	8.400481067765174004e+00	7.101442061062726019e+00
1.096389665956643222e+00	1.329969683827256688e+01	8.453137211933979600e+00	7.214653935192396617e+00
1.102681132058841440e+00	1.309862061760392393e+01	8.222818991756343010e+00	6.902101774939106704e+00
1.108963047594879958e+00	1.296544850375346947e+01	8.129399319323079354e+00	6.933505792749599550e+00
1.115225428463759272e+00	1.273635156170240279e+01	7.685857061661838685e+00	6.665630909972153795e+00
1.121502127614767863e+00	1.254327360029447824e+01	7.703691501070431435e+00	6.945549162941092369e+00
1.127792573824792033e+00	1.247139626020566183e+01	7.748282034825468401e+00	7.038549382588461967e+00
1.134089552668382961e+00	1.216836971493284381e+01	7.324457207284075899e+00	6.712665976843677385e+00
1.140364049650405942e+00	1.203138534490765643e+01	7.279265422603580227e+00	6.691614057719951880e+00
1.146639180320979445e+00	1.187551765434764128e+01	7.254694633587093655e+00	6.644591666528430807e+00
1.152942412991649901e+00	1.171511601703997840e+01	7.075259200347178812e+00	6.627185358166853391e+00
1.159228906751078814e+00	1.152281044896922779e+01	6.959033690908911218e+00	6.508189544002569882e+00
1.165508721887268173e+00	1.138920747996355942e+01	6.854039903938630829e+00	6.475583125960600483e+00
1.171793076256210320e+00	1.123392549461897083e+01	6.823416258858989281e+00	6.383624395239340998e+00
1.178087436369658958e+00	1.107810913659518803e+01	6.633259762859038844e+00	6.456656737560527048e+00
1.184367654251526902e+00	1.093927220482821205e+01	6.464598287021456890e+00	6.286436086233880616e+00
1.190634642299266632e+00	1.080445672758854592e+01	6.464837081104574779e+00	6.380672646543134263e+00
1.196912208834400859e+00	1.066920533670385574e+01	6.401107468300937242e+00	6.200412754529518011e+00
1.203201577354146234e+00	1.053846080644276206e+01	6.308530739375580509e+00	6.362569048376831127e+00
1.209486844441705733e+00	1.036549856100671541e+01	6.083246240974975905e+00	6.160956690346268694e+00
1.215763902074809888e+00	1.023099391613413012e+01	6.125565470446838745e+00	6.107556248858378112e+00
1.222049755171146668e+00	1.013859795445569922e+01	5.905079995297941586e+00	6.120289275318285149e+00
1.228340616621486969e+00	1.001972663604273350e+01	5.883740031569526074e+00	6.098424765024357264e+00
1.234632986576932767e+00	9.883084096860685008e+00	5.811768382531682597e+00	5.946824231185359189e+00
1.240902247176856488e+00	9.733919017823662756e+00	5.726072033495256619e+00	5.962544083703097186e+00
1.247174839144687519e+00	9.653988750125883200e+00	5.560814387570366613e+00	5.816346362613835197e+00
1.253465459933442272e+00	9.537035122703091616e+00	5.566161294857568720e+00	6.081530292061016141e+00
1.259749951892178421e+00	9.441618609061862344e+00	5.517431173925188226e+00	5.879542040634697209e+00
1.266032143127253873e+00	9.313167883111766798e+00	5.411208508859666644e+00	5.748173968563261127e+00
1.272316288472006507e+00	9.204212935103523563e+00	5.510789580062503745e+00	6.081556623888794810e+00
1.278604155058621350e+00	9.074662538790905231e+00	5.274286606686567680e+00	5.942325708665779693e+00
1.284886588933593865e+00	8.991549577690316042e+00	5.383224340581853617e+00	6.105338940219509070e+00
1.291175420066583257e+00	8.882420882783785387e+00	5.178437829144939109e+00	5.936243455648908984e+00
1.297465726373772332e+00	8.774601006917677637e+00	5.118164449882145028e+00	5.842746385635351203e+00
1.303741827011944299e+00	8.658434500209891027e+00	5.057166755379498113e+00	5.812192105235467920e+00
1.310017322922761851e+00	8.601388335734977630e+00	5.051474776442841375e+00	5.843735186985886010e+00
1.316301447662886703e+00	8.469327525240032628e+00	4.911520549505204336e+00	5.709241113608999996e+00
1.322586760363303249e+00	8.396188809829920885e+00	4.891100366914216124e+00	5.851968106073271336e+00
1.328865492452874664e+00	8.282912082960134370e+00	4.860070753886271966e+00	5.789410505492011971e+00
1.335144804954555564e+00	8.220147859982743554e+00	4.945009360934411902e+00	5.861530936621291765e+00
1.341440516272275119e+00	8.137493239519489663e+00	4.883738353785894049e+00	5.784465519552839829e+00
1.347730868417094552e+00	8.023482485628706584e+00	4.739743440203979752e+00	5.741193460645487967e+00
1.354001589994877630e+00	7.981368525497103406e+00	4.824500362147883692e+00	5.943334987726415442e+00
1.360282609297778444e+00	7.894368556110170410e+00	4.667112545239703536e+00	5.744539186722647628e+00
1.366565686457597906e+00	7.812148461913886344e+00	4.693675027823950963e+00	5.796785553841977467e+00
1.372851498482432708e+00	7.712980453677469761e+00	4.675861253238590365e+00	5.740838853234007111e+00
1.379135372929401804e+00	7.660456008426684171e+00	4.691923206486672271e+00	5.745143908479680483e+00
1.385409567149057164e+00	7.583952686483711680e+00	4.648200009375623054e+00	5.773281369281257902e+00
1.391698641219299315e+00	7.484928885529464004e+00	4.590085044535554992e+00	5.770024486553384513e+00
1.397984451439470810e+00	7.441840857964736600e+00	4.539376069029059657e+00	5.763800261611423004e+00
1.404267883409181961e+00	7.386466271263282479e+00	4.548548580115009621e+00	5.825052806515783388e+00
1.410554779484869181e+00	7.299705881269308527e+00	4.527904068163729256e+00	5.809344304769283873e+00
1.416837833547465397e+00	7.224488105881416544e+00	4.541633343428578939e+00	5.851065790018263435e+00
1.423118177187137068e+00	7.188093781082384837e+00	4.516943615781589649e+00	5.921050938561887911e+00
1.429397801164240089e+00	7.087882556844364856e+00	4.468057586234203349e+00	5.809849910302812503e+00
1.435686921822787232e+00	7.023002624056552179e+00	4.413922736367168476e+00	5.836051807822120630e+00
1.441977121769299597e+00	6.970805643073769708e+00	4.456849780262078120e+00	5.841577162920435384e+00
1.448253667853332427e+00	6.917101200802124872e+00	4.494145740825270963e+00	6.010184867119817476e+00
1.454532348972172651e+00	6.839977661555920463e+00	4.373649221594610559e+00	5.928183818257837245e+00
1.460819319151879903e+00	6.780667366466071044e+00	4.366669411179764815e+00	5.873563774911283453e+00
1.467110364402026468e+00	6.739786648367304345e+00	4.334913223432019791e+00	5.980697064309157263e+00
1.473392908948962132e+00	6.696505475639049187e+00	4.374993897590710112e+00	6.017584552321610936e+00
1.479669965243598950e+00	6.633792424643189634e+00	4.378360410009711323e+00	6.013472310456376313e+00
1.485956144602843532e+00	6.587988040119411970e+00	4.429030246280139416e+00	6.029583119440404815e+00
1.492233610763115115e+00	6.534837158947730096e+00	4.335737268140521294e+00	6.047636530917723796e+00
1.498502470379980078e+00	6.458380321753997677e+00	4.337976910514028006e+00	6.122303391453881360e+00
1.504785752051182701e+00	6.424650699839397738e+00	4.340142644960710783e+00	6.091892962701407122e+00
1.511075991894575976e+00	6.376334303554876293e+00	4.358209858747569498e+00	6.115364924789518319e+00
1.517361634985162189e+00	6.329496527262945094e+00	4.337910294292946389e+00	6.250953345155341623e+00
1.523648570969130533e+00	6.291004186697929157e+00	4.319247104112537983e+00	6.229666214956563586e+00
1.529938035715892264e+00	6.258088763874951610e+00	4.416574326816439466e+00	6.341721030319254382e+00
1.536230176913891965e+00	6.201580663988696784e+00	4.394330359334575498e+00	6.331631295343864707e+00
1.542510718779388279e+00	6.182615366849817384e+00	4.425948085810237131e+00	6.409043695041231281e+00
1.548783963082980275e+00	6.127487941841683217e+00	4.367253062352308923e+00	6.381969532343276796e+00
1.555073069779651318e+00	6.094304137004338706e+00	4.430293448445759452e+00	6.441299446141395713e+00
1.561357324927233892e+00	6.040917132138180712e+00	4.366303144859022822e+00	6.490913866922547015e+00
1.567629121053141006e+00	6.021722531048038007e+00	4.445060732087060984e+00	6.612127881658044437e+00
1.573913697404382583e+00	5.987321742530580693e+00	4.387942074949465976e+00	6.527091343310508442e+00
1.580203545230874029e+00	5.944597968252169906e+00	4.413000418676976899e+00	6.545205203376067260e+00
1.586485393434537983e+00	5.907593399235146592e+00	4.420628332222887202e+00	6.612724451357564703e+00
1.592760014263005841e+00	5.904506305835039548e+00	4.542370905885435128e+00	6.767442935018431527e+00
1.599046436394670812e+00	5.839964514252677041e+00	4.492126289448219900e+00	6.727207798973767083e+00
1.605342136637478934e+00	5.841285301952606090e+00	4.537351966287269001e+00	6.934089823999551427e+00
1.611619860919608627e+00	5.782717798610242710e+00	4.494920775430872872e+00	6.826356998883827742e+00
1.617897597081673799e+00	5.788009071586579957e+00	4.563309869360575810e+00	6.948777966176925780e+00
1.624183235481122756e+00	5.731222142668443986e+00	4.542578418032289456e+00	6.924966216116729356e+00
1.630464598531913722e+00	5.699931212138945824e+00	4.479886078740444866e+00	6.919505390610043882e+00
1.636748985747638274e+00	5.685600073415192135e+00	4.586287137195839136e+00	7.074616161848683582e+00
1.643030923698886259e+00	5.654522671800398470e+00	4.569271490442298855e+00	7.086237598313673836e+00
1.649309176648513064e+00	5.620759090690502724e+00	4.544239773528295778e+00	7.074851481146451349e+00
1.655593633940351861e+00	5.596473025302965532e+00	4.606882325542903445e+00	7.150594820391530604e+00
1.661879571405086464e+00	5.591993352403640927e+00	4.618999802311415159e+00	7.332304788614009361e+00
1.668169361685170271e+00	5.545654004897258460e+00	4.618759332146544772e+00	7.268909472182770060e+00
1.674450151530487485e+00	5.538789334714409485e+00	4.622217998496383373e+00	7.386767081462673801e+00
1.680722718978495900e+00	5.524752174932745064e+00	4.674893015930345896e+00	7.439653430223451380e+00
1.687013891340952476e+00	5.478574735738373391e+00	4.647924808163740984e+00	7.419752593749090686e+00
1.693308984907921033e+00	5.478832839366527985e+00	4.656770072482225409e+00	7.499372156461785899e+00
1.699582147428448486e+00	5.457622297755545304e+00	4.654598381300977472e+00	7.559943297428189268e+00
1.705863747055134105e+00	5.438773900350052593e+00	4.701716009793352136e+00	7.655597776119613229e+00
1.712154434283889470e+00	5.429022895410580141e+00	4.740846069301980492e+00	7.717730681937441162e+00
1.718438381579399321e+00	5.407631952997922653e+00	4.722637083412833725e+00	7.665896263473089611e+00
1.724721264464063930e+00	5.388207133830155371e+00	4.712289036371890560e+00	7.784895882534955014e+00
1.730997441276920679e+00	5.362485093421583748e+00	4.701660626497178086e+00	7.741399705463628322e+00
1.737287073528269499e+00	5.351240582122383849e+00	4.717178179365068225e+00	7.833674237668391882e+00
1.743567991878527401e+00	5.354768101258676083e+00	4.760829291213808823e+00	7.930208171715024790e+00
1.749840680212231048e+00	5.335314067023479545e+00	4.820614264810338057e+00	7.942436365410970645e+00
1.756128549091961144e+00	5.324588090648537886e+00	4.829488713878038908e+00	8.096832652934050856e+00
1.762413535324792502e+00	5.309748511979075047e+00	4.753615299287995200e+00	8.092391661389171986e+00
1.768696187669963837e+00	5.281228575699858929e+00	4.833197950079486382e+00	8.142759492717875247e+00
1.774979359379055266e+00	5.287910914627490300e+00	4.828734041261919074e+00	8.246100095866685464e+00
1.781265555576432957e+00	5.282266089949161803e+00	4.832733307857147054e+00	8.275594374553541854e+00
1.787549427830244619e+00	5.286972752627838723e+00	4.892718736740797603e+00	8.430202005326783876e+00
1.793834120011633004e+00	5.262311854309599468e+00	4.875858834003850006e+00	8.415639787269034500e+00
1.800115051552487300e+00	5.262073889815717109e+00	4.898595561137953247e+00	8.512411503013828096e+00
1.806393904854530330e+00	5.233654681473109527e+00	4.778574585060225033e+00	8.391110543841447722e+00
1.812674089667083432e+00	5.255859744794235233e+00	4.903655678059852363e+00	8.612398297587782636e+00
1.818956920109354058e+00	5.231165198381374282e+00	4.864290456333302259e+00	8.628395710676205255e+00
1.825244164118212220e+00	5.217583395827983139e+00	4.821622399364040135e+00	8.619835197725167930e+00
1.831527256642196955e+00	5.227607070094907549e+00	4.918391796369333768e+00	8.766637303153910210e+00
1.837811294935716599e+00	5.221373254680723441e+00	4.854245910715142109e+00	8.758196301999237932e+00
1.844100717411196744e+00	5.230695385202570158e+00	4.875412277773648384e+00	8.882571886433797914e+00
1.850384816792487230e+00	5.212878357212847646e+00	4.853144279396070182e+00	8.843186062833090944e+00
1.856666059735203822e+00	5.218171893392673510e+00	4.895710442819029673e+00	8.986769868552723750e+00
1.862947728675613979e+00	5.230944959654775239e+00	4.876323257512551024e+00	9.079508349288756719e+00
1.869229324466858078e+00	5.227264320222087868e+00	4.823497942400343241e+00	9.112488076475640852e+00
1.875517616802973686e+00	5.217621391520983920e+00	4.847848894661704655e+00	9.157547925813842582e+00
1.881800769033795229e+00	5.222518226372129035e+00	4.901833657058109139e+00	9.233041797739067746e+00
1.888078863416442710e+00	5.223713981968606923e+00	4.882902296968969935e+00	9.291165964016062873e+00
1.894353975182237582e+00	5.211450932392590829e+00	4.815345855173501555e+00	9.272418245503370571e+00
1.900642716154182565e+00	5.223455832113785391e+00	4.834074742009456749e+00	9.339108501928992112e+00
1.906933494748685121e+00	5.213994871515118312e+00	4.780449490651762723e+00	9.330786855789227729e+00
1.913207568676573933e+00	5.227081805460151998e+00	4.794720907816371280e+00	9.444978260141668969e+00
1.919490884732178992e+00	5.244773074466573703e+00	4.816894876640154699e+00	9.540327570500211962e+00
1.925776855684274480e+00	5.241420725793682678e+00	4.739138577785801942e+00	9.554909309212705537e+00
1.932064452961978152e+00	5.245650824467172235e+00	4.714680941859490382e+00	9.584526004646921393e+00
1.938342610030488800e+00	5.261130842171573008e+00	4.814106547675144121e+00	9.790890486470003040e+00
1.944618341543410178e+00	5.248476311702065189e+00	4.683046541796292317e+00	9.675628827524468178e+00
1.950906260203513876e+00	5.271347299280339627e+00	4.743782005937576152e+00	9.813345417007658611e+00
1.957194556613796488e+00	5.280483705444250830e+00	4.735999937676235838e+00	9.912648563556430759e+00
1.963479614559011432e+00	5.285058845571542818e+00	4.636913429914593543e+00	9.907534424711121446e+00
1.969760361532916226e+00	5.308703949884143292e+00	4.683083694973632305e+00	1.004930057337126748e+01
1.976048367034604736e+00	5.290136112592922046e+00	4.589230927174369867e+00	9.995324974318661404e+00
1.982337990217652335e+00	5.339783653188333368e+00	4.612603437390748518e+00	1.019301346916167539e+01
1.988617489259562721e+00	5.317096674270904266e+00	4.591110694667441372e+00	1.016500602960288191e+01
1.994896320665194178e+00	5.330862464107904763e+00	4.570885075668664754e+00	1.021056284501471367e+01
2.001179596222827151e+00	5.339180593211159120e+00	4.515355440364179351e+00	1.018291171104320014e+01
2.007459756923499761e+00	5.341520526030924643e+00	4.432048929536477999e+00	1.020584262006756937e+01
2.013737397779169935e+00	5.349865626249363793e+00	4.403644134989385783e+00	1.027825817763029548e+01
2.020017234677497164e+00	5.399088089693034220e+00	4.443923445540219674e+00	1.048711732377251771e+01
2.026310251015072783e+00	5.405186703848890772e+00	4.341314441606663799e+00	1.047503289007821792e+01
2.032600542948020284e+00	5.411697277168692644e+00	4.320290334249611064e+00	1.047878323413396906e+01
2.038873863192099289e+00	5.436542022586744238e+00	4.202085417144133750e+00	1.054421095412217291e+01
2.045154087821675404e+00	5.449183495345786277e+00	4.284150806706088055e+00	1.071374665896025391e+01
2.051444704514288730e+00	5.447965477115177535e+00	4.177881737584875133e+00	1.066166759130707042e+01
2.057730430280644729e+00	5.470745375609725514e+00	4.096298787418240828e+00	1.071665821281414388e+01
2.064013940455224461e+00	5.492896930361104602e+00	4.212550249576391792e+00	1.083909604333522303e+01
2.070299891179459895e+00	5.499396333251614699e+00	4.037532087113154589e+00	1.080107179366239833e+01
2.076589719964883951e+00	5.542537296098730693e+00	3.990037588898214693e+00	1.089222624610137657e+01
2.082865483794470673e+00	5.536599250293638086e+00	3.865013892453856847e+00	1.083095498327545236e+01
2.089134494859368640e+00	5.589034967943504739e+00	3.936622586947025049e+00	1.114023857098891135e+01
2.095424211360070288e+00	5.585470682465113690e+00	3.856970197651313992e+00	1.107645078271080585e+01
2.101707116664804254e+00	5.625175181326619978e+00	3.817551481122486656e+00	1.118037590458489206e+01
2.107986473933564309e+00	5.622060279955690909e+00	3.709170574874818271e+00	1.109814446249595044e+01
2.114271806543862375e+00	5.645354764727819052e+00	3.669081880474079682e+00	1.119615884659741134e+01
2.120552717288892275e+00	5.675723591334315365e+00	3.628394531465903849e+00	1.127040528489947668e+01
2.126836933207161717e+00	5.687926599722938015e+00	3.625922166839135041e+00	1.131021353809704877e+01
2.133122044791171845e+00	5.726066048806701225e+00	3.581978488184791587e+00	1.145076453507984127e+01
2.139411711910842673e+00	5.745909093379329313e+00	3.454239470835115622e+00	1.144595291176334051e+01
2.145697076775292089e+00	5.774707599417266302e+00	3.405956873249394778e+00	1.150149671290247255e+01
2.151973548606471276e+00	5.779415015376012654e+00	3.336906733331653996e+00	1.152032738437995008e+01
2.158259913555724108e+00	5.830763751490563251e+00	3.289125310553541848e+00	1.160911538635792617e+01
2.164545396699105506e+00	5.850891229578214059e+00	3.185672935904993341e+00	1.170221030734372292e+01
2.170830700377734068e+00	5.876134598924841690e+00	3.205159992340381514e+00	1.171892845470200406e+01
2.177114138849150393e+00	5.891537734311824259e+00	3.123780485619496172e+00	1.176457491134493161e+01
2.183387647576827018e+00	5.927180204887749326e+00	3.002287994420003159e+00	1.179796825972362662e+01
2.189670273687676971e+00	5.960567803011670662e+00	2.975050072431132619e+00	1.190390177365756408e+01
2.195960147934207463e+00	5.965519701662328700e+00	2.888162749753833580e+00	1.188409266101785455e+01
2.202242556317716371e+00	6.029525466496749253e+00	2.865357451501640895e+00	1.211185132112007601e+01
2.208521655981037668e+00	6.044295407838212952e+00	2.801620577533959544e+00	1.208546162774274357e+01
2.214804637081333016e+00	6.082448221057703108e+00	2.660689900313011780e+00	1.214879743555232849e+01
2.221092583349425276e+00	6.111598864784236085e+00	2.610723346082859386e+00	1.222263116973373087e+01
2.227372893591468728e+00	6.121869679723333846e+00	2.590121042493640502e+00	1.221494683694160521e+01
2.233657161144248171e+00	6.161380848251989839e+00	2.486760263429503848e+00	1.227731070802931512e+01
2.239943485394438660e+00	6.194634580596700246e+00	2.342683590291930518e+00	1.231477745899431575e+01
2.246224175264620815e+00	6.211844534680322383e+00	2.313632069432997707e+00	1.231879858553728901e+01
2.252506378421252009e+00	6.265823005887964925e+00	2.231254012729997349e+00	1.247972727787703739e+01
2.258783417054270437e+00	6.288909019409828716e+00	2.156098371614579179e+00	1.247955849286410235e+01
2.265069077371457684e+00	6.314095522207439970e+00	2.093455597611629138e+00	1.246201662816553757e+01
2.271350377044131452e+00	6.367181519534254264e+00	2.038520097960080157e+00	1.260645820420243091e+01
2.277633995145353918e+00	6.386308973351576768e+00	1.985345289473106067e+00	1.261399220907318153e+01
2.283922419579920149e+00	6.425023138094284825e+00	1.820959822536259543e+00	1.264886886694180568e+01
2.290202874392252674e+00	6.449144702528631257e+00	1.761738589413186951e+00	1.265240257941597335e+01
2.296490779970905560e+00	6.483088016600267345e+00	1.704661962173388057e+00	1.268959672526143656e+01
2.302771769934229162e+00	6.541322692185448595e+00	1.630317059298134641e+00	1.287304036020253228e+01
2.309051364164305564e+00	6.568113911496475943e+00	1.507064646941397523e+00	1.284373248784799770e+01
2.315338502539088239e+00	6.586302960718683153e+00	1.459629192513542950e+00	1.280633816137178371e+01
2.321627336503874428e+00	6.622255796287719321e+00	1.399873346617845460e+00	1.291129303120441030e+01
2.327911878297218795e+00	6.657549186902419258e+00	1.287335135134433317e+00	1.292157346340635016e+01
2.334186238580297168e+00	6.697940520243469642e+00	1.218839680599693720e+00	1.300508052956335270e+01
2.340467971862688401e+00	6.744746842238516393e+00	1.161804914470489392e+00	1.310331001918383897e+01
2.346756940970738725e+00	6.773611367139363182e+00	1.072388314671763654e+00	1.315618682279493079e+01
2.353044444556199988e+00	6.810274620200393869e+00	1.011525065902276976e+00	1.313529674390309943e+01
2.359327653314069906e+00	6.830949283734534028e+00	9.076169605995135781e-01	1.312451220727891332e+01
2.365603048789861607e+00	6.896342895986038002e+00	8.441847371972134306e-01	1.325817944896572520e+01
2.371885911737665165e+00	6.904092723834432732e+00	7.320211355017653965e-01	1.322087838066829946e+01
2.378173303594019572e+00	6.959979867822364774e+00	6.460999711223172071e-01	1.331176728735140813e+01
2.384454016539381271e+00	6.993757684846349854e+00	5.715504093464169877e-01	1.334138249719250524e+01
2.390736447344785187e+00	7.050859566994493122e+00	5.093673004272207816e-01	1.345157862497502244e+01
2.397014133897952259e+00	7.078767037653476812e+00	3.219058262746782861e-01	1.340449474173524003e+01
2.403295490074321972e+00	7.094051383595751936e+00	3.997700338682445564e-01	1.344771314056608524e+01
2.409585049672506862e+00	7.163843594764538025e+00	3.039696002851197121e-01	1.357995091831579693e+01
2.415871703165322071e+00	7.189080227605815665e+00	2.208749746259779934e-01	1.357094593299494001e+01
2.422160652369088840e+00	7.248829445314632025e+00	6.106999685302274411e-02	1.367856855768574675e+01
2.428440167222748691e+00	7.259499760400884405e+00	-8.448235368026737893e-04	1.354823602985422326e+01
2.434717472383889803e+00	7.311828265322777298e+00	-6.233451775356131652e-02	1.362691656373057647e+01
2.441002456202044257e+00	7.329555418316127557e+00	-6.764166394503214053e-02	1.367378393846546736e+01
2.447289980304530488e+00	7.366187205700090779e+00	-2.232762734410734529e-01	1.366006115294734791e+01
2.453571844729242279e+00	7.445603648210971315e+00	-2.786150992309034957e-01	1.385871939031481936e+01
2.459852705114058846e+00	7.435431584729020216e+00	-3.574319847179594500e-01	1.368064317555664644e+01
2.466139233225018934e+00	7.502019549976968626e+00	-4.377059015648068763e-01	1.382829400000355591e+01
2.472421963421291391e+00	7.532270831956060952e+00	-4.803963215541252052e-01	1.383993849012227351e+01
2.478698519174224568e+00	7.596889165399904442e+00	-6.046275111494673338e-01	1.391672096324275643e+01
2.484980841400355800e+00	7.592966247880684527e+00	-6.266907304691216041e-01	1.383675544837242377e+01
2.491269319409339822e+00	7.648381148725900580e+00	-7.525669936307171071e-01	1.380602673727973340e+01
2.497548505139029373e+00	7.704312112882935715e+00	-8.109831565748275573e-01	1.399094351491613963e+01
2.503831667172610853e+00	7.744161102465447755e+00	-8.894220343696326303e-01	1.398985587200937886e+01
2.510117938323931153e+00	7.781482195970002458e+00	-9.098308087346899109e-01	1.404728456417951499e+01
2.516400733681277480e+00	7.800989437527954706e+00	-1.002885757060209659e+00	1.399306793405397542e+01
2.522688226833368130e+00	7.855484987389253604e+00	-1.116532044278548685e+00	1.401011607965020289e+01
2.528971695852665569e+00	7.898076423387099254e+00	-1.125140011580878507e+00	1.413072012275377176e+01
2.535252039407670299e+00	7.942143593433667270e+00	-1.205600586063118707e+00	1.412093459546987617e+01
2.541537514142774512e+00	7.980458844739160007e+00	-1.304588212734732355e+00	1.414579693818282458e+01
2.547823008847572179e+00	8.000570978465576744e+00	-1.366443393934475781e+00	1.410364421054058681e+01
2.554100666580690238e+00	8.055207999630120241e+00	-1.505874920681003593e+00	1.414422103301975930e+01
2.560376788884177301e+00	8.104439009322573995e+00	-1.558584175050510279e+00	1.421805212725377210e+01
2.566667521601497359e+00	8.131128507409854933e+00	-1.562702337691875609e+00	1.417796994306875646e+01
2.572955062237090473e+00	8.151169381810195347e+00	-1.681748386359363412e+00	1.415050670136599820e+01
2.579233771797999175e+00	8.204765150563533282e+00	-1.705438078221171105e+00	1.415994412717514983e+01
2.585520164300948220e+00	8.245676133920452955e+00	-1.797947812948279322e+00	1.419797582036371075e+01
2.591805130332431872e+00	8.289008366520665305e+00	-1.892613212710499759e+00	1.424876157639554641e+01
2.598084074692260881e+00	8.327068068904406317e+00	-1.935337025157350732e+00	1.426079315276178683e+01
2.604360404197643586e+00	8.360821395212155949e+00	-1.998297820488512899e+00	1.428010508016687474e+01
2.610647185140439142e+00	8.415523028104871628e+00	-2.096345603211934527e+00	1.426815537592974792e+01
2.616931864059273138e+00	8.406284717489283409e+00	-2.082739273429897509e+00	1.416907671764961840e+01
2.623206107911065565e+00	8.477754924978183837e+00	-2.160638450125154986e+00	1.427250857308501431e+01
2.629491626543270844e+00	8.483914985203799830e+00	-2.175718973303174764e+00	1.416413582617890476e+01
2.635778507982642349e+00	8.549455600795965893e+00	-2.275232775804739926e+00	1.423434756761423792e+01
2.642061039325260818e+00	8.577988974045645421e+00	-2.343611842207992790e+00	1.426115755142908270e+01
2.648343840729305843e+00	8.624346245780895259e+00	-2.431847207660358112e+00	1.426478368795486062e+01
2.654631838974855551e+00	8.676782289270574822e+00	-2.449495978599179224e+00	1.430826098504843102e+01
2.660919001246303761e+00	8.676071720422822153e+00	-2.432911180192607326e+00	1.421403055012636152e+01
2.667198525130066056e+00	8.770490758781198437e+00	-2.622329380942388877e+00	1.439026645113988145e+01
2.673484307038032526e+00	8.791115455308641913e+00	-2.608418548371785217e+00	1.429444834923505780e+01
2.679773388053849459e+00	8.826884339875972429e+00	-2.717325403073794554e+00	1.432985621918882835e+01
2.686058217632288692e+00	8.865518355925642524e+00	-2.719485505625461652e+00	1.434501959463966791e+01
2.692338738200057868e+00	8.908564199655071292e+00	-2.812517254456953442e+00	1.433494795638939046e+01
2.698618022887226964e+00	8.935250651564672353e+00	-2.829441622782100652e+00	1.431408865920582230e+01
2.704895450708277860e+00	8.985181488081861900e+00	-2.851732296950717505e+00	1.428196215257708523e+01
2.711175674923682166e+00	9.012652020705534284e+00	-2.921031088882894977e+00	1.439709440306878818e+01
2.717459832966957922e+00	9.048640579283231844e+00	-2.951675799728749716e+00	1.429129867621033867e+01
2.723745731959044569e+00	9.107691713443760051e+00	-3.074582513363607106e+00	1.436101369441283993e+01
2.730038414850594730e+00	9.104100952543761949e+00	-3.049711298364658152e+00	1.425534333004305232e+01
2.736317989800789441e+00	9.184969353614357956e+00	-3.142378322008387403e+00	1.439840593689983983e+01
2.742591858549239703e+00	9.205092212991234035e+00	-3.211302069143362914e+00	1.430377239102842069e+01
2.748879749010778362e+00	9.224220204102802967e+00	-3.091129549809536137e+00	1.427067809504565155e+01
2.755163403825859447e+00	9.301390762172845328e+00	-3.293508286761727355e+00	1.440994199401132647e+01
2.761446955625852073e+00	9.337686005650192911e+00	-3.337438916087124952e+00	1.436008957897651683e+01
2.767732088935374701e+00	9.364053073091840318e+00	-3.327160158371299747e+00	1.431982842058256189e+01
2.774015452421743966e+00	9.399904152386302059e+00	-3.377889004310389964e+00	1.435241782094420593e+01
2.780298635700591436e+00	9.466688297018613696e+00	-3.468964670180185283e+00	1.439757076539719982e+01
2.786577474762241380e+00	9.472932230595278114e+00	-3.502938163572653973e+00	1.433616702036820278e+01
2.792857983210164541e+00	9.528671176638537688e+00	-3.617234859567951766e+00	1.438564400443885205e+01
2.799143790920211483e+00	9.574485516496375581e+00	-3.617403313301284840e+00	1.435406712919526484e+01
2.805430058399325244e+00	9.611491644251046296e+00	-3.654038758874990744e+00	1.442662813600205141e+01
2.811715058209780072e+00	9.669012216730875409e+00	-3.765019050032302861e+00	1.441383518257537055e+01
2.817989272498773623e+00	9.700657878280191326e+00	-3.723259932293767172e+00	1.445182525353144953e+01
2.824269171595737760e+00	9.695682417773662465e+00	-3.727255665235614579e+00	1.419710833940241734e+01
2.830563016441804081e+00	9.819310407461635748e+00	-3.881799396367294097e+00	1.455135456879261113e+01
2.836848750951622034e+00	9.834458074815461970e+00	-3.932940522122438054e+00	1.449694814924854036e+01
2.843130027866129783e+00	9.854484055823800048e+00	-3.875145337626111797e+00	1.439792562096447703e+01
2.849413896912404986e+00	9.926083895892658049e+00	-3.998029442510598219e+00	1.449311014445586565e+01
2.855697464522425566e+00	9.946638836369933401e+00	-3.993134417276732240e+00	1.440329313983490067e+01
2.861978799810683594e+00	9.999568913216315025e+00	-4.021671402425151420e+00	1.450875753844125349e+01
2.868262469415629567e+00	1.000577543535009539e+01	-4.067129720413092286e+00	1.436595092901692361e+01
2.874547359206753860e+00	1.007794978704526123e+01	-4.088363511151229091e+00	1.450648305079716671e+01
2.880831111471525041e+00	1.014782297269498024e+01	-4.231958407783662501e+00	1.457581432849610259e+01
2.887113216972382546e+00	1.015288686503639859e+01	-4.240540664233885870e+00	1.447373521011809139e+01
2.893394504725182781e+00	1.019443134152657393e+01	-4.240019280557274506e+00	1.452196072618660772e+01
2.899673662137033592e+00	1.024446006068754045e+01	-4.249321462433368168e+00	1.448464728094305265e+01
2.905953958587380814e+00	1.026546605623415154e+01	-4.280123008508830651e+00	1.440243164199332071e+01
2.912241118105161064e+00	1.034264558770130371e+01	-4.404594488879070013e+00	1.461674877001766681e+01
2.918525996366671205e+00	1.037281613494110211e+01	-4.419456187967345073e+00	1.464648188352664882e+01
2.924809035425688819e+00	1.039931030010498070e+01	-4.421091505764904284e+00	1.455623348000062656e+01
2.931095916293684933e+00	1.044189208699423155e+01	-4.407999608862110286e+00	1.452769486785116548e+01
2.937378182606774413e+00	1.050791074149418058e+01	-4.474083139046604707e+00	1.461532095167946643e+01
2.943659980254369923e+00	1.055964719879844615e+01	-4.616605551410351893e+00	1.465645601782862073e+01
2.949946454403890250e+00	1.059011176768679086e+01	-4.559383138742100883e+00	1.463398053073652783e+01
2.956227653702202307e+00	1.063500147301544274e+01	-4.635374993231147656e+00	1.465998629597621239e+01
2.962510478867462993e+00	1.069263591743514397e+01	-4.666621337037932804e+00	1.468607722972352825e+01
2.968796535179442309e+00	1.071854087619366780e+01	-4.679442279491667911e+00	1.472682427955966489e+01
2.975077657376874907e+00	1.080535958588664514e+01	-4.714718566440080139e+00	1.482374615804282669e+01
2.981359866759223376e+00	1.082114477615574621e+01	-4.698273953689020566e+00	1.475433989150416991e+01
2.987646761575656562e+00	1.084708168785806848e+01	-4.723414792846805099e+00	1.473772193088257865e+01
2.993929038370399365e+00	1.093525378152393301e+01	-4.817751883255771084e+00	1.490256794045419753e+01
3.000206214840962726e+00	1.098293664042400941e+01	-4.907976306395678279e+00	1.492556585643181144e+01
3.006486172402415669e+00	1.101490001221427306e+01	-4.850393477416639954e+00	1.486813007250055385e+01
3.012769812211594456e+00	1.106738402805192223e+01	-4.978237304985639433e+00	1.489635341594050821e+01
3.019053144326170113e+00	1.111479291478625520e+01	-4.960791634183076226e+00	1.496739864641676654e+01
3.025337405144251424e+00	1.116532181707236582e+01	-4.999989638991375607e+00	1.504826780754368798e+01
3.031623734799107961e+00	1.120578155439899959e+01	-5.165579131578355465e+00	1.507593456009067800e+01
3.037908962055872575e+00	1.128415566687899307e+01	-5.139615018747220709e+00	1.517584248966874405e+01
3.044195067146031608e+00	1.130994955722973572e+01	-5.142375516886105835e+00	1.520145346464954272e+01
3.050475543482170426e+00	1.137778848584243896e+01	-5.233897666521801106e+00	1.520084695035276745e+01
3.056754954538277502e+00	1.141689683561139468e+01	-5.247224185952375386e+00	1.521439360195383017e+01
3.063040539557494668e+00	1.148080703402060720e+01	-5.271042569444502668e+00	1.532367912303768875e+01
3.069323699454357346e+00	1.153103583177518132e+01	-5.291908586164314698e+00	1.537969847263814671e+01
3.075610692642898769e+00	1.157448157427673863e+01	-5.323421228246122183e+00	1.536902863124772267e+01
3.081893798009918584e+00	1.163568851743772647e+01	-5.384904022917516464e+00	1.543480771977258392e+01
3.088174549548037717e+00	1.167680040125735097e+01	-5.379872116702383522e+00	1.547759154118581115e+01
3.094458635632868493e+00	1.176054240146096141e+01	-5.501132037789838058e+00	1.555425910484435370e+01
3.100743982931558840e+00	1.181588419540718959e+01	-5.530539498905840290e+00	1.564216505057042284e+01
3.107028111748448396e+00	1.186724301831038630e+01	-5.529511767602200756e+00	1.574944122309195293e+01
3.113309299655494300e+00	1.192757714819702919e+01	-5.619533445103555458e+00	1.579683567331645477e+01
3.119590662867241626e+00	1.196666454065562135e+01	-5.616604134319591601e+00	1.579967270289533232e+01
3.125874006820172912e+00	1.203412559168463680e+01	-5.641167432502975920e+00	1.591219354812278830e+01
3.132159251154602586e+00	1.211754371368021310e+01	-5.793197790820168613e+00	1.604574216484778759e+01
3.138439172765940643e+00	1.214710454361165937e+01	-5.761608831102896566e+00	1.603842120124300763e+01
3.144723867719826593e+00	1.220778851689473932e+01	-5.821534207651675175e+00	1.610521323491982315e+01
3.151003951258561031e+00	1.226170229312672255e+01	-5.818982650778820265e+00	1.621453210458959404e+01
3.157283664131563139e+00	1.234108723131484098e+01	-5.908285008373027836e+00	1.623245945557238556e+01
3.163569317183839935e+00	1.239207639612584977e+01	-5.925973844393229939e+00	1.634760408345142224e+01
3.169851661717792091e+00	1.246162281226951940e+01	-5.993927930181870423e+00	1.645641848250465245e+01
3.176137704316093657e+00	1.253430587607283542e+01	-6.096854401261804668e+00	1.653623478727061169e+01
3.182420924828643916e+00	1.261065048194104143e+01	-6.097576860748239014e+00	1.668766018385118599e+01
3.188702811875577581e+00	1.268195684655095334e+01	-6.094133455279681755e+00	1.677014862167278508e+01
3.194990520008989865e+00	1.272296911225663685e+01	-6.159948307935642298e+00	1.681482695092469726e+01
3.201275324656983834e+00	1.277219927640402020e+01	-6.232538299284348327e+00	1.685132676975811350e+01
3.207551352179861759e+00	1.284614475700088398e+01	-6.248562030848489712e+00	1.700196000888169579e+01
3.213835216737041645e+00	1.297277428030425206e+01	-6.365395434551350817e+00	1.725740582871254603e+01
3.220122579819103770e+00	1.283685050774192682e+01	-6.020456569475751252e+00	1.644988275280091017e+01
3.226406606618656525e+00	1.242584354537375368e+01	-5.120497555927302713e+00	1.466039485285590338e+01
3.232687390085645429e+00	1.212263328281011709e+01	-4.374255089644975669e+00	1.313471878298208573e+01
3.238969121280456331e+00	1.184522328139424907e+01	-3.727825621197337291e+00	1.172347636780676439e+01
3.245254751548589667e+00	1.160651103225770520e+01	-3.233312309218554503e+00	1.043902344341305088e+01
3.251534499036136783e+00	1.138515978427261466e+01	-2.766614942598346172e+00	9.318385152185298281e+00
3.257817780791052442e+00	1.116992761474475948e+01	-2.265788819575126123e+00	8.212772640570081606e+00
3.264102164154097263e+00	1.099557457203339972e+01	-1.956779785951681339e+00	7.184896683724977251e+00
3.270384152138468892e+00	1.083519745145679636e+01	-1.556529855759970493e+00	6.271290842860564041e+00
3.276669427476867735e+00	1.068709638649525218e+01	-1.194346281076196226e+00	5.451020934960138398e+00
3.282954688864507808e+00	1.055561606178163281e+01	-9.780543422840705103e-01	4.600731513214752155e+00
3.289237200334947264e+00	1.042628149582592556e+01	-7.104066665494335187e-01	3.861543317443520529e+00
3.295519587088236779e+00	1.033891125369903463e+01	-4.902243651863838481e-01	3.107764430795688426e+00
3.301805977329951958e+00	1.024498570309672552e+01	-2.855992585962689456e-01	2.552459098134803650e+00
3.308087486222440088e+00	1.016329617256675810e+01	-1.442196324584073541e-01	1.875519473649141622e+00
3.314367630234227313e+00	1.008952033079368960e+01	-1.166193376020632777e-02	1.235681160589396033e+00
3.320651909732194262e+00	1.002580947736684713e+01	1.609495560924433522e-01	6.999301063913525578e-01
3.326931260376857047e+00	9.962400092274492636e+00	2.375816794207938343e-01	1.472451163033872690e-01
3.333216512447217728e+00	9.913465814070134385e+00	3.729184625446306800e-01	-3.286609757404915233e-01
3.339504489419978128e+00	9.870732175680462461e+00	4.853581080881388399e-01	-7.993171603750459653e-01
3.345786804809928405e+00	9.855624520624942875e+00	5.801439550124809497e-01	-1.266542625747089978e+00
3.352071130016277767e+00	9.806921498932707593e+00	6.570784883507736485e-01	-1.730318868394953746e+00
3.358351496304225581e+00	9.778882367250680829e+00	7.174402424832058145e-01	-2.151120665854107994e+00
3.364630591073392019e+00	9.744499842161152614e+00	7.881131234696818755e-01	-2.618741784949940143e+00
3.370916305215045483e+00	9.736948889895215231e+00	7.900411026948007676e-01	-2.917286748328045132e+00
3.377197952029413752e+00	9.696498180026967617e+00	8.466535634819313261e-01	-3.268817895509199101e+00
3.383483063818085501e+00	9.702134421067619030e+00	9.102340029718583025e-01	-3.669748219592591898e+00
3.389769992424469969e+00	9.704288730906020177e+00	9.347264210293753095e-01	-4.058607142678436475e+00
3.396051330885982100e+00	9.682367001264838180e+00	9.465114151533061682e-01	-4.379286326907292803e+00
3.402330879139463971e+00	9.682598353035226424e+00	9.322879601529052707e-01	-4.680015866857674567e+00
3.408610488352048495e+00	9.709964858336393334e+00	9.911989396897548099e-01	-5.029827702413961710e+00
3.414897837696641236e+00	9.720698887315867509e+00	9.854145314764275465e-01	-5.379005177758927836e+00
3.421180484052105619e+00	9.716724765381915319e+00	1.009834024384520523e+00	-5.676960484829609577e+00
3.427461639653846870e+00	9.718487100081739882e+00	9.925705232408548184e-01	-5.953205551707520193e+00
3.433749159643459059e+00	9.731514062233321383e+00	9.711964894834945738e-01	-6.231071437659053913e+00
3.440032646656798310e+00	9.742585610420581688e+00	1.011429441607162083e+00	-6.543829500065079685e+00
3.446313366033385339e+00	9.799278362851939761e+00	9.865043448249273261e-01	-6.790164786564571564e+00
3.452600135384134905e+00	9.777768714920682669e+00	9.647029576451492394e-01	-7.023304354460869980e+00
3.458883152815406703e+00	9.791595834550433253e+00	9.416408364972502776e-01	-7.294341313901163026e+00
3.465163834403715448e+00	9.838891643570073953e+00	9.530967108295268497e-01	-7.549311299543975728e+00
3.471449329786229221e+00	9.840025840102700982e+00	9.539841639351831493e-01	-7.902706334291836221e+00
3.477734476754053894e+00	9.888192662806160271e+00	8.973581007637954077e-01	-8.058496314747500833e+00
3.484019652467224226e+00	9.887102350893613334e+00	9.161960797481175645e-01	-8.305250528847890834e+00
3.490297019369712928e+00	9.941402052242761300e+00	8.545196008251966235e-01	-8.503149641765435973e+00
3.496582486484379970e+00	9.957334211496952747e+00	8.114591298278260867e-01	-8.741071757693122279e+00
3.502868048046865024e+00	1.000144530821354039e+01	8.384697335070793178e-01	-9.001416730820768208e+00
3.509144649545451244e+00	1.003742927877414459e+01	7.529968523948183945e-01	-9.196879189483317063e+00
3.515428082003116295e+00	1.007495984968557146e+01	7.633359169445137482e-01	-9.445305963906470481e+00
3.521711031624695565e+00	1.011139178898722690e+01	7.036738686808937659e-01	-9.649903848426824027e+00
3.527991850954735664e+00	1.014163755995840432e+01	6.764457142059560057e-01	-9.854066166854360986e+00
3.534275545726699885e+00	1.017843788933224936e+01	6.376898877770718066e-01	-1.007928041839178945e+01
3.540562632020772149e+00	1.023729424656819376e+01	6.175556600802779572e-01	-1.030188648137630381e+01
3.546844410757220789e+00	1.027435538932403780e+01	6.180958956260026449e-01	-1.053927076040142374e+01
3.553131386753758836e+00	1.029921757637202262e+01	5.606861440182782097e-01	-1.067431811798959629e+01
3.559419203211965144e+00	1.034506893579698605e+01	4.771682605739256400e-01	-1.085944098937593161e+01
3.565697971577579839e+00	1.039360781455367722e+01	4.695445485305368982e-01	-1.109880084623766017e+01
3.571979559134798254e+00	1.044050090681853149e+01	4.322108831961967712e-01	-1.128773820995728627e+01
3.578265774595833726e+00	1.048940533733819258e+01	4.287716875523892579e-01	-1.152798516700395304e+01
3.584548309769353125e+00	1.054588511678016083e+01	3.727542441878161639e-01	-1.169119183327661737e+01
3.590826843920031486e+00	1.059125534094608412e+01	2.938272830349070719e-01	-1.186829204110268243e+01
3.597107306745233934e+00	1.063268900579261356e+01	2.567823022385030129e-01	-1.207010363849218315e+01
3.603392831792229245e+00	1.068857740228362374e+01	1.671483742269722628e-01	-1.218722927511668885e+01
3.609673209822572559e+00	1.072489205296776227e+01	1.987907385523502990e-01	-1.245010841681666847e+01
3.615955412133016189e+00	1.079279650613045760e+01	1.126130643918715202e-01	-1.257353928382238983e+01
3.622241607772384686e+00	1.080386047360004120e+01	1.381868832519730639e-01	-1.278963478407213827e+01
3.628520252736676444e+00	1.088438230830383269e+01	4.051663109900126292e-02	-1.291808521064308657e+01
3.634804827569451113e+00	1.092243380383829710e+01	3.907748688280401200e-02	-1.316656557055638110e+01
3.641094981788862928e+00	1.100941773030196735e+01	-5.431950269825695787e-02	-1.330520714492846857e+01
3.647383514928639325e+00	1.105034134093473952e+01	-6.009319773315076330e-02	-1.352649846048634608e+01
3.653663283927725658e+00	1.107814516917526149e+01	-1.186786431250519136e-01	-1.366101023504117151e+01
3.659943504072155296e+00	1.115122420758411792e+01	-1.812011812001881050e-01	-1.381728087570429331e+01
3.666232000281138603e+00	1.119861836242168707e+01	-2.122526691458451187e-01	-1.402030736378213227e+01
3.672514211678317597e+00	1.125445457281356632e+01	-2.686790163496884376e-01	-1.416563188923596783e+01
3.678794154686042539e+00	1.130275360846717980e+01	-2.544203968244448943e-01	-1.437352792144282354e+01
3.685078621861909820e+00	1.138675929401325071e+01	-3.590672267873243895e-01	-1.454169762014752720e+01
3.691359210097977961e+00	1.141703648346398658e+01	-3.872956262419157136e-01	-1.465326044273606598e+01
3.697642368173791105e+00	1.145491391975453865e+01	-4.230151700512713719e-01	-1.484672141047182059e+01
3.703925796735277665e+00	1.154922468528021540e+01	-4.316236917009295682e-01	-1.506046310048439807e+01
3.710208240364660348e+00	1.156453502000097089e+01	-5.246504868460046822e-01	-1.517038174416766338e+01
3.716494593122387169e+00	1.164681102483941011e+01	-5.577950199329330117e-01	-1.535663051706893079e+01
3.722775386659595398e+00	1.170801558819011312e+01	-6.085551729866494064e-01	-1.552353914039106542e+01
3.729058392883481510e+00	1.175838740142654260e+01	-6.463172840913397055e-01	-1.570522652862410418e+01
3.735339748210807720e+00	1.182120285226757872e+01	-7.397957000817064754e-01	-1.580690389023170894e+01
3.741620776392969638e+00	1.185251773126105945e+01	-7.830996475933947876e-01	-1.594799224640561519e+01
3.747904795418762980e+00	1.193110173574213029e+01	-7.861951251851264644e-01	-1.616527547208214344e+01
3.754190633281219380e+00	1.197329203333153913e+01	-8.046420369923502625e-01	-1.632087145431296804e+01
3.760478208018912749e+00	1.204268450294265236e+01	-8.961499717581374869e-01	-1.648731112744487248e+01
3.766755538573464346e+00	1.213697458526487161e+01	-9.498196799050567796e-01	-1.661351014959759098e+01
3.773032090135151506e+00	1.215706451377612574e+01	-9.518613568199828512e-01	-1.684520717681005308e+01
3.779322553012896879e+00	1.223207673153661368e+01	-1.061048485661922003e+00	-1.685994495946931693e+01
3.785609109731308930e+00	1.230723462643944899e+01	-1.099632325022112500e+00	-1.712869080532085064e+01
3.791889825936295200e+00	1.235632444183289991e+01	-1.169868212347482395e+00	-1.714995674605117770e+01
3.798174822702435893e+00	1.242293010307811940e+01	-1.161055706943397547e+00	-1.746084235751488478e+01
3.804458658753491651e+00	1.246571358081201986e+01	-1.193028821299300768e+00	-1.762167285700639496e+01
3.810738438095723435e+00	1.255060145403020400e+01	-1.270756526052464030e+00	-1.773940305673484019e+01
3.817018850285747167e+00	1.259949577710401947e+01	-1.269038047359905663e+00	-1.795664727499638502e+01
3.823305314209427763e+00	1.266429104338575939e+01	-1.364902693247750820e+00	-1.802570211428157521e+01
3.829591295197792178e+00	1.272038287188553340e+01	-1.377820833457277017e+00	-1.821150321189016452e+01
3.835872296070849341e+00	1.277651283630105716e+01	-1.395769373553246373e+00	-1.844945038597537490e+01
3.842156279590906109e+00	1.287530895010666754e+01	-1.538233967511128508e+00	-1.850819800031606377e+01
3.848441511099312429e+00	1.290793741354552182e+01	-1.522130918665076438e+00	-1.870744120630920548e+01
3.854723334376886079e+00	1.300535131196095051e+01	-1.595767052883106052e+00	-1.885603816172046976e+01
3.861004740704794713e+00	1.305625927174221701e+01	-1.577620315642507931e+00	-1.906434562957672441e+01
3.867284336650660848e+00	1.311757240360401866e+01	-1.693547821016190502e+00	-1.913428422509950266e+01
3.873567367678779849e+00	1.315968741432679501e+01	-1.688967144198999737e+00	-1.933600225434348374e+01
3.879850662830422792e+00	1.320448521660675389e+01	-1.703460051112358764e+00	-1.956841504697101897e+01
3.886137063198143338e+00	1.331626685655455233e+01	-1.820114551388797519e+00	-1.962952834284019588e+01
3.892419463049126005e+00	1.335340614077734678e+01	-1.808535666268730413e+00	-1.986576858254356281e+01
3.898703740328622658e+00	1.339132017535480479e+01	-1.854098933303186092e+00	-1.992891523850325086e+01
3.904991458788179326e+00	1.346208220216238338e+01	-1.936931286729277391e+00	-2.003569430602556878e+01
3.911270842222104083e+00	1.353437008370277717e+01	-1.933942452947077006e+00	-2.032994763949522365e+01
3.917549806479573071e+00	1.360026151774824399e+01	-1.976712668484396307e+00	-2.045611365003181703e+01
3.923836006203090587e+00	1.368018335132999752e+01	-2.000708049876062766e+00	-2.073071246599010919e+01
3.930121452497870926e+00	1.372606427180766175e+01	-2.077658407985167432e+00	-2.076725257937911806e+01
3.936398172858230460e+00	1.381182001438105900e+01	-2.071291241213192968e+00	-2.102929839830574110e+01
3.942683040425962293e+00	1.386907151051394749e+01	-2.091914168870684154e+00	-2.126163562796430639e+01
3.948974759704379611e+00	1.395465643742687334e+01	-2.169900792548767665e+00	-2.139819641941612005e+01
3.955259227995065352e+00	1.395155029654805823e+01	-2.139341413055151797e+00	-2.158990620873911581e+01
3.961537174921395454e+00	1.408076076849716252e+01	-2.233968231518693948e+00	-2.168299237812797742e+01
3.967820217617139544e+00	1.412915447197985941e+01	-2.269042214330695639e+00	-2.188872518446915905e+01
3.974105559832568968e+00	1.422460051470104681e+01	-2.310716593366197724e+00	-2.209819200528436056e+01
3.980384727931198352e+00	1.425972284672304724e+01	-2.387249725668744382e+00	-2.216863658305980067e+01
3.986664590839849698e+00	1.428934269299145932e+01	-2.361208344440039131e+00	-2.237784750705557002e+01
3.992949619150675034e+00	1.441966007719003073e+01	-2.455273101322950513e+00	-2.249683602134449245e+01
3.999235075769965952e+00	1.448329477936658982e+01	-2.439155607662493619e+00	-2.282288778004269147e+01
4.005515715515433506e+00	1.449952199759813531e+01	-2.496656477824268361e+00	-2.288366146820677827e+01
4.011798434346478537e+00	1.459785397458981571e+01	-2.567512278025315009e+00	-2.305411018983861027e+01
4.018083716245132386e+00	1.462751304722227097e+01	-2.524957806325153431e+00	-2.334606511909186821e+01
4.024365700052603856e+00	1.476376241823565394e+01	-2.617700380884863787e+00	-2.350967956794040248e+01
4.030643960839860540e+00	1.479876889446933497e+01	-2.599788502951854596e+00	-2.373004074352845905e+01
4.036928708926215137e+00	1.485347827510694074e+01	-2.604687565366789581e+00	-2.394243316595483861e+01
4.043218157412017177e+00	1.491280137683210505e+01	-2.638067814087001750e+00	-2.410376829448006575e+01
4.049503019487663558e+00	1.501031467777118422e+01	-2.660926878518755867e+00	-2.434533090583292747e+01
4.055781898960511000e+00	1.506718884469095343e+01	-2.705299457140938113e+00	-2.446797818240903766e+01
4.062060795621602161e+00	1.510496809984005928e+01	-2.713019189174770140e+00	-2.469125425776375593e+01
4.068347865354716042e+00	1.521399577500171318e+01	-2.733495832734506248e+00	-2.496170465256409088e+01
4.074631027173265529e+00	1.525651625938380640e+01	-2.772998689239439152e+00	-2.513555071317563971e+01
4.080910837526078971e+00	1.535569273762510178e+01	-2.795447235399984631e+00	-2.534993862283899446e+01
4.087201203341442657e+00	1.544453779653705006e+01	-2.904802473184208367e+00	-2.545080093940268640e+01
4.093486818591942189e+00	1.545760861900408401e+01	-2.804576637682870910e+00	-2.580302030936754676e+01
4.099764387336505500e+00	1.556198910797166057e+01	-2.922081343642678686e+00	-2.587105611215253376e+01
4.106049166937662420e+00	1.560030489444606516e+01	-2.916011003306933969e+00	-2.615975310799747433e+01
4.112334559041358695e+00	1.567830932945516764e+01	-2.891996710116253588e+00	-2.643345610232584875e+01
4.118618926059533614e+00	1.576524348751700977e+01	-3.028834652583697107e+00	-2.648731046689721325e+01
4.124898942031112625e+00	1.583199550181705106e+01	-3.005858928530471985e+00	-2.677414551600742598e+01
4.131175432561665417e+00	1.593994415150932298e+01	-3.029088377286359712e+00	-2.705199741649368761e+01
4.137461563786142271e+00	1.595649306616994245e+01	-3.027787518644505127e+00	-2.726285573127593054e+01
4.143746006210170307e+00	1.607430446077309583e+01	-3.040102159440827734e+00	-2.753580918105097908e+01
4.150029800482964326e+00	1.617294545800838534e+01	-3.102590704714035752e+00	-2.777837558490117686e+01
4.156313390684649001e+00	1.621195404668870310e+01	-3.129344796388662697e+00	-2.790556012751332560e+01
4.162596105843763716e+00	1.628005964989156951e+01	-3.071042528343672640e+00	-2.823540062753063040e+01
4.168881843141768684e+00	1.630102553229256301e+01	-3.170520497352800948e+00	-2.830684377511565586e+01
4.175162111073220217e+00	1.641524404707741169e+01	-3.138668664664860941e+00	-2.863568167723128255e+01
4.181448573417560155e+00	1.650528600122933653e+01	-3.115107397031791070e+00	-2.900983786613494431e+01
4.187738782464171194e+00	1.657890869099427889e+01	-3.188194221264538886e+00	-2.910643813853914352e+01
4.194017437180169061e+00	1.667949725363705937e+01	-3.265528343876671347e+00	-2.931566018233159099e+01
4.200293572701767175e+00	1.666551775866535223e+01	-3.135815850728862930e+00	-2.972079975201664581e+01
4.206580195481546269e+00	1.677909310794673203e+01	-3.198010434543577141e+00	-2.989640667592142265e+01
4.212860644652220543e+00	1.683838029118275159e+01	-3.174453493937034132e+00	-3.022003627131218551e+01
4.219138153430114002e+00	1.695449685052782485e+01	-3.244854181801424264e+00	-3.040702054716848934e+01
4.225426162098283811e+00	1.702371547555760856e+01	-3.273361609919650750e+00	-3.072663508660525622e+01
4.231713506719782636e+00	1.704494187015457385e+01	-3.203092875394017991e+00	-3.099273320892836736e+01
4.237990056577191744e+00	1.714282057003813264e+01	-3.240801646328982599e+00	-3.123275244801514816e+01
4.244267783646744618e+00	1.717916352470370001e+01	-3.182147154279309831e+00	-3.163025246532825108e+01
4.250560660182562955e+00	1.729783105181138225e+01	-3.284934316417489786e+00	-3.170972335659650199e+01
4.256847734842668096e+00	1.736925825753754182e+01	-3.226275211421677724e+00	-3.217420134479174720e+01
4.263127100734456221e+00	1.744731688818180970e+01	-3.261075813174756366e+00	-3.236586273932831403e+01
4.269406860432507500e+00	1.749570217841746356e+01	-3.203466062249411550e+00	-3.276149592840137359e+01
4.275691671482192646e+00	1.755713697644141291e+01	-3.234756157786387920e+00	-3.296585828485773106e+01
4.281972414189518794e+00	1.767224480820932797e+01	-3.272681728051306305e+00	-3.323610050740374078e+01
4.288253516806755705e+00	1.772568845685832173e+01	-3.173098850403385907e+00	-3.369328596206413806e+01
4.294540520160492925e+00	1.779207296419018647e+01	-3.249371055164647526e+00	-3.381003596347609630e+01
4.300825742921731809e+00	1.785009401793181993e+01	-3.205840830364826921e+00	-3.418957635664579442e+01
4.307109835491901961e+00	1.796201971915710160e+01	-3.249097893620922495e+00	-3.452501952172100630e+01
4.313390926478413157e+00	1.805792090576003872e+01	-3.286686970339584679e+00	-3.473649757905433688e+01
4.319667979480563247e+00	1.805027450020539348e+01	-3.199109033846554873e+00	-3.516736976276129667e+01
4.325952598143786076e+00	1.815678701709116893e+01	-3.214443942458069081e+00	-3.534311435581217609e+01
4.332241647035422361e+00	1.820722729325996880e+01	-3.139262510983012788e+00	-3.587001831000221586e+01
4.338524445619096781e+00	1.832763190890357663e+01	-3.145478439264160819e+00	-3.625015795123265150e+01
4.344809348131129845e+00	1.837548644320046520e+01	-3.196083687826112296e+00	-3.644119706073843190e+01
4.351090699193166600e+00	1.843993475860017028e+01	-3.117402742617452649e+00	-3.693830533382690362e+01
4.357369710808320029e+00	1.851179010060261731e+01	-3.192489534873957702e+00	-3.701093522419365911e+01
4.363659348967174445e+00	1.853482132875743815e+01	-3.060707013488118911e+00	-3.765465235551604195e+01
4.369947418280990981e+00	1.865055652246216411e+01	-3.088527884088248410e+00	-3.800531052373616347e+01
4.376226569265827315e+00	1.872898288693926716e+01	-3.117490218933961721e+00	-3.823386150643252535e+01
4.382499356631129217e+00	1.874975244203502811e+01	-3.073378311808045993e+00	-3.862742346586409781e+01
4.388784975178015024e+00	1.881312573828886059e+01	-3.037154399605413335e+00	-3.896104667099549346e+01
4.395068696309480494e+00	1.881521707875769067e+01	-2.920250651998043345e+00	-3.949133063477864169e+01
4.401347962382031298e+00	1.897304599756486354e+01	-3.021561161896979542e+00	-3.967249421195493397e+01
4.407628405096517099e+00	1.898206318504358592e+01	-2.904836555403304210e+00	-4.020131178062506905e+01
4.413915862185140426e+00	1.904858595384550668e+01	-2.932234351198425237e+00	-4.055830142697703167e+01
4.420203163534264235e+00	1.917758133556321454e+01	-2.923905832998185073e+00	-4.098389131193113855e+01
4.426480311003382795e+00	1.905204271591057719e+01	-2.686519431658203949e+00	-4.161071237650534016e+01
4.432765973643649104e+00	1.924810509641545764e+01	-2.865640545926473770e+00	-4.162391142873462968e+01
4.439053392023870614e+00	1.921158177813442691e+01	-2.634300176537095250e+00	-4.251117222257854422e+01
4.445336141335588742e+00	1.935945306786047482e+01	-2.759743552454873239e+00	-4.272130791435990460e+01
4.451617241414883352e+00	1.934630255358435491e+01	-2.600071465780411817e+00	-4.326120510767569272e+01
4.457901500730311106e+00	1.933626055005064970e+01	-2.467068381364777796e+00	-4.385012348769490842e+01
4.464189501093017043e+00	1.944202801748219400e+01	-2.572259604176468262e+00	-4.402678709893948650e+01
4.470470197548729985e+00	1.941288280261150589e+01	-2.375426560933360687e+00	-4.480637468005084401e+01
4.476748044268524573e+00	1.950200006989659940e+01	-2.433348411913114795e+00	-4.497312180602875742e+01
4.483035990164653484e+00	1.941341636628343892e+01	-2.217239621116311454e+00	-4.569202008865254783e+01
4.489323331650528104e+00	1.953064459384197349e+01	-2.199056249701710986e+00	-4.618975190391593344e+01
4.495599111667934800e+00	1.945691866335436160e+01	-2.109282689705596514e+00	-4.655082835080374792e+01
4.501870922878794090e+00	1.943116774106831812e+01	-2.000021232742008603e+00	-4.716598735584670976e+01
4.508155162877705457e+00	1.956958357945158156e+01	-2.002926731923968973e+00	-4.764384137213814085e+01
4.514446451153479423e+00	1.944067990714429328e+01	-1.752126725904157301e+00	-4.842440169326025767e+01
4.520723894043856994e+00	1.944538221519566790e+01	-1.683215318035889529e+00	-4.882684770566661570e+01
4.527003782460155890e+00	1.939026099822995519e+01	-1.487175807082292467e+00	-4.958881978648491895e+01
4.533293086610313161e+00	1.944502785043427551e+01	-1.454059795997276971e+00	-5.020896198018641599e+01
4.539578989864040182e+00	1.934020216567382633e+01	-1.313468430592418024e+00	-5.061818418843056833e+01
4.545857164866476730e+00	1.926912979140707449e+01	-1.194313937084278576e+00	-5.130227635561043797e+01
4.552138955546025656e+00	1.926467305831678090e+01	-9.943604773671100849e-01	-5.211428525957797575e+01
4.558432046889146605e+00	1.912428423941689815e+01	-8.926465774714383850e-01	-5.241607711141421078e+01
4.564713463378488711e+00	1.914853808042400019e+01	-9.331833559763059727e-01	-5.276517538938576024e+01
4.570987274133244682e+00	1.918657690051036724e+01	-7.618215123360648766e-01	-5.356061307991738119e+01
4.577274818151045643e+00	1.923092910661379662e+01	-7.719634189766945154e-01	-5.398154253436064209e+01
4.583563263889338657e+00	1.918131257811018742e+01	-7.272902625675726762e-01	-5.429076799008516474e+01
4.589844917004465508e+00	1.922787275904540749e+01	-7.303740267859266666e-01	-5.468186524213830069e+01
4.596126259982004747e+00	1.925067980507899534e+01	-7.324943906493538437e-01	-5.503046121390447354e+01
4.602409075598298926e+00	1.940151195837194820e+01	-6.278601882896495123e-01	-5.588035585277560813e+01
4.608696634867644804e+00	1.943011937176433079e+01	-6.193545801547983842e-01	-5.621034992400019803e+01
4.614977646498861219e+00	1.951948812578475412e+01	-6.187364354067649286e-01	-5.681336363927577082e+01
4.621258953029527383e+00	1.959496694172321085e+01	-6.579602688441236191e-01	-5.721021589177751565e+01
4.627547993978874175e+00	1.966532051030698369e+01	-6.349214672840522988e-01	-5.771826335644822592e+01
4.633830152730579854e+00	1.972916280686759904e+01	-6.199913382887709545e-01	-5.816456396814384533e+01
4.640104005367354567e+00	1.979347089944414861e+01	-5.604135400249330434e-01	-5.858369618166592829e+01
4.646382060386754276e+00	1.991291500529425207e+01	-5.702786138125202076e-01	-5.922902838448504781e+01
4.652674213731970987e+00	1.995647063975290791e+01	-6.151312588759176858e-01	-5.950510482063617701e+01
4.658958291796220230e+00	2.001606817101762559e+01	-5.865614967093617516e-01	-5.987508886410100217e+01
4.665233615070169648e+00	2.006460916351466395e+01	-5.751156212220277508e-01	-6.024860406664382850e+01
4.671520675710307380e+00	2.017706168769809594e+01	-6.144817206154461475e-01	-6.075664997373422693e+01
4.677814351732177300e+00	2.037142077077417213e+01	-6.116445487905742828e-01	-6.152794657429783598e+01
4.684093699744638073e+00	2.038095954350704275e+01	-5.097886495724137657e-01	-6.186388304281552308e+01
4.690368661472568590e+00	2.047652256556835582e+01	-6.360992556587835578e-01	-6.218548543158438235e+01
4.696663270746453733e+00	2.059167745121221671e+01	-6.022140467557037802e-01	-6.281034705416753638e+01
4.702945459248681459e+00	2.069380611475329701e+01	-5.663081629719711740e-01	-6.334181751865273924e+01
4.709209170841929470e+00	2.074360729946366533e+01	-6.837960915713481302e-01	-6.346452762115019652e+01
4.715491634753063543e+00	2.088061301300541572e+01	-6.241537860293987494e-01	-6.420892908356402984e+01
4.721784316284933780e+00	2.103780162283387156e+01	-5.968630599992345021e-01	-6.486769246838066749e+01
4.728063062331094635e+00	2.106184573521155201e+01	-6.114305294541841906e-01	-6.507196600484766691e+01
4.734337423381671073e+00	2.125410466358238892e+01	-6.129760530495104165e-01	-6.584072311658268006e+01
4.740627024094544062e+00	2.130330236942393896e+01	-6.338684733875119548e-01	-6.616660545840953489e+01
4.746914995664547554e+00	2.142747346543066200e+01	-5.963599736618209191e-01	-6.674932244965523864e+01
4.753194740071086777e+00	2.158960966786171909e+01	-5.856716934936256891e-01	-6.741683752325265289e+01
4.759478891864783456e+00	2.169610558838647663e+01	-6.605521784270017571e-01	-6.781311016656273694e+01
4.765762396877359031e+00	2.173717457935268271e+01	-6.373602110705650636e-01	-6.814123129342846141e+01
4.772049481246195768e+00	2.188360909284600453e+01	-6.402778772969276444e-01	-6.873609651841267976e+01
4.778335091022592351e+00	2.194302247099637171e+01	-7.149113987228791212e-01	-6.897166650704784274e+01
4.784610831402393849e+00	2.207858223943279441e+01	-5.745813578183432968e-01	-6.977888777641092588e+01
4.790907306208476157e+00	2.219863857020100184e+01	-6.410708429816485143e-01	-7.018861974028995121e+01
4.797204047706418173e+00	2.237104415954401304e+01	-6.206222721322705027e-01	-7.089481762686011734e+01
4.803470827697504220e+00	2.242685857952303863e+01	-6.519463812866784780e-01	-7.116813939363252928e+01
4.809748850577324042e+00	2.247501826723757645e+01	-6.368829610387273243e-01	-7.149969026605415934e+01
4.816045316586602176e+00	2.269248093028799573e+01	-5.981752367068146059e-01	-7.239790246229043191e+01
4.822329240673497885e+00	2.278833714042227143e+01	-6.524779077598121813e-01	-7.275160677637086337e+01
4.828596758226470165e+00	2.293810497298104778e+01	-6.096342791054643051e-01	-7.340496095926604880e+01
4.834890332961369275e+00	2.308380090356220649e+01	-5.819901586301116092e-01	-7.409805283675123633e+01
4.841191655056394261e+00	2.324879855410044271e+01	-5.336703427005471401e-01	-7.483435444769521894e+01
4.847460407468000554e+00	2.334123816491474912e+01	-6.446466160349133556e-01	-7.510720945530540860e+01
4.853732128521334843e+00	2.351393879897548800e+01	-6.483440848447347138e-01	-7.577514938757356333e+01
4.860029138783373170e+00	2.361478245516493502e+01	-6.060926886062600882e-01	-7.630847710720307475e+01
4.866314601732018019e+00	2.364578749804408986e+01	-5.954490072303387782e-01	-7.655004772119629308e+01
4.872587026269203925e+00	2.390271350124702465e+01	-5.441819781772206932e-01	-7.753738423767130428e+01
4.878874221748241702e+00	2.404478296070740129e+01	-6.183971780337120805e-01	-7.810291592110407066e+01
4.885171078138658807e+00	2.408403198490677610e+01	-5.243098968501354040e-01	-7.843364800200103559e+01
4.891450629931857641e+00	2.419362459989627823e+01	-5.463380509013331388e-01	-7.888256370347211544e+01
4.897716482750221978e+00	2.446101706927366237e+01	-5.145619095578987112e-01	-7.990762316075897331e+01
4.904002834596266069e+00	2.444498070139882273e+01	-4.347034240254623594e-01	-8.012011029220940372e+01
4.910295858205786068e+00	2.474942630741681171e+01	-5.595692890683775511e-01	-8.106519089049376703e+01
4.916575188115905881e+00	2.494009478084117148e+01	-4.595576119941409132e-01	-8.192368972996511900e+01
4.922847946197084212e+00	2.496275332657406665e+01	-5.076167639985100788e-01	-8.208408449585692779e+01
4.929131667457151700e+00	2.529197408554292181e+01	-4.591235216789708584e-01	-8.333042274466444610e+01
4.935434460144239033e+00	2.544570576645217841e+01	-4.975132906546304579e-01	-8.392266204269654395e+01
4.941718513303545279e+00	2.543354082384566084e+01	-4.821840494344258321e-01	-8.398776895762247818e+01
4.947978624761803168e+00	2.558508111229473414e+01	-4.704558927109426247e-01	-8.466753271950480553e+01
4.954274999209829389e+00	2.586626520836647458e+01	-5.051808292409423196e-01	-8.562660072543630463e+01
4.960571094729937514e+00	2.588704473258678362e+01	-4.519715879276907100e-01	-8.588449322872506286e+01
4.966823207626954506e+00	2.605709057268828843e+01	-3.580405296656582470e-01	-8.669389281046734652e+01
4.973097418390337587e+00	2.636804056643718042e+01	-3.975173312452571772e-01	-8.777631167715782112e+01
4.979415129936382023e+00	2.652012895942705839e+01	-3.795979157306284546e-01	-8.843060437589107892e+01
4.985702082330368157e+00	2.664152260018160945e+01	-4.153169352007181070e-01	-8.889535019639704672e+01
4.991949985828016523e+00	2.686675639913450908e+01	-3.938446919268321356e-01	-8.974083654189536219e+01
4.998241586316924057e+00	2.696904531397414573e+01	-3.446277528725659733e-01	-9.027565859742264820e+01
5.004556635606089543e+00	2.711352509782674147e+01	-4.513553455840866868e-01	-9.070768842908418605e+01
5.010828655701208945e+00	2.724267883553795855e+01	-3.895744904513914753e-01	-9.135067196088698438e+01
5.017077229702536556e+00	2.753720248889726108e+01	-4.155965321760800579e-01	-9.236624599419459969e+01
5.023374414758113637e+00	2.775664593950168069e+01	-4.143239122804100449e-01	-9.324895665116270038e+01
5.029688873569548413e+00	2.786610144797749555e+01	-3.125064520898862552e-01	-9.382844511665385312e+01
5.035958413584124216e+00	2.794355537729107652e+01	-3.627035939657962671e-01	-9.410698569742304187e+01
5.042232667658486989e+00	2.820267137909309341e+01	-3.327001857962132436e-01	-9.514621714332410818e+01
5.048528755870775875e+00	2.832330061192688930e+01	-3.022071083846956663e-01	-9.566626621752462256e+01
5.054821121427484520e+00	2.848627184123415645e+01	-3.286059871648507325e-01	-9.626734035332606254e+01
5.061069509814582368e+00	2.867677420650041498e+01	-2.289795061350077821e-01	-9.709516612914616474e+01
5.067347812754101177e+00	2.911857664011923674e+01	-3.033048756705336579e-01	-9.860510146865321701e+01
5.073675050630431116e+00	2.918176283773041746e+01	-2.613456040203737674e-01	-9.900542547712467467e+01
5.079945928388977627e+00	2.947232202882319285e+01	-2.890941787470816537e-01	-1.000179606177246967e+02
5.086192992546071601e+00	2.988648586644525551e+01	-2.090188289677872291e-01	-1.015755783405991650e+02
5.092484128970163226e+00	3.012192928772155653e+01	-2.783999304111811623e-01	-1.024554393672983252e+02
5.098802924706086870e+00	3.010182610287429839e+01	-2.574055976231129916e-01	-1.024382517097421470e+02
5.105078217426394005e+00	3.026511079591969988e+01	-2.414426790995971850e-01	-1.030965878662355806e+02
5.111325076574067872e+00	3.059627952118497518e+01	-2.683477182207997247e-01	-1.042835399625501509e+02
5.117628358851224135e+00	3.074961660532808239e+01	-2.520497251476620515e-01	-1.049047772452614851e+02
5.123935939383525984e+00	3.091091607295798127e+01	-2.247168509547373683e-01	-1.055703193100226116e+02
5.130199176325612065e+00	3.107316240938973806e+01	-2.191380290863665647e-01	-1.061832429329642196e+02
5.136469985878846956e+00	3.159411457619810903e+01	-2.622179756338459677e-01	-1.080363739458443320e+02
5.142797788696348071e+00	3.175216624245921082e+01	-1.504754974103036103e-01	-1.087767738106025632e+02
5.149090378043822192e+00	3.197231227713653112e+01	-1.509119979571972858e-01	-1.095977292799970542e+02
5.155289879840074363e+00	3.228533675107765077e+01	-1.954882342110036697e-01	-1.106744361244306845e+02
5.161564521234301317e+00	3.241600027317800681e+01	-9.254602803691967805e-02	-1.113606973020783499e+02
5.167916673496016244e+00	3.237522514329140932e+01	-1.545338363762834566e-01	-1.111947284160816309e+02
5.174205974602950064e+00	3.309002446196388547e+01	-2.027814065703540530e-02	-1.138663435348792774e+02
5.180434820793812456e+00	3.338673218703795698e+01	-1.404856810501559639e-01	-1.148187919615710371e+02
5.186729096569634656e+00	3.350545845319683735e+01	-9.712787162277143616e-02	-1.153735570293692945e+02
5.193058481037780894e+00	3.380266346497339214e+01	-1.933187084423702295e-01	-1.163558154607564461e+02
5.199319511444338460e+00	3.370441854711899765e+01	-1.069058270399904365e-01	-1.161420483811916284e+02
5.205574295584361799e+00	3.447878758076836192e+01	-2.071009909947947036e-01	-1.187852582720921220e+02
5.211894977074066126e+00	3.456607473038519629e+01	-1.078973972173724732e-01	-1.192731447680411492e+02
5.218201708336958511e+00	3.463240071809844522e+01	-8.934518506173259877e-02	-1.195608303561491965e+02
5.224411911780083351e+00	3.556149287618233501e+01	-1.399732333950235164e-01	-1.227722814915019569e+02
5.230677632666463239e+00	3.623121295186635393e+01	-5.546095117968253239e-03	-1.253300903332935974e+02
5.237056729559757429e+00	3.600094776919146966e+01	-4.310375819994323454e-02	-1.245574797341866997e+02
5.243336785035660697e+00	3.598022546066309246e+01	-3.051136703102813250e-02	-1.245404009645054231e+02
5.249493476178225038e+00	3.718231689437623544e+01	-9.056144121953074722e-03	-1.287481293091966563e+02
5.255787017738318134e+00	3.694126839412138708e+01	-2.985574551259070203e-02	-1.280211147223961916e+02
5.262205327426889845e+00	3.747501447969586508e+01	-6.500278385671280634e-02	-1.298580480521546860e+02
5.268477758348532269e+00	3.740909823748940255e+01	7.606778184934719252e-03	-1.297579835322037809e+02
5.274632213654732560e+00	3.775132478116503165e+01	-1.224483278302957445e-01	-1.308448745278372485e+02
5.280950543314659740e+00	3.843356072069816776e+01	-4.551656713067001730e-02	-1.333851691253285310e+02
5.287327645024750389e+00	3.831011280087155768e+01	-7.534061760585539225e-02	-1.329739297909376603e+02
5.293582359180156516e+00	3.927350001790342304e+01	-3.377931190753521301e-02	-1.363826031123453220e+02
5.299789992649893478e+00	3.937739650219096177e+01	-1.541226270067338755e-01	-1.366910391781628960e+02
5.306111460381987222e+00	3.957381595222194903e+01	-7.350043962422912747e-02	-1.375252570888345360e+02
5.312452717892129250e+00	4.005520406261857147e+01	-5.547909428590193370e-02	-1.392298087359355918e+02
5.318650122853046724e+00	4.025528068380853597e+01	-9.892673991650346998e-02	-1.399159816830752447e+02
5.324923043129819789e+00	4.080920999941556460e+01	2.583065582580316294e-02	-1.420601846716286616e+02
5.331330237158205421e+00	4.119177579087363483e+01	-3.115924183828109109e-02	-1.433839883762584861e+02
5.337586726886338617e+00	4.163217213359298086e+01	5.375889891413575261e-02	-1.450044126121969441e+02
5.343685192440848830e+00	4.251600384018809109e+01	-3.317242596881697647e-02	-1.480186438135393132e+02
5.350070659715249199e+00	4.240159578405071983e+01	-1.299976828007808893e-01	-1.476162671155499311e+02
5.356556762554878226e+00	4.316427142929035909e+01	-4.850289433265656674e-02	-1.503930599475148711e+02
5.362691868684501095e+00	4.362228410973288106e+01	-3.038717186094773426e-02	-1.520260267304256558e+02
5.368769208912516966e+00	4.424970947720973413e+01	-1.296226505618978085e-02	-1.542600051618707653e+02
5.375270137997677722e+00	4.502027328603192302e+01	-6.021873859393317430e-02	-1.569773212633807589e+02
5.381769983045385786e+00	4.381503779372594920e+01	-3.407771618128586921e-02	-1.528336430551273679e+02
5.387701030372958222e+00	4.560789057108072342e+01	1.006022524005509636e-02	-1.591207531760634595e+02
5.393786668001271600e+00	4.555439059778613142e+01	-9.434628382907470079e-02	-1.588775178319999384e+02
5.400446161099396569e+00	4.641096511710509276e+01	4.165874193854672732e-03	-1.620457768330607848e+02
5.406957063684501463e+00	4.738805503422333487e+01	1.381678826083170171e-02	-1.654785723084222013e+02
5.412655672453426270e+00	4.734806628817381124e+01	-9.190335971105939583e-02	-1.652053177279221643e+02
5.418821279260546575e+00	4.820436173213297337e+01	-3.186271058761069863e-02	-1.683458137392519518e+02
5.425690594366304076e+00	4.975102856898009662e+01	1.518447288382145230e-03	-1.738333482683333386e+02
5.432217487502165376e+00	4.887642063930754688e+01	9.680511080184192596e-02	-1.708851644817454201e+02
5.437649811577258241e+00	4.870968964993787864e+01	4.096181832790324329e-02	-1.702049657236832161e+02
5.443914404015878006e+00	5.112691911306117021e+01	1.222459325154278686e-01	-1.788218238641751725e+02
5.450953501686320202e+00	5.032897224628200661e+01	4.985334866452259539e-02	-1.759997607903708001e+02
5.457483690405861232e+00	5.330753658353194879e+01	2.105183099601924332e-02	-1.863991062139097892e+02
5.462715250135157241e+00	5.224561383672325121e+01	-1.480943449021137823e-02	-1.826155698697880609e+02
5.469033575551323523e+00	5.339834476945199526e+01	7.351051816458964439e-02	-1.868048120996213584e+02
5.476177730420278778e+00	5.454134527861665305e+01	-1.246554427683966952e-02	-1.907386334397074563e+02
5.482708935702562236e+00	5.371561367464278902e+01	3.481756811540012708e-02	-1.879303633791595018e+02
5.487722405008360838e+00	5.387531124449876785e+01	1.442321332317711979e-01	-1.885711281542230324e+02
5.494194284996126498e+00	5.518219204260002186e+01	-5.505227487489498112e-02	-1.929834667002280923e+02
5.501391471009256406e+00	5.998488770720890528e+01	-3.231789082059454560e-02	-2.098233864270874278e+02
5.507128202673079009e+00	5.614919313080283558e+01	-5.502493229399193359e-02	-1.963973217479210689e+02
5.512278020050448646e+00	5.866081474080785796e+01	-5.048575993426954178e-02	-2.051984795463073681e+02
5.519395563377015534e+00	5.925715155277446655e+01	-8.208003856326928638e-02	-2.072686751800573006e+02
5.526598678609708770e+00	5.623639141122848173e+01	-5.505009304467647913e-02	-1.967382233360255270e+02
5.532162682462509196e+00	5.733098221764963398e+01	-4.108891227613481467e-02	-2.005913895104351639e+02
5.537397124017139127e+00	6.372157256856929308e+01	-8.923857959507237869e-02	-2.229085906620541948e+02
5.544582756485218589e+00	5.890990375411117697e+01	-5.321128901828570817e-02	-2.061176379368792766e+02
5.551739327507637434e+00	5.585936881033930490e+01	-1.934171868042815299e-03	-1.954991668596136947e+02
5.557493306674907707e+00	7.578364177839343085e+01	2.425283862659557699e-01	-2.654793324454968797e+02
5.562281709102816940e+00	6.307482666756886402e+01	-9.170125012386873276e-02	-2.206674495848991739e+02
5.569272720323164449e+00	3.962816618837840821e+01	-3.607389269952663430e-02	-1.386618376265874986e+02
