8.899641224696953554e-03	1.004605681565458326e+04	2.707688734165183178e+03	-1.791709835770119025e+04
1.507912216506557788e-02	1.138141956620356905e+04	1.916932117183646187e+04	8.486890098329164175e+03
2.144790186456836667e-02	9.555641791689929960e+03	1.013937159096013238e+04	-3.907891692920482910e+03
2.783660776489276650e-02	7.485069321572909757e+03	5.922380830484995386e+03	2.553255081235195576e+03
3.435099785803411021e-02	5.400750511331805683e+03	6.318530562198569896e+03	6.015126074137825753e+02
4.047886761425745911e-02	4.591352670988446334e+03	5.697472000943447711e+03	2.969123628925749017e+03
4.676716683575679601e-02	3.743144797872842446e+03	4.771690533003846213e+03	1.262195182444377679e+03
5.308225101765951665e-02	3.208353425811344550e+03	2.890355304252303540e+03	6.529740643372017530e+02
5.945362440940590160e-02	3.138454603155960740e+03	3.268187697274321636e+03	6.605217089148654850e+02
6.576224814588792211e-02	2.940374451666997174e+03	3.726499472305700237e+03	1.704039277184758930e+03
7.196632906698736953e-02	2.617200363940435182e+03	2.217747391938904912e+03	-6.833348417576672773e+01
7.827860915688347743e-02	2.292950331484636081e+03	2.013215564988575807e+03	7.899468515523037127e+01
8.470398945834539672e-02	2.021242498726237272e+03	1.996786650390921068e+03	5.249575206953206816e+02
9.096854620527369817e-02	1.743022457664202648e+03	1.870245096985732516e+03	3.326851195150201761e+02
9.720789776830213169e-02	1.492655702843252584e+03	1.530054589592141610e+03	5.320316108003411273e+02
1.034763038959366499e-01	1.235378887644828410e+03	1.211598964711595954e+03	-1.518564285104744904e+01
1.097576444254559219e-01	1.167152720567479946e+03	1.100671752054677427e+03	2.065599219260774362e+02
1.160543084780093354e-01	1.139545128156740702e+03	1.217609626671865726e+03	1.760581680883055355e+02
1.223669666537485351e-01	1.082318900860290569e+03	1.084823887307458563e+03	1.691715679796875236e+02
1.286817263090294094e-01	1.039708668968776692e+03	9.394213868358724540e+02	-9.496543415407526822e+01
1.349500801664080818e-01	1.002705522362539227e+03	9.348834768487433848e+02	1.663369418195849221e+02
1.411949558842147678e-01	9.304012173944560118e+02	8.817685597889144447e+02	1.103312315728759074e+02
1.475133575747468451e-01	8.378431654213002275e+02	8.141563345530942115e+02	2.028805982780842214e+02
1.537865074252268427e-01	7.700202047220208215e+02	7.088645997874388058e+02	1.036398213133081327e+02
1.600657544051110326e-01	6.975248074121282116e+02	6.928259151882569995e+02	1.291820020848675767e+02
1.663991168687080635e-01	6.322089644267784934e+02	6.579941607713335543e+02	1.501336058873210106e+02
1.727195645776442856e-01	5.982826420933052987e+02	6.153006483740841759e+02	1.379475106537084059e+02
1.789765213377084718e-01	5.591164608880816331e+02	5.310399740473349084e+02	1.200834147041084492e+02
1.852353690647852158e-01	5.485792919562366023e+02	5.297742513579896695e+02	5.305331149627289733e+01
1.914806787341157279e-01	5.309016894724392159e+02	5.162636991293915116e+02	1.005719833876975997e+02
1.977889868651535599e-01	5.175217603387492318e+02	5.063670833169368279e+02	7.448404884752575583e+01
2.040937735447724277e-01	4.867347797474311619e+02	4.832999199442141958e+02	9.545924112766742553e+01
2.103939302609846018e-01	4.630175979760790028e+02	4.414101723568875855e+02	8.277956415906122345e+01
2.166909709822301688e-01	4.261832437752488545e+02	4.182997687447231101e+02	7.637481764434424747e+01
2.229700281216152047e-01	3.990024444081142292e+02	4.080971852242184355e+02	1.122577459522992172e+02
2.292620027086341994e-01	3.719062879109105779e+02	3.611634970003952958e+02	8.638573470601397730e+01
2.355141508366812297e-01	3.501743460080172099e+02	3.283552223043997742e+02	6.387851108946015444e+01
2.417910583817859116e-01	3.387926380123412855e+02	3.319056665669389190e+02	7.032173533174523072e+01
2.480856539439619257e-01	3.327952432324144070e+02	3.209003990658377461e+02	3.799417238388839024e+01
2.543492256872954549e-01	3.226328272879338783e+02	3.211714595483066432e+02	9.225796785558607382e+01
2.606334251884805386e-01	3.050252564881667467e+02	2.936744795172702993e+02	5.881914164769910514e+01
2.669257370896960802e-01	2.953236808530583630e+02	2.818526824512708231e+02	4.875001137206319157e+01
2.732423343141155980e-01	2.827213317281957075e+02	2.766924644017592527e+02	7.448155906125568038e+01
2.795529680084415936e-01	2.720022516930206393e+02	2.488435338103509764e+02	4.664157826655299033e+01
2.858366292314493129e-01	2.573376293570756275e+02	2.511541866481169052e+02	5.460700943992581813e+01
2.920876271394311496e-01	2.458286817341067376e+02	2.396744247339092908e+02	4.693990004420123086e+01
2.983449844439822751e-01	2.383207965366123062e+02	2.305389130684184806e+02	6.517801230043475869e+01
3.046382639407197446e-01	2.249630695417721995e+02	2.115471306537807834e+02	4.155806064121995291e+01
3.109279127003197196e-01	2.205360742048260931e+02	2.069703512397842644e+02	3.712730034286833103e+01
3.172168171618398036e-01	2.152775386230889865e+02	2.099642409244878536e+02	5.747057522455570933e+01
3.235187567944423082e-01	2.040856010756311889e+02	1.948006637660490696e+02	4.947702426127483477e+01
3.298168217550395687e-01	1.964442734790507927e+02	1.832110480648737223e+02	4.776401017355885159e+01
3.361176429457156667e-01	1.905037373278007635e+02	1.723654954719776242e+02	3.625680559625643440e+01
3.423700375709273769e-01	1.860681392820747533e+02	1.802395622427124806e+02	5.637882404722544294e+01
3.486478192666269682e-01	1.790484754547218813e+02	1.668757684718241308e+02	4.634650061493828588e+01
3.549411614411318028e-01	1.717349155613861456e+02	1.547537442054985775e+02	3.282298576422854097e+01
3.611916935421040642e-01	1.650224158157111276e+02	1.603748655969370418e+02	4.949070077526088340e+01
3.674767089563572564e-01	1.612556817330524837e+02	1.519872596867169534e+02	3.067633268764669552e+01
3.737647795277591056e-01	1.555387392776638933e+02	1.463257930625771337e+02	3.642504720141247532e+01
3.800654031475132477e-01	1.513147823768132127e+02	1.406356456174965217e+02	3.319579420837646211e+01
3.863539861259823738e-01	1.451509737014885957e+02	1.353868312289260416e+02	4.060160737749576754e+01
3.926140181364449755e-01	1.404949560021086370e+02	1.279908677170039653e+02	3.275119463978303003e+01
3.989264500321934581e-01	1.354498740282313349e+02	1.218716253683312800e+02	3.487726480926485095e+01
4.052073244576828714e-01	1.311683973881825978e+02	1.163019875027157752e+02	3.303294953262780353e+01
4.114916477570477182e-01	1.284158819005809846e+02	1.153557080222886668e+02	2.742859806816752410e+01
4.177814272116491257e-01	1.238940449015348975e+02	1.102313153094575284e+02	3.910486293088477083e+01
4.240400648725131116e-01	1.215035977008583501e+02	1.108313599635129947e+02	3.073543412966139243e+01
4.303425690270192283e-01	1.174764111622851743e+02	1.046868725864165839e+02	3.290197451891741309e+01
4.366358560255625965e-01	1.134547585981902813e+02	1.038083005035483808e+02	3.573744756238709641e+01
4.428996183220763605e-01	1.108907761873921203e+02	9.987778786912684836e+01	2.652424831767606506e+01
4.491634418529859563e-01	1.080159054783886603e+02	9.521803178502032949e+01	2.541247442074716645e+01
4.554414146254732731e-01	1.050803191899575779e+02	9.156886881661741029e+01	2.947086314997851275e+01
4.617634470301058558e-01	1.021711034730915486e+02	9.089622330395962990e+01	2.889201963855668964e+01
4.680644242023710433e-01	9.872730206523277730e+01	8.601863957686065021e+01	3.018214570299518229e+01
4.743485242764365895e-01	9.684338529984285060e+01	8.332532897394462168e+01	2.847438960608024772e+01
4.806356136815400082e-01	9.410211871925929472e+01	8.013679042529187768e+01	2.622398433691124353e+01
4.869019258388697646e-01	9.135593476079820618e+01	7.756921263577726222e+01	2.812725208634222085e+01
4.931697099599955947e-01	8.904265775472116218e+01	7.658897009510772591e+01	2.536871022285157906e+01
4.994506747144535908e-01	8.669752621931196757e+01	7.312222510954252641e+01	2.442199303479773320e+01
5.057159051335421429e-01	8.484771294008483267e+01	7.293217777327951978e+01	2.631255759802770910e+01
5.119923996268095356e-01	8.248147111933282360e+01	6.846371402107374138e+01	2.260093480099296670e+01
5.183126097768406826e-01	7.976492886539631400e+01	6.562119414702534925e+01	2.527087875092390234e+01
5.246089638029100000e-01	7.884374218364922626e+01	6.624336601989055850e+01	2.429903036222547641e+01
5.308757308483337267e-01	7.641941589352148867e+01	6.500835365452428505e+01	2.680078994384106750e+01
5.371573527946726934e-01	7.442687981405543951e+01	6.177425242972611841e+01	2.366970023760331543e+01
5.434579563783791256e-01	7.269091520725288547e+01	5.869388001259212473e+01	2.178355118094440357e+01
5.497430652392217842e-01	7.074389418219746517e+01	5.735607990688220781e+01	2.062717643330570993e+01
5.559937427501778773e-01	6.958355903606604898e+01	5.658023573351262314e+01	2.321146068011895025e+01
5.622854676609657654e-01	6.702228281742620197e+01	5.409482830661065123e+01	2.279449306938068531e+01
5.686011537227265711e-01	6.539351599282879590e+01	5.195513814584025880e+01	1.980491857965063929e+01
5.748804589422079614e-01	6.485449158709484152e+01	5.146705318285558661e+01	2.091044018029526086e+01
5.811550210340560296e-01	6.272257852610549378e+01	4.989436293992856264e+01	2.006947312997120036e+01
5.874394496660968468e-01	6.091831280483246758e+01	4.776419283583236819e+01	2.004906151920049595e+01
5.937176220296899176e-01	6.003614996331369014e+01	4.675803473614595163e+01	1.813639149787968563e+01
5.999971954793682505e-01	5.854250234203998104e+01	4.565041969613797335e+01	1.982640751082816877e+01
6.062679115124277596e-01	5.702166260125015640e+01	4.391997656123258764e+01	1.894399761239978019e+01
6.125469576444534381e-01	5.592483278735690533e+01	4.201907490232617448e+01	1.779896940108362458e+01
6.188477733041515272e-01	5.521622688567888559e+01	4.272686765186691815e+01	1.956624611660376445e+01
6.251310567437898813e-01	5.364095611288694698e+01	4.024138841922533771e+01	1.996384106340502740e+01
6.314027450383210560e-01	5.219664845631251637e+01	3.934520129286753587e+01	1.839628091727032100e+01
6.377003562732055375e-01	5.139673543691883140e+01	3.735950650767670567e+01	1.639291426022305842e+01
6.439857783314556494e-01	5.010697527180355593e+01	3.676665003996460968e+01	1.785766818605292272e+01
6.502685417166111925e-01	4.936343868430159176e+01	3.649386896712752559e+01	1.815350430907648516e+01
6.565586117699038216e-01	4.843251040073766234e+01	3.546933904110433389e+01	1.654908229421667443e+01
6.628369282359254377e-01	4.743375224963524062e+01	3.463952743311167382e+01	1.733524247243579808e+01
6.691185444962194362e-01	4.616720326126558405e+01	3.309815466358146807e+01	1.711538258104403454e+01
6.754070198575605755e-01	4.519203430491423745e+01	3.193155304117199833e+01	1.678883732903473103e+01
6.816835514593204692e-01	4.437002515273452730e+01	3.136055306980371071e+01	1.610851305013502710e+01
6.879592533861698112e-01	4.349499116184651371e+01	3.114860084978949217e+01	1.490328459031949748e+01
6.942344317039531587e-01	4.252167686719570838e+01	3.014087486446882735e+01	1.705478499918815416e+01
7.005175402434737908e-01	4.187933128832619900e+01	2.921658124573570703e+01	1.514083581744806928e+01
7.068124956608716758e-01	4.081364377912835550e+01	2.741249646160494535e+01	1.538175632454202102e+01
7.131019009674921527e-01	3.976265909414335198e+01	2.731055787869614093e+01	1.530777731839012468e+01
7.193918251171427247e-01	3.914979749310696633e+01	2.712655368262244338e+01	1.485346068010847986e+01
7.256833807598113140e-01	3.854601359726580512e+01	2.604577655298991701e+01	1.434445912882812735e+01
7.319652682709349989e-01	3.757264671675610401e+01	2.541961557695487173e+01	1.341328218079255485e+01
7.382507990484923344e-01	3.694219904525838416e+01	2.419370773448890688e+01	1.442687791583547252e+01
7.445265842115937893e-01	3.621968375287922726e+01	2.388044866441840242e+01	1.442132335304482993e+01
7.507871101942712455e-01	3.558693166395234897e+01	2.302656149611619085e+01	1.365633832591541186e+01
7.570758465316046459e-01	3.488052770522072166e+01	2.255292506461812962e+01	1.287424440651771107e+01
7.633641233600957365e-01	3.438344742105083185e+01	2.222260333239749031e+01	1.421049012765651476e+01
7.696462959862266917e-01	3.362177323622648117e+01	2.142165774034371850e+01	1.400810586632754884e+01
7.759394865175414102e-01	3.315303819510103267e+01	2.149313238857526187e+01	1.344417414933240451e+01
7.822329141989586843e-01	3.238780229192580151e+01	2.022366441307330831e+01	1.373208525368262833e+01
7.885314936520240181e-01	3.179383381758130867e+01	1.934539369695216493e+01	1.267362081142724684e+01
7.947896566979522071e-01	3.123022752187713280e+01	1.919144166747929248e+01	1.309528468746284169e+01
8.010491096592354809e-01	3.051755181150521778e+01	1.856403357499135609e+01	1.235813753057263042e+01
8.073364061727361651e-01	3.032954055386800718e+01	1.866008853801722012e+01	1.300512431122392343e+01
8.136229488373866170e-01	2.942727076883415194e+01	1.720088520099653095e+01	1.234865718574951821e+01
8.199152998961036776e-01	2.910253443773364168e+01	1.703066822063883734e+01	1.256960795228831174e+01
8.261952636392789762e-01	2.858706622319801838e+01	1.704235302902664273e+01	1.219977812226488645e+01
8.324897070080405914e-01	2.803651729290798755e+01	1.678126796246059271e+01	1.273305548349585870e+01
8.387959309210778480e-01	2.746532541748919698e+01	1.575561189813890550e+01	1.121783790985927176e+01
8.450634639703045181e-01	2.717444092448146620e+01	1.581375143321628940e+01	1.169899802960509483e+01
8.513282867562648182e-01	2.663818324611709443e+01	1.524023860664000907e+01	1.126161888757766505e+01
8.576198263902009566e-01	2.632400671079783550e+01	1.531858615626952158e+01	1.172978654354246153e+01
8.639058477062415697e-01	2.577017470602637061e+01	1.471663404455462043e+01	1.175633289533443104e+01
8.701838745487597837e-01	2.526697213396648678e+01	1.374124829255130464e+01	1.084950428150646573e+01
8.764641096075268534e-01	2.482725477724454777e+01	1.366401165106823434e+01	1.094197808793412463e+01
8.827503873399735745e-01	2.441252080203694774e+01	1.309725347186071609e+01	1.027952879141351339e+01
8.890332768393869323e-01	2.407380375798852512e+01	1.325093027782996558e+01	1.097878478310234840e+01
8.953084247113127780e-01	2.369027267766845668e+01	1.254114519724928734e+01	1.032026558496170487e+01
9.015956521667095602e-01	2.325549944742470387e+01	1.223198149273988733e+01	1.023768226206843401e+01
9.078833328094829680e-01	2.286141504390223034e+01	1.211812517606363571e+01	1.049370522324715438e+01
9.141744106319863450e-01	2.251928381427450887e+01	1.173228246912944783e+01	1.021666808078009048e+01
9.204630817717615043e-01	2.225401969144332170e+01	1.145399251277405384e+01	1.025542348195791931e+01
9.267434415264711456e-01	2.181304427579647154e+01	1.118748531294589554e+01	1.011340092658925194e+01
9.330324197354928906e-01	2.154427987881024009e+01	1.083808584723273860e+01	1.001097162434541232e+01
9.393265785573878812e-01	2.115276027516917168e+01	1.084397816030728734e+01	1.004021086528101137e+01
9.455974810398196650e-01	2.084861250780003417e+01	1.038426642337321937e+01	9.939952687742614756e+00
9.518660018545171964e-01	2.054363055319246811e+01	1.024807729802111389e+01	9.761600865328158960e+00
9.581413255531838757e-01	2.023697924993363273e+01	1.015786369677289258e+01	9.703783026096948205e+00
9.644350945109106954e-01	2.006017081920372647e+01	9.850247532866129418e+00	9.794964628834060605e+00
9.707355633568249820e-01	1.959057649609671614e+01	9.439433255598382644e+00	9.493292523301024133e+00
9.770080768450029041e-01	1.927695973172280119e+01	9.158085916530342985e+00	9.561592015569789993e+00
9.832823325363413414e-01	1.896723768601992077e+01	9.022639232895160788e+00	9.376481990344887052e+00
9.895569691966674686e-01	1.862984649078990174e+01	8.834271636477806666e+00	9.053487619142341458e+00
9.958456301921106979e-01	1.848313362398345205e+01	8.702339884310529072e+00	9.522690461358997993e+00
1.002136210743837408e+00	1.815442970383183052e+01	8.381743592296636791e+00	9.073921707713855866e+00
1.008404825335135424e+00	1.794922855684472296e+01	8.318196989684604858e+00	9.078257183805598984e+00
1.014694149836243398e+00	1.767402795733939413e+01	8.181121965502820004e+00	9.095313835591852580e+00
1.020992555437297167e+00	1.747424381664583493e+01	7.720867161272673584e+00	9.083396866745792053e+00
1.027273980437394485e+00	1.710717564030073490e+01	7.672782473688548599e+00	8.892985464280892316e+00
1.033559181896017254e+00	1.690089848230290670e+01	7.402301899201873425e+00	8.638776695416362728e+00
1.039847557392594934e+00	1.672062646398113728e+01	7.566044994213792840e+00	8.633177412770990600e+00
1.046126974943305088e+00	1.644769440770411961e+01	7.284203926922923067e+00	8.874673029440518945e+00
1.052403436811028659e+00	1.614171919259701582e+01	7.119486769840776219e+00	8.429102765336232039e+00
1.058680704651608684e+00	1.600200020873492335e+01	6.923954534645785586e+00	8.427976457523698173e+00
1.064964333065789193e+00	1.579948715096147538e+01	6.833943576655534535e+00	8.169258075265071639e+00
1.071256777440835473e+00	1.558446841107767256e+01	6.667262019178168408e+00	8.579326219918003815e+00
1.077544048801078125e+00	1.535065411870773922e+01	6.321842110756143995e+00	8.295073389968509403e+00
1.083824820188043603e+00	1.509117968202958870e+01	6.236055163086515307e+00	8.206376095946289695e+00
1.090108023942816695e+00	1.496297416673210812e+01	6.483459835433873053e+00	8.259985098807204551e+00
1.096389665956643222e+00	1.474326399728521508e+01	6.002727324060275649e+00	8.168449399020584423e+00
1.102681132058841440e+00	1.459979705480565570e+01	6.073919330503657399e+00	7.994053848277134833e+00
1.108963047594879958e+00	1.440764448233127482e+01	5.894675774421485492e+00	8.224170244789013040e+00
1.115225428463759272e+00	1.420696823367369355e+01	5.839374414039116168e+00	8.310366059442662490e+00
1.121502127614767863e+00	1.405085855144289830e+01	5.747789100231787351e+00	8.329330452112442273e+00
1.127792573824792033e+00	1.386023758024213848e+01	5.546518017975825110e+00	7.899212610340919483e+00
1.134089552668382961e+00	1.368941457942818474e+01	5.507634485574069316e+00	8.062534620244058203e+00
1.140364049650405942e+00	1.349332960069626886e+01	5.498092729202221030e+00	7.889007479474230422e+00
1.146639180320979445e+00	1.332143475683451328e+01	5.207835878128036278e+00	8.092882824478566661e+00
1.152942412991649901e+00	1.316384903849419352e+01	5.197074263941476424e+00	7.868938790647721504e+00
1.159228906751078814e+00	1.295064658324862350e+01	5.110586601715562338e+00	7.774410195671637602e+00
1.165508721887268173e+00	1.290159897415066048e+01	5.119225663252533032e+00	7.772311897158490801e+00
1.171793076256210320e+00	1.272540769109873082e+01	5.077901750719129303e+00	7.810706983993767949e+00
1.178087436369658958e+00	1.257157207315894532e+01	4.982173532412801364e+00	7.762994041125381273e+00
1.184367654251526902e+00	1.244497285925571006e+01	4.808426874015665042e+00	7.637982069216295855e+00
1.190634642299266632e+00	1.232852816761698556e+01	4.760157425103796136e+00	7.842288053206286413e+00
1.196912208834400859e+00	1.217821506626851757e+01	4.696195688016004510e+00	7.620427535573926825e+00
1.203201577354146234e+00	1.199237823939913206e+01	4.525535441821324945e+00	7.589978055927758760e+00
1.209486844441705733e+00	1.187674792405470114e+01	4.518788158445189218e+00	7.718742020295999318e+00
1.215763902074809888e+00	1.173447821562679216e+01	4.448792891735155131e+00	7.599327119533908714e+00
1.222049755171146668e+00	1.161909106790084500e+01	4.518985832703212857e+00	7.557179389470604747e+00
1.228340616621486969e+00	1.146025354678112862e+01	4.487195162177292751e+00	7.584740084729377330e+00
1.234632986576932767e+00	1.137395820600170104e+01	4.480505550563486317e+00	7.571674216532556123e+00
1.240902247176856488e+00	1.130492479701607955e+01	4.493632010093633333e+00	7.611093125346257260e+00
1.247174839144687519e+00	1.108212285126560026e+01	4.127173651141761823e+00	7.440796459146763020e+00
1.253465459933442272e+00	1.103021766292488692e+01	4.249969692141029043e+00	7.535113513702925481e+00
1.259749951892178421e+00	1.086660273391707143e+01	4.206320190547592652e+00	7.549696349682757379e+00
1.266032143127253873e+00	1.075439511781557655e+01	4.106308396229016999e+00	7.428166446069973894e+00
1.272316288472006507e+00	1.066845260675649776e+01	4.062134418242130174e+00	7.521395689853639155e+00
1.278604155058621350e+00	1.055038378943740263e+01	4.179829354434576594e+00	7.515194284024953930e+00
1.284886588933593865e+00	1.045451552990435573e+01	4.091886503721005930e+00	7.510400894753655798e+00
1.291175420066583257e+00	1.035072023624779547e+01	4.002484201475940750e+00	7.448214434387573135e+00
1.297465726373772332e+00	1.028425651552110409e+01	3.994366883455837236e+00	7.492815173486349067e+00
1.303741827011944299e+00	1.013922301976857199e+01	4.044060290496294563e+00	7.472894129704372723e+00
1.310017322922761851e+00	1.006900305259895134e+01	3.997986083172377914e+00	7.516685212801425209e+00
1.316301447662886703e+00	9.984615568836952448e+00	3.995190529731145634e+00	7.533619230076331164e+00
1.322586760363303249e+00	9.870234761890479547e+00	3.896582418144592275e+00	7.356230023230454940e+00
1.328865492452874664e+00	9.774974133392705156e+00	3.932218519462368000e+00	7.421496664971297896e+00
1.335144804954555564e+00	9.698641907868713830e+00	3.904184832606758970e+00	7.428947727588897543e+00
1.341440516272275119e+00	9.576137014857481589e+00	3.789530803562276340e+00	7.435946951698946705e+00
1.347730868417094552e+00	9.527158093715508258e+00	3.860487011842409721e+00	7.457599734086140408e+00
1.354001589994877630e+00	9.430054066391200251e+00	3.803230428558269427e+00	7.394441518269237790e+00
1.360282609297778444e+00	9.356504576580167765e+00	3.765845958279887107e+00	7.464564651591681255e+00
1.366565686457597906e+00	9.293459737983839730e+00	3.854160393626671066e+00	7.563358366342920469e+00
1.372851498482432708e+00	9.185134924334409590e+00	3.746547515218205948e+00	7.334170855762688568e+00
1.379135372929401804e+00	9.135038833191547525e+00	3.788235313567116513e+00	7.668122782385366598e+00
1.385409567149057164e+00	9.073699102136778549e+00	3.860012398909080211e+00	7.518833641377092647e+00
1.391698641219299315e+00	8.970189686241919702e+00	3.754171895210107746e+00	7.552981631851458211e+00
1.397984451439470810e+00	8.906447326657435326e+00	3.727117564127331306e+00	7.551072345459747481e+00
1.404267883409181961e+00	8.844871348036793535e+00	3.775653680560906444e+00	7.594338958138494355e+00
1.410554779484869181e+00	8.758996930361503175e+00	3.683430489015998788e+00	7.463460688990105396e+00
1.416837833547465397e+00	8.690664263827441616e+00	3.693106288193674036e+00	7.529119671045041429e+00
1.423118177187137068e+00	8.658896876509942331e+00	3.841669638981650259e+00	7.684790133825683434e+00
1.429397801164240089e+00	8.591130861888375492e+00	3.842308235237169800e+00	7.660226671327277970e+00
1.435686921822787232e+00	8.521129350532314461e+00	3.693212711366949286e+00	7.709844654485348947e+00
1.441977121769299597e+00	8.439260998766446420e+00	3.791621855266889440e+00	7.606614481782618675e+00
1.448253667853332427e+00	8.378782459359543466e+00	3.779896081663977281e+00	7.584387291193363190e+00
1.454532348972172651e+00	8.347501616063249585e+00	3.837343660857099881e+00	7.716552032662038485e+00
1.460819319151879903e+00	8.305239924071521784e+00	3.819800415365850466e+00	7.740766029747293331e+00
1.467110364402026468e+00	8.230852031680164771e+00	3.781597540137227043e+00	7.744699821065968770e+00
1.473392908948962132e+00	8.171174428277018009e+00	3.880765809191682791e+00	7.805264178141179343e+00
1.479669965243598950e+00	8.147544501472088641e+00	3.759729378163507274e+00	7.817540107947087868e+00
1.485956144602843532e+00	8.061511599288206043e+00	3.793647225137774637e+00	7.709792558919122740e+00
1.492233610763115115e+00	8.022118896404883515e+00	3.768749812086232165e+00	7.792146496540530265e+00
1.498502470379980078e+00	7.977996417190166056e+00	3.829411746308992281e+00	7.833714505446472742e+00
1.504785752051182701e+00	7.947738820144110150e+00	3.848036904163321115e+00	7.880081328892623915e+00
1.511075991894575976e+00	7.878534623734605447e+00	3.800601845447451055e+00	7.890693541173384062e+00
1.517361634985162189e+00	7.843517701437898282e+00	3.820067980548058628e+00	7.963020551095889132e+00
1.523648570969130533e+00	7.796555470932773346e+00	3.773119214853984271e+00	7.913742450447235122e+00
1.529938035715892264e+00	7.763858063740096682e+00	3.853988317877424130e+00	8.039355530341712353e+00
1.536230176913891965e+00	7.724627777661986272e+00	3.858376894871645479e+00	8.065951919468499653e+00
1.542510718779388279e+00	7.663341915846602070e+00	3.849829015636835994e+00	7.981636560374020029e+00
1.548783963082980275e+00	7.625878210678425972e+00	3.886936660665678556e+00	8.026938623551490792e+00
1.555073069779651318e+00	7.613432706318418397e+00	3.854303475466843043e+00	8.108294427534863402e+00
1.561357324927233892e+00	7.585256246187327633e+00	3.900678304692824394e+00	8.198424764464617098e+00
1.567629121053141006e+00	7.531776441778630371e+00	3.871907202167232942e+00	8.116411178477937582e+00
1.573913697404382583e+00	7.492220511413081319e+00	3.846104453449529448e+00	8.135022396843622161e+00
1.580203545230874029e+00	7.459643822024109916e+00	3.951146381666118756e+00	8.138066955278215886e+00
1.586485393434537983e+00	7.433190743986665794e+00	3.929915444226748988e+00	8.226427131846255847e+00
1.592760014263005841e+00	7.382087112668116013e+00	3.933028695502535754e+00	8.204653417816237138e+00
1.599046436394670812e+00	7.360255012163439581e+00	3.946466659653858677e+00	8.223848271829401924e+00
1.605342136637478934e+00	7.348591819613226050e+00	3.986430027335634119e+00	8.403986826861608250e+00
1.611619860919608627e+00	7.293256761558662760e+00	3.879323893270894885e+00	8.270951136745479104e+00
1.617897597081673799e+00	7.261219121816390398e+00	4.026044857872729921e+00	8.343973159130714023e+00
1.624183235481122756e+00	7.249436589376516693e+00	3.921854813496752357e+00	8.308297295285887785e+00
1.630464598531913722e+00	7.218251425734316662e+00	3.958742229484921271e+00	8.374944945070641467e+00
1.636748985747638274e+00	7.182943167194623335e+00	3.901853351306321382e+00	8.467772092358973879e+00
1.643030923698886259e+00	7.180015563385638622e+00	3.918032375479039153e+00	8.521520656316951658e+00
1.649309176648513064e+00	7.132673951751989705e+00	3.984190632703458856e+00	8.430977810178930554e+00
1.655593633940351861e+00	7.117748488183680777e+00	3.916236834936595468e+00	8.496037133828947319e+00
1.661879571405086464e+00	7.131529868895199797e+00	3.990306798577014202e+00	8.634252940729128412e+00
1.668169361685170271e+00	7.053443389717357626e+00	3.917004167686652050e+00	8.474190854980570009e+00
1.674450151530487485e+00	7.070073596466841082e+00	3.954136363569503931e+00	8.679550875791736786e+00
1.680722718978495900e+00	7.042774160733237920e+00	3.947991789436712473e+00	8.683843500891441636e+00
1.687013891340952476e+00	7.028100777356262263e+00	4.041867526567414437e+00	8.791931175481355609e+00
1.693308984907921033e+00	7.021888495981497336e+00	4.035785125272648877e+00	8.772096805959053611e+00
1.699582147428448486e+00	6.995964252872788336e+00	3.949467703147989450e+00	8.685182932099579034e+00
1.705863747055134105e+00	6.971325585476157549e+00	3.974090781344813639e+00	8.734143955630516487e+00
1.712154434283889470e+00	6.942291095385313859e+00	3.975189657334091908e+00	8.815569342811897968e+00
1.718438381579399321e+00	6.922639327021487432e+00	3.942528220144154272e+00	8.761992925192878090e+00
1.724721264464063930e+00	6.937133682198930451e+00	4.004065773821776197e+00	8.928331649722975882e+00
1.730997441276920679e+00	6.897074824365121870e+00	3.912153930076822217e+00	8.761267826438116302e+00
1.737287073528269499e+00	6.884475309791551645e+00	3.899377954927027101e+00	8.815725778249225542e+00
1.743567991878527401e+00	6.863572065281045909e+00	3.897739680127259909e+00	8.920239684769244448e+00
1.749840680212231048e+00	6.872114794812543614e+00	3.904865336820455557e+00	8.961855502945056173e+00
1.756128549091961144e+00	6.835365859460899252e+00	3.894831648996016416e+00	8.908654240135810198e+00
1.762413535324792502e+00	6.833056736495957573e+00	3.880663142878136629e+00	8.919887979625576335e+00
1.768696187669963837e+00	6.828817883796341803e+00	3.887936534697826296e+00	9.000215913314654870e+00
1.774979359379055266e+00	6.829664899166495218e+00	3.823643109514294647e+00	9.013219160480826275e+00
1.781265555576432957e+00	6.819429338415810449e+00	3.877534079455717375e+00	9.058109563599675340e+00
1.787549427830244619e+00	6.814845139332671664e+00	3.896832587489472033e+00	9.142140282766709092e+00
1.793834120011633004e+00	6.803457154080139624e+00	3.855928992223550456e+00	9.093809320339332203e+00
1.800115051552487300e+00	6.805349896872749937e+00	3.832885310816352753e+00	9.206795200237518628e+00
1.806393904854530330e+00	6.771721195700654228e+00	3.779037701971195151e+00	9.055948359031949835e+00
1.812674089667083432e+00	6.774781685470221859e+00	3.779030350003097727e+00	9.147573892759664815e+00
1.818956920109354058e+00	6.763848363400899011e+00	3.766418571151616934e+00	9.108155828179066660e+00
1.825244164118212220e+00	6.788861931359522650e+00	3.732198352375128536e+00	9.318727192646097279e+00
1.831527256642196955e+00	6.746477881424882916e+00	3.749811682139782665e+00	9.229298573925234450e+00
1.837811294935716599e+00	6.742922111394586970e+00	3.723678752672406223e+00	9.218423689457670989e+00
1.844100717411196744e+00	6.768352352580429887e+00	3.713920291801643181e+00	9.304534954724434925e+00
1.850384816792487230e+00	6.740957923734828938e+00	3.652756583856298533e+00	9.231572770698669217e+00
1.856666059735203822e+00	6.748544835072554982e+00	3.630583427568146782e+00	9.293631866148855281e+00
1.862947728675613979e+00	6.753728896566015827e+00	3.590505259957809336e+00	9.379813744451711344e+00
1.869229324466858078e+00	6.738549221654459132e+00	3.617566309805414271e+00	9.317650696785591435e+00
1.875517616802973686e+00	6.756695324285571402e+00	3.573301514815818258e+00	9.400974855567060473e+00
1.881800769033795229e+00	6.753204569492489817e+00	3.535432876963530369e+00	9.449491474931697610e+00
1.888078863416442710e+00	6.750886688785826095e+00	3.560444826750534641e+00	9.479066212140129011e+00
1.894353975182237582e+00	6.770708934452358108e+00	3.599646629268510090e+00	9.607543077679794763e+00
1.900642716154182565e+00	6.731199586036806792e+00	3.423525883702530415e+00	9.390950076633286514e+00
1.906933494748685121e+00	6.740768086616964361e+00	3.437114817329171235e+00	9.425154221555709810e+00
1.913207568676573933e+00	6.763237829353187180e+00	3.472353934221858118e+00	9.541307761638471163e+00
1.919490884732178992e+00	6.756219276276624441e+00	3.401937508695474843e+00	9.591782035203097578e+00
1.925776855684274480e+00	6.771037375556409721e+00	3.371761564632528518e+00	9.625976139833875678e+00
1.932064452961978152e+00	6.762316562080428639e+00	3.290401078346065766e+00	9.542857966807648751e+00
1.938342610030488800e+00	6.797822256907994465e+00	3.392716360993742519e+00	9.809951610254486809e+00
1.944618341543410178e+00	6.771279504434649432e+00	3.188357781350413145e+00	9.577154249388319940e+00
1.950906260203513876e+00	6.788744265020338453e+00	3.238709937703155628e+00	9.654788881212819973e+00
1.957194556613796488e+00	6.801788955169678630e+00	3.150480525634608675e+00	9.671286623736966348e+00
1.963479614559011432e+00	6.806548232977750246e+00	3.167255763612796482e+00	9.697641059672116981e+00
1.969760361532916226e+00	6.800256519754673157e+00	3.089614134917021637e+00	9.707772165258925057e+00
1.976048367034604736e+00	6.807299107217645862e+00	3.062149335845350429e+00	9.730508907078727177e+00
1.982337990217652335e+00	6.837344371105587015e+00	3.009064120069870896e+00	9.852670649634299949e+00
1.988617489259562721e+00	6.835907914733399870e+00	2.979406378669530842e+00	9.773668398506668353e+00
1.994896320665194178e+00	6.837565424692017224e+00	2.899834152980099056e+00	9.751654692855467488e+00
2.001179596222827151e+00	6.836527612740833426e+00	2.924589414117041652e+00	9.792636939773229798e+00
2.007459756923499761e+00	6.868485862332717851e+00	2.874469879471108769e+00	9.840205535323301334e+00
2.013737397779169935e+00	6.858416710066445710e+00	2.722590170025993572e+00	9.816158204411417287e+00
2.020017234677497164e+00	6.874020323594551840e+00	2.720289034656361515e+00	9.824082001247891327e+00
2.026310251015072783e+00	6.880859348540726117e+00	2.734580578238941406e+00	9.838115391492394224e+00
2.032600542948020284e+00	6.901303634344122528e+00	2.624911263127571281e+00	9.819918277411074925e+00
2.038873863192099289e+00	6.926943207524594470e+00	2.543501053981691129e+00	9.923118747259456640e+00
2.045154087821675404e+00	6.918803546017673334e+00	2.551932861288239263e+00	9.866781949642838612e+00
2.051444704514288730e+00	6.940506212990205981e+00	2.524505768029134956e+00	9.929198102900871348e+00
2.057730430280644729e+00	6.951460551628987794e+00	2.485429548541327804e+00	9.948366893410593548e+00
2.064013940455224461e+00	6.967364965947774103e+00	2.424033475682795480e+00	9.994014337402257198e+00
2.070299891179459895e+00	6.995967394838032760e+00	2.367750127800661630e+00	1.001601421100470368e+01
2.076589719964883951e+00	6.999891103290408978e+00	2.291290137521094561e+00	9.998890945218485982e+00
2.082865483794470673e+00	7.023535279464403480e+00	2.211170691782777808e+00	1.004131373923202553e+01
2.089134494859368640e+00	7.028808021095575675e+00	2.192615285648646495e+00	1.001197117638569267e+01
2.095424211360070288e+00	7.047996282782591493e+00	2.163102845880070735e+00	1.006855749439596437e+01
2.101707116664804254e+00	7.078017378698175044e+00	2.136064169066743901e+00	1.018000891856572920e+01
2.107986473933564309e+00	7.090099644042717308e+00	1.991562286484120703e+00	1.015006482072757699e+01
2.114271806543862375e+00	7.101708752363642851e+00	1.975672125173235205e+00	1.010036706018083130e+01
2.120552717288892275e+00	7.131448261703300595e+00	1.859720522099313378e+00	1.013216244519979625e+01
2.126836933207161717e+00	7.142999989107607917e+00	1.823600974065401781e+00	1.011120822882994830e+01
2.133122044791171845e+00	7.157363746382218395e+00	1.806882631352834112e+00	1.016329774450556478e+01
2.139411711910842673e+00	7.178832179600067143e+00	1.694086663815450811e+00	1.013969245943337327e+01
2.145697076775292089e+00	7.177390400162208195e+00	1.644862091135953497e+00	1.007779041269169440e+01
2.151973548606471276e+00	7.224131823844973432e+00	1.619766414119119036e+00	1.027047483799816874e+01
2.158259913555724108e+00	7.231801737375580075e+00	1.496305099677554873e+00	1.021472370419558473e+01
2.164545396699105506e+00	7.263327282798415219e+00	1.485338124030069817e+00	1.029725839586697411e+01
2.170830700377734068e+00	7.279211000828046174e+00	1.391865833583583179e+00	1.028016991060595053e+01
2.177114138849150393e+00	7.302904048393782155e+00	1.336944533460104889e+00	1.030798644715145329e+01
2.183387647576827018e+00	7.328435563685230747e+00	1.279921030161352169e+00	1.035355638451167692e+01
2.189670273687676971e+00	7.348030516298012849e+00	1.227742104803781764e+00	1.039500592343781271e+01
2.195960147934207463e+00	7.364197852628637797e+00	1.168267803166312957e+00	1.036111691364165388e+01
2.202242556317716371e+00	7.379379488087505656e+00	1.116001336694628643e+00	1.033385780628092654e+01
2.208521655981037668e+00	7.419837205637234590e+00	1.027682958269632518e+00	1.041540330319151941e+01
2.214804637081333016e+00	7.456821839172315336e+00	1.000383911921109092e+00	1.048489834607990012e+01
2.221092583349425276e+00	7.449368105048057132e+00	9.431044178343727102e-01	1.038141584617677182e+01
2.227372893591468728e+00	7.496253523737523849e+00	8.115723852727717569e-01	1.049673477152316359e+01
2.233657161144248171e+00	7.520010287817567196e+00	8.306391102672409099e-01	1.053243178424727411e+01
2.239943485394438660e+00	7.524688791378812525e+00	7.067887630647403663e-01	1.043634535275305808e+01
2.246224175264620815e+00	7.561934617520604363e+00	6.445486591048434910e-01	1.052257589574433894e+01
2.252506378421252009e+00	7.580158100388730169e+00	5.543111608094722920e-01	1.048916125439439817e+01
2.258783417054270437e+00	7.616077610178922264e+00	5.041780785832942202e-01	1.057599976523732899e+01
2.265069077371457684e+00	7.652215452397321371e+00	4.234361174971248420e-01	1.057272171736059363e+01
2.271350377044131452e+00	7.682965082204017193e+00	4.085994166485024670e-01	1.062562696936235973e+01
2.277633995145353918e+00	7.681878399970337057e+00	3.193603600392783126e-01	1.059316421901880645e+01
2.283922419579920149e+00	7.723912597605877117e+00	2.245817827257695909e-01	1.064764139427834699e+01
2.290202874392252674e+00	7.761876375051718568e+00	1.659841423698674989e-01	1.073169822534518225e+01
2.296490779970905560e+00	7.770072628940244641e+00	6.624854897824436484e-02	1.060257660589809170e+01
2.302771769934229162e+00	7.787763100604625066e+00	9.237090210542196755e-02	1.065910191394472051e+01
2.309051364164305564e+00	7.817614717419471226e+00	-5.456976374440436484e-02	1.072117965728356737e+01
2.315338502539088239e+00	7.845937494155275083e+00	-7.097414074115435123e-02	1.070748480743242403e+01
2.321627336503874428e+00	7.870657775837817560e+00	-1.602509588204699686e-01	1.068207471980738887e+01
2.327911878297218795e+00	7.914800165911106689e+00	-2.196803740286628892e-01	1.073124770914874127e+01
2.334186238580297168e+00	7.931150465029834784e+00	-2.781335860371559887e-01	1.078510854620703263e+01
2.340467971862688401e+00	7.966246376268880880e+00	-3.718396354583192176e-01	1.074407401197754552e+01
2.346756940970738725e+00	8.012153218751187467e+00	-4.470334921997974331e-01	1.088772452638248289e+01
2.353044444556199988e+00	8.007875754231767118e+00	-4.302752882288304881e-01	1.077620565231140937e+01
2.359327653314069906e+00	8.039240953270370582e+00	-5.125953397893010521e-01	1.078066764516646536e+01
2.365603048789861607e+00	8.073052921205491117e+00	-6.230093096592553836e-01	1.079992616668750571e+01
2.371885911737665165e+00	8.102548923307852036e+00	-6.342514924752610250e-01	1.085310748474042164e+01
2.378173303594019572e+00	8.153141561137257298e+00	-7.184289433912406375e-01	1.097487211196436796e+01
2.384454016539381271e+00	8.178102630248700322e+00	-8.412257087906460651e-01	1.086111305714399222e+01
2.390736447344785187e+00	8.194310621981291121e+00	-8.005811468648681428e-01	1.084782515314884321e+01
2.397014133897952259e+00	8.234019976229962623e+00	-8.678416932063147682e-01	1.096932511109450203e+01
2.403295490074321972e+00	8.238846007081805922e+00	-9.221445249442090653e-01	1.089076083362607328e+01
2.409585049672506862e+00	8.298387301428117979e+00	-1.076632269436640366e+00	1.105032312670630290e+01
2.415871703165322071e+00	8.322142595125818332e+00	-1.128304390190234541e+00	1.093923461522386731e+01
2.422160652369088840e+00	8.358542253567152969e+00	-1.190946066198425912e+00	1.102684617210301532e+01
2.428440167222748691e+00	8.369992365360749531e+00	-1.230741861947631355e+00	1.097192214331600546e+01
2.434717472383889803e+00	8.388227278095165218e+00	-1.349941272009971049e+00	1.094709921328681013e+01
2.441002456202044257e+00	8.444779419511972307e+00	-1.353704184741572059e+00	1.103506270045519599e+01
2.447289980304530488e+00	8.474906301944956866e+00	-1.436721759139685028e+00	1.112303670646097942e+01
2.453571844729242279e+00	8.499789019692963521e+00	-1.532703923993436579e+00	1.111659890175783083e+01
2.459852705114058846e+00	8.541480466706186547e+00	-1.569524507249637324e+00	1.107539644609561158e+01
2.466139233225018934e+00	8.535350059000963441e+00	-1.551825049061192896e+00	1.103769949019941521e+01
2.472421963421291391e+00	8.599314346727268799e+00	-1.647511241898667045e+00	1.112422270556593595e+01
2.478698519174224568e+00	8.625656988208019627e+00	-1.726125043477670706e+00	1.111054418521957921e+01
2.484980841400355800e+00	8.666541674860148703e+00	-1.807557449341793410e+00	1.115881656230675745e+01
2.491269319409339822e+00	8.677492316968800523e+00	-1.817392308441424964e+00	1.104611910822575815e+01
2.497548505139029373e+00	8.712320969603473131e+00	-1.843575041209576604e+00	1.120228867652230065e+01
2.503831667172610853e+00	8.760654048732531507e+00	-1.996158800792077415e+00	1.121403307454401599e+01
2.510117938323931153e+00	8.772313937320390664e+00	-1.965835015681274722e+00	1.116522414214448666e+01
2.516400733681277480e+00	8.811882810084263440e+00	-2.086664643475221403e+00	1.124397480035952235e+01
2.522688226833368130e+00	8.824824762614127849e+00	-2.102946532956099457e+00	1.116473463757311357e+01
2.528971695852665569e+00	8.866966888674490122e+00	-2.158341471241447707e+00	1.120237875935741911e+01
2.535252039407670299e+00	8.907565015221708293e+00	-2.234909655683940510e+00	1.123620164612554362e+01
2.541537514142774512e+00	8.910743216284963353e+00	-2.263684823275495361e+00	1.115520762938769117e+01
2.547823008847572179e+00	8.927584213243843436e+00	-2.286566441418086626e+00	1.112918386586779107e+01
2.554100666580690238e+00	8.989388424809721556e+00	-2.316854273243126539e+00	1.123944418565394621e+01
2.560376788884177301e+00	9.016017195909244109e+00	-2.433382987489091764e+00	1.123343705776840018e+01
2.566667521601497359e+00	9.036559987684119832e+00	-2.485179869288994148e+00	1.115390933369483051e+01
2.572955062237090473e+00	9.090845020339296312e+00	-2.556608710529276074e+00	1.127640985391317052e+01
2.579233771797999175e+00	9.101280151482116665e+00	-2.592979691257661479e+00	1.121507689096929816e+01
2.585520164300948220e+00	9.149503419556472394e+00	-2.575083938213845069e+00	1.119574726275632948e+01
2.591805130332431872e+00	9.165875590169250131e+00	-2.681089698780721786e+00	1.130895884423348008e+01
2.598084074692260881e+00	9.203995172457958063e+00	-2.712641509352624603e+00	1.125850543630782674e+01
2.604360404197643586e+00	9.229334983458086228e+00	-2.770880464702653700e+00	1.131138771009115729e+01
2.610647185140439142e+00	9.252085854666654896e+00	-2.761503749415126663e+00	1.127271383506735525e+01
2.616931864059273138e+00	9.287593203769340278e+00	-2.804728247784490147e+00	1.128469028577212363e+01
2.623206107911065565e+00	9.303598021396437545e+00	-2.880049384610865459e+00	1.128953359600233775e+01
2.629491626543270844e+00	9.320617439310224128e+00	-2.852081101145944153e+00	1.120762149044052691e+01
2.635778507982642349e+00	9.370658784116189466e+00	-2.930836281370653662e+00	1.133217587093798429e+01
2.642061039325260818e+00	9.376877890860727760e+00	-2.948312886381691644e+00	1.114387140964930367e+01
2.648343840729305843e+00	9.389154096278376826e+00	-2.928158537723965171e+00	1.116985180773123609e+01
2.654631838974855551e+00	9.462588557585984717e+00	-3.017933256205602266e+00	1.123129140140302162e+01
2.660919001246303761e+00	9.488591961336014791e+00	-3.082884692733999454e+00	1.130282087239554301e+01
2.667198525130066056e+00	9.536691925783525647e+00	-3.207806990644485268e+00	1.136206818899151472e+01
2.673484307038032526e+00	9.562381683191883752e+00	-3.189441832236532104e+00	1.132176317682143285e+01
2.679773388053849459e+00	9.588042352720528072e+00	-3.243338157875281791e+00	1.132605681908222017e+01
2.686058217632288692e+00	9.578320992203519069e+00	-3.243188563766970844e+00	1.121243152133863319e+01
2.692338738200057868e+00	9.627599927436662597e+00	-3.290637992595546457e+00	1.131334002650512538e+01
2.698618022887226964e+00	9.679440608260383883e+00	-3.364740423726546137e+00	1.137286037255588056e+01
2.704895450708277860e+00	9.690540405510651212e+00	-3.355569063865580404e+00	1.129998604404489448e+01
2.711175674923682166e+00	9.717655518827001515e+00	-3.380714172067315282e+00	1.130809184265562806e+01
2.717459832966957922e+00	9.730927295473200900e+00	-3.292717232193023591e+00	1.119081554566039927e+01
2.723745731959044569e+00	9.790710843075418168e+00	-3.515268624008410114e+00	1.133874489558120047e+01
2.730038414850594730e+00	9.790313124012431700e+00	-3.425144756958783177e+00	1.130963165084688349e+01
2.736317989800789441e+00	9.883060186107682554e+00	-3.562311373193038033e+00	1.140480249187191930e+01
2.742591858549239703e+00	9.863868526894945532e+00	-3.533060795810615939e+00	1.130634960057717997e+01
2.748879749010778362e+00	9.909398418381970330e+00	-3.570369574931413492e+00	1.135202513810548908e+01
2.755163403825859447e+00	9.943468195531430354e+00	-3.621235782140854731e+00	1.134418728115326047e+01
2.761446955625852073e+00	9.967547811391613166e+00	-3.616147458935862868e+00	1.133444385216563788e+01
2.767732088935374701e+00	9.979142140110512926e+00	-3.616145659582113758e+00	1.129405063128684183e+01
2.774015452421743966e+00	9.999140099054404374e+00	-3.657255976788237106e+00	1.124254100880973439e+01
2.780298635700591436e+00	1.004166823999329949e+01	-3.691975924692139088e+00	1.128743381723990424e+01
2.786577474762241380e+00	1.009098764282512306e+01	-3.757515967492696785e+00	1.138049958595818900e+01
2.792857983210164541e+00	1.011880670249855996e+01	-3.748520609332191000e+00	1.134041783076726340e+01
2.799143790920211483e+00	1.014747544056611517e+01	-3.747620754308004454e+00	1.134212996783239191e+01
2.805430058399325244e+00	1.016793403804919471e+01	-3.844216995665999725e+00	1.132007282888005761e+01
2.811715058209780072e+00	1.018701252199813112e+01	-3.807616145774609162e+00	1.130342600183613655e+01
2.817989272498773623e+00	1.024125370859543338e+01	-3.877069393138742992e+00	1.138220692228378184e+01
2.824269171595737760e+00	1.022490670803014012e+01	-3.854737024719939509e+00	1.124664479921532667e+01
2.830563016441804081e+00	1.028987402232608872e+01	-3.935669130948498573e+00	1.137584782432695185e+01
2.836848750951622034e+00	1.032059020389354487e+01	-3.934563802883533690e+00	1.134516433967462312e+01
2.843130027866129783e+00	1.035951468570452150e+01	-3.964126283490482017e+00	1.134911635201035196e+01
2.849413896912404986e+00	1.038010962488395350e+01	-3.968784225801659016e+00	1.143967764364001560e+01
2.855697464522425566e+00	1.040374639100384435e+01	-4.000612057238130070e+00	1.131380473785002394e+01
2.861978799810683594e+00	1.043284223907507346e+01	-3.990412768176276437e+00	1.137291374681736222e+01
2.868262469415629567e+00	1.047993058705271530e+01	-4.060118012310342195e+00	1.141561979154839612e+01
2.874547359206753860e+00	1.050731350276561926e+01	-4.009102522167822258e+00	1.143298284819300648e+01
2.880831111471525041e+00	1.052493261425091831e+01	-4.028035315805962746e+00	1.137974100067732586e+01
2.887113216972382546e+00	1.056232371761602273e+01	-4.085423609033139947e+00	1.140359913099284306e+01
2.893394504725182781e+00	1.058954218152465110e+01	-4.046546368471666710e+00	1.140328907616777876e+01
2.899673662137033592e+00	1.061319428550540778e+01	-4.113918089997072869e+00	1.138887595656042251e+01
2.905953958587380814e+00	1.066094118189550954e+01	-4.110446465468687194e+00	1.146824056510678780e+01
2.912241118105161064e+00	1.070278604003716616e+01	-4.150451514063250080e+00	1.150183133456429552e+01
2.918525996366671205e+00	1.072902647490729677e+01	-4.158801977594065669e+00	1.147058717041258724e+01
2.924809035425688819e+00	1.076340984187914351e+01	-4.188201773886668811e+00	1.153642543087399197e+01
2.931095916293684933e+00	1.080127886287584360e+01	-4.237846298494462260e+00	1.153073393073443320e+01
2.937378182606774413e+00	1.083150019359341165e+01	-4.226297979649876524e+00	1.158160354964451244e+01
2.943659980254369923e+00	1.085620475603872670e+01	-4.213400322550116428e+00	1.155252765644407376e+01
2.949946454403890250e+00	1.090135116680831828e+01	-4.340717070227325891e+00	1.165470349616254353e+01
2.956227653702202307e+00	1.093044374969925947e+01	-4.341223895884295914e+00	1.164736528680439243e+01
2.962510478867462993e+00	1.096860072385622153e+01	-4.316924530855959397e+00	1.162436199158970318e+01
2.968796535179442309e+00	1.099316912537907598e+01	-4.323779204900232820e+00	1.166167844848830448e+01
2.975077657376874907e+00	1.104826572656236117e+01	-4.359393223074020440e+00	1.167633433027379830e+01
2.981359866759223376e+00	1.106361378600651335e+01	-4.341620835704210535e+00	1.169977157609027074e+01
2.987646761575656562e+00	1.112312572305939185e+01	-4.403418045266329628e+00	1.180092260555588446e+01
2.993929038370399365e+00	1.116857046682723542e+01	-4.461757028568147376e+00	1.187095349302296121e+01
3.000206214840962726e+00	1.119763429153449863e+01	-4.458200691811097016e+00	1.187416771234864221e+01
3.006486172402415669e+00	1.121225494386335875e+01	-4.421204244549050699e+00	1.185031916832337728e+01
3.012769812211594456e+00	1.128205349465975260e+01	-4.476402625003406577e+00	1.192126590680831910e+01
3.019053144326170113e+00	1.128806600503120983e+01	-4.525612715350918691e+00	1.193139784757172706e+01
3.025337405144251424e+00	1.135942901940072325e+01	-4.544380190046243939e+00	1.196545477506191268e+01
3.031623734799107961e+00	1.136798928715833945e+01	-4.556223613683022755e+00	1.196036722899826366e+01
3.037908962055872575e+00	1.143097865113639422e+01	-4.564528481787188952e+00	1.205729842374137739e+01
3.044195067146031608e+00	1.147620092051848495e+01	-4.584831880334534482e+00	1.215999732326191030e+01
3.050475543482170426e+00	1.150125318569257971e+01	-4.601030362405085228e+00	1.211096201949935214e+01
3.056754954538277502e+00	1.157307974782586157e+01	-4.658902747824408053e+00	1.222238578598775049e+01
3.063040539557494668e+00	1.162467123976130168e+01	-4.712459610934562448e+00	1.237375734809145023e+01
3.069323699454357346e+00	1.166797129792053056e+01	-4.659897016380520895e+00	1.240111722024999708e+01
3.075610692642898769e+00	1.168021182554706172e+01	-4.697596126590715571e+00	1.236287763607279722e+01
3.081893798009918584e+00	1.172796013247250180e+01	-4.681982215337479936e+00	1.234463372089651045e+01
3.088174549548037717e+00	1.176915312478755560e+01	-4.738937054746487298e+00	1.239555230932837659e+01
3.094458635632868493e+00	1.182897594610079750e+01	-4.728103574017392674e+00	1.250146592634462017e+01
3.100743982931558840e+00	1.187614987769551611e+01	-4.805604703017578139e+00	1.256602716358666783e+01
3.107028111748448396e+00	1.190760735524356484e+01	-4.871136500683463488e+00	1.269874923229109243e+01
3.113309299655494300e+00	1.197138902628380386e+01	-4.852799476478372398e+00	1.270647741734121006e+01
3.119590662867241626e+00	1.200729374385652370e+01	-4.913191315188825570e+00	1.277563219131592831e+01
3.125874006820172912e+00	1.204435856924019710e+01	-4.863355723853099555e+00	1.273638764368430110e+01
3.132159251154602586e+00	1.210051974831190513e+01	-4.893730657169913734e+00	1.290703656602047289e+01
3.138439172765940643e+00	1.214190235198889134e+01	-4.927051064818186887e+00	1.296181065299534296e+01
3.144723867719826593e+00	1.221473016415801460e+01	-5.022525601927345207e+00	1.299991430155310823e+01
3.151003951258561031e+00	1.223775433663294976e+01	-5.011347836208057238e+00	1.313361199639220978e+01
3.157283664131563139e+00	1.231666842492459857e+01	-5.029872173259827051e+00	1.317196670043655438e+01
3.163569317183839935e+00	1.237359258084807934e+01	-5.055792418967926416e+00	1.328714212579546583e+01
3.169851661717792091e+00	1.243502993204740825e+01	-5.177614123213193587e+00	1.339326302055000006e+01
3.176137704316093657e+00	1.247583586156705415e+01	-5.190198450561476662e+00	1.342218088974663637e+01
3.182420924828643916e+00	1.253781560115690930e+01	-5.203810893291597850e+00	1.362077440217847624e+01
3.188702811875577581e+00	1.256262784668320442e+01	-5.172155941307905458e+00	1.353893064276101654e+01
3.194990520008989865e+00	1.264050094130037749e+01	-5.213998628923421030e+00	1.372568552239386186e+01
3.201275324656983834e+00	1.268620485298974998e+01	-5.243782156136201245e+00	1.378206310528034528e+01
3.207551352179861759e+00	1.276551623043357786e+01	-5.327580781360121698e+00	1.393930754962827656e+01
3.213835216737041645e+00	1.281083737904360653e+01	-5.376269222149222315e+00	1.403134136144510791e+01
3.220122579819103770e+00	1.271630081519174738e+01	-5.001176891272166358e+00	1.332797326222876322e+01
3.226406606618656525e+00	1.250742754089973019e+01	-4.472489990655047265e+00	1.214796890501356330e+01
3.232687390085645429e+00	1.221444931317483729e+01	-3.826901425015105662e+00	1.078052405037460204e+01
3.238969121280456331e+00	1.205957887563947040e+01	-3.404041545819135095e+00	9.774793063710820462e+00
3.245254751548589667e+00	1.184911474573265266e+01	-2.948251175284055225e+00	8.710401860708600452e+00
3.251534499036136783e+00	1.169688791584702159e+01	-2.599725992212059467e+00	7.755719090772456248e+00
3.257817780791052442e+00	1.153678631914352337e+01	-2.195498719101789842e+00	6.840157761375549761e+00
3.264102164154097263e+00	1.141918578721619326e+01	-1.928858489444591262e+00	6.044115362791957047e+00
3.270384152138468892e+00	1.131784375316266456e+01	-1.695965293087661863e+00	5.336446310761924217e+00
3.276669427476867735e+00	1.120993452727690709e+01	-1.451872473553531329e+00	4.586526642722546399e+00
3.282954688864507808e+00	1.112862981805047369e+01	-1.281090538332666284e+00	3.969568673721600049e+00
3.289237200334947264e+00	1.104632494445224289e+01	-1.032395805016619761e+00	3.326975713367741339e+00
3.295519587088236779e+00	1.098244196465416955e+01	-8.860405040607027827e-01	2.685568283649614418e+00
3.301805977329951958e+00	1.090818074403559734e+01	-7.294139866513489334e-01	2.151854412491899460e+00
3.308087486222440088e+00	1.083947612747337885e+01	-6.174799900180866219e-01	1.587846994811521473e+00
3.314367630234227313e+00	1.079693699718155742e+01	-5.022382977654156200e-01	9.927087712872157965e-01
3.320651909732194262e+00	1.075827532032690392e+01	-3.495957286418596155e-01	6.192963393989435739e-01
3.326931260376857047e+00	1.070674045333970703e+01	-2.371701111483864588e-01	9.442619879734170940e-02
3.333216512447217728e+00	1.066812699270167819e+01	-1.602907457809856773e-01	-3.987438172251160928e-01
3.339504489419978128e+00	1.065992665977124787e+01	-6.389776868618998740e-02	-8.419715132552023640e-01
3.345786804809928405e+00	1.060784154268619872e+01	-8.325905289674492490e-03	-1.176427796158342920e+00
3.352071130016277767e+00	1.057783538466378737e+01	6.413878081926518981e-02	-1.680809644197067243e+00
3.358351496304225581e+00	1.056148163072283808e+01	1.040754855244152982e-01	-1.994141188555818012e+00
3.364630591073392019e+00	1.055571258898885922e+01	1.278799129764329745e-01	-2.480275069139241673e+00
3.370916305215045483e+00	1.055819104831808275e+01	1.794014156321227238e-01	-2.773337947236921064e+00
3.377197952029413752e+00	1.055010490531681100e+01	2.388846786676636635e-01	-3.169788806345284371e+00
3.383483063818085501e+00	1.055005794072586767e+01	2.286091228720656676e-01	-3.526428409996936519e+00
3.389769992424469969e+00	1.052669832724793508e+01	2.740747766242637162e-01	-3.883138615877698374e+00
3.396051330885982100e+00	1.051728723923821107e+01	3.261325911643759845e-01	-4.176895455451300698e+00
3.402330879139463971e+00	1.052360912497201184e+01	3.145943836973058017e-01	-4.549644969471643208e+00
3.408610488352048495e+00	1.051464284965540585e+01	3.364402579866263010e-01	-4.822041640234230542e+00
3.414897837696641236e+00	1.052246740076937037e+01	3.592592762462007983e-01	-5.128381825907069924e+00
3.421180484052105619e+00	1.054452109110730262e+01	3.544514890352701841e-01	-5.436232161019890263e+00
3.427461639653846870e+00	1.056062365982115914e+01	3.920519195437974780e-01	-5.796695002580380063e+00
3.433749159643459059e+00	1.055812739396870903e+01	3.529939662991715688e-01	-6.053711336171081037e+00
3.440032646656798310e+00	1.057813316899040856e+01	4.058414312785993405e-01	-6.374097186634223533e+00
3.446313366033385339e+00	1.058619094558254581e+01	3.555648478371767895e-01	-6.609782820417168026e+00
3.452600135384134905e+00	1.059444732871028805e+01	3.666692725407078579e-01	-6.866046486259028470e+00
3.458883152815406703e+00	1.061246489935119186e+01	3.288379392155370562e-01	-7.144365676377690377e+00
3.465163834403715448e+00	1.064004634943390037e+01	3.406650027636606293e-01	-7.397027523590232079e+00
3.471449329786229221e+00	1.065861929213115644e+01	3.220974820083233880e-01	-7.686889856268485310e+00
3.477734476754053894e+00	1.070019115919067687e+01	2.911262332696277211e-01	-7.938158448576546178e+00
3.484019652467224226e+00	1.068413701886781908e+01	2.965708977766594590e-01	-8.227432554095928552e+00
3.490297019369712928e+00	1.072821128074047259e+01	3.090714176944676095e-01	-8.428410947298825562e+00
3.496582486484379970e+00	1.073742173063392258e+01	3.293275168560387267e-01	-8.737026682358306928e+00
3.502868048046865024e+00	1.077023525970075113e+01	2.449506033062534283e-01	-8.936667631144620927e+00
3.509144649545451244e+00	1.080425270754423650e+01	2.421885772476224385e-01	-9.164902938547898614e+00
3.515428082003116295e+00	1.081844145416009795e+01	2.355496554849206559e-01	-9.384282552079140416e+00
3.521711031624695565e+00	1.085443425109869331e+01	2.021355378822420890e-01	-9.632654678910597568e+00
3.527991850954735664e+00	1.087978151590506748e+01	1.733169533816847907e-01	-9.861092957303029038e+00
3.534275545726699885e+00	1.092821043642993928e+01	2.023262962377417318e-01	-1.010344011710813916e+01
3.540562632020772149e+00	1.094559852764881391e+01	1.647619762551897349e-01	-1.031233412422505502e+01
3.546844410757220789e+00	1.095654676824950968e+01	1.382048498649093848e-01	-1.055203027194710330e+01
3.553131386753758836e+00	1.099591490235477664e+01	1.211186673055427571e-01	-1.077617841555144018e+01
3.559419203211965144e+00	1.102002656183825202e+01	9.060016746397138443e-02	-1.097890142473068664e+01
3.565697971577579839e+00	1.104965075278178510e+01	7.560129819366617765e-02	-1.122496111307298783e+01
3.571979559134798254e+00	1.110145709681376047e+01	3.511639973867592551e-02	-1.138003030838888741e+01
3.578265774595833726e+00	1.110271826494948932e+01	3.024378293919719254e-02	-1.166742231180257683e+01
3.584548309769353125e+00	1.118487901581311483e+01	-6.577781421448553045e-02	-1.177954262001833641e+01
3.590826843920031486e+00	1.118607686527782086e+01	-5.378467905550092520e-02	-1.203215343457683595e+01
3.597107306745233934e+00	1.122630977786771567e+01	-7.400856294167929006e-02	-1.223602734559907468e+01
3.603392831792229245e+00	1.125744733515471196e+01	-1.034840186113484828e-01	-1.242281981425119675e+01
3.609673209822572559e+00	1.129430256605498606e+01	-1.039722634934412276e-01	-1.262738381927992926e+01
3.615955412133016189e+00	1.134239068027653907e+01	-1.482058570454989899e-01	-1.284749511809146405e+01
3.622241607772384686e+00	1.135377701662439520e+01	-1.787001708950495815e-01	-1.302507573697020149e+01
3.628520252736676444e+00	1.140722543815843970e+01	-2.160580528555718360e-01	-1.320650917807068758e+01
3.634804827569451113e+00	1.143239177311398080e+01	-2.010705161288880161e-01	-1.340564399677742102e+01
3.641094981788862928e+00	1.148094557168210450e+01	-2.343492085921249080e-01	-1.364809608384596373e+01
3.647383514928639325e+00	1.152722643918581369e+01	-3.043484869904647949e-01	-1.379977203639838912e+01
3.653663283927725658e+00	1.153638837520390403e+01	-3.464549433580944027e-01	-1.395614194198771685e+01
3.659943504072155296e+00	1.160209841565571409e+01	-3.713341867608813129e-01	-1.419999237080968157e+01
3.666232000281138603e+00	1.162378350375582059e+01	-3.640817297050898960e-01	-1.438673799626228522e+01
3.672514211678317597e+00	1.166547593396081695e+01	-3.941333021022794258e-01	-1.457165237173202677e+01
3.678794154686042539e+00	1.172229440714085058e+01	-4.312276621686736977e-01	-1.472091206188167689e+01
3.685078621861909820e+00	1.175370320088084597e+01	-4.893256100725328905e-01	-1.493663099746332712e+01
3.691359210097977961e+00	1.178927266646913274e+01	-5.337131823258274288e-01	-1.503081075757858898e+01
3.697642368173791105e+00	1.181652656767330711e+01	-5.377823552726448408e-01	-1.525498905666359306e+01
3.703925796735277665e+00	1.188094569811775436e+01	-5.794296565284562384e-01	-1.539242292660008360e+01
3.710208240364660348e+00	1.191196349035477553e+01	-5.663179839639402857e-01	-1.564085510972851090e+01
3.716494593122387169e+00	1.197530815994637265e+01	-6.241452674148747493e-01	-1.580095322468964625e+01
3.722775386659595398e+00	1.202267538516678869e+01	-6.468419687136744978e-01	-1.598085227433702649e+01
3.729058392883481510e+00	1.202847550485493855e+01	-6.442775671773065538e-01	-1.618129553247170094e+01
3.735339748210807720e+00	1.209132604382227427e+01	-7.092694655229102585e-01	-1.635522421886271260e+01
3.741620776392969638e+00	1.212907073077349551e+01	-7.591169669690247535e-01	-1.646832696864614221e+01
3.747904795418762980e+00	1.220086523821266589e+01	-7.823874401625015018e-01	-1.665666328288522280e+01
3.754190633281219380e+00	1.221534729946946918e+01	-8.081271644001233323e-01	-1.686741329126689237e+01
3.760478208018912749e+00	1.224305113588649974e+01	-7.927400331502991726e-01	-1.706086835573939098e+01
3.766755538573464346e+00	1.231373816341674576e+01	-8.406380895639627981e-01	-1.725412613736640211e+01
3.773032090135151506e+00	1.233388760086321767e+01	-8.727050974706005437e-01	-1.734465462241499267e+01
3.779322553012896879e+00	1.241317475101423007e+01	-9.380756837111667856e-01	-1.749284157834389575e+01
3.785609109731308930e+00	1.243333122668853541e+01	-9.275673272486756327e-01	-1.776280839506458875e+01
3.791889825936295200e+00	1.246398056827717227e+01	-9.899217902901430444e-01	-1.781056847152794376e+01
3.798174822702435893e+00	1.253835183391695907e+01	-1.037724994859156258e+00	-1.800531514213246354e+01
3.804458658753491651e+00	1.254901750193171672e+01	-9.772147945698337335e-01	-1.831137523500400022e+01
3.810738438095723435e+00	1.262167744929234026e+01	-1.080766209120637367e+00	-1.833621027751750177e+01
3.817018850285747167e+00	1.267702856867770045e+01	-1.094984506501922583e+00	-1.857295607010609473e+01
3.823305314209427763e+00	1.270835782431927719e+01	-1.107060247303355505e+00	-1.872976118755509845e+01
3.829591295197792178e+00	1.275718332569043234e+01	-1.141336322660135405e+00	-1.890043372963244650e+01
3.835872296070849341e+00	1.280814646853828087e+01	-1.140368659549484409e+00	-1.916147217423897686e+01
3.842156279590906109e+00	1.288941400527924586e+01	-1.168529515415858810e+00	-1.932968884146901800e+01
3.848441511099312429e+00	1.288625747718999470e+01	-1.178853890682388439e+00	-1.952412759057903813e+01
3.854723334376886079e+00	1.294748540252228430e+01	-1.242377635301956884e+00	-1.959623996132560819e+01
3.861004740704794713e+00	1.298563903940657660e+01	-1.239874893860080096e+00	-1.981434363153890388e+01
3.867284336650660848e+00	1.303495768184883552e+01	-1.268704156293782193e+00	-1.995735660451349602e+01
3.873567367678779849e+00	1.309461508136273977e+01	-1.281789999252872292e+00	-2.017662443116897109e+01
3.879850662830422792e+00	1.313474444329039770e+01	-1.317284873772186282e+00	-2.036393812666869962e+01
3.886137063198143338e+00	1.317782602564066075e+01	-1.337720562033232863e+00	-2.043427295785469511e+01
3.892419463049126005e+00	1.322558118478315770e+01	-1.382243899261478282e+00	-2.068126824631960048e+01
3.898703740328622658e+00	1.328343930857763411e+01	-1.412430983612661617e+00	-2.083466320848805253e+01
3.904991458788179326e+00	1.330636256013193375e+01	-1.440634879384123490e+00	-2.100267698405332339e+01
3.911270842222104083e+00	1.339202748038817425e+01	-1.429411346767229585e+00	-2.126726335014961933e+01
3.917549806479573071e+00	1.341850870465642132e+01	-1.475095422821190105e+00	-2.131164497152201065e+01
3.923836006203090587e+00	1.347503838412271193e+01	-1.465129088308878114e+00	-2.158221560274786199e+01
3.930121452497870926e+00	1.352266468447902703e+01	-1.506902478955279179e+00	-2.168466507031974544e+01
3.936398172858230460e+00	1.358907686548615068e+01	-1.497570801767653892e+00	-2.197751366916174831e+01
3.942683040425962293e+00	1.360488836599743934e+01	-1.488226206851425149e+00	-2.213386553235897480e+01
3.948974759704379611e+00	1.368550541037719448e+01	-1.528851264306837709e+00	-2.233682114187262968e+01
3.955259227995065352e+00	1.371529887947139947e+01	-1.576066959347680596e+00	-2.243408589022222444e+01
3.961537174921395454e+00	1.383109627810497244e+01	-1.614000230950275450e+00	-2.271220656144464556e+01
3.967820217617139544e+00	1.382819496293773476e+01	-1.586821476451327539e+00	-2.290536987613146991e+01
3.974105559832568968e+00	1.389355948658788797e+01	-1.655879687016508228e+00	-2.299556950222907403e+01
3.980384727931198352e+00	1.394942404557266435e+01	-1.645283660317429009e+00	-2.326724123162507141e+01
3.986664590839849698e+00	1.399494704641861098e+01	-1.691837462241879031e+00	-2.339601555016467671e+01
3.992949619150675034e+00	1.405063660072007181e+01	-1.710528480330776535e+00	-2.356792107217161458e+01
3.999235075769965952e+00	1.410392396874083687e+01	-1.704815583494011078e+00	-2.380508791789859657e+01
4.005515715515433506e+00	1.415621651952545967e+01	-1.722876488413791263e+00	-2.397184681829820008e+01
4.011798434346478537e+00	1.417722156667126754e+01	-1.687059342089473946e+00	-2.418530729200985263e+01
4.018083716245132386e+00	1.425877942012230193e+01	-1.779290565678025793e+00	-2.433710865213926766e+01
4.024365700052603856e+00	1.433991291475491892e+01	-1.778420292915339651e+00	-2.459368732785909728e+01
4.030643960839860540e+00	1.437202988534284565e+01	-1.763599738084893787e+00	-2.481591823437114641e+01
4.036928708926215137e+00	1.445182004403062237e+01	-1.851895348020104359e+00	-2.490498812414854157e+01
4.043218157412017177e+00	1.449617967349111503e+01	-1.799059227893750945e+00	-2.517564008104038109e+01
4.049503019487663558e+00	1.457406197546780646e+01	-1.850879935801134968e+00	-2.535177943493690833e+01
4.055781898960511000e+00	1.460720275669307355e+01	-1.845959615929856579e+00	-2.554683567103861819e+01
4.062060795621602161e+00	1.465539915352677269e+01	-1.827974335397250627e+00	-2.580988509965213140e+01
4.068347865354716042e+00	1.474262296440024400e+01	-1.889889665055145773e+00	-2.594943092093672732e+01
4.074631027173265529e+00	1.479067896909929836e+01	-1.862941336028387740e+00	-2.625155467868327364e+01
4.080910837526078971e+00	1.481036090432700725e+01	-1.891326551162898051e+00	-2.633546199408124622e+01
4.087201203341442657e+00	1.490197340233075174e+01	-1.915690837813219582e+00	-2.657086795949893698e+01
4.093486818591942189e+00	1.493634529722563364e+01	-1.930401022718091886e+00	-2.680069113494725386e+01
4.099764387336505500e+00	1.501980418368658476e+01	-1.937285708716306454e+00	-2.702797374738057812e+01
4.106049166937662420e+00	1.505212895145356633e+01	-1.869864093463554422e+00	-2.735332726132899595e+01
4.112334559041358695e+00	1.516554771359896669e+01	-1.937171625152381838e+00	-2.753385485572040636e+01
4.118618926059533614e+00	1.520404396300761896e+01	-1.952583300890770701e+00	-2.771400382286075370e+01
4.124898942031112625e+00	1.523876155760442153e+01	-1.962866033039824876e+00	-2.786625669353425039e+01
4.131175432561665417e+00	1.530400477648030488e+01	-2.003844186601551947e+00	-2.802102786383336408e+01
4.137461563786142271e+00	1.537144302012731423e+01	-1.991897045949885925e+00	-2.835519643060636952e+01
4.143746006210170307e+00	1.545265987610187786e+01	-1.965853577009314845e+00	-2.859754066838009479e+01
4.150029800482964326e+00	1.550561889982490449e+01	-1.972419968513192234e+00	-2.885234451486605778e+01
4.156313390684649001e+00	1.556077785840489547e+01	-2.005809807151608837e+00	-2.903797037905571798e+01
4.162596105843763716e+00	1.563259811396969212e+01	-1.976878932134191524e+00	-2.929194209515885561e+01
4.168881843141768684e+00	1.569273103056481133e+01	-2.007373196617645128e+00	-2.953119968440727661e+01
4.175162111073220217e+00	1.577176392008160555e+01	-2.001242730155807337e+00	-2.979926057464207645e+01
4.181448573417560155e+00	1.580140683943972491e+01	-2.017018659533945435e+00	-3.005540570977912651e+01
4.187738782464171194e+00	1.585685851990561268e+01	-2.004544553321804479e+00	-3.018851102610005555e+01
4.194017437180169061e+00	1.598316734613654155e+01	-2.020830473412701167e+00	-3.057084171173443110e+01
4.200293572701767175e+00	1.598822644958928585e+01	-1.987703331560161768e+00	-3.082989911377489278e+01
4.206580195481546269e+00	1.608067438143685379e+01	-2.045043684910415660e+00	-3.093947852670594756e+01
4.212860644652220543e+00	1.613193043014893036e+01	-1.972360040277182147e+00	-3.138843000814751250e+01
4.219138153430114002e+00	1.620359920039642176e+01	-2.006350904653310341e+00	-3.147030808898934851e+01
4.225426162098283811e+00	1.623492083435703037e+01	-2.054208851249165413e+00	-3.165820816586365893e+01
4.231713506719782636e+00	1.633205477716588305e+01	-2.014886597305316496e+00	-3.198107094908660386e+01
4.237990056577191744e+00	1.639525671085091929e+01	-1.999117765373526145e+00	-3.229999776434498671e+01
4.244267783646744618e+00	1.647453907286782737e+01	-2.026732291683232212e+00	-3.260083550148483056e+01
4.250560660182562955e+00	1.652660013628116431e+01	-1.984082745451060115e+00	-3.282816734974104378e+01
4.256847734842668096e+00	1.654176238608664562e+01	-2.005286239834156437e+00	-3.302378239599166676e+01
4.263127100734456221e+00	1.670980716644514885e+01	-1.973109276405779156e+00	-3.349636548235876887e+01
4.269406860432507500e+00	1.673653880453990794e+01	-1.994910535986194500e+00	-3.370602249044084431e+01
4.275691671482192646e+00	1.680291403390623728e+01	-1.949540667087213075e+00	-3.404368061769481102e+01
4.281972414189518794e+00	1.689217855458575102e+01	-1.984696663506559267e+00	-3.426545794832472325e+01
4.288253516806755705e+00	1.689246046439904703e+01	-1.931384904441310502e+00	-3.453131909202086547e+01
4.294540520160492925e+00	1.702120260714969291e+01	-1.943364741707184429e+00	-3.487638479153500981e+01
4.300825742921731809e+00	1.710575744070104065e+01	-1.898082428208003769e+00	-3.530272841735138201e+01
4.307109835491901961e+00	1.716999654872289582e+01	-2.034014847739726850e+00	-3.535824609236000526e+01
4.313390926478413157e+00	1.723195231038734576e+01	-1.983110113884252401e+00	-3.566980502980938184e+01
4.319667979480563247e+00	1.722069145104707033e+01	-1.908535078727630951e+00	-3.604034412782030472e+01
4.325952598143786076e+00	1.734160744255830977e+01	-1.965726561667673788e+00	-3.619054407106694526e+01
4.332241647035422361e+00	1.739983279553937834e+01	-1.870640920213365810e+00	-3.673009128764492459e+01
4.338524445619096781e+00	1.744811688555628848e+01	-1.896262747105955881e+00	-3.693487368296420215e+01
4.344809348131129845e+00	1.755884667380284725e+01	-1.896310735629149979e+00	-3.730430954370660857e+01
4.351090699193166600e+00	1.760325246279171907e+01	-1.844519539838797462e+00	-3.768061577506151139e+01
4.357369710808320029e+00	1.769606762204868389e+01	-1.885609856711315535e+00	-3.788518353886563972e+01
4.363659348967174445e+00	1.776083904299595062e+01	-1.818351105373317012e+00	-3.841226920830079195e+01
4.369947418280990981e+00	1.785199258087396501e+01	-1.870311499354332607e+00	-3.862113577489802907e+01
4.376226569265827315e+00	1.788577006639251721e+01	-1.857061360029270025e+00	-3.888360552271146275e+01
4.382499356631129217e+00	1.789942812998002708e+01	-1.760482837005315604e+00	-3.932957914023359081e+01
4.388784975178015024e+00	1.801864306477218847e+01	-1.813010186982870975e+00	-3.964583165226865447e+01
4.395068696309480494e+00	1.801064748630691881e+01	-1.676428895125564145e+00	-4.012464354236882969e+01
4.401347962382031298e+00	1.813738537168886822e+01	-1.728700875694046291e+00	-4.035786581743438006e+01
4.407628405096517099e+00	1.818540675676813834e+01	-1.698475541815930523e+00	-4.079087475160791598e+01
4.413915862185140426e+00	1.822874669312626494e+01	-1.641896615858875474e+00	-4.126417533803949311e+01
4.420203163534264235e+00	1.832221915079724894e+01	-1.677402864850089603e+00	-4.151695173956029805e+01
4.426480311003382795e+00	1.830635516591794243e+01	-1.557739078151806122e+00	-4.208046479884252733e+01
4.432765973643649104e+00	1.848676083178745699e+01	-1.653228638774867587e+00	-4.223576401741892283e+01
4.439053392023870614e+00	1.842587413471977698e+01	-1.505378322492284537e+00	-4.282377326047416233e+01
4.445336141335588742e+00	1.853922971425094346e+01	-1.524466417703079335e+00	-4.311649183726518686e+01
4.451617241414883352e+00	1.852511089629872743e+01	-1.471338943957406498e+00	-4.355036987666107251e+01
4.457901500730311106e+00	1.855734373859850450e+01	-1.392333840134372780e+00	-4.398397437458049808e+01
4.464189501093017043e+00	1.868748805266518076e+01	-1.419227992851931797e+00	-4.436373633738618594e+01
4.470470197548729985e+00	1.861146414257274984e+01	-1.264143767301669552e+00	-4.499297633317732448e+01
4.476748044268524573e+00	1.872032538570332960e+01	-1.368408846942238632e+00	-4.507098988055810906e+01
4.483035990164653484e+00	1.866551631471613959e+01	-1.235906359048751124e+00	-4.567753196614686573e+01
4.489323331650528104e+00	1.882150817304532708e+01	-1.170456292502771500e+00	-4.634153280547380405e+01
4.495599111667934800e+00	1.873789065171255075e+01	-1.113810060576030381e+00	-4.659742785507521745e+01
4.501870922878794090e+00	1.873597475222720732e+01	-1.057664487920828567e+00	-4.706407441480821774e+01
4.508155162877705457e+00	1.884267371992883966e+01	-1.111707227471925963e+00	-4.739801265961663290e+01
4.514446451153479423e+00	1.879514696718039346e+01	-8.224725021834129457e-01	-4.831141489511735898e+01
4.520723894043856994e+00	1.884135026604091223e+01	-9.100491712518230525e-01	-4.849849950176915314e+01
4.527003782460155890e+00	1.875303275241316925e+01	-7.992085995502179463e-01	-4.902916872357859290e+01
4.533293086610313161e+00	1.875103477717107125e+01	-7.397950780939834825e-01	-4.944783682578503203e+01
4.539578989864040182e+00	1.877723876892728683e+01	-6.672786790320341943e-01	-5.015682163798127391e+01
4.545857164866476730e+00	1.870662227296627123e+01	-5.172783337761378553e-01	-5.071624188146009971e+01
4.552138955546025656e+00	1.862014173354827307e+01	-4.725018712541153576e-01	-5.106813547325114655e+01
4.558432046889146605e+00	1.865093556616633919e+01	-3.472291500384154239e-01	-5.173778175333938378e+01
4.564713463378488711e+00	1.862907366305559975e+01	-3.820590679464864747e-01	-5.191881670620728073e+01
4.570987274133244682e+00	1.869437955432405829e+01	-3.394504302034743182e-01	-5.256635253511823436e+01
4.577274818151045643e+00	1.871704253034660681e+01	-3.213368621213754106e-01	-5.297742216314892261e+01
4.583563263889338657e+00	1.873489651330048389e+01	-2.991322129170051469e-01	-5.337533565989485140e+01
4.589844917004465508e+00	1.878698601695120729e+01	-2.108616584962183516e-01	-5.387019083950417553e+01
4.596126259982004747e+00	1.882650442736388996e+01	-2.715566382367730069e-01	-5.421041536807786798e+01
4.602409075598298926e+00	1.882113580610694470e+01	-2.016877964295912817e-01	-5.456698087750574899e+01
4.608696634867644804e+00	1.891290875239109326e+01	-2.190379284467823817e-01	-5.502371482966641736e+01
4.614977646498861219e+00	1.902202012160399391e+01	-2.487734636976288716e-01	-5.558434067969557191e+01
4.621258953029527383e+00	1.897641829261916158e+01	-2.354600136260833476e-01	-5.567904632521362629e+01
4.627547993978874175e+00	1.908638931480221501e+01	-2.714586924079074870e-01	-5.617813301856426023e+01
4.633830152730579854e+00	1.913863061579053948e+01	-2.511824960116386118e-01	-5.663266798867389440e+01
4.640104005367354567e+00	1.927733077478803025e+01	-2.083433961590353267e-01	-5.724637790328089437e+01
4.646382060386754276e+00	1.919543763510954193e+01	-2.689268804503807120e-01	-5.718277549282951355e+01
4.652674213731970987e+00	1.928069938640777892e+01	-2.629069935154774162e-01	-5.764587255360869023e+01
4.658958291796220230e+00	1.942271162735396572e+01	-2.168329436869522175e-01	-5.829648456978887339e+01
4.665233615070169648e+00	1.949370898649537764e+01	-2.504379151387248204e-01	-5.869753276076542647e+01
4.671520675710307380e+00	1.957339702188702901e+01	-2.548435923480631415e-01	-5.913826044462844322e+01
4.677814351732177300e+00	1.958361655800123202e+01	-2.388042861229740521e-01	-5.938753823806810317e+01
4.684093699744638073e+00	1.971895006775145731e+01	-2.741571089388852300e-01	-5.994369429590443588e+01
4.690368661472568590e+00	1.975492873161531548e+01	-2.935481658825504492e-01	-6.015556657016588105e+01
4.696663270746453733e+00	1.988800438951882654e+01	-3.059669362910424351e-01	-6.078025416793033031e+01
4.702945459248681459e+00	1.995826579921911303e+01	-2.682364164045170085e-01	-6.122779135435949627e+01
4.709209170841929470e+00	1.994499546151270408e+01	-2.553704813513215099e-01	-6.134282775551962885e+01
4.715491634753063543e+00	2.002151248364085845e+01	-1.784986952790684755e-01	-6.189286744693965403e+01
4.721784316284933780e+00	2.020246803981749650e+01	-2.436742919625743964e-01	-6.256263725251494634e+01
4.728063062331094635e+00	2.029244092618835182e+01	-2.514547335687306595e-01	-6.294856953287949608e+01
4.734337423381671073e+00	2.033196766494442542e+01	-2.727726865996477623e-01	-6.319821390042866227e+01
4.740627024094544062e+00	2.053730669941814924e+01	-2.755237847454665712e-01	-6.404113530987964964e+01
4.746914995664547554e+00	2.061904900299818877e+01	-2.528790488142993453e-01	-6.445604062800927636e+01
4.753194740071086777e+00	2.063916888948947914e+01	-1.907489228554438143e-01	-6.476570234666597514e+01
4.759478891864783456e+00	2.079103796098802448e+01	-2.273663817372699736e-01	-6.533246523740290002e+01
4.765762396877359031e+00	2.079832217156253549e+01	-2.847580335556141873e-01	-6.542906409530152700e+01
4.772049481246195768e+00	2.103062631985735109e+01	-2.321503355163647697e-01	-6.638696748181791918e+01
4.778335091022592351e+00	2.101413976615980772e+01	-1.876048475109335922e-01	-6.650409611678526289e+01
4.784610831402393849e+00	2.110656336538079003e+01	-2.358949525463372998e-01	-6.693631157455597247e+01
4.790907306208476157e+00	2.124593680505451943e+01	-1.803916230656965325e-01	-6.756991888119236478e+01
4.797204047706418173e+00	2.137891054737561447e+01	-2.589351283324990982e-01	-6.803028026377660353e+01
4.803470827697504220e+00	2.147438030905562556e+01	-1.716644469325390998e-01	-6.862968007494234257e+01
4.809748850577324042e+00	2.156015716882489386e+01	-2.253435521258456142e-01	-6.899443891117076078e+01
4.816045316586602176e+00	2.166410801182631474e+01	-2.889558366817966406e-01	-6.934571722956377471e+01
4.822329240673497885e+00	2.170635606702136755e+01	-2.465032611312737432e-01	-6.966585868321067210e+01
4.828596758226470165e+00	2.188619341928501427e+01	-2.538329623467899254e-01	-7.038891247513511473e+01
4.834890332961369275e+00	2.196043466216936935e+01	-2.254091772443271302e-01	-7.081156450073623887e+01
4.841191655056394261e+00	2.210324760147498324e+01	-2.275480939429507521e-01	-7.139663446858490659e+01
4.847460407468000554e+00	2.221051615441917093e+01	-2.664733482831285749e-01	-7.178716960896746002e+01
4.853732128521334843e+00	2.227111629230081746e+01	-2.294982677425936590e-01	-7.217582959318221469e+01
4.860029138783373170e+00	2.245481209044715953e+01	-3.019690191028616133e-01	-7.284491972999406073e+01
4.866314601732018019e+00	2.252560229592334906e+01	-2.003137123176077783e-01	-7.332359864945804873e+01
4.872587026269203925e+00	2.267908637555962770e+01	-2.206490060108197149e-01	-7.387600750851690634e+01
4.878874221748241702e+00	2.283302445690947025e+01	-2.397036352819470750e-01	-7.452845893910175334e+01
4.885171078138658807e+00	2.279455326826175465e+01	-1.795184124529521641e-01	-7.462641302071959615e+01
4.891450629931857641e+00	2.305682216872042289e+01	-1.843722397227441911e-01	-7.553957215594142838e+01
4.897716482750221978e+00	2.309381841932915691e+01	-2.808422574059169508e-01	-7.563545313017952765e+01
4.904002834596266069e+00	2.330972795234413653e+01	-2.385690017296138443e-01	-7.659102698209285620e+01
4.910295858205786068e+00	2.348106994115189750e+01	-1.951175271167047698e-01	-7.731211438012033454e+01
4.916575188115905881e+00	2.358232099344787969e+01	-2.097692464598241713e-01	-7.770256153960595213e+01
4.922847946197084212e+00	2.373623245928887826e+01	-1.873174215188183056e-01	-7.838270611473470240e+01
4.929131667457151700e+00	2.385657507507344732e+01	-1.740728457387269168e-01	-7.894226195394921319e+01
4.935434460144239033e+00	2.402804918926393540e+01	-2.035143172266376810e-01	-7.952377604707665171e+01
4.941718513303545279e+00	2.416913418920591639e+01	-1.818511243414334400e-01	-8.012224100663782167e+01
4.947978624761803168e+00	2.417624273500480214e+01	-2.011754833992274172e-01	-8.025580986479700130e+01
4.954274999209829389e+00	2.436614031883724962e+01	-2.024066595231310273e-01	-8.095930982413476329e+01
4.960571094729937514e+00	2.460801914900935827e+01	-1.690801463042242991e-01	-8.191223199284821987e+01
4.966823207626954506e+00	2.474070651764698070e+01	-1.658860533254654934e-01	-8.247852869060885439e+01
4.973097418390337587e+00	2.497273244350470023e+01	-1.156715123318582533e-01	-8.341291417563977006e+01
4.979415129936382023e+00	2.493719091566926593e+01	-1.616782691967059982e-01	-8.333906319130061036e+01
4.985702082330368157e+00	2.506594347328115902e+01	-1.761498857413365537e-01	-8.384962853660397286e+01
4.991949985828016523e+00	2.534466257422029756e+01	-1.708593232813063467e-01	-8.490706581131365738e+01
4.998241586316924057e+00	2.547732243648254169e+01	-1.662832552542518050e-01	-8.545152400630226452e+01
5.004556635606089543e+00	2.575251274767689580e+01	-1.618356109049051139e-01	-8.646769593016894362e+01
5.010828655701208945e+00	2.590981012273915240e+01	-5.189666720728534910e-02	-8.723996558066882301e+01
5.017077229702536556e+00	2.611564651970771678e+01	-1.199964895961930511e-01	-8.792435063134431061e+01
5.023374414758113637e+00	2.625836665607353737e+01	-9.334576688498624764e-02	-8.853774804264898535e+01
5.029688873569548413e+00	2.627843641166683497e+01	-1.466960216709038423e-01	-8.864489121506295533e+01
5.035958413584124216e+00	2.644386950637631628e+01	-1.340400983500362464e-01	-8.927844685072169284e+01
5.042232667658486989e+00	2.670039525849574602e+01	-9.899500805072454501e-02	-9.031171936777920450e+01
5.048528755870775875e+00	2.681031762745618963e+01	-1.047721174482509482e-01	-9.076969288504123767e+01
5.054821121427484520e+00	2.700101547643249944e+01	-1.304179518264849125e-01	-9.143685283437343969e+01
5.061069509814582368e+00	2.740669432388994053e+01	-1.196006602642797068e-01	-9.292328292540103973e+01
5.067347812754101177e+00	2.748757056190341430e+01	-1.111687141772527282e-01	-9.329261473667395421e+01
5.073675050630431116e+00	2.763789842689787690e+01	-1.109064402198380872e-01	-9.390019953346107684e+01
5.079945928388977627e+00	2.796505536262495539e+01	-1.310722378026995538e-01	-9.505177029689841106e+01
5.086192992546071601e+00	2.822991993231850572e+01	-1.571458114513321902e-01	-9.599496613564109282e+01
5.092484128970163226e+00	2.827869961411059663e+01	-5.440377322995462728e-02	-9.641706210028335988e+01
5.098802924706086870e+00	2.860617624978504736e+01	-1.549622506785636455e-01	-9.745749445534042366e+01
5.105078217426394005e+00	2.873235874628484865e+01	-4.749697413925198924e-02	-9.809260625318120219e+01
5.111325076574067872e+00	2.895509127966944263e+01	-9.070631255907248003e-02	-9.887772740633056401e+01
5.117628358851224135e+00	2.913152439789295300e+01	-1.331704242992165221e-01	-9.952557466329481883e+01
5.123935939383525984e+00	2.924407699853394504e+01	-6.986581249113991976e-02	-1.000368310996869639e+02
5.130199176325612065e+00	2.980659155695303042e+01	-4.359457736848945664e-02	-1.020591127510103604e+02
5.136469985878846956e+00	2.978433277617210706e+01	-1.240008794612562637e-01	-1.019818248925631110e+02
5.142797788696348071e+00	3.035292984989520448e+01	-5.257558740007722831e-02	-1.041014361335051888e+02
5.149090378043822192e+00	3.029665441030561013e+01	-1.345393954277538384e-01	-1.038778331532403030e+02
5.155289879840074363e+00	3.059983634859634094e+01	-8.564064659625027220e-02	-1.050395782970766447e+02
5.161564521234301317e+00	3.088892549914394792e+01	-1.008685965603866724e-01	-1.061103481051035260e+02
5.167916673496016244e+00	3.062948669927348888e+01	-1.135026418822628579e-02	-1.053616494621053619e+02
5.174205974602950064e+00	3.130558185015586403e+01	1.915098149725686164e-02	-1.077606486368156169e+02
5.180434820793812456e+00	3.173667753910087086e+01	-3.458218749317346075e-02	-1.092438904131062003e+02
5.186729096569634656e+00	3.182888043225376506e+01	-6.102480081534949335e-02	-1.096310637751827386e+02
5.193058481037780894e+00	3.236660116772753781e+01	-3.071279658006257143e-02	-1.115754630261092473e+02
5.199319511444338460e+00	3.242817748012637935e+01	-6.740171446416462486e-02	-1.118078595012115670e+02
5.205574295584361799e+00	3.236398096203922137e+01	-4.451855155402478781e-02	-1.116736973359456186e+02
5.211894977074066126e+00	3.294792001877993215e+01	-7.022705170286104581e-02	-1.137424088468358008e+02
5.218201708336958511e+00	3.380901142824288996e+01	3.538828131378556757e-02	-1.168785002488341860e+02
5.224411911780083351e+00	3.380966881882842046e+01	-6.061926082492773496e-03	-1.168823549872071936e+02
5.230677632666463239e+00	3.388742544048839278e+01	1.664251005409362466e-02	-1.172626601987403063e+02
5.237056729559757429e+00	3.413544700339645033e+01	-2.829149443629777258e-02	-1.181337152940535304e+02
5.243336785035660697e+00	3.458822156865569752e+01	-4.867100810165506108e-02	-1.197003498592987114e+02
5.249493476178225038e+00	3.496233853199875341e+01	-4.269968924233217417e-02	-1.210359917741513698e+02
5.255787017738318134e+00	3.502267225563613096e+01	-7.835761850673229889e-02	-1.213209208441794260e+02
5.262205327426889845e+00	3.547940603254554759e+01	-6.136835541706353592e-02	-1.229512297115465458e+02
5.268477758348532269e+00	3.593077641120081012e+01	-2.838215073395818425e-02	-1.246021368572917396e+02
5.274632213654732560e+00	3.646922798754872730e+01	-3.658234695948402171e-02	-1.264949874180528155e+02
5.280950543314659740e+00	3.636662636692631878e+01	-8.027815102018406521e-03	-1.262576461538823906e+02
5.287327645024750389e+00	3.645421477096744667e+01	-3.029440960634162405e-02	-1.265744797593937534e+02
5.293582359180156516e+00	3.718077353587403167e+01	5.253275868984223947e-03	-1.291532787154252446e+02
5.299789992649893478e+00	3.768741204687893998e+01	3.784002783818368049e-02	-1.310159135448550956e+02
5.306111460381987222e+00	3.804376263050395579e+01	1.283808386964117518e-02	-1.322948025259399003e+02
5.312452717892129250e+00	3.855910696643790203e+01	-1.477056556556061249e-04	-1.340890907523147177e+02
5.318650122853046724e+00	3.891602689950162386e+01	2.987355222137842367e-02	-1.353952799549575161e+02
5.324923043129819789e+00	3.922520730340647788e+01	-1.572030912031137373e-02	-1.365066664973396655e+02
5.331330237158205421e+00	3.989275566477652291e+01	1.178987357548212309e-02	-1.388974582965480522e+02
5.337586726886338617e+00	3.945260840285128268e+01	3.911100691508400534e-02	-1.374107163728150169e+02
5.343685192440848830e+00	4.054826061647463575e+01	5.526804280650954998e-02	-1.412593233101051737e+02
5.350070659715249199e+00	4.060097044205095784e+01	-6.270422036187704717e-02	-1.414185026524753539e+02
5.356556762554878226e+00	4.078458362283585359e+01	-2.131958925208780019e-03	-1.421456116433143677e+02
5.362691868684501095e+00	4.230522085215280725e+01	-4.782319528492196339e-03	-1.474525391003134587e+02
5.368769208912516966e+00	4.303327846806720203e+01	-3.629882998764244473e-02	-1.499867329828329332e+02
5.375270137997677722e+00	4.250898339238955259e+01	7.767754326381483276e-02	-1.483697349827961034e+02
5.381769983045385786e+00	4.356024960008031854e+01	-5.157076415563026373e-02	-1.519274498245723635e+02
5.387701030372958222e+00	4.271333997222374279e+01	-7.920386433863384201e-03	-1.490061235566978155e+02
5.393786668001271600e+00	4.394804745230382537e+01	1.161991156747345377e-02	-1.533839648018733044e+02
5.400446161099396569e+00	4.472069511706971667e+01	4.379636886157940029e-02	-1.561794278590726890e+02
5.406957063684501463e+00	4.591605633660714858e+01	4.129985317781601634e-02	-1.603700178974619917e+02
5.412655672453426270e+00	4.506865730123231373e+01	-9.844681532821382419e-02	-1.572513087336414799e+02
5.418821279260546575e+00	4.517762474655705773e+01	-1.244610782276790312e-01	-1.576744979542599197e+02
5.425690594366304076e+00	4.712108200071157427e+01	-9.019546994956441355e-02	-1.645419393269661157e+02
5.432217487502165376e+00	4.739362242655280966e+01	-2.013994567991926263e-02	-1.655862174989082973e+02
5.437649811577258241e+00	4.658397485353908252e+01	-1.827033174083662545e-02	-1.627197855550929830e+02
5.443914404015878006e+00	4.930345727229534702e+01	-1.421810586707166479e-01	-1.721778448648187521e+02
5.450953501686320202e+00	4.840037898819110040e+01	-3.763432038108107097e-03	-1.692008657609879663e+02
5.457483690405861232e+00	5.002125122443889182e+01	2.355089759340213765e-02	-1.749182986519917620e+02
5.462715250135157241e+00	5.029330588912166178e+01	-4.414334764884811531e-03	-1.758028693878060267e+02
5.469033575551323523e+00	5.020018182087591896e+01	2.613395360565188077e-02	-1.755705513669912818e+02
5.476177730420278778e+00	5.134895658133329732e+01	-6.492739777665434975e-02	-1.795158227121306709e+02
5.482708935702562236e+00	5.192843544766419228e+01	-7.302886766439251054e-02	-1.815650707447180991e+02
5.487722405008360838e+00	5.313649403342709832e+01	-1.342430682750463677e-01	-1.857071090337529142e+02
5.494194284996126498e+00	5.429584641133367029e+01	-2.180234964816994345e-02	-1.899159300612543575e+02
5.501391471009256406e+00	5.317365443602654551e+01	-9.763843401882556228e-03	-1.860232746200124154e+02
5.507128202673079009e+00	5.555180258989474140e+01	-7.305504953093923393e-02	-1.942933060277691197e+02
5.512278020050448646e+00	5.448543140324836287e+01	-7.749537184321511618e-02	-1.905602339561607721e+02
5.519395563377015534e+00	5.695348965218361315e+01	5.636761747257602873e-02	-1.993492936929161488e+02
5.526598678609708770e+00	5.539776710565112694e+01	3.091181267323947490e-02	-1.938922217355031421e+02
5.532162682462509196e+00	5.707631270652466782e+01	-2.567373237157371743e-02	-1.997142347465048715e+02
5.537397124017139127e+00	6.021867632863438047e+01	1.399219148999046869e-01	-2.108841373083660642e+02
5.544582756485218589e+00	6.089862205939066797e+01	4.594953392462632069e-02	-2.131769334187523839e+02
5.551739327507637434e+00	5.901041623478292308e+01	-1.294695916007459514e-02	-2.065140759178928249e+02
5.557493306674907707e+00	6.680959569197315773e+01	1.873350850854715519e-02	-2.338478555355925437e+02
5.562281709102816940e+00	7.626777991094712661e+01	-3.276401769149561716e-02	-2.669015811956356288e+02
5.569272720323164449e+00	5.471085445051809160e+01	1.167611501166320731e-01	-1.916043233852881258e+02
