8.899641224696953554e-03	1.717068347488164727e+04	4.407775217282219273e+03	-3.051923634186388881e+04
1.507912216506557788e-02	1.927304434038275576e+04	3.190139365082415679e+04	1.414632337590829593e+04
2.144790186456836667e-02	1.632077561335531936e+04	1.699465266191315823e+04	-6.673704333979198964e+03
2.783660776489276650e-02	1.276722579644445796e+04	9.775596719716349980e+03	4.394037970881311594e+03
3.435099785803411021e-02	9.205302381134055395e+03	1.058603071737765458e+04	1.035558437006833856e+03
4.047886761425745911e-02	7.756318717279454177e+03	9.257143636845981746e+03	4.872487119134939348e+03
4.676716683575679601e-02	6.379287502279622458e+03	7.996487962934000279e+03	2.206301342768465474e+03
5.308225101765951665e-02	5.413301501985504729e+03	4.631867827103397758e+03	1.013850415378522484e+03
5.945362440940590160e-02	5.291875413431605921e+03	5.336676804565495331e+03	1.039389107113581531e+03
6.576224814588792211e-02	4.945687750319513725e+03	6.060790359150891163e+03	2.826704689027694258e+03
7.196632906698736953e-02	4.396957041218954146e+03	3.501296339212768999e+03	-1.736182090668495732e+02
7.827860915688347743e-02	3.850586363871092544e+03	3.177010041757819181e+03	7.392571333722828797e+01
8.470398945834539672e-02	3.393375796499163243e+03	3.190343236069203613e+03	7.761517657451139485e+02
9.096854620527369817e-02	2.931144199756492981e+03	2.997123575180191438e+03	5.250227466960526499e+02
9.720789776830213169e-02	2.524868945534868089e+03	2.460911370535828155e+03	8.589693730748105054e+02
1.034763038959366499e-01	2.102664505540742084e+03	1.954619264810314007e+03	-4.008432557389946282e+01
1.097576444254559219e-01	1.966757900376974249e+03	1.751579844964557424e+03	3.449365671906188027e+02
1.160543084780093354e-01	1.920270223584823043e+03	1.958454080208743108e+03	2.789960532796486632e+02
1.223669666537485351e-01	1.794206968324394666e+03	1.686732766186799608e+03	2.804326627913222296e+02
1.286817263090294094e-01	1.723212116917319236e+03	1.461340945392154481e+03	-1.590612838806891318e+02
1.349500801664080818e-01	1.663157466287354282e+03	1.431830057977157139e+03	2.523912888677446063e+02
1.411949558842147678e-01	1.526991802553847037e+03	1.323477254289880875e+03	1.711289924698138236e+02
1.475133575747468451e-01	1.380049111999129991e+03	1.219853846491600962e+03	3.040673656065147838e+02
1.537865074252268427e-01	1.277588935342025025e+03	1.034117232820477284e+03	1.098710154886053232e+02
1.600657544051110326e-01	1.156626719126216130e+03	1.047456031546402528e+03	2.115756429871795774e+02
1.663991168687080635e-01	1.058124708816294742e+03	1.019329600142195204e+03	2.404119798074398204e+02
1.727195645776442856e-01	9.952242887252754144e+02	9.285486911080473647e+02	2.235231141922456004e+02
1.789765213377084718e-01	9.342729333565323486e+02	8.086873094906146662e+02	1.803633014522453095e+02
1.852353690647852158e-01	9.029643162979393765e+02	7.890870776852206063e+02	8.512812845610170598e+01
1.914806787341157279e-01	8.738998929078643414e+02	7.548964570663107452e+02	1.445963431606943175e+02
1.977889868651535599e-01	8.463610139681808278e+02	7.411886769183038268e+02	1.073154210648198301e+02
2.040937735447724277e-01	7.944876071722503639e+02	6.870950411757138454e+02	1.308250511487483436e+02
2.103939302609846018e-01	7.506921847540306771e+02	6.226425427390097411e+02	1.183836805359901376e+02
2.166909709822301688e-01	6.970831863595068398e+02	6.090066812085328820e+02	1.048893594001182663e+02
2.229700281216152047e-01	6.493440100836781994e+02	5.778605380167369958e+02	1.489148140060245282e+02
2.292620027086341994e-01	6.112223802061024571e+02	5.056392726935570749e+02	1.241976315040284646e+02
2.355141508366812297e-01	5.771131752170787195e+02	4.577018138891441481e+02	8.378764863876315871e+01
2.417910583817859116e-01	5.588429467052329755e+02	4.759057937717120694e+02	1.268561935004760244e+02
2.480856539439619257e-01	5.403916558757763369e+02	4.374094878849554107e+02	4.897932705649709106e+01
2.543492256872954549e-01	5.224443097219678975e+02	4.299110107738882220e+02	1.221527907505552122e+02
2.606334251884805386e-01	4.909189927164218261e+02	3.910842290817609523e+02	7.836028516131199240e+01
2.669257370896960802e-01	4.735808525191993681e+02	3.726403264822823758e+02	6.931650363325594810e+01
2.732423343141155980e-01	4.517956036934324402e+02	3.622647601602803320e+02	1.092587534328155385e+02
2.795529680084415936e-01	4.393672003549121428e+02	3.275016223968918325e+02	7.397425287634291635e+01
2.858366292314493129e-01	4.126402582284278537e+02	3.189266725546577845e+02	6.784422284673631509e+01
2.920876271394311496e-01	3.951612076995103848e+02	3.095487819109305860e+02	6.268685928382149797e+01
2.983449844439822751e-01	3.799769903006363165e+02	2.930044116321803926e+02	9.370275176034407139e+01
3.046382639407197446e-01	3.583410688899771230e+02	2.565645977168312015e+02	5.036819048730990289e+01
3.109279127003197196e-01	3.502129438116284632e+02	2.620662351791846731e+02	5.569670945768421433e+01
3.172168171618398036e-01	3.421492400381553125e+02	2.658704223048703739e+02	8.270117542852149484e+01
3.235187567944423082e-01	3.233203437959996336e+02	2.350912201990350638e+02	7.087647409925503439e+01
3.298168217550395687e-01	3.104019878097641936e+02	2.197701807286008204e+02	6.215927772213512981e+01
3.361176429457156667e-01	2.988231970896985672e+02	1.942772843633926811e+02	4.489327316878799223e+01
3.423700375709273769e-01	2.928748776490991190e+02	2.149657775283780552e+02	8.029202183040584373e+01
3.486478192666269682e-01	2.806499582864229296e+02	1.912859670011531819e+02	6.595548339142722227e+01
3.549411614411318028e-01	2.663327284445423402e+02	1.667103634717468310e+02	3.818473400643105009e+01
3.611916935421040642e-01	2.576936208500463863e+02	1.799976752929406700e+02	6.744807748151222881e+01
3.674767089563572564e-01	2.504039065042468053e+02	1.645043365725156548e+02	3.474132266261086244e+01
3.737647795277591056e-01	2.396483484970638074e+02	1.583807722870961356e+02	4.982057350677665397e+01
3.800654031475132477e-01	2.334899237055353751e+02	1.518699443751604292e+02	4.288499924073462211e+01
3.863539861259823738e-01	2.245053127254478795e+02	1.437577484466450812e+02	5.698343971011107101e+01
3.926140181364449755e-01	2.148741978689899668e+02	1.272433781435969848e+02	4.199292093077897192e+01
3.989264500321934581e-01	2.098047191319423916e+02	1.294412871842759216e+02	5.118224936326863173e+01
4.052073244576828714e-01	2.015475185045559385e+02	1.174259114915958548e+02	4.389926467556185230e+01
4.114916477570477182e-01	1.971199005197636325e+02	1.175114856903055056e+02	3.872910620773118495e+01
4.177814272116491257e-01	1.895633836108573291e+02	1.062703237324082721e+02	5.165672374364169883e+01
4.240400648725131116e-01	1.845172975386511780e+02	1.050646082693981356e+02	4.427660337880165997e+01
4.303425690270192283e-01	1.791045632992701542e+02	1.015606390980833282e+02	4.442377294007554411e+01
4.366358560255625965e-01	1.719302892881247828e+02	9.560965229223722872e+01	4.766746574498522904e+01
4.428996183220763605e-01	1.662606284280107047e+02	8.749449459949211416e+01	3.326177122939513708e+01
4.491634418529859563e-01	1.619575986156823433e+02	8.585712032504385149e+01	3.394555905161951159e+01
4.554414146254732731e-01	1.573042409649128217e+02	7.990482548762572890e+01	3.807642892780835098e+01
4.617634470301058558e-01	1.531565505599848791e+02	7.934369514088233188e+01	3.855817331290420213e+01
4.680644242023710433e-01	1.480846429965729669e+02	7.223898683217606731e+01	3.789531162627610428e+01
4.743485242764365895e-01	1.445721469458400747e+02	6.566159991404161644e+01	3.533170963043185253e+01
4.806356136815400082e-01	1.408535410780900179e+02	6.692649021064812587e+01	3.770965692523159873e+01
4.869019258388697646e-01	1.359535515209762480e+02	6.134174299938942454e+01	4.116889711601556456e+01
4.931697099599955947e-01	1.322747830737779395e+02	5.953354717356960890e+01	3.129058624535736044e+01
4.994506747144535908e-01	1.282245779889732091e+02	5.570813619847896803e+01	3.245847069579159694e+01
5.057159051335421429e-01	1.252288835515803527e+02	5.512179832648597966e+01	3.562158832851892498e+01
5.119923996268095356e-01	1.212804906060435144e+02	4.958718226495577142e+01	3.130458539074329849e+01
5.183126097768406826e-01	1.176520546080860328e+02	4.410006770523287400e+01	3.247393532394135462e+01
5.246089638029100000e-01	1.156707566803049616e+02	4.661988772328672326e+01	3.289841226371556360e+01
5.308757308483337267e-01	1.123589580967989292e+02	4.476728849873003213e+01	3.470461223898462322e+01
5.371573527946726934e-01	1.091489961370448327e+02	3.967260637723023819e+01	3.223686916788051349e+01
5.434579563783791256e-01	1.058643504577342611e+02	3.757113758955383531e+01	3.126161514794037188e+01
5.497430652392217842e-01	1.033050608335265110e+02	3.537379318625423963e+01	2.681852924305097474e+01
5.559937427501778773e-01	1.011857099447424275e+02	3.439445208347658678e+01	3.000520804971838729e+01
5.622854676609657654e-01	9.766636736786340123e+01	3.214483708389980876e+01	2.972082809649532464e+01
5.686011537227265711e-01	9.463907041538544718e+01	2.961009403514719551e+01	2.670714537340176165e+01
5.748804589422079614e-01	9.415566391454170514e+01	3.142209215360588814e+01	3.217403646259759142e+01
5.811550210340560296e-01	9.061289784823787841e+01	2.818003365043391284e+01	3.044248375756012237e+01
5.874394496660968468e-01	8.827016524019674648e+01	2.589326139040569785e+01	2.648472151040942535e+01
5.937176220296899176e-01	8.631421189664722249e+01	2.399694714343847224e+01	2.629849765932506500e+01
5.999971954793682505e-01	8.388740840961843048e+01	2.221392017497610638e+01	2.733295994418534036e+01
6.062679115124277596e-01	8.204454068415688539e+01	1.992096001051722354e+01	2.731184474984079102e+01
6.125469576444534381e-01	8.076488405824611050e+01	1.884805994088839753e+01	2.644196371845731974e+01
6.188477733041515272e-01	7.872005782816732733e+01	1.951462342724405730e+01	2.692045513590591810e+01
6.251310567437898813e-01	7.685551052127163985e+01	1.704845074100686020e+01	2.936556339838596941e+01
6.314027450383210560e-01	7.431716148684594714e+01	1.551492738239197244e+01	2.575735049223805717e+01
6.377003562732055375e-01	7.339411347689296861e+01	1.457832708624921381e+01	2.553116864583766699e+01
6.439857783314556494e-01	7.150752552955356123e+01	1.384341924834008708e+01	2.544915162973116196e+01
6.502685417166111925e-01	7.005845378051641603e+01	1.283755206912209168e+01	2.618549551812022713e+01
6.565586117699038216e-01	6.852528582005228941e+01	1.164640416029965486e+01	2.354098767148550664e+01
6.628369282359254377e-01	6.736101023748510386e+01	1.157603036135003016e+01	2.544315480135644947e+01
6.691185444962194362e-01	6.583466680059575538e+01	1.010241884784809585e+01	2.452082424164130714e+01
6.754070198575605755e-01	6.411245301802027541e+01	9.165792067871482374e+00	2.504446331436464490e+01
6.816835514593204692e-01	6.273628879732103059e+01	8.391519633550702295e+00	2.428282272301633782e+01
6.879592533861698112e-01	6.106021946605766715e+01	8.298915590917493645e+00	2.224785531048511800e+01
6.942344317039531587e-01	6.005911445088001699e+01	7.509534750693118710e+00	2.475902374416425644e+01
7.005175402434737908e-01	5.912009612741938014e+01	5.691104201327839007e+00	2.350980256248819700e+01
7.068124956608716758e-01	5.754083835821064952e+01	4.578597049799083329e+00	2.375468721458043930e+01
7.131019009674921527e-01	5.598224847245703018e+01	4.416007344676507351e+00	2.329324188512826055e+01
7.193918251171427247e-01	5.519163533230045005e+01	5.514586343570554661e+00	2.170496264779596274e+01
7.256833807598113140e-01	5.400732767785144262e+01	4.154470231126780710e+00	2.306009140971694649e+01
7.319652682709349989e-01	5.245581118711972834e+01	3.873746283289690950e+00	2.123214875884138664e+01
7.382507990484923344e-01	5.155745952019213973e+01	1.384879478731222191e+00	2.191844514077173045e+01
7.445265842115937893e-01	5.076418211948308823e+01	1.482552492988582271e+00	2.112539522702085293e+01
7.507871101942712455e-01	4.979346287856062503e+01	9.336849456881772813e-01	2.218081239263822368e+01
7.570758465316046459e-01	4.868907215259245191e+01	1.339785058390778438e+00	2.054787603907768911e+01
7.633641233600957365e-01	4.803963758333013345e+01	7.259134314127636545e-01	2.140224930606360942e+01
7.696462959862266917e-01	4.707086094981789159e+01	-1.396405659346349193e-01	2.136227573618442932e+01
7.759394865175414102e-01	4.607406977678199667e+01	3.111634953486189792e-01	2.132561980658053002e+01
7.822329141989586843e-01	4.505995176098969779e+01	-1.853894522827726765e-01	2.156760609144740926e+01
7.885314936520240181e-01	4.414709120138219589e+01	-1.446393971601396933e+00	2.105255613361495293e+01
7.947896566979522071e-01	4.347149880091161123e+01	-2.068622694392644235e+00	2.066547742871063065e+01
8.010491096592354809e-01	4.272186602406137723e+01	-2.017085065434521596e+00	2.019071845977748580e+01
8.073364061727361651e-01	4.186577389257514170e+01	-2.522909720599841421e+00	2.002394488056356181e+01
8.136229488373866170e-01	4.117789752782428536e+01	-2.769635685895025290e+00	1.979403095611369423e+01
8.199152998961036776e-01	4.052143857865159049e+01	-3.060376786551100459e+00	2.057218931232474191e+01
8.261952636392789762e-01	3.966836969225798271e+01	-2.602383942206859313e+00	1.931952560813044428e+01
8.324897070080405914e-01	3.890424200921696496e+01	-3.680765382774355832e+00	1.999123154694016335e+01
8.387959309210778480e-01	3.819285967253210856e+01	-3.220005105111360955e+00	1.911244701160274317e+01
8.450634639703045181e-01	3.779379613769140889e+01	-3.319561143913313028e+00	1.922295539275476273e+01
8.513282867562648182e-01	3.708445114099663442e+01	-3.834039320967603359e+00	1.914901160599828245e+01
8.576198263902009566e-01	3.639167727241215999e+01	-3.943810235244299189e+00	1.942842913756877365e+01
8.639058477062415697e-01	3.570105775395681036e+01	-4.562797238338096584e+00	1.839901006353793989e+01
8.701838745487597837e-01	3.484342223209704059e+01	-4.886354356379419173e+00	1.882636840567873904e+01
8.764641096075268534e-01	3.434073768719792952e+01	-4.856831291941780648e+00	1.872109114327290058e+01
8.827503873399735745e-01	3.380225334280494565e+01	-5.246619913009180181e+00	1.818589262643923732e+01
8.890332768393869323e-01	3.340462616298307807e+01	-5.202745298332582813e+00	1.824069040698264388e+01
8.953084247113127780e-01	3.283879239652142701e+01	-5.019388351199527420e+00	1.810165952692318925e+01
9.015956521667095602e-01	3.234940445580232904e+01	-5.772442566874418368e+00	1.781870805050003881e+01
9.078833328094829680e-01	3.170177146239559463e+01	-5.348298335232316347e+00	1.789398719540377414e+01
9.141744106319863450e-01	3.115082398732203828e+01	-5.478388067204123857e+00	1.724437054813447645e+01
9.204630817717615043e-01	3.071346191793012537e+01	-5.972181577023358834e+00	1.741375722211000365e+01
9.267434415264711456e-01	3.028738825047201288e+01	-5.623449405825859060e+00	1.747418014318529700e+01
9.330324197354928906e-01	2.970731153015109172e+01	-6.297593815754407132e+00	1.751775336394827320e+01
9.393265785573878812e-01	2.924394777655085775e+01	-5.759116993930959438e+00	1.731795294060684043e+01
9.455974810398196650e-01	2.885851075360352880e+01	-6.458354283326867673e+00	1.719227422122021309e+01
9.518660018545171964e-01	2.832304941013988397e+01	-5.905189336722282967e+00	1.668813774511188086e+01
9.581413255531838757e-01	2.806252735632157069e+01	-6.412037310117855604e+00	1.705157218179346756e+01
9.644350945109106954e-01	2.752003447875615549e+01	-6.521543527158571329e+00	1.706466330754583183e+01
9.707355633568249820e-01	2.719642869131881824e+01	-6.467334231120599242e+00	1.713378381644649551e+01
9.770080768450029041e-01	2.669381185965459480e+01	-6.391758190693736630e+00	1.671360073746528485e+01
9.832823325363413414e-01	2.638420520386032564e+01	-6.439238673211206354e+00	1.643269061422163801e+01
9.895569691966674686e-01	2.594438898166230345e+01	-6.630071846065635377e+00	1.645435643601213016e+01
9.958456301921106979e-01	2.561561279379151301e+01	-6.807607615614546859e+00	1.666202762226204470e+01
1.002136210743837408e+00	2.529171397450684822e+01	-6.480929190611613322e+00	1.643298296290146965e+01
1.008404825335135424e+00	2.494039209126743728e+01	-6.657916596574213308e+00	1.671879998729008321e+01
1.014694149836243398e+00	2.463490116099777083e+01	-6.922657565295389226e+00	1.666721036376674903e+01
1.020992555437297167e+00	2.418652160555505048e+01	-6.759534010960210892e+00	1.612801987677354632e+01
1.027273980437394485e+00	2.381203937704308160e+01	-6.822957607931369850e+00	1.592349874810562582e+01
1.033559181896017254e+00	2.360098191080806274e+01	-6.847406577378129633e+00	1.604994042551821209e+01
1.039847557392594934e+00	2.315031301651951878e+01	-6.650730224014572478e+00	1.571670719831969265e+01
1.046126974943305088e+00	2.291145409524986931e+01	-6.705000421984172121e+00	1.571500536528074932e+01
1.052403436811028659e+00	2.252043163509580381e+01	-6.716152060405249813e+00	1.553168334995672240e+01
1.058680704651608684e+00	2.223180129473574951e+01	-6.580545149837349506e+00	1.560437897644390226e+01
1.064964333065789193e+00	2.204639773124974766e+01	-6.584814177957309056e+00	1.543056807921555240e+01
1.071256777440835473e+00	2.174249304991480614e+01	-6.664043339951278178e+00	1.567619060325868929e+01
1.077544048801078125e+00	2.153847176123399976e+01	-6.999169797364536372e+00	1.546047369687136275e+01
1.083824820188043603e+00	2.115310582519156668e+01	-6.648859326236316036e+00	1.538406142008485489e+01
1.090108023942816695e+00	2.083071044276384498e+01	-6.658184123175139746e+00	1.491913952561118606e+01
1.096389665956643222e+00	2.065831875875180401e+01	-6.739096225842915011e+00	1.521088651070988007e+01
1.102681132058841440e+00	2.028721013851624022e+01	-6.653831149882473817e+00	1.491493651119056274e+01
1.108963047594879958e+00	2.014440743317851457e+01	-6.697826801697017274e+00	1.532698832161047697e+01
1.115225428463759272e+00	1.984363839737696722e+01	-6.540021017682025928e+00	1.507388401602844752e+01
1.121502127614767863e+00	1.958375161279306553e+01	-6.596238513860133601e+00	1.506190095319981026e+01
1.127792573824792033e+00	1.943135492803718378e+01	-6.690406059878598377e+00	1.490956248366647863e+01
1.134089552668382961e+00	1.916062910433502964e+01	-6.557616884850196115e+00	1.504754356656111725e+01
1.140364049650405942e+00	1.891659481262692566e+01	-6.349966424611140248e+00	1.466490099187104335e+01
1.146639180320979445e+00	1.879538824740323122e+01	-6.418083032524642739e+00	1.476296460700386781e+01
1.152942412991649901e+00	1.852256737918406770e+01	-6.430523641250684541e+00	1.467427154979970894e+01
1.159228906751078814e+00	1.838695527239854499e+01	-6.291099148657165685e+00	1.484582446797357491e+01
1.165508721887268173e+00	1.807417182013250567e+01	-6.234496947110609533e+00	1.452387495273826090e+01
1.171793076256210320e+00	1.788355831839514920e+01	-6.240602827956610810e+00	1.440181727763901165e+01
1.178087436369658958e+00	1.771096020254185177e+01	-6.111329863163456722e+00	1.420478973328542338e+01
1.184367654251526902e+00	1.747379511103130056e+01	-6.237844920085518829e+00	1.421364430562342562e+01
1.190634642299266632e+00	1.738291657226942988e+01	-6.051563502408956019e+00	1.430746543670251469e+01
1.196912208834400859e+00	1.712639761562349605e+01	-5.916672322357783287e+00	1.432331177666117128e+01
1.203201577354146234e+00	1.697492454005065454e+01	-5.964633133856075631e+00	1.423730783292996449e+01
1.209486844441705733e+00	1.681656943176334096e+01	-6.135629711130591524e+00	1.404837855648906775e+01
1.215763902074809888e+00	1.667108330876231648e+01	-5.803781807272464732e+00	1.443387957699428270e+01
1.222049755171146668e+00	1.641730122425163430e+01	-5.749139571886233924e+00	1.396335286081071736e+01
1.228340616621486969e+00	1.629316840052918280e+01	-5.785660937398490411e+00	1.416324128267501159e+01
1.234632986576932767e+00	1.613308010589141972e+01	-5.658561307780872518e+00	1.401603503687346652e+01
1.240902247176856488e+00	1.591941632084291669e+01	-5.628917010494969730e+00	1.397285533712300598e+01
1.247174839144687519e+00	1.577731323183256329e+01	-5.641145518233831702e+00	1.380231933513251441e+01
1.253465459933442272e+00	1.568858355286015005e+01	-5.577427256081115559e+00	1.405576077648153799e+01
1.259749951892178421e+00	1.545933845631554959e+01	-5.424566637919159717e+00	1.379300440778089687e+01
1.266032143127253873e+00	1.536207737928965500e+01	-5.613445305529870311e+00	1.375364898700288130e+01
1.272316288472006507e+00	1.520077324556330467e+01	-5.411339081926257677e+00	1.367573127448014425e+01
1.278604155058621350e+00	1.505201684457620814e+01	-5.341630106176357806e+00	1.371502984231652000e+01
1.284886588933593865e+00	1.494403120549661956e+01	-5.254868179997560951e+00	1.376290608680243999e+01
1.291175420066583257e+00	1.475819120155860276e+01	-5.237587076541286635e+00	1.357573850550204142e+01
1.297465726373772332e+00	1.467545377543116913e+01	-5.166648413660763772e+00	1.367839455448645047e+01
1.303741827011944299e+00	1.451656673490160898e+01	-4.988763478310112021e+00	1.354798245284076508e+01
1.310017322922761851e+00	1.442962371783220377e+01	-5.069308887998241531e+00	1.369525596074723950e+01
1.316301447662886703e+00	1.427960356392590668e+01	-4.887627541143944043e+00	1.348646971042995624e+01
1.322586760363303249e+00	1.419096389713529405e+01	-4.934940950261754722e+00	1.367098725096215439e+01
1.328865492452874664e+00	1.405134104426818098e+01	-4.845386747316036136e+00	1.369127972668791138e+01
1.335144804954555564e+00	1.392091780868904571e+01	-4.855957146287087411e+00	1.337797811637862466e+01
1.341440516272275119e+00	1.382192704011213991e+01	-4.821627589064795494e+00	1.337268309915432418e+01
1.347730868417094552e+00	1.367580684405807290e+01	-4.646728767154140627e+00	1.332254657509573903e+01
1.354001589994877630e+00	1.361219720623273410e+01	-4.544794496049635590e+00	1.345444249113662316e+01
1.360282609297778444e+00	1.351330626800438495e+01	-4.567425185217061312e+00	1.329162201152444212e+01
1.366565686457597906e+00	1.336496158952011548e+01	-4.559098053094053249e+00	1.315304551973198421e+01
1.372851498482432708e+00	1.329404316616554560e+01	-4.466378257343277980e+00	1.328020257614560151e+01
1.379135372929401804e+00	1.318675653206664755e+01	-4.427187889024343015e+00	1.329657200567530673e+01
1.385409567149057164e+00	1.311596618849955576e+01	-4.384303026262657887e+00	1.321659136713157423e+01
1.391698641219299315e+00	1.297384278198206609e+01	-4.280327769137275418e+00	1.301213460543100098e+01
1.397984451439470810e+00	1.296218557692183460e+01	-4.376976007492063836e+00	1.323238754924734017e+01
1.404267883409181961e+00	1.281200953744518856e+01	-4.177603282149918051e+00	1.318913376745048183e+01
1.410554779484869181e+00	1.271640272035718588e+01	-4.158053882984680705e+00	1.302496244144351145e+01
1.416837833547465397e+00	1.262793096024418205e+01	-4.059416485566493371e+00	1.299575505978257617e+01
1.423118177187137068e+00	1.256658020951372379e+01	-4.041217454333049908e+00	1.314449367605036301e+01
1.429397801164240089e+00	1.248173302654351957e+01	-4.013321292726724998e+00	1.300008615600598816e+01
1.435686921822787232e+00	1.236129379178231780e+01	-3.997999418561520635e+00	1.302921956708189377e+01
1.441977121769299597e+00	1.227478012565902077e+01	-3.846676364178634788e+00	1.283442166320521594e+01
1.448253667853332427e+00	1.223660794496499271e+01	-3.835619203523499721e+00	1.297549762698010944e+01
1.454532348972172651e+00	1.218250844393642751e+01	-3.747213367710789278e+00	1.289949400559022585e+01
1.460819319151879903e+00	1.205879381167803466e+01	-3.798940409667150409e+00	1.272336481162792765e+01
1.467110364402026468e+00	1.198646768172760169e+01	-3.751409018747373203e+00	1.292465713270682848e+01
1.473392908948962132e+00	1.191616456370707766e+01	-3.781277275780689173e+00	1.272652865950219336e+01
1.479669965243598950e+00	1.184562703131275185e+01	-3.596325030394184274e+00	1.278634282971142966e+01
1.485956144602843532e+00	1.176345501957521655e+01	-3.568121396235490295e+00	1.267541883280141057e+01
1.492233610763115115e+00	1.169580609924198988e+01	-3.667654789442779784e+00	1.255790500245223207e+01
1.498502470379980078e+00	1.161586983563744901e+01	-3.429669990467477447e+00	1.264238410283935998e+01
1.504785752051182701e+00	1.159851928353235095e+01	-3.460845365258880424e+00	1.266535371957732359e+01
1.511075991894575976e+00	1.148667067512273121e+01	-3.356145491378988321e+00	1.260907596238074113e+01
1.517361634985162189e+00	1.149562734673728315e+01	-3.302213364412634800e+00	1.277640133688495716e+01
1.523648570969130533e+00	1.141793547158764532e+01	-3.357047809759251766e+00	1.260920316752138604e+01
1.529938035715892264e+00	1.136406424933756121e+01	-3.366729235921675834e+00	1.254628768950878026e+01
1.536230176913891965e+00	1.137105296877833815e+01	-3.377980032136965516e+00	1.259706970315829189e+01
1.542510718779388279e+00	1.124120983380741201e+01	-3.293557992045238692e+00	1.243412265922769500e+01
1.548783963082980275e+00	1.117328602793807413e+01	-3.169910239830774135e+00	1.244324451723185554e+01
1.555073069779651318e+00	1.114059067692775962e+01	-3.255148790372671463e+00	1.247260092649834995e+01
1.561357324927233892e+00	1.106833135918678757e+01	-3.129286654061453010e+00	1.239267384724716692e+01
1.567629121053141006e+00	1.103121490957192030e+01	-3.088037727118668752e+00	1.242431086920697325e+01
1.573913697404382583e+00	1.096737171361168883e+01	-3.091830873576859595e+00	1.238672742684736150e+01
1.580203545230874029e+00	1.091974738811851253e+01	-3.012313929258806144e+00	1.225481399784347936e+01
1.586485393434537983e+00	1.087475341480808666e+01	-3.029771461880069516e+00	1.239037328866187337e+01
1.592760014263005841e+00	1.087470314337455335e+01	-3.074861712854640050e+00	1.224754392205014319e+01
1.599046436394670812e+00	1.080311781379014313e+01	-3.007171391121404191e+00	1.230496927037324895e+01
1.605342136637478934e+00	1.074200026511686090e+01	-2.925194540119499198e+00	1.225617008824316478e+01
1.611619860919608627e+00	1.074594850013641256e+01	-3.023996576341252851e+00	1.239732800995237660e+01
1.617897597081673799e+00	1.061691322457093811e+01	-2.833440975272403684e+00	1.203105131108033454e+01
1.624183235481122756e+00	1.061953540160298637e+01	-2.903273251298423840e+00	1.224160883480145223e+01
1.630464598531913722e+00	1.061923740876381039e+01	-2.811230788470423736e+00	1.225999351615842592e+01
1.636748985747638274e+00	1.055007459844719797e+01	-2.761451361371492386e+00	1.216609323509202234e+01
1.643030923698886259e+00	1.051690013546602387e+01	-2.916357458755952425e+00	1.215611526754773664e+01
1.649309176648513064e+00	1.046817791633819716e+01	-2.808548007545534020e+00	1.204039373590989825e+01
1.655593633940351861e+00	1.046194390669747420e+01	-2.881815232837059870e+00	1.204449043898931038e+01
1.661879571405086464e+00	1.042239642564036650e+01	-2.899954797238933679e+00	1.200875248088844671e+01
1.668169361685170271e+00	1.038039135373927735e+01	-2.899494197644990390e+00	1.204334799597382322e+01
1.674450151530487485e+00	1.034547622598740624e+01	-2.878294541347599100e+00	1.197264226082840999e+01
1.680722718978495900e+00	1.030731920656596046e+01	-2.804828115240120212e+00	1.198594549156002742e+01
1.687013891340952476e+00	1.026635853950963906e+01	-2.900592825447309675e+00	1.184454949084520514e+01
1.693308984907921033e+00	1.021384811587066999e+01	-2.745911482069685938e+00	1.182219561400662577e+01
1.699582147428448486e+00	1.025794688448032410e+01	-2.730811129438161622e+00	1.198968812289843200e+01
1.705863747055134105e+00	1.020269039516066201e+01	-2.766173700120443613e+00	1.190769743240681855e+01
1.712154434283889470e+00	1.017313553793330705e+01	-2.728175350782957587e+00	1.189830334432212844e+01
1.718438381579399321e+00	1.013535298643936677e+01	-2.816716864326063163e+00	1.175679339360832998e+01
1.724721264464063930e+00	1.010496143974614824e+01	-2.765689293292410866e+00	1.183115419814448721e+01
1.730997441276920679e+00	1.008105005758269535e+01	-2.736003034667194189e+00	1.168300815667024395e+01
1.737287073528269499e+00	1.006555518521729198e+01	-2.690446112591484695e+00	1.179595945622681263e+01
1.743567991878527401e+00	1.005316334339964079e+01	-2.708014910937142972e+00	1.180155354848543503e+01
1.749840680212231048e+00	1.001570361449866375e+01	-2.731815464271234895e+00	1.162963745012056904e+01
1.756128549091961144e+00	9.974679592714505105e+00	-2.703976595152324691e+00	1.167322216400522272e+01
1.762413535324792502e+00	9.967337349531204538e+00	-2.709079279181588973e+00	1.170455224016982143e+01
1.768696187669963837e+00	9.965126847641082364e+00	-2.779061540769213412e+00	1.170070629032963438e+01
1.774979359379055266e+00	9.940694791234925276e+00	-2.779575601704346255e+00	1.157302054271152869e+01
1.781265555576432957e+00	9.901598616770321826e+00	-2.818199449563497883e+00	1.148756772079709343e+01
1.787549427830244619e+00	9.907867667099397480e+00	-2.836513000080507663e+00	1.159131392475638656e+01
1.793834120011633004e+00	9.903685198446330773e+00	-2.845960186630220878e+00	1.160413142768583938e+01
1.800115051552487300e+00	9.882836175366888298e+00	-2.765811008156820794e+00	1.157485277313833549e+01
1.806393904854530330e+00	9.855176996570113701e+00	-2.800177088659853375e+00	1.143251716061147150e+01
1.812674089667083432e+00	9.851818470257942550e+00	-2.788553837133277202e+00	1.150197776020296736e+01
1.818956920109354058e+00	9.832037610912131242e+00	-2.823880526113710765e+00	1.146215174884046561e+01
1.825244164118212220e+00	9.814269528437174372e+00	-2.831471534680928492e+00	1.137349578561910945e+01
1.831527256642196955e+00	9.771678619719899928e+00	-2.815811787791059562e+00	1.135704006375335418e+01
1.837811294935716599e+00	9.786436975248328451e+00	-2.856475092381982162e+00	1.135838142306250020e+01
1.844100717411196744e+00	9.773507185075688497e+00	-2.830109563466111755e+00	1.136679811953277941e+01
1.850384816792487230e+00	9.764700285946810610e+00	-2.862981835273148423e+00	1.138971453892953889e+01
1.856666059735203822e+00	9.742652265356689156e+00	-2.877106570795884721e+00	1.122235331340920972e+01
1.862947728675613979e+00	9.768838322690216458e+00	-2.921770934260513375e+00	1.135993476888967457e+01
1.869229324466858078e+00	9.747631301618225663e+00	-2.925716382377170799e+00	1.133993839226315359e+01
1.875517616802973686e+00	9.728448035922360404e+00	-2.969674878440564214e+00	1.131537869368991167e+01
1.881800769033795229e+00	9.729632253374013828e+00	-3.022018376322984867e+00	1.132511260480892901e+01
1.888078863416442710e+00	9.696393637572748858e+00	-2.980990672547671583e+00	1.115668469091431270e+01
1.894353975182237582e+00	9.696443357864239943e+00	-2.956439230839775778e+00	1.117299273841820728e+01
1.900642716154182565e+00	9.718156350565029911e+00	-3.026819775892304776e+00	1.123319345868643637e+01
1.906933494748685121e+00	9.688830987548733731e+00	-3.035331961618837671e+00	1.118030494655540252e+01
1.913207568676573933e+00	9.704080906161097531e+00	-3.060978345081754703e+00	1.118045046480286331e+01
1.919490884732178992e+00	9.683477513695809336e+00	-3.067072290464983197e+00	1.117401949198072053e+01
1.925776855684274480e+00	9.676386694812343592e+00	-3.048538024485893949e+00	1.103411962000422619e+01
1.932064452961978152e+00	9.650083609357841041e+00	-3.091588119645607868e+00	1.101716126438196319e+01
1.938342610030488800e+00	9.709505404935184103e+00	-3.174739563340700066e+00	1.120746467806252689e+01
1.944618341543410178e+00	9.702714437869486730e+00	-3.132788376580649903e+00	1.106970253719317832e+01
1.950906260203513876e+00	9.671206254318395423e+00	-3.139958457262514990e+00	1.107585694766161133e+01
1.957194556613796488e+00	9.660868451480217445e+00	-3.232603445353378291e+00	1.105158284348167186e+01
1.963479614559011432e+00	9.704634884228960701e+00	-3.281537856221968141e+00	1.112554598974653786e+01
1.969760361532916226e+00	9.676668496059312119e+00	-3.248783263777695218e+00	1.108826082770487709e+01
1.976048367034604736e+00	9.672894742540433910e+00	-3.257356745220083560e+00	1.101639735647786011e+01
1.982337990217652335e+00	9.676074182985411554e+00	-3.249057417170701623e+00	1.105231781760447873e+01
1.988617489259562721e+00	9.663877159813067053e+00	-3.298564091028247436e+00	1.091652770091264202e+01
1.994896320665194178e+00	9.684736214309682012e+00	-3.319537644207295024e+00	1.098499320437510463e+01
2.001179596222827151e+00	9.643545315214323566e+00	-3.309490268007356573e+00	1.082664786858759065e+01
2.007459756923499761e+00	9.662775080447504550e+00	-3.395694480182502861e+00	1.091513026600195424e+01
2.013737397779169935e+00	9.671347843624241492e+00	-3.394566267663603920e+00	1.088553947204872863e+01
2.020017234677497164e+00	9.669179170535379342e+00	-3.477852213405275172e+00	1.084499375621411765e+01
2.026310251015072783e+00	9.652030307539067877e+00	-3.409842422929086680e+00	1.080221869728780604e+01
2.032600542948020284e+00	9.697980433765927444e+00	-3.491953734386286090e+00	1.085872937680345629e+01
2.038873863192099289e+00	9.683991287958189531e+00	-3.513513712608355544e+00	1.088438585319850382e+01
2.045154087821675404e+00	9.686731433708082761e+00	-3.518802014845084702e+00	1.077390052965021994e+01
2.051444704514288730e+00	9.689053922247426343e+00	-3.575091991847402451e+00	1.084896528051600129e+01
2.057730430280644729e+00	9.703647173454514885e+00	-3.548567905255606725e+00	1.086192913998726617e+01
2.064013940455224461e+00	9.691890222302946611e+00	-3.543819171718021632e+00	1.079894125382189252e+01
2.070299891179459895e+00	9.668762430587351631e+00	-3.537446253443971234e+00	1.070484715236159623e+01
2.076589719964883951e+00	9.730213576860384350e+00	-3.574169953415944789e+00	1.075004111601659851e+01
2.082865483794470673e+00	9.720319089827928138e+00	-3.613254965284959042e+00	1.072571188583059332e+01
2.089134494859368640e+00	9.722380966794579749e+00	-3.679076487990746269e+00	1.068435801418037556e+01
2.095424211360070288e+00	9.717922048651390199e+00	-3.736880898362098691e+00	1.064392759719960146e+01
2.101707116664804254e+00	9.715006951866884677e+00	-3.700889075850936738e+00	1.062316426089024723e+01
2.107986473933564309e+00	9.745484021438162614e+00	-3.746948816048470743e+00	1.064379371541235386e+01
2.114271806543862375e+00	9.705831477372726113e+00	-3.734651387597957672e+00	1.055446590470419821e+01
2.120552717288892275e+00	9.721677790916437800e+00	-3.769200495537333051e+00	1.055785332314091285e+01
2.126836933207161717e+00	9.763268874563694411e+00	-3.779540077969273160e+00	1.068789232344138362e+01
2.133122044791171845e+00	9.750266094860618793e+00	-3.845848322500943439e+00	1.058712228494716001e+01
2.139411711910842673e+00	9.743802027352559847e+00	-3.829418773672225385e+00	1.051079548327537339e+01
2.145697076775292089e+00	9.734167685174782036e+00	-3.882231135167542035e+00	1.042183560281845445e+01
2.151973548606471276e+00	9.775319778893004852e+00	-3.840392231446792426e+00	1.054039969299820712e+01
2.158259913555724108e+00	9.756759172055568641e+00	-3.905810429817782481e+00	1.044148970637456486e+01
2.164545396699105506e+00	9.771484409438086161e+00	-3.902544909605299761e+00	1.046095084618991855e+01
2.170830700377734068e+00	9.800939402261079181e+00	-3.960944066221954163e+00	1.050054454325558062e+01
2.177114138849150393e+00	9.804317059827495129e+00	-4.021234826463945922e+00	1.049774555488988348e+01
2.183387647576827018e+00	9.797049448982830810e+00	-3.997689206269031459e+00	1.043370688431769544e+01
2.189670273687676971e+00	9.807100110623178324e+00	-4.044560404799306674e+00	1.038495328362069081e+01
2.195960147934207463e+00	9.800795738225557940e+00	-4.036351612378716425e+00	1.039082711030263617e+01
2.202242556317716371e+00	9.804087345089680383e+00	-3.992293272590182962e+00	1.030181860559015306e+01
2.208521655981037668e+00	9.849022654868132776e+00	-4.069377214385901276e+00	1.039166718081621710e+01
2.214804637081333016e+00	9.851568852314306568e+00	-4.103367674694664125e+00	1.032775727212971617e+01
2.221092583349425276e+00	9.851898431380728738e+00	-4.114722964074583267e+00	1.037461053335125882e+01
2.227372893591468728e+00	9.843716947824798780e+00	-4.120465768075026070e+00	1.032858920044205853e+01
2.233657161144248171e+00	9.870626653827434538e+00	-4.163183927018435426e+00	1.029136107352315577e+01
2.239943485394438660e+00	9.895318649790004528e+00	-4.218812411493341408e+00	1.036609445746736036e+01
2.246224175264620815e+00	9.879368061769511655e+00	-4.211187992990177875e+00	1.023207286597986254e+01
2.252506378421252009e+00	9.886549906812410526e+00	-4.216697951102991837e+00	1.023787849541352557e+01
2.258783417054270437e+00	9.894179830823604860e+00	-4.215097625974260076e+00	1.018167437275955045e+01
2.265069077371457684e+00	9.931660736430778513e+00	-4.330962681407512171e+00	1.023800904419222846e+01
2.271350377044131452e+00	9.939175734791438899e+00	-4.340923991517819935e+00	1.027716084844618649e+01
2.277633995145353918e+00	9.911976555814717926e+00	-4.269214061460702148e+00	1.009501762241945855e+01
2.283922419579920149e+00	9.930106572356930172e+00	-4.339577390732850759e+00	1.012959311476452129e+01
2.290202874392252674e+00	9.941130616141188980e+00	-4.286260394450433608e+00	1.010891702257899638e+01
2.296490779970905560e+00	9.944455189163246445e+00	-4.303081072326777168e+00	1.008633364967599455e+01
2.302771769934229162e+00	9.943526564400876566e+00	-4.342837190204130060e+00	9.993138357053368281e+00
2.309051364164305564e+00	9.953106411166604772e+00	-4.365696520165335492e+00	1.000445514176578854e+01
2.315338502539088239e+00	9.973127761881929843e+00	-4.371624979459136640e+00	1.002556194031624237e+01
2.321627336503874428e+00	9.972291319451514369e+00	-4.435189374330152923e+00	9.997556109475111086e+00
2.327911878297218795e+00	9.976906622013627768e+00	-4.411624685775930033e+00	9.967680771403623297e+00
2.334186238580297168e+00	9.962667472330878127e+00	-4.362206184765277328e+00	9.894144357728482220e+00
2.340467971862688401e+00	1.000578013373141317e+01	-4.456432804237417500e+00	9.939212213887634206e+00
2.346756940970738725e+00	9.974392102860750953e+00	-4.381745213414238727e+00	9.822079691952456670e+00
2.353044444556199988e+00	1.001926338485288603e+01	-4.448702364925651409e+00	9.880061991368386032e+00
2.359327653314069906e+00	1.000293235331198005e+01	-4.449306196098589794e+00	9.855509154266849592e+00
2.365603048789861607e+00	1.002742086662281196e+01	-4.453970756880018200e+00	9.865450412438445227e+00
2.371885911737665165e+00	1.002214427330651958e+01	-4.436924929902687609e+00	9.747693928071107905e+00
2.378173303594019572e+00	1.003837077970776726e+01	-4.443145700808487142e+00	9.804817889450445634e+00
2.384454016539381271e+00	1.006738276679295296e+01	-4.503414758921746142e+00	9.845479995805277440e+00
2.390736447344785187e+00	1.005455887920102676e+01	-4.497319960559705621e+00	9.738499314234491777e+00
2.397014133897952259e+00	1.004745113216438845e+01	-4.502996419303207709e+00	9.619071483593200966e+00
2.403295490074321972e+00	1.004821026924952676e+01	-4.435113307716235020e+00	9.627260869634465479e+00
2.409585049672506862e+00	1.008393806191591935e+01	-4.525657529797230794e+00	9.704238872768627289e+00
2.415871703165322071e+00	1.005752696959597436e+01	-4.471492298771556406e+00	9.555245651519040706e+00
2.422160652369088840e+00	1.010050167073690730e+01	-4.532838914796930574e+00	9.610110420734361725e+00
2.428440167222748691e+00	1.010459642203393393e+01	-4.478923501153276199e+00	9.647087195107257429e+00
2.434717472383889803e+00	1.011066221965909762e+01	-4.506964949626345529e+00	9.583500835931273443e+00
2.441002456202044257e+00	1.012083527799906335e+01	-4.509762444451012264e+00	9.569022384335937659e+00
2.447289980304530488e+00	1.013969265441087586e+01	-4.556281735323784332e+00	9.530340547819617925e+00
2.453571844729242279e+00	1.015158266688009192e+01	-4.526982015551126892e+00	9.595797958266105709e+00
2.459852705114058846e+00	1.015381571779622760e+01	-4.549357411720643896e+00	9.511562579118367111e+00
2.466139233225018934e+00	1.013243684996513849e+01	-4.568138066883999926e+00	9.459658445350047629e+00
2.472421963421291391e+00	1.016070283883400016e+01	-4.497239521258422634e+00	9.446421950189535011e+00
2.478698519174224568e+00	1.017383666285567045e+01	-4.564554660345542025e+00	9.486808815405881390e+00
2.484980841400355800e+00	1.017253683146067900e+01	-4.490085567626596941e+00	9.410212023198980091e+00
2.491269319409339822e+00	1.018769741922340621e+01	-4.545597693737070344e+00	9.346650974477116236e+00
2.497548505139029373e+00	1.019231789721957604e+01	-4.555550142571898498e+00	9.305202478372946118e+00
2.503831667172610853e+00	1.019040907154142062e+01	-4.497692383481018297e+00	9.309085995385494527e+00
2.510117938323931153e+00	1.018599663694347512e+01	-4.541141997000745612e+00	9.362273358668778300e+00
2.516400733681277480e+00	1.019477451014623348e+01	-4.542309599163624867e+00	9.250898782938863363e+00
2.522688226833368130e+00	1.023293481876381250e+01	-4.551906894555953542e+00	9.304005164785889903e+00
2.528971695852665569e+00	1.023699372607379487e+01	-4.547742662841506522e+00	9.290819720207318611e+00
2.535252039407670299e+00	1.024340469724583791e+01	-4.558938210668868507e+00	9.262530005553710311e+00
2.541537514142774512e+00	1.024688612823663014e+01	-4.531187762578272604e+00	9.262474265697433040e+00
2.547823008847572179e+00	1.024519978381165863e+01	-4.528425001202093902e+00	9.177535741297679905e+00
2.554100666580690238e+00	1.026223829456256631e+01	-4.523999054862238189e+00	9.233356297891292641e+00
2.560376788884177301e+00	1.030014555428268608e+01	-4.572566731991010158e+00	9.216809958336039443e+00
2.566667521601497359e+00	1.028980289408485760e+01	-4.580827246182440859e+00	9.131940541709237635e+00
2.572955062237090473e+00	1.030373063243141019e+01	-4.562772578838896642e+00	9.180802332845068747e+00
2.579233771797999175e+00	1.031266693257088640e+01	-4.537505051224127506e+00	9.140340263678538690e+00
2.585520164300948220e+00	1.030588523913367816e+01	-4.514957463329705156e+00	9.072594769789633418e+00
2.591805130332431872e+00	1.031853542259112189e+01	-4.490698310379491076e+00	9.038545298912950443e+00
2.598084074692260881e+00	1.033257632158725059e+01	-4.534394235396570494e+00	9.100513585954653095e+00
2.604360404197643586e+00	1.034992363114877811e+01	-4.479650970219624995e+00	9.005787352523558553e+00
2.610647185140439142e+00	1.035264186643577666e+01	-4.489077494499852605e+00	9.021753620724044964e+00
2.616931864059273138e+00	1.035262091913029181e+01	-4.485398040725331548e+00	8.927051785276002960e+00
2.623206107911065565e+00	1.036226294835449480e+01	-4.460360753670803646e+00	8.945856948513345230e+00
2.629491626543270844e+00	1.036600792421148221e+01	-4.498268740499868024e+00	8.908099837427489121e+00
2.635778507982642349e+00	1.038464002767897831e+01	-4.503780288079267002e+00	8.939278075160389747e+00
2.642061039325260818e+00	1.038664364186318423e+01	-4.465537810892530324e+00	8.857671478817769284e+00
2.648343840729305843e+00	1.040294044544139673e+01	-4.483543075765175523e+00	8.952705527335984570e+00
2.654631838974855551e+00	1.039530486333773318e+01	-4.442807723261126718e+00	8.868851894021460680e+00
2.660919001246303761e+00	1.041366372448905864e+01	-4.448603988849203716e+00	8.827179167515570413e+00
2.667198525130066056e+00	1.043950067482715127e+01	-4.485406505538459321e+00	8.913278299169355989e+00
2.673484307038032526e+00	1.045204807911427558e+01	-4.428132014754419643e+00	8.887173573510539271e+00
2.679773388053849459e+00	1.045056066513626192e+01	-4.456331854529100411e+00	8.864538999671898623e+00
2.686058217632288692e+00	1.045408884899557656e+01	-4.480988938063864779e+00	8.795585309135303120e+00
2.692338738200057868e+00	1.047325638358647737e+01	-4.433978052665281666e+00	8.834745953143860575e+00
2.698618022887226964e+00	1.047848788908953388e+01	-4.417780553435479263e+00	8.789336186770636772e+00
2.704895450708277860e+00	1.049567863237539456e+01	-4.443311173902018574e+00	8.786514297768698967e+00
2.711175674923682166e+00	1.049072149081586325e+01	-4.379233168515520802e+00	8.693797153730868033e+00
2.717459832966957922e+00	1.052447718806785204e+01	-4.431811334115328016e+00	8.752741945646926425e+00
2.723745731959044569e+00	1.051729447420733798e+01	-4.432727057154464134e+00	8.711804441863135295e+00
2.730038414850594730e+00	1.054072879942920871e+01	-4.390685851774605908e+00	8.715345498011787484e+00
2.736317989800789441e+00	1.056049478426600707e+01	-4.382298014544709019e+00	8.712755667555612149e+00
2.742591858549239703e+00	1.055996822827617265e+01	-4.398964298393225114e+00	8.684680031488367646e+00
2.748879749010778362e+00	1.059231255130642246e+01	-4.410039324322210241e+00	8.733952251124044608e+00
2.755163403825859447e+00	1.057855736178796491e+01	-4.328610417486799200e+00	8.667386208978927087e+00
2.761446955625852073e+00	1.058293083854811378e+01	-4.369858093297649404e+00	8.638870702765721887e+00
2.767732088935374701e+00	1.061048407131892191e+01	-4.394435609844237867e+00	8.697710803761678378e+00
2.774015452421743966e+00	1.062780696902443545e+01	-4.393647942317056021e+00	8.703373740974722494e+00
2.780298635700591436e+00	1.064192739944016353e+01	-4.362154264304456852e+00	8.664820205487542282e+00
2.786577474762241380e+00	1.065163326060436155e+01	-4.306773091142569676e+00	8.659756058098698972e+00
2.792857983210164541e+00	1.066392748441890248e+01	-4.327383723364756740e+00	8.623918653423007896e+00
2.799143790920211483e+00	1.067007074258898314e+01	-4.313283381675048211e+00	8.651947673903089608e+00
2.805430058399325244e+00	1.071405919196156731e+01	-4.311286699645161313e+00	8.701911406599272425e+00
2.811715058209780072e+00	1.070879143850834758e+01	-4.303798780614505937e+00	8.665872655637127053e+00
2.817989272498773623e+00	1.071992569268134510e+01	-4.277062524315602410e+00	8.646349663746647707e+00
2.824269171595737760e+00	1.072976599939045705e+01	-4.333752276151683347e+00	8.635662378431970154e+00
2.830563016441804081e+00	1.076497147820671607e+01	-4.267522893325299549e+00	8.669715978174814097e+00
2.836848750951622034e+00	1.078511298277698138e+01	-4.339554696361591191e+00	8.755270223807796626e+00
2.843130027866129783e+00	1.081050726512620486e+01	-4.302703828594260038e+00	8.677215670949665949e+00
2.849413896912404986e+00	1.079340039178225119e+01	-4.269228707020293889e+00	8.616803430137196074e+00
2.855697464522425566e+00	1.082353255837505657e+01	-4.247206043083935789e+00	8.631186929789533835e+00
2.861978799810683594e+00	1.083304690889415056e+01	-4.248976783151820591e+00	8.706261042785968129e+00
2.868262469415629567e+00	1.082819811487149586e+01	-4.227496572949713816e+00	8.647801641076696910e+00
2.874547359206753860e+00	1.087084450197030883e+01	-4.268435645123641820e+00	8.700288925525676120e+00
2.880831111471525041e+00	1.089950018145458799e+01	-4.263111977629623794e+00	8.737844938868404299e+00
2.887113216972382546e+00	1.091062983174707313e+01	-4.228574784699192790e+00	8.726826079362416166e+00
2.893394504725182781e+00	1.093450731510472984e+01	-4.198343308155178200e+00	8.743728568187007610e+00
2.899673662137033592e+00	1.096365813872023054e+01	-4.258290865570338646e+00	8.769524193895815500e+00
2.905953958587380814e+00	1.097619779825140185e+01	-4.266769064649047927e+00	8.819951077268594730e+00
2.912241118105161064e+00	1.097841785376002477e+01	-4.207351563686186680e+00	8.778369715771871640e+00
2.918525996366671205e+00	1.100358815608054286e+01	-4.233580577763338404e+00	8.750912211399301199e+00
2.924809035425688819e+00	1.101647206711784044e+01	-4.215118449247583499e+00	8.793775086791830731e+00
2.931095916293684933e+00	1.104773453398900607e+01	-4.205865726065345811e+00	8.782262441389601548e+00
2.937378182606774413e+00	1.106332561953556670e+01	-4.160834331076102899e+00	8.813531664923486275e+00
2.943659980254369923e+00	1.108468492297189556e+01	-4.188348581807702864e+00	8.846368190517665653e+00
2.949946454403890250e+00	1.112156465690364904e+01	-4.217001349499210683e+00	8.969601134086387262e+00
2.956227653702202307e+00	1.112780918336462932e+01	-4.266369369646713317e+00	8.957757896132951814e+00
2.962510478867462993e+00	1.116348240198399111e+01	-4.177412842520062064e+00	8.878972052493855571e+00
2.968796535179442309e+00	1.116405856643778982e+01	-4.166180153671988684e+00	8.920437158058376781e+00
2.975077657376874907e+00	1.120503558744625572e+01	-4.158265573067088994e+00	8.980834946258323015e+00
2.981359866759223376e+00	1.120509641977223403e+01	-4.130088697878464998e+00	8.926209873794151761e+00
2.987646761575656562e+00	1.124666673276180973e+01	-4.269384122374980883e+00	9.030698114969473167e+00
2.993929038370399365e+00	1.127607842821022288e+01	-4.199087079110895182e+00	9.063213515533979248e+00
3.000206214840962726e+00	1.129435463730552947e+01	-4.220757647553338821e+00	9.047306524979687126e+00
3.006486172402415669e+00	1.132056357544349190e+01	-4.198761481929935258e+00	9.079488879383337263e+00
3.012769812211594456e+00	1.135689308134023001e+01	-4.206890963195175637e+00	9.152488997229475842e+00
3.019053144326170113e+00	1.138517984750897227e+01	-4.219509055877669113e+00	9.162887991161692725e+00
3.025337405144251424e+00	1.141334268078916381e+01	-4.144396985831339641e+00	9.151315096009041028e+00
3.031623734799107961e+00	1.143319566636555251e+01	-4.177339540015018393e+00	9.243593449139691387e+00
3.037908962055872575e+00	1.145880703371148179e+01	-4.149689994791663672e+00	9.245376959147801443e+00
3.044195067146031608e+00	1.149048292568559582e+01	-4.169845986428012630e+00	9.332076426310228712e+00
3.050475543482170426e+00	1.151810454396469297e+01	-4.197054094372785649e+00	9.303864036022609696e+00
3.056754954538277502e+00	1.155221715524277926e+01	-4.193204340630424909e+00	9.331098337931928555e+00
3.063040539557494668e+00	1.158276873709919030e+01	-4.181162865284043129e+00	9.429544566532769068e+00
3.069323699454357346e+00	1.161092058092567747e+01	-4.233651708863497731e+00	9.462630769690976607e+00
3.075610692642898769e+00	1.163928241864629953e+01	-4.145495207522201575e+00	9.465569691185342194e+00
3.081893798009918584e+00	1.166807118350279104e+01	-4.161620847590143946e+00	9.541084419940190742e+00
3.088174549548037717e+00	1.170080246738313612e+01	-4.133855666612219260e+00	9.638952162097353948e+00
3.094458635632868493e+00	1.174535911153106404e+01	-4.168768879376612446e+00	9.648348332858262211e+00
3.100743982931558840e+00	1.176984391157029997e+01	-4.223619210454028661e+00	9.669670530328076552e+00
3.107028111748448396e+00	1.179966970576189134e+01	-4.221809666292796415e+00	9.702620526919114141e+00
3.113309299655494300e+00	1.184483085018525372e+01	-4.207724775962976338e+00	9.773585626758269029e+00
3.119590662867241626e+00	1.187853315679952892e+01	-4.261675400741195219e+00	9.898635293810391644e+00
3.125874006820172912e+00	1.193042100703442188e+01	-4.277695629120527698e+00	9.951774786986097965e+00
3.132159251154602586e+00	1.195651071167289103e+01	-4.207614568273307931e+00	1.000645734678477083e+01
3.138439172765940643e+00	1.200623412491102648e+01	-4.169880309206673630e+00	1.005563867183024840e+01
3.144723867719826593e+00	1.200650307368439051e+01	-4.252540925013576611e+00	1.004139342000555501e+01
3.151003951258561031e+00	1.207013913347070222e+01	-4.239547303118503585e+00	1.015626449844934065e+01
3.157283664131563139e+00	1.211570070035671876e+01	-4.269754510930028779e+00	1.022749538135492564e+01
3.163569317183839935e+00	1.214309842355804392e+01	-4.255475843304347805e+00	1.024011147806926658e+01
3.169851661717792091e+00	1.218634044173422204e+01	-4.265649500919913351e+00	1.038698397540284013e+01
3.176137704316093657e+00	1.225280097058493389e+01	-4.329764415116717835e+00	1.045169835231297029e+01
3.182420924828643916e+00	1.228933803988978113e+01	-4.318570886002029319e+00	1.057701466003250879e+01
3.188702811875577581e+00	1.234086477208392019e+01	-4.362479682984476526e+00	1.066076609215452997e+01
3.194990520008989865e+00	1.236497996115397768e+01	-4.297505637057139616e+00	1.067548396855842618e+01
3.201275324656983834e+00	1.242365279684529078e+01	-4.362442488869699098e+00	1.075972171557514478e+01
3.207551352179861759e+00	1.246856215432179305e+01	-4.394189666187561016e+00	1.086173357556345742e+01
3.213835216737041645e+00	1.251728486283211872e+01	-4.427761100687514606e+00	1.096987587842134815e+01
3.220122579819103770e+00	1.246956327056584435e+01	-4.285800081255243477e+00	1.051394774383358666e+01
3.226406606618656525e+00	1.235714436547039519e+01	-3.959524262794559490e+00	9.769364445257062712e+00
3.232687390085645429e+00	1.229726698745188251e+01	-3.731163046282036877e+00	9.068894401262010518e+00
3.238969121280456331e+00	1.220299506017077462e+01	-3.458143842317446648e+00	8.343079187514589989e+00
3.245254751548589667e+00	1.212051667067218297e+01	-3.275565803255847896e+00	7.668944057797824954e+00
3.251534499036136783e+00	1.205554503939371180e+01	-3.122775736532586333e+00	7.112312164492561095e+00
3.257817780791052442e+00	1.197598020231638927e+01	-2.920429628376858044e+00	6.414131235658423691e+00
3.264102164154097263e+00	1.193545146115397770e+01	-2.768847800913662116e+00	5.874516133966753983e+00
3.270384152138468892e+00	1.187245458712598811e+01	-2.635656928383095288e+00	5.334353668652848768e+00
3.276669427476867735e+00	1.184243971991369015e+01	-2.529882957024013557e+00	4.849224327055479122e+00
3.282954688864507808e+00	1.179080289341874277e+01	-2.376467093671393638e+00	4.299733661222767900e+00
3.289237200334947264e+00	1.174476334698120539e+01	-2.250578125425265252e+00	3.708510165936683922e+00
3.295519587088236779e+00	1.172089792474942982e+01	-2.159172003904240356e+00	3.269336888251305417e+00
3.301805977329951958e+00	1.170023576992984538e+01	-2.142549289144396685e+00	2.838092169176575918e+00
3.308087486222440088e+00	1.165973701088892867e+01	-1.999117529321426057e+00	2.379045437278126673e+00
3.314367630234227313e+00	1.160818203591467324e+01	-1.838795629072310867e+00	1.809661530452665534e+00
3.320651909732194262e+00	1.161065596764516705e+01	-1.836421998152798052e+00	1.519097576297727903e+00
3.326931260376857047e+00	1.160008359924490762e+01	-1.787141354802709081e+00	1.073948756741361255e+00
3.333216512447217728e+00	1.157498007339621715e+01	-1.689233056702113212e+00	6.667062823187851484e-01
3.339504489419978128e+00	1.157015732874418923e+01	-1.656468979556789956e+00	2.662339871082131104e-01
3.345786804809928405e+00	1.152761971663767326e+01	-1.629240370817444994e+00	-1.717370868675757167e-01
3.352071130016277767e+00	1.154475254008842455e+01	-1.533121484436125836e+00	-4.871291158245960040e-01
3.358351496304225581e+00	1.153166846216663366e+01	-1.485109876209517399e+00	-8.566838106482445037e-01
3.364630591073392019e+00	1.153943273898875432e+01	-1.428235648320059559e+00	-1.311663689086916884e+00
3.370916305215045483e+00	1.152373899888050524e+01	-1.448240299609421688e+00	-1.636965971059011205e+00
3.377197952029413752e+00	1.151796611608412846e+01	-1.396660924490473521e+00	-1.956090955589039782e+00
3.383483063818085501e+00	1.151802901125512157e+01	-1.373447913810093679e+00	-2.297553945441595413e+00
3.389769992424469969e+00	1.151484156840225559e+01	-1.319825145554959445e+00	-2.662721553547843012e+00
3.396051330885982100e+00	1.151493462824542924e+01	-1.313218307345387359e+00	-2.971082335568132393e+00
3.402330879139463971e+00	1.152125983402018328e+01	-1.271040334576227115e+00	-3.277364665647502395e+00
3.408610488352048495e+00	1.152638371025331843e+01	-1.238656313250960261e+00	-3.656325511528494943e+00
3.414897837696641236e+00	1.152956025306181864e+01	-1.261237740109985461e+00	-3.894393689909843026e+00
3.421180484052105619e+00	1.152342080592410056e+01	-1.184538732089463586e+00	-4.237054510563635468e+00
3.427461639653846870e+00	1.153387610873695301e+01	-1.188283492488407589e+00	-4.580584857582977953e+00
3.433749159643459059e+00	1.154983813680185811e+01	-1.180515604894387893e+00	-4.889814841193185657e+00
3.440032646656798310e+00	1.155911589993501742e+01	-1.111652188063384283e+00	-5.176379441841250539e+00
3.446313366033385339e+00	1.155919534004361715e+01	-1.186688109183157147e+00	-5.427702324844987380e+00
3.452600135384134905e+00	1.157701428988714198e+01	-1.121608704154603009e+00	-5.798930308180407778e+00
3.458883152815406703e+00	1.157796173040242138e+01	-1.120371854586500016e+00	-6.046063443932699677e+00
3.465163834403715448e+00	1.157466355684834269e+01	-1.121703441168183879e+00	-6.305505033570230289e+00
3.471449329786229221e+00	1.160359962568010772e+01	-1.092502523262450120e+00	-6.572899877670058011e+00
3.477734476754053894e+00	1.163117544998611486e+01	-1.089046074446856860e+00	-6.882803220417409662e+00
3.484019652467224226e+00	1.161066059300179454e+01	-1.059709135736654595e+00	-7.217338109976449978e+00
3.490297019369712928e+00	1.163471100921297996e+01	-1.080764515845384910e+00	-7.409050461590408254e+00
3.496582486484379970e+00	1.164408392908559087e+01	-1.070384758016557525e+00	-7.681920384533809099e+00
3.502868048046865024e+00	1.166512576499792431e+01	-1.083198818923937212e+00	-7.965902116746819139e+00
3.509144649545451244e+00	1.166642751518978649e+01	-1.049889330961139899e+00	-8.232479718883739750e+00
3.515428082003116295e+00	1.168830684867450742e+01	-1.089435603605415803e+00	-8.453389622862067299e+00
3.521711031624695565e+00	1.171436949664800231e+01	-1.055472887290002104e+00	-8.750878214708615488e+00
3.527991850954735664e+00	1.172896905744910079e+01	-1.014854341450503350e+00	-9.069374099262715205e+00
3.534275545726699885e+00	1.172752593592615078e+01	-1.055438592857181002e+00	-9.245156016195350546e+00
3.540562632020772149e+00	1.176805731049972792e+01	-1.075701867209319484e+00	-9.514859723358629395e+00
3.546844410757220789e+00	1.178678878443565203e+01	-1.000926770403820720e+00	-9.767002025903570583e+00
3.553131386753758836e+00	1.182682355889298798e+01	-1.067652171124182203e+00	-9.956585170674761898e+00
3.559419203211965144e+00	1.180459844139895864e+01	-1.039234121825297619e+00	-1.024820991991398245e+01
3.565697971577579839e+00	1.182001959300840177e+01	-1.041418831460930061e+00	-1.049134847110081914e+01
3.571979559134798254e+00	1.186003493303799949e+01	-1.060589594445376260e+00	-1.070727089897597040e+01
3.578265774595833726e+00	1.186244342790881490e+01	-1.051697614085410848e+00	-1.097086484007018470e+01
3.584548309769353125e+00	1.188973592710494032e+01	-1.008966898870970130e+00	-1.117760936833658825e+01
3.590826843920031486e+00	1.191534671189426930e+01	-1.053869037961509436e+00	-1.143658563928830496e+01
3.597107306745233934e+00	1.193388603430062034e+01	-1.048061779872341059e+00	-1.162870442309806052e+01
3.603392831792229245e+00	1.195012715618814170e+01	-1.072524004343427650e+00	-1.183185220602048560e+01
3.609673209822572559e+00	1.197634267114444206e+01	-1.066680401108885956e+00	-1.214253442446738518e+01
3.615955412133016189e+00	1.199924024579777715e+01	-1.027132791745026807e+00	-1.232861627325768517e+01
3.622241607772384686e+00	1.200685335572888413e+01	-1.046797904040471572e+00	-1.253688643460008123e+01
3.628520252736676444e+00	1.203850225465152413e+01	-1.048733017242590604e+00	-1.281142040030107943e+01
3.634804827569451113e+00	1.207912181396013906e+01	-1.071851275572561324e+00	-1.304417002280479032e+01
3.641094981788862928e+00	1.208349412596129113e+01	-1.078703276654274124e+00	-1.323728543123592694e+01
3.647383514928639325e+00	1.210453152281587030e+01	-1.057523547292449573e+00	-1.347441152976223044e+01
3.653663283927725658e+00	1.212992041527583176e+01	-1.065470757094671983e+00	-1.369478597253304564e+01
3.659943504072155296e+00	1.215683877729863305e+01	-1.046536179846174308e+00	-1.387049186463733008e+01
3.666232000281138603e+00	1.220765848078042914e+01	-1.100802597238732750e+00	-1.409492322155194444e+01
3.672514211678317597e+00	1.220997376294679881e+01	-1.072048016708769147e+00	-1.429981963595058403e+01
3.678794154686042539e+00	1.225956828457135650e+01	-1.086877211600615345e+00	-1.455051060162636389e+01
3.685078621861909820e+00	1.226951428044435843e+01	-1.101316174260788427e+00	-1.472865077964814695e+01
3.691359210097977961e+00	1.228544799654899755e+01	-1.101633692465145753e+00	-1.493052210406296609e+01
3.697642368173791105e+00	1.232669267339920260e+01	-1.075204711139592373e+00	-1.523194748571237511e+01
3.703925796735277665e+00	1.236311549612541860e+01	-1.084418412914472274e+00	-1.539924007729488764e+01
3.710208240364660348e+00	1.236359180527143664e+01	-1.064370615053028102e+00	-1.563234733578462787e+01
3.716494593122387169e+00	1.239508064456731340e+01	-1.125938545493123666e+00	-1.579880565575556517e+01
3.722775386659595398e+00	1.242936859861985432e+01	-1.101105993793953131e+00	-1.600776283377006948e+01
3.729058392883481510e+00	1.247625211838939840e+01	-1.070899252083687969e+00	-1.633216556677906439e+01
3.735339748210807720e+00	1.248714659322382659e+01	-1.110336368600930879e+00	-1.643213379324424039e+01
3.741620776392969638e+00	1.250635872860900122e+01	-1.106500781829250490e+00	-1.668126071797945542e+01
3.747904795418762980e+00	1.253510773770266518e+01	-1.128377866890019066e+00	-1.682481534818096236e+01
3.754190633281219380e+00	1.255707610924160456e+01	-1.143413005143515626e+00	-1.698197814453337884e+01
3.760478208018912749e+00	1.261317352760347710e+01	-1.080985908286752339e+00	-1.733173909913631050e+01
3.766755538573464346e+00	1.264415867869572629e+01	-1.140565584914888353e+00	-1.744656663218087900e+01
3.773032090135151506e+00	1.265929347878909894e+01	-1.114208275875279597e+00	-1.767861232116947079e+01
3.779322553012896879e+00	1.268378974522446967e+01	-1.128465012415997837e+00	-1.782427939024915631e+01
3.785609109731308930e+00	1.271166126846212840e+01	-1.115102737524479082e+00	-1.808980889045707841e+01
3.791889825936295200e+00	1.274721775040200633e+01	-1.127059445883657585e+00	-1.826985411830997919e+01
3.798174822702435893e+00	1.279825755362858786e+01	-1.138517573023271723e+00	-1.850853754079943769e+01
3.804458658753491651e+00	1.281238811751801521e+01	-1.109680151810113591e+00	-1.874445045192888060e+01
3.810738438095723435e+00	1.286663174760627903e+01	-1.188889395768643942e+00	-1.880768255019341595e+01
3.817018850285747167e+00	1.288608584155156933e+01	-1.160170811670411473e+00	-1.902528211722247065e+01
3.823305314209427763e+00	1.292313062344725871e+01	-1.145449534633983690e+00	-1.928317498531681551e+01
3.829591295197792178e+00	1.294152108911096910e+01	-1.140588502467035248e+00	-1.943490362801073346e+01
3.835872296070849341e+00	1.298225460579753943e+01	-1.117087398718868085e+00	-1.975750502124947161e+01
3.842156279590906109e+00	1.300017822922299437e+01	-1.131892552699801602e+00	-1.987465442731495457e+01
3.848441511099312429e+00	1.304147079586022429e+01	-1.102388835332450689e+00	-2.014489727802229879e+01
3.854723334376886079e+00	1.305170758315066593e+01	-1.147396080015445685e+00	-2.022980550776734177e+01
3.861004740704794713e+00	1.311170118199029311e+01	-1.121036095637857999e+00	-2.048810765715771254e+01
3.867284336650660848e+00	1.316670538431757720e+01	-1.149249783925816892e+00	-2.065914220342503782e+01
3.873567367678779849e+00	1.318248346470600652e+01	-1.150185175195624687e+00	-2.086919627258564347e+01
3.879850662830422792e+00	1.322373713797348316e+01	-1.160233096261395147e+00	-2.109283793848325317e+01
3.886137063198143338e+00	1.327468933098387893e+01	-1.181362275980837984e+00	-2.126734744307831093e+01
3.892419463049126005e+00	1.329429804694435724e+01	-1.156257343280685523e+00	-2.147113032272033450e+01
3.898703740328622658e+00	1.335881744307699392e+01	-1.185632604665299406e+00	-2.163311353609626408e+01
3.904991458788179326e+00	1.339740198103893398e+01	-1.174562615665665444e+00	-2.190320729725959126e+01
3.911270842222104083e+00	1.338827516298086451e+01	-1.154330296250416277e+00	-2.205776799424105050e+01
3.917549806479573071e+00	1.346585573252927581e+01	-1.178766971161236965e+00	-2.224644419675771800e+01
3.923836006203090587e+00	1.348603208287813615e+01	-1.146706345199238752e+00	-2.252157053177548107e+01
3.930121452497870926e+00	1.352345392027379489e+01	-1.187525806305550935e+00	-2.263066725888741360e+01
3.936398172858230460e+00	1.355607659637144558e+01	-1.204652685479645102e+00	-2.279108470154880450e+01
3.942683040425962293e+00	1.359446965013481190e+01	-1.143563773318232224e+00	-2.312106706469402440e+01
3.948974759704379611e+00	1.363178269207863913e+01	-1.156166068943226488e+00	-2.324334773699661838e+01
3.955259227995065352e+00	1.368909356235351460e+01	-1.143745836120808379e+00	-2.351406903445638719e+01
3.961537174921395454e+00	1.372544917740932569e+01	-1.161232177992123527e+00	-2.366727644691181709e+01
3.967820217617139544e+00	1.375246357832201838e+01	-1.142992299287259872e+00	-2.393964458354299296e+01
3.974105559832568968e+00	1.379020336592324547e+01	-1.149417943346141557e+00	-2.409481780454588318e+01
3.980384727931198352e+00	1.386281680027202512e+01	-1.167401630359534037e+00	-2.431041122070998384e+01
3.986664590839849698e+00	1.386933143358039899e+01	-1.135189437416364244e+00	-2.448931207737386018e+01
3.992949619150675034e+00	1.395942789685580010e+01	-1.147345510327310247e+00	-2.477398372346367239e+01
3.999235075769965952e+00	1.397960843868846048e+01	-1.132795182265860845e+00	-2.496677565517710207e+01
4.005515715515433506e+00	1.401174440338912319e+01	-1.176201680928998572e+00	-2.506838228091833898e+01
4.011798434346478537e+00	1.407432596769833211e+01	-1.114430371708717615e+00	-2.540399499203864764e+01
4.018083716245132386e+00	1.410679855408197980e+01	-1.147706916909114083e+00	-2.557217607350373711e+01
4.024365700052603856e+00	1.417653674067152991e+01	-1.152336535271214268e+00	-2.573431447074484169e+01
4.030643960839860540e+00	1.422159451647884687e+01	-1.119890725982556567e+00	-2.606935420092129263e+01
4.036928708926215137e+00	1.425667367570377841e+01	-1.123361753447827738e+00	-2.621397414274776949e+01
4.043218157412017177e+00	1.430145477559078060e+01	-1.140724736429612030e+00	-2.640567932190203493e+01
4.049503019487663558e+00	1.435293755475998090e+01	-1.150401256232587155e+00	-2.660975926735557096e+01
4.055781898960511000e+00	1.439030564825950798e+01	-1.171326896882534552e+00	-2.672751222577619856e+01
4.062060795621602161e+00	1.441329171352895600e+01	-1.111466282805062100e+00	-2.707894301497019285e+01
4.068347865354716042e+00	1.450248914945209044e+01	-1.112761983293524493e+00	-2.731284747050953499e+01
4.074631027173265529e+00	1.454173722102308020e+01	-1.127772028565525719e+00	-2.748693489662978706e+01
4.080910837526078971e+00	1.460324311963758603e+01	-1.075295785825751249e+00	-2.782758394538484126e+01
4.087201203341442657e+00	1.466272156735795917e+01	-1.114065699837091250e+00	-2.796513497002168336e+01
4.093486818591942189e+00	1.472531953133718297e+01	-1.050639946675844927e+00	-2.836678463549331752e+01
4.099764387336505500e+00	1.476050462545768838e+01	-1.111086935386200070e+00	-2.840433166385253116e+01
4.106049166937662420e+00	1.482463973450041195e+01	-1.074344769766208296e+00	-2.870238068006915100e+01
4.112334559041358695e+00	1.488949569713355991e+01	-1.133457416886435754e+00	-2.886114814117212646e+01
4.118618926059533614e+00	1.492587850368586722e+01	-1.125967859670919280e+00	-2.904081687929005895e+01
4.124898942031112625e+00	1.495282019372207039e+01	-1.135205054947731496e+00	-2.922775146725136253e+01
4.131175432561665417e+00	1.502435106026875289e+01	-1.101500781364145753e+00	-2.954616417428265507e+01
4.137461563786142271e+00	1.506690038914952723e+01	-1.098345404149876581e+00	-2.975132776967385695e+01
4.143746006210170307e+00	1.515532678820883916e+01	-1.068234766677514935e+00	-3.005743721632327947e+01
4.150029800482964326e+00	1.516058989569972582e+01	-1.052807831508687286e+00	-3.025108194552576535e+01
4.156313390684649001e+00	1.526761555630537970e+01	-1.059269921411448490e+00	-3.053136957607669544e+01
4.162596105843763716e+00	1.529925929617958502e+01	-1.064091154094649383e+00	-3.073743280297718528e+01
4.168881843141768684e+00	1.536182618149332235e+01	-1.044158586296685787e+00	-3.101433079092729983e+01
4.175162111073220217e+00	1.543350211291028096e+01	-1.086264755583673081e+00	-3.115408175876804364e+01
4.181448573417560155e+00	1.547271478887732066e+01	-1.052111327830594245e+00	-3.148263244656292414e+01
4.187738782464171194e+00	1.554453174156612683e+01	-1.049123198865604012e+00	-3.170618585033041015e+01
4.194017437180169061e+00	1.558553777658903172e+01	-1.033271102474155656e+00	-3.190922593179901412e+01
4.200293572701767175e+00	1.567930405175843944e+01	-9.958637728226177321e-01	-3.232065272775571430e+01
4.206580195481546269e+00	1.571439541958307551e+01	-1.029791365484655330e+00	-3.243629884588001744e+01
4.212860644652220543e+00	1.574917620911631211e+01	-9.856457511082145073e-01	-3.272048865836225673e+01
4.219138153430114002e+00	1.586912815996177351e+01	-1.036488970874777760e+00	-3.297311280438787406e+01
4.225426162098283811e+00	1.590819968008783469e+01	-9.961139400377868602e-01	-3.328312930905492806e+01
4.231713506719782636e+00	1.594145949853824185e+01	-9.498150202386000940e-01	-3.352618457933817098e+01
4.237990056577191744e+00	1.603231675316718707e+01	-1.040427275513321037e+00	-3.368177013844425005e+01
4.244267783646744618e+00	1.611512277432671070e+01	-9.507825151532461883e-01	-3.418662165713613632e+01
4.250560660182562955e+00	1.619077057234579442e+01	-1.001381773743241776e+00	-3.428662423668871639e+01
4.256847734842668096e+00	1.621236376345407848e+01	-9.800697248511672788e-01	-3.454365579655078022e+01
4.263127100734456221e+00	1.629478950093505318e+01	-9.529050191480361587e-01	-3.482491155198937349e+01
4.269406860432507500e+00	1.638344448798894604e+01	-9.813619421527770559e-01	-3.512791994325230149e+01
4.275691671482192646e+00	1.640654832248180384e+01	-9.690040421425762940e-01	-3.536789018051149469e+01
4.281972414189518794e+00	1.650986588820044787e+01	-8.975488596345282399e-01	-3.577219590481728773e+01
4.288253516806755705e+00	1.652751831194767362e+01	-9.564540618929412430e-01	-3.592663514874345765e+01
4.294540520160492925e+00	1.666394715581246544e+01	-9.576934192349865205e-01	-3.633910729203541479e+01
4.300825742921731809e+00	1.669547748515797636e+01	-9.338652037436948605e-01	-3.656429722568998386e+01
4.307109835491901961e+00	1.672091002387944769e+01	-9.318781036840408927e-01	-3.676395265122052081e+01
4.313390926478413157e+00	1.681891354758516499e+01	-9.860448719739253187e-01	-3.698709809946574012e+01
4.319667979480563247e+00	1.684615071974123524e+01	-8.989242649062544332e-01	-3.742928735457201128e+01
4.325952598143786076e+00	1.698061277402498348e+01	-8.943685346617946674e-01	-3.772151179304171364e+01
4.332241647035422361e+00	1.699156265522680442e+01	-8.368479443904990323e-01	-3.806206765432497718e+01
4.338524445619096781e+00	1.712617094708878085e+01	-8.541734490456069917e-01	-3.847049667780850513e+01
4.344809348131129845e+00	1.716230171170392182e+01	-8.325213212525975903e-01	-3.870793626971058643e+01
4.351090699193166600e+00	1.717703809885278687e+01	-8.269800638727611286e-01	-3.896821737402910202e+01
4.357369710808320029e+00	1.730249273219078532e+01	-8.223326592904529608e-01	-3.927378481248458542e+01
4.363659348967174445e+00	1.731217763446700886e+01	-7.939335307802839470e-01	-3.964530273445388531e+01
4.369947418280990981e+00	1.738011297402874078e+01	-7.663800039943197140e-01	-3.989572826357143498e+01
4.376226569265827315e+00	1.746974932087277921e+01	-7.766552933072479181e-01	-4.025204068004580904e+01
4.382499356631129217e+00	1.753102281836496346e+01	-7.301947096245503532e-01	-4.067551182336490001e+01
4.388784975178015024e+00	1.760849279930190647e+01	-7.400589424626625723e-01	-4.095248037415331055e+01
4.395068696309480494e+00	1.762767971032485548e+01	-6.381958312344122586e-01	-4.146527020446707468e+01
4.401347962382031298e+00	1.780611560838708129e+01	-6.947078544488169971e-01	-4.177247779360602209e+01
4.407628405096517099e+00	1.773775294797068369e+01	-6.905360131654416644e-01	-4.190010962709738607e+01
4.413915862185140426e+00	1.786778539304544111e+01	-7.076920106160493606e-01	-4.235752882368396399e+01
4.420203163534264235e+00	1.795581226335261604e+01	-6.467070091953548427e-01	-4.279645668330999797e+01
4.426480311003382795e+00	1.793819011024055143e+01	-5.463683511751451505e-01	-4.326436616945667168e+01
4.432765973643649104e+00	1.808691411459813381e+01	-6.810235796808022934e-01	-4.334619301742849018e+01
4.439053392023870614e+00	1.808557124131785443e+01	-5.991788870333207839e-01	-4.395884072863979242e+01
4.445336141335588742e+00	1.820494294974736249e+01	-6.143074570465368867e-01	-4.426377186731527047e+01
4.451617241414883352e+00	1.822656119320009438e+01	-5.441982712972351921e-01	-4.468933220642504267e+01
4.457901500730311106e+00	1.827043617940633879e+01	-5.286401152918837054e-01	-4.509487537271736102e+01
4.464189501093017043e+00	1.833368721983304894e+01	-4.716186595026065631e-01	-4.545940710988155331e+01
4.470470197548729985e+00	1.830597584653329335e+01	-5.305696946028164440e-01	-4.576380815285372705e+01
4.476748044268524573e+00	1.843011321228070898e+01	-4.816880930149440854e-01	-4.613504141823683113e+01
4.483035990164653484e+00	1.840183397025651502e+01	-3.654256359877801619e-01	-4.673679213801211318e+01
4.489323331650528104e+00	1.845797847743069298e+01	-3.577382682337004738e-01	-4.706830936118718256e+01
4.495599111667934800e+00	1.850963935584639231e+01	-3.699726502912915049e-01	-4.751698104950713741e+01
4.501870922878794090e+00	1.850404537951203565e+01	-3.681198960479529769e-01	-4.786773213900015378e+01
4.508155162877705457e+00	1.858113137981820273e+01	-2.645338511408149573e-01	-4.836424265373013753e+01
4.514446451153479423e+00	1.851713310272172208e+01	-2.774438880273508712e-01	-4.867754195870384848e+01
4.520723894043856994e+00	1.861918772106910680e+01	-2.276110759570043884e-01	-4.928647525046773836e+01
4.527003782460155890e+00	1.861815888316364820e+01	-1.310294617358973290e-01	-4.993567490341362713e+01
4.533293086610313161e+00	1.862704041626559714e+01	-1.708669844745220323e-01	-5.025794942916355268e+01
4.539578989864040182e+00	1.856174215720975695e+01	-1.106213415621003227e-01	-5.050316794104209350e+01
4.545857164866476730e+00	1.856284342288012112e+01	-3.674528497001437743e-02	-5.109012295457551289e+01
4.552138955546025656e+00	1.859288787571994916e+01	5.259464934829704424e-02	-5.177739343263247918e+01
4.558432046889146605e+00	1.865229035264278679e+01	3.931061382849918018e-02	-5.232395949584955730e+01
4.564713463378488711e+00	1.859967463115105346e+01	5.006897221905434042e-02	-5.251682935972687005e+01
4.570987274133244682e+00	1.858172579599822427e+01	3.054044249235095612e-02	-5.275778188682549086e+01
4.577274818151045643e+00	1.864950307516061301e+01	2.985673772555046818e-02	-5.323367767951161511e+01
4.583563263889338657e+00	1.874863800696250848e+01	4.762819017296299889e-02	-5.379762970122212806e+01
4.589844917004465508e+00	1.872630448104385437e+01	4.206903500448908040e-02	-5.397135049516289484e+01
4.596126259982004747e+00	1.881285141100380898e+01	5.057028547849372335e-02	-5.456014566640703123e+01
4.602409075598298926e+00	1.883724630909996378e+01	1.026365416752819670e-01	-5.496208680383264777e+01
4.608696634867644804e+00	1.890887413389995686e+01	9.664073231053862956e-02	-5.536502584736351906e+01
4.614977646498861219e+00	1.894386240628846352e+01	1.016314045108988456e-01	-5.571960627746960881e+01
4.621258953029527383e+00	1.899486330379886567e+01	2.005795635190855269e-02	-5.597242590355381964e+01
4.627547993978874175e+00	1.902660570698799347e+01	2.877022071225287386e-02	-5.632321858829695316e+01
4.633830152730579854e+00	1.910500546220616513e+01	6.622820767016499022e-02	-5.685113024211651123e+01
4.640104005367354567e+00	1.916093823780246908e+01	6.277153809946085794e-02	-5.718538800132911604e+01
4.646382060386754276e+00	1.920336522987425099e+01	8.272808840205318759e-02	-5.761811200714795689e+01
4.652674213731970987e+00	1.936839085632025004e+01	8.254699273844964824e-02	-5.828772412028316552e+01
4.658958291796220230e+00	1.931457695000536745e+01	8.845655275903126225e-02	-5.830900864673505879e+01
4.665233615070169648e+00	1.942602360524808702e+01	1.475679440544306817e-02	-5.875029321868145615e+01
4.671520675710307380e+00	1.942004813329864987e+01	4.911073223639839114e-02	-5.898569871560771105e+01
4.677814351732177300e+00	1.951942336680600221e+01	4.183739694152670968e-02	-5.945294413074694262e+01
4.684093699744638073e+00	1.967434006702285387e+01	5.320818324382765863e-02	-6.015427868343926576e+01
4.690368661472568590e+00	1.972947081030061867e+01	3.803430484384368038e-02	-6.050674526257869701e+01
4.696663270746453733e+00	1.977454028685491849e+01	6.767855942860191709e-02	-6.085028530023594584e+01
4.702945459248681459e+00	1.985875356418264914e+01	8.794185342713747855e-02	-6.134539931218226627e+01
4.709209170841929470e+00	1.996617794617442598e+01	1.030440798658832646e-01	-6.181840947320065283e+01
4.715491634753063543e+00	1.997273105429309226e+01	1.061468115947164642e-01	-6.200788917361452945e+01
4.721784316284933780e+00	2.000196411166355048e+01	4.437447617991875648e-02	-6.218345013974477808e+01
4.728063062331094635e+00	2.019041038560975565e+01	-4.758587796736827441e-02	-6.278839440223337220e+01
4.734337423381671073e+00	2.024947066751909830e+01	1.211171221573940221e-02	-6.321744924953758016e+01
4.740627024094544062e+00	2.033391859134816215e+01	2.742538974966198320e-02	-6.372482174404227351e+01
4.746914995664547554e+00	2.030777263831624424e+01	6.655237018809816163e-02	-6.386125112115866642e+01
4.753194740071086777e+00	2.052012276343318931e+01	5.383281171007373370e-03	-6.454901357087203451e+01
4.759478891864783456e+00	2.055245576968648535e+01	3.375257341533056954e-02	-6.486308493226998451e+01
4.765762396877359031e+00	2.062526129606567693e+01	8.740464869101660650e-02	-6.538499121935974756e+01
4.772049481246195768e+00	2.082285829627997842e+01	3.414465248521177110e-02	-6.601976808311819411e+01
4.778335091022592351e+00	2.093380510887012136e+01	7.255821857969126272e-03	-6.649192919620962527e+01
4.784610831402393849e+00	2.082915924471481972e+01	3.539389015246097343e-03	-6.635886483876919328e+01
4.790907306208476157e+00	2.098363522999678565e+01	-2.173239414279502617e-03	-6.694851791418946618e+01
4.797204047706418173e+00	2.117025015119211417e+01	8.481775671747850132e-02	-6.777113713147227259e+01
4.803470827697504220e+00	2.128923700436439859e+01	1.934895609237967384e-02	-6.824859132870622602e+01
4.809748850577324042e+00	2.131207873025065780e+01	1.144251038379337330e-02	-6.845061420421170340e+01
4.816045316586602176e+00	2.152071864904912957e+01	4.689893252525357409e-02	-6.929815947779468388e+01
4.822329240673497885e+00	2.156680969947106163e+01	1.439676717851875488e-02	-6.954744186332706590e+01
4.828596758226470165e+00	2.171153291476086267e+01	2.194735969513223264e-02	-7.015301956550922569e+01
4.834890332961369275e+00	2.175132307146631305e+01	1.601412741296134867e-02	-7.041267522094584308e+01
4.841191655056394261e+00	2.186918006441325346e+01	2.769737891944118111e-02	-7.097242126849697286e+01
4.847460407468000554e+00	2.204576890656006682e+01	2.368609341122430642e-02	-7.164855097748582580e+01
4.853732128521334843e+00	2.210312404562336752e+01	6.436744493133350620e-02	-7.197933029378884839e+01
4.860029138783373170e+00	2.227644730386639793e+01	1.691631069458216299e-02	-7.265956463794086062e+01
4.866314601732018019e+00	2.234661885613504495e+01	6.762797493573236007e-02	-7.304372620615176004e+01
4.872587026269203925e+00	2.242564722509472830e+01	1.055709034297395155e-01	-7.343349218954756452e+01
4.878874221748241702e+00	2.251347682957270990e+01	-1.907124708864344018e-03	-7.377187888663124227e+01
4.885171078138658807e+00	2.266410809734802712e+01	6.638694770131799150e-02	-7.446408178001195211e+01
4.891450629931857641e+00	2.275519656305851868e+01	-4.112094461958103880e-02	-7.471740506020897499e+01
4.897716482750221978e+00	2.292686659541000793e+01	-1.750181251662979998e-02	-7.542201360236693120e+01
4.904002834596266069e+00	2.311085421998066636e+01	2.485627003605922480e-02	-7.624174217266219955e+01
4.910295858205786068e+00	2.316611643369563822e+01	-1.964862971738942296e-02	-7.646905450048757302e+01
4.916575188115905881e+00	2.327779785137128954e+01	6.561299884663240878e-02	-7.702768949458750569e+01
4.922847946197084212e+00	2.340472224488842556e+01	4.314265623381752929e-02	-7.755157865295285546e+01
4.929131667457151700e+00	2.349413877410541929e+01	-4.492523428110716671e-02	-7.785721940783493267e+01
4.935434460144239033e+00	2.373547075802051154e+01	2.900501011777936039e-02	-7.883020694685077956e+01
4.941718513303545279e+00	2.396679497323206931e+01	8.068358582009130253e-02	-7.975416421163599523e+01
4.947978624761803168e+00	2.388907145744955329e+01	3.805042081970597123e-02	-7.961736983704081183e+01
4.954274999209829389e+00	2.417368200168358428e+01	-3.331163220194492680e-03	-8.057011370306483400e+01
4.960571094729937514e+00	2.426698270741957231e+01	4.733864645577525593e-02	-8.105809021059744168e+01
4.966823207626954506e+00	2.453874929083541545e+01	2.379208354359978531e-02	-8.206008097621797504e+01
4.973097418390337587e+00	2.459596815173801332e+01	5.026380445623319232e-02	-8.236884099505068946e+01
4.979415129936382023e+00	2.465779666414044513e+01	7.503631685442263555e-02	-8.270797582263760717e+01
4.985702082330368157e+00	2.496955621526938529e+01	1.167227531325678268e-02	-8.374463398244644452e+01
4.991949985828016523e+00	2.508754724180283091e+01	5.698585631297888032e-02	-8.429537485308217981e+01
4.998241586316924057e+00	2.528992148193551159e+01	3.016092153687189442e-02	-8.507390559921245199e+01
5.004556635606089543e+00	2.535530794160438006e+01	5.903869988282320347e-02	-8.539450479108049308e+01
5.010828655701208945e+00	2.567161138869633064e+01	5.304923533145087383e-02	-8.656975741489252130e+01
5.017077229702536556e+00	2.577460386708073514e+01	-5.010328277830297661e-02	-8.684889781849788903e+01
5.023374414758113637e+00	2.583012552485960711e+01	-1.354274898064968848e-02	-8.718094300276530362e+01
5.029688873569548413e+00	2.627412423515522732e+01	4.807366946005976749e-02	-8.886288813285493404e+01
5.035958413584124216e+00	2.644269069296682417e+01	-1.827020443439876865e-02	-8.941464927955878750e+01
5.042232667658486989e+00	2.648409538128609952e+01	3.074423184320242489e-02	-8.971316697532927265e+01
5.048528755870775875e+00	2.671203037329604157e+01	5.588466047190015183e-03	-9.057417717408790736e+01
5.054821121427484520e+00	2.695266477833476060e+01	5.515580351073931520e-02	-9.148678277721541008e+01
5.061069509814582368e+00	2.691595283502360658e+01	-6.174494890550225740e-02	-9.134170712762323774e+01
5.067347812754101177e+00	2.708137577552390951e+01	-3.330061449313302668e-02	-9.202247462980969317e+01
5.073675050630431116e+00	2.733335660545840540e+01	5.266530316723951055e-02	-9.306498376000747896e+01
5.079945928388977627e+00	2.765182380772671777e+01	7.536782798903687852e-02	-9.424070139464538443e+01
5.086192992546071601e+00	2.782636070331913203e+01	-1.726281086436613071e-02	-9.476763092887912876e+01
5.092484128970163226e+00	2.823388616096749004e+01	-5.548379809826479514e-04	-9.633954967505606248e+01
5.098802924706086870e+00	2.825406020911434268e+01	1.803396201028230686e-02	-9.646998175982039925e+01
5.105078217426394005e+00	2.846769978091935016e+01	-4.399193333780912485e-02	-9.718776878666578511e+01
5.111325076574067872e+00	2.868435294242795663e+01	-4.453735476747816904e-03	-9.804897657553044610e+01
5.117628358851224135e+00	2.905966489595714108e+01	2.383362558715138024e-02	-9.947295178314929842e+01
5.123935939383525984e+00	2.901063008250133279e+01	-3.273451743893753679e-02	-9.929735805752297040e+01
5.130199176325612065e+00	2.932645301504641822e+01	1.142230423850363122e-02	-1.004804049564733361e+02
5.136469985878846956e+00	2.961419431100591027e+01	-1.229482158639899798e-02	-1.015431506462876428e+02
5.142797788696348071e+00	2.982702049415811985e+01	1.088355101230976257e-01	-1.024733139167400253e+02
5.149090378043822192e+00	3.032066879095651757e+01	-4.013048425190218760e-02	-1.040586746496922927e+02
5.155289879840074363e+00	3.027843929660209099e+01	-4.660676053391862167e-02	-1.039617290407361736e+02
5.161564521234301317e+00	3.072711687454429708e+01	-1.015890656225486126e-02	-1.056543261464495203e+02
5.167916673496016244e+00	3.109095517347953930e+01	1.548043730557330244e-02	-1.069789795361275679e+02
5.174205974602950064e+00	3.086274172258047699e+01	-1.227772646891991601e-02	-1.062100657559441430e+02
5.180434820793812456e+00	3.142652316623979658e+01	-3.822061157920420959e-03	-1.082316827865062976e+02
5.186729096569634656e+00	3.164604985621447142e+01	-6.530281895921950797e-02	-1.089942406390837846e+02
5.193058481037780894e+00	3.194219394588746397e+01	-1.089162793381756450e-01	-1.100450427921309426e+02
5.199319511444338460e+00	3.211578865368905866e+01	-1.023699768018939034e-02	-1.107782089292459347e+02
5.205574295584361799e+00	3.218585587894366284e+01	-3.545861622203245328e-02	-1.110673815300369256e+02
5.211894977074066126e+00	3.281567805853120490e+01	-1.637276390810044058e-02	-1.133604948797899681e+02
5.218201708336958511e+00	3.287506454201614048e+01	3.675940990504254074e-02	-1.136424675618261091e+02
5.224411911780083351e+00	3.322831833959332215e+01	-2.546743386336841174e-04	-1.148787544087878700e+02
5.230677632666463239e+00	3.343245327256283872e+01	3.057546998826342691e-02	-1.156909915359919410e+02
5.237056729559757429e+00	3.393358886759671122e+01	3.360091041579367499e-02	-1.174952123924073817e+02
5.243336785035660697e+00	3.439403115606179284e+01	6.426334436773947778e-02	-1.191513509590373729e+02
5.249493476178225038e+00	3.444544573160222711e+01	1.818139591825684159e-02	-1.193118620973927335e+02
5.255787017738318134e+00	3.482672570075850871e+01	1.380569340690944447e-02	-1.207432991650552907e+02
5.262205327426889845e+00	3.515372200818389814e+01	-5.781467817906542350e-02	-1.218140033676113063e+02
5.268477758348532269e+00	3.530292323860702197e+01	2.755786006776086722e-03	-1.224483270212942045e+02
5.274632213654732560e+00	3.551966312515730095e+01	3.712601373248085312e-02	-1.232791905705876587e+02
5.280950543314659740e+00	3.612746630858201513e+01	4.089867889242197047e-02	-1.254818156048090003e+02
5.287327645024750389e+00	3.644321641389735333e+01	3.300995600609742120e-02	-1.266018615415485158e+02
5.293582359180156516e+00	3.710478960532577020e+01	-4.445415189736887096e-02	-1.288405525322064022e+02
5.299789992649893478e+00	3.732006492806989684e+01	8.386999533805437890e-02	-1.297989614712310242e+02
5.306111460381987222e+00	3.765193951194254396e+01	-5.140786101504134231e-02	-1.308545500666141947e+02
5.312452717892129250e+00	3.778510488982642812e+01	1.689982417986437419e-02	-1.314203468671500445e+02
5.318650122853046724e+00	3.795925849560703824e+01	2.126253290364077744e-02	-1.320523208241415318e+02
5.324923043129819789e+00	3.924079434344654516e+01	-8.669434781159390813e-03	-1.365788207928019347e+02
5.331330237158205421e+00	3.929239394855076739e+01	-3.633507783937382080e-02	-1.367465163011491143e+02
5.337586726886338617e+00	3.936138964892202097e+01	-6.497988436991433171e-03	-1.370428522176229080e+02
5.343685192440848830e+00	3.967016968134613109e+01	9.389450711345549011e-03	-1.381503287983439350e+02
5.350070659715249199e+00	4.059095407265726152e+01	1.927538943203943589e-02	-1.414747143957335140e+02
5.356556762554878226e+00	4.012933617818861620e+01	-1.978749414196372819e-02	-1.398441094517791612e+02
5.362691868684501095e+00	4.160193987073485289e+01	1.057630675288253747e-01	-1.451199480824208194e+02
5.368769208912516966e+00	4.164686646213995402e+01	-3.073169257609375399e-03	-1.451869882391670217e+02
5.375270137997677722e+00	4.257936713891495373e+01	-9.328281010909036594e-03	-1.485173167678252923e+02
5.381769983045385786e+00	4.252353593471436000e+01	-5.210659385477249377e-03	-1.483618997138357827e+02
5.387701030372958222e+00	4.330380661333393277e+01	1.420370432168897509e-02	-1.510872820614486329e+02
5.393786668001271600e+00	4.359686675952072221e+01	-1.295744961847539178e-02	-1.521388436294296298e+02
5.400446161099396569e+00	4.423216209784780517e+01	-2.457938244436096500e-02	-1.544066420173463996e+02
5.406957063684501463e+00	4.409561736424220868e+01	-4.432442011511700253e-02	-1.539262704776381270e+02
5.412655672453426270e+00	4.592403981173138305e+01	-9.160031188896856176e-04	-1.603199588305913039e+02
5.418821279260546575e+00	4.578725009195812135e+01	-1.166618549943881228e-01	-1.598097745024188896e+02
5.425690594366304076e+00	4.630306614636934626e+01	4.873323837157942512e-02	-1.618279246710308712e+02
5.432217487502165376e+00	4.688365339489858030e+01	3.991134359811799454e-02	-1.638642671336004071e+02
5.437649811577258241e+00	4.688053194796403034e+01	-1.702682649845049107e-02	-1.637582732790287707e+02
5.443914404015878006e+00	4.671768010801558546e+01	-7.491915256811655655e-02	-1.632012073512846371e+02
5.450953501686320202e+00	4.703324351040684093e+01	-2.912243881905422077e-02	-1.643935985348721829e+02
5.457483690405861232e+00	5.093472905336771817e+01	2.429530514469064803e-02	-1.781119030322979597e+02
5.462715250135157241e+00	4.908751354723688820e+01	1.690079441010139752e-02	-1.716062266986069744e+02
5.469033575551323523e+00	4.989572219250837293e+01	-1.889414787494857542e-02	-1.744617328878408671e+02
5.476177730420278778e+00	5.204041233952230527e+01	6.514351369660125249e-03	-1.820105362060760115e+02
5.482708935702562236e+00	5.001382902110142936e+01	6.229315988585662489e-02	-1.750132133890628268e+02
5.487722405008360838e+00	5.193413087002912931e+01	-1.347878003287718007e-01	-1.814974927656324724e+02
5.494194284996126498e+00	5.278670089428057111e+01	3.327705594175343895e-02	-1.846929586327491677e+02
5.501391471009256406e+00	5.287568079464877968e+01	6.420490382326071721e-02	-1.850562293506449691e+02
5.507128202673079009e+00	5.428607294739954625e+01	6.182715594158707390e-02	-1.900073539972589742e+02
5.512278020050448646e+00	5.432114385749017771e+01	9.681848667887894833e-02	-1.901642977103886096e+02
5.519395563377015534e+00	5.389499541527577264e+01	6.593813411219485998e-02	-1.886546975456276130e+02
5.526598678609708770e+00	5.518354913041979160e+01	2.248270317588198577e-02	-1.931332679091414093e+02
5.532162682462509196e+00	5.560553830371119943e+01	1.031487816475968287e-02	-1.946026560513344918e+02
5.537397124017139127e+00	5.666468223328491405e+01	-5.032536241108637176e-02	-1.982534988335499975e+02
5.544582756485218589e+00	6.139950400292972432e+01	-8.321713765888828773e-02	-2.148004414805280362e+02
5.551739327507637434e+00	5.575960883730134299e+01	-6.904639717140649557e-02	-1.950807123502333411e+02
5.557493306674907707e+00	5.686744666462364961e+01	1.814822966832358754e-04	-1.990327432635550338e+02
5.562281709102816940e+00	6.757768233913536449e+01	1.511215138835112770e-01	-2.366694332911628464e+02
5.569272720323164449e+00	7.645586801496608587e+01	7.712330633684107151e-02	-2.676723827772017898e+02
