8.899641224696953554e-03	4.403577118042582151e+04	5.165210692451532668e+04	6.495084250889096438e+03
1.507912216506557788e-02	3.097738801904079082e+04	1.277175199100495593e+04	2.125000495717585727e+04
2.144790186456836667e-02	2.309144157620878104e+04	1.217062785359490408e+04	-9.683981285366735392e+03
2.783660776489276650e-02	1.754254593901655244e+04	2.324120290355917678e+04	9.671633938564225900e+03
3.435099785803411021e-02	1.080232387167684283e+04	8.977856215345762394e+03	-1.190017165150541700e+02
4.047886761425745911e-02	7.887697430418908880e+03	7.582844387197394099e+03	-1.794951388186745362e+03
4.676716683575679601e-02	6.763597603812509078e+03	6.419847767862504952e+03	-1.267715655354169485e+03
5.308225101765951665e-02	5.598058727957092742e+03	4.232035733485658966e+03	-9.475236557290830888e+02
5.945362440940590160e-02	5.497075345897291299e+03	5.539418228693979472e+03	7.652648538503923703e+01
6.576224814588792211e-02	5.039205298908929763e+03	5.143586819690740413e+03	6.716815638442598129e+02
7.196632906698736953e-02	4.421119576425406194e+03	4.127951558235685297e+03	7.044523214949887233e+02
7.827860915688347743e-02	3.216868879981731425e+03	2.542783971777637817e+03	-8.005882007254915607e+02
8.470398945834539672e-02	2.740517611250707887e+03	2.906802805634997640e+03	9.558107243244445499e+02
9.096854620527369817e-02	2.129799712350727077e+03	2.082581619592877360e+03	5.279585659138120945e+02
9.720789776830213169e-02	1.917975445560186017e+03	1.776313326116922781e+03	4.310039626879996604e+02
1.034763038959366499e-01	1.820775748079217919e+03	1.927732360620207601e+03	4.111811574953134709e+02
1.097576444254559219e-01	1.717283293038814236e+03	1.537198556936278010e+03	-1.994804551651777302e+01
1.160543084780093354e-01	1.608663681727403628e+03	1.661584915527071644e+03	2.780047625995193243e+02
1.223669666537485351e-01	1.521375156125756803e+03	1.405129598535049809e+03	5.258844213701240022e+01
1.286817263090294094e-01	1.392101452716776521e+03	1.304838194159817249e+03	1.617972449822411818e+02
1.349500801664080818e-01	1.195716683342845272e+03	1.150336216163527752e+03	2.276276114026939013e+02
1.411949558842147678e-01	1.060536419656509906e+03	9.889019027152389754e+02	-3.112727747446874194e+00
1.475133575747468451e-01	9.563962329188973399e+02	1.065922236181300150e+03	3.739814690162959323e+02
1.537865074252268427e-01	8.754880324763064436e+02	8.944486953351242846e+02	5.801047319434869110e+01
1.600657544051110326e-01	8.312328739335951013e+02	8.715981341260758199e+02	1.930539024316909433e+02
1.663991168687080635e-01	7.635816496977483894e+02	7.452057620397608844e+02	1.512467635424142429e+02
1.727195645776442856e-01	7.291435643944565754e+02	7.168654948773654496e+02	9.500393842112278264e+01
1.789765213377084718e-01	7.096549813905987776e+02	7.580496026363542796e+02	1.973055704163712960e+02
1.852353690647852158e-01	6.330651304200365530e+02	6.402659915793179835e+02	7.643964418484276280e+01
1.914806787341157279e-01	5.902273966536771468e+02	5.552693187565397466e+02	9.612169599827963395e+01
1.977889868651535599e-01	5.558999100544540397e+02	6.011389993609260500e+02	1.167842052218509110e+02
2.040937735447724277e-01	5.219914715584351370e+02	5.401526295757901153e+02	8.423721605020516279e+01
2.103939302609846018e-01	4.812116336565117081e+02	5.027101375281864648e+02	1.091303894239875660e+02
2.166909709822301688e-01	4.565059457514594214e+02	4.858096124116473220e+02	1.007775717899445738e+02
2.229700281216152047e-01	4.234838703058577494e+02	4.219767199708452381e+02	6.876754870774254869e+01
2.292620027086341994e-01	4.180233342349698091e+02	4.215816407898381613e+02	3.535422171395352819e+01
2.355141508366812297e-01	3.964751359683709211e+02	4.070860908220251417e+02	1.149739595512274093e+02
2.417910583817859116e-01	3.757888057261002928e+02	3.994866721141560220e+02	6.529532809156732753e+01
2.480856539439619257e-01	3.487322900263613406e+02	3.512633724717194355e+02	5.933956696104868200e+01
2.543492256872954549e-01	3.279775288945626244e+02	3.308260211735315011e+02	7.631353860047781268e+01
2.606334251884805386e-01	3.206865296548656374e+02	3.447706556674411331e+02	7.298160703427515728e+01
2.669257370896960802e-01	3.040932737513881534e+02	3.226577575015055004e+02	6.305394284614472866e+01
2.732423343141155980e-01	2.860618852224205853e+02	2.949483113292171197e+02	6.808506779800678999e+01
2.795529680084415936e-01	2.693883330974552450e+02	2.816725619319976772e+02	6.887595922696408479e+01
2.858366292314493129e-01	2.598236956207335311e+02	2.782298271528168812e+02	7.941283225757118203e+01
2.920876271394311496e-01	2.500690700916158562e+02	2.615042687177523817e+02	6.872034331196708479e+01
2.983449844439822751e-01	2.445343443862411732e+02	2.608535627617009709e+02	5.791119989768024112e+01
3.046382639407197446e-01	2.310137591148278773e+02	2.555772018880342955e+02	6.497409245899422103e+01
3.109279127003197196e-01	2.231416567425093547e+02	2.467271171072626430e+02	8.427910105750011382e+01
3.172168171618398036e-01	2.114670043556670578e+02	2.244436772759776488e+02	5.715127544396508341e+01
3.235187567944423082e-01	2.032788988595917772e+02	2.178514075851698237e+02	4.945650899412552093e+01
3.298168217550395687e-01	1.967742440040741769e+02	2.181470779839770273e+02	7.163914687760710365e+01
3.361176429457156667e-01	1.858509320785495902e+02	1.977181672930690866e+02	5.230729133396791042e+01
3.423700375709273769e-01	1.780037400121931057e+02	1.937378191764308610e+02	5.591064518068317568e+01
3.486478192666269682e-01	1.720510235656414579e+02	1.833525112981126313e+02	5.148956463041086806e+01
3.549411614411318028e-01	1.668079141009459079e+02	1.791457716677800818e+02	4.541773430636552433e+01
3.611916935421040642e-01	1.619322608353968178e+02	1.709380836040461702e+02	4.815768991963281564e+01
3.674767089563572564e-01	1.545553555052573245e+02	1.657612883949482523e+02	4.922089629051742321e+01
3.737647795277591056e-01	1.486407655588647003e+02	1.561225076979244193e+02	4.684613491858254264e+01
3.800654031475132477e-01	1.442157423949046802e+02	1.521328586656494508e+02	3.794088415606058362e+01
3.863539861259823738e-01	1.374408888295339182e+02	1.472473043833140878e+02	4.271441656414050669e+01
3.926140181364449755e-01	1.332521930713794234e+02	1.434340277174573259e+02	4.738528121634879398e+01
3.989264500321934581e-01	1.270831992072713206e+02	1.362964993445513926e+02	3.916810550662711421e+01
4.052073244576828714e-01	1.251369377858249123e+02	1.338124645158264627e+02	4.130732809871272337e+01
4.114916477570477182e-01	1.220543601610282138e+02	1.299439416957277160e+02	3.431385904263085962e+01
4.177814272116491257e-01	1.167809547737579408e+02	1.230968283465046511e+02	4.035727128941570641e+01
4.240400648725131116e-01	1.135641282118683222e+02	1.255029127494773178e+02	4.203649595465874000e+01
4.303425690270192283e-01	1.092879956563534449e+02	1.157077463591355411e+02	3.597843038671063454e+01
4.366358560255625965e-01	1.064019195461479086e+02	1.151529610214179939e+02	3.570503227595688855e+01
4.428996183220763605e-01	1.036784421561322347e+02	1.125021508546421529e+02	3.874943195754196523e+01
4.491634418529859563e-01	1.000769384499333654e+02	1.078956478193063759e+02	3.366599186059490734e+01
4.554414146254732731e-01	9.626068052461289426e+01	1.010725803171089723e+02	3.442743088018507791e+01
4.617634470301058558e-01	9.361989438718923395e+01	9.980767725523631384e+01	3.564592287690031469e+01
4.680644242023710433e-01	9.101797321188499268e+01	9.552223407909363573e+01	3.551134450568237355e+01
4.743485242764365895e-01	8.795797879102410377e+01	9.225084324026569504e+01	3.237191659943162136e+01
4.806356136815400082e-01	8.540478299577594612e+01	8.957639366242595713e+01	3.262659257796576640e+01
4.869019258388697646e-01	8.366538672727700998e+01	8.918918600938678765e+01	3.376342629122527939e+01
4.931697099599955947e-01	8.249029717502730819e+01	8.986698977568218538e+01	2.967453455809658536e+01
4.994506747144535908e-01	7.894322606702479561e+01	8.394759634670950277e+01	3.164012234333693385e+01
5.057159051335421429e-01	7.696169665580872277e+01	8.140657004845827771e+01	2.717263362073652289e+01
5.119923996268095356e-01	7.487461638866456326e+01	7.896702301225978715e+01	2.903186505222126712e+01
5.183126097768406826e-01	7.281739645085733059e+01	7.580896660990218550e+01	2.646628515836799167e+01
5.246089638029100000e-01	7.073810927930642833e+01	7.576645430977059448e+01	2.874998872664541949e+01
5.308757308483337267e-01	6.825182534279444724e+01	7.186615136179912611e+01	2.553007402015734328e+01
5.371573527946726934e-01	6.752857543424778441e+01	7.087011754656525397e+01	2.436266323159480507e+01
5.434579563783791256e-01	6.459225536116892386e+01	6.596064798828277276e+01	2.602552185105106375e+01
5.497430652392217842e-01	6.291660754905922204e+01	6.443119956671596071e+01	2.571382084451835226e+01
5.559937427501778773e-01	6.225562845892455499e+01	6.562994442291967800e+01	2.606134100163897571e+01
5.622854676609657654e-01	5.970975693716501809e+01	6.172318455516088420e+01	2.392618640330420376e+01
5.686011537227265711e-01	5.887291121103800862e+01	6.235341585650456153e+01	2.484184612289886829e+01
5.748804589422079614e-01	5.649014648653600545e+01	5.701668985157861158e+01	2.122499001153041220e+01
5.811550210340560296e-01	5.608888736765953098e+01	5.915592227516771828e+01	2.421102336487533790e+01
5.874394496660968468e-01	5.482795888765060255e+01	5.563408928925018415e+01	2.293717192875480393e+01
5.937176220296899176e-01	5.294986657724506074e+01	5.357856760400411389e+01	2.193477043656258729e+01
5.999971954793682505e-01	5.217737115017700944e+01	5.360540626643606288e+01	2.218313875700422955e+01
6.062679115124277596e-01	5.036643968430134777e+01	5.122722984847914063e+01	2.034420682212344644e+01
6.125469576444534381e-01	4.942143074313054996e+01	4.946515590253360983e+01	1.973049875592906943e+01
6.188477733041515272e-01	4.824180612489485043e+01	4.983626270317958529e+01	2.176459550736528215e+01
6.251310567437898813e-01	4.700902023625327786e+01	4.781888512116075418e+01	1.930355925638521342e+01
6.314027450383210560e-01	4.575654192487411365e+01	4.607825129384916352e+01	2.016440430782907711e+01
6.377003562732055375e-01	4.502810459816587496e+01	4.560304419509760265e+01	1.791591853690425395e+01
6.439857783314556494e-01	4.374087666207229574e+01	4.391071975569757768e+01	1.828212364804825896e+01
6.502685417166111925e-01	4.260989650748300051e+01	4.241790203865181752e+01	1.874782698140711901e+01
6.565586117699038216e-01	4.182444175364913264e+01	4.138863079371294873e+01	1.803307242018768264e+01
6.628369282359254377e-01	4.056146898535764933e+01	3.976157557782141083e+01	1.612627213370145896e+01
6.691185444962194362e-01	3.993937184615722202e+01	3.922913476452144721e+01	1.652788846504228104e+01
6.754070198575605755e-01	3.949451409945123004e+01	3.967939689401696768e+01	1.769678769934423102e+01
6.816835514593204692e-01	3.850414158906808382e+01	3.775023745452704560e+01	1.652624820356789570e+01
6.879592533861698112e-01	3.759954084064008839e+01	3.729078347213148703e+01	1.647086319507615571e+01
6.942344317039531587e-01	3.710355151574428589e+01	3.670119290539760470e+01	1.646581600056678596e+01
7.005175402434737908e-01	3.593147294944355252e+01	3.520414038748904062e+01	1.577988253823382081e+01
7.068124956608716758e-01	3.507732692604348301e+01	3.464203799234667969e+01	1.566288181179125516e+01
7.131019009674921527e-01	3.461412476249373782e+01	3.461396972024749630e+01	1.574083911201392638e+01
7.193918251171427247e-01	3.388265910839160711e+01	3.385972032289640055e+01	1.647272700832715842e+01
7.256833807598113140e-01	3.290975895667099138e+01	3.248734102467543039e+01	1.627559158856283261e+01
7.319652682709349989e-01	3.207993466774581748e+01	3.100276386489803215e+01	1.424503994982183208e+01
7.382507990484923344e-01	3.178493760033180848e+01	3.103598945430254119e+01	1.455403799264036735e+01
7.445265842115937893e-01	3.096806050613953687e+01	2.963428195947653876e+01	1.370042546605300338e+01
7.507871101942712455e-01	3.038718752983791305e+01	2.918640903325152891e+01	1.506985614184183042e+01
7.570758465316046459e-01	2.979814469813802091e+01	2.859229507818679750e+01	1.385492506538902546e+01
7.633641233600957365e-01	2.924350549146397071e+01	2.711841323836037887e+01	1.288566384889686844e+01
7.696462959862266917e-01	2.856470966995065552e+01	2.693635919764616915e+01	1.373063355464141111e+01
7.759394865175414102e-01	2.806552170918145350e+01	2.678889080595085659e+01	1.346585610934643995e+01
7.822329141989586843e-01	2.746966526583095103e+01	2.624011313093501485e+01	1.303467372127551194e+01
7.885314936520240181e-01	2.689428069406367072e+01	2.527782230668430685e+01	1.294511659234786549e+01
7.947896566979522071e-01	2.635302830700499754e+01	2.491695028140500057e+01	1.262738181885849542e+01
8.010491096592354809e-01	2.595598838778103357e+01	2.432738242209113722e+01	1.232632108398314408e+01
8.073364061727361651e-01	2.550029236194040649e+01	2.387256991357080338e+01	1.232125179796381254e+01
8.136229488373866170e-01	2.515583662973957502e+01	2.336213547777480315e+01	1.245035310049666855e+01
8.199152998961036776e-01	2.459501495894050294e+01	2.313538946504134941e+01	1.211766212924213804e+01
8.261952636392789762e-01	2.395931837716490875e+01	2.243277137726520110e+01	1.154899857582279665e+01
8.324897070080405914e-01	2.361631621129945557e+01	2.189324815228957988e+01	1.200567067760192330e+01
8.387959309210778480e-01	2.315585055731607511e+01	2.149718804699331542e+01	1.138091117006800346e+01
8.450634639703045181e-01	2.298950791285495399e+01	2.127707951607536785e+01	1.169967775342757399e+01
8.513282867562648182e-01	2.233527078472978999e+01	2.022902822434219772e+01	1.082133982879205547e+01
8.576198263902009566e-01	2.198180671611671144e+01	2.017250708660495206e+01	1.094820287469477371e+01
8.639058477062415697e-01	2.164762898919661538e+01	1.991695230467539801e+01	1.061358558710919553e+01
8.701838745487597837e-01	2.106045368635318482e+01	1.892750304696013686e+01	1.047049030232880895e+01
8.764641096075268534e-01	2.076047371086711379e+01	1.863643919893396728e+01	1.063631250244809223e+01
8.827503873399735745e-01	2.044579952636669873e+01	1.818447278222370045e+01	1.006460958886277623e+01
8.890332768393869323e-01	2.008650546595264785e+01	1.822432211022346493e+01	1.023772679055433521e+01
8.953084247113127780e-01	1.971143333465886371e+01	1.736431627540573075e+01	9.766340851116526167e+00
9.015956521667095602e-01	1.943060888896875937e+01	1.745515671697996041e+01	1.013948850094144838e+01
9.078833328094829680e-01	1.916381096314076515e+01	1.713559599102541142e+01	1.017153214923686733e+01
9.141744106319863450e-01	1.869166378137935070e+01	1.648842605188752941e+01	9.607456621765837923e+00
9.204630817717615043e-01	1.839105525424111320e+01	1.621073699332372797e+01	9.498018284856684090e+00
9.267434415264711456e-01	1.817745220817279517e+01	1.624590717669894246e+01	9.949263212703755244e+00
9.330324197354928906e-01	1.782611135265664970e+01	1.603251967075123474e+01	9.596881244984613701e+00
9.393265785573878812e-01	1.749908536938973924e+01	1.537967027975455458e+01	9.312732446682108645e+00
9.455974810398196650e-01	1.727278411138828673e+01	1.528533176151949569e+01	9.236935610825735665e+00
9.518660018545171964e-01	1.699170797346820549e+01	1.498599088344024999e+01	9.124352674218025427e+00
9.581413255531838757e-01	1.672174294107958303e+01	1.470086324206056183e+01	9.027922283092308930e+00
9.644350945109106954e-01	1.643956948391099715e+01	1.434198569319986483e+01	8.911779752060137838e+00
9.707355633568249820e-01	1.614780590783396974e+01	1.407680303370828412e+01	8.888758132803507905e+00
9.770080768450029041e-01	1.593183903591230255e+01	1.367276907905174532e+01	8.575708111821972679e+00
9.832823325363413414e-01	1.562862700935819937e+01	1.361082431358547318e+01	8.520121958637083992e+00
9.895569691966674686e-01	1.536635363606230165e+01	1.308297213242343204e+01	8.242402085475358575e+00
9.958456301921106979e-01	1.518594893287609793e+01	1.298619684796068618e+01	8.149966796810712566e+00
1.002136210743837408e+00	1.493385276351309265e+01	1.278385477912220303e+01	8.055570927679379878e+00
1.008404825335135424e+00	1.473909161177014759e+01	1.250357128760357028e+01	8.364331099082320975e+00
1.014694149836243398e+00	1.447235755431834470e+01	1.228390181145432791e+01	8.050494052826051572e+00
1.020992555437297167e+00	1.416070175049763868e+01	1.182623568896730681e+01	7.597023580975406531e+00
1.027273980437394485e+00	1.403226456691323243e+01	1.192977989074307743e+01	7.921425985187900309e+00
1.033559181896017254e+00	1.377757111074287977e+01	1.152152199790178955e+01	7.641522205375514076e+00
1.039847557392594934e+00	1.363872059619250798e+01	1.153840454321789544e+01	7.695963872183646082e+00
1.046126974943305088e+00	1.343214006438286923e+01	1.134106043589279267e+01	7.958426954153393851e+00
1.052403436811028659e+00	1.314328495634284089e+01	1.089532631109013749e+01	7.399284098462567627e+00
1.058680704651608684e+00	1.299552248969132506e+01	1.078452646299920836e+01	7.534024579443677538e+00
1.064964333065789193e+00	1.281622775133130077e+01	1.072238663752350440e+01	7.450338397643575306e+00
1.071256777440835473e+00	1.264698773422038514e+01	1.050663678138005963e+01	7.288760446676019633e+00
1.077544048801078125e+00	1.236966323233380827e+01	1.020337239182478584e+01	7.215964762805163524e+00
1.083824820188043603e+00	1.226451290817888840e+01	1.024058549926647999e+01	7.235986572843826181e+00
1.090108023942816695e+00	1.214551115445454244e+01	9.979751631135219014e+00	7.117261215608767344e+00
1.096389665956643222e+00	1.188497299106729876e+01	9.723876240487172140e+00	7.166963643205838785e+00
1.102681132058841440e+00	1.177251710108137495e+01	9.759018378702126739e+00	7.071707960818405247e+00
1.108963047594879958e+00	1.163289409032778288e+01	9.612384389931623474e+00	7.102887499471727928e+00
1.115225428463759272e+00	1.142962793791357434e+01	9.463494179572105480e+00	6.879135258191705127e+00
1.121502127614767863e+00	1.124761121718669976e+01	9.065826905070551334e+00	6.818051107057248927e+00
1.127792573824792033e+00	1.110723171031425949e+01	9.116902655358245511e+00	6.479915971437120170e+00
1.134089552668382961e+00	1.095342748046645198e+01	9.030474174412892907e+00	6.772985854218696034e+00
1.140364049650405942e+00	1.083593772730730009e+01	8.813686775519807171e+00	6.668667748898779557e+00
1.146639180320979445e+00	1.069672902233986456e+01	8.648986447895120833e+00	6.717286377578566281e+00
1.152942412991649901e+00	1.055131664405623582e+01	8.568133379753103185e+00	6.564808837688372201e+00
1.159228906751078814e+00	1.038068775418110867e+01	8.410149039544423388e+00	6.412857624996560091e+00
1.165508721887268173e+00	1.023413020488494318e+01	8.293047083682470344e+00	6.417436853384474560e+00
1.171793076256210320e+00	1.011858860930645321e+01	8.105336382488237845e+00	6.385106605459538009e+00
1.178087436369658958e+00	1.002887399107846988e+01	8.197634443418504446e+00	6.548396781606673933e+00
1.184367654251526902e+00	9.845958737010192863e+00	7.959570350240115388e+00	6.186065326293901379e+00
1.190634642299266632e+00	9.761633276862971442e+00	7.987701219698054800e+00	6.297983997678541890e+00
1.196912208834400859e+00	9.635526868200628314e+00	7.798840250531201335e+00	6.244507315691786076e+00
1.203201577354146234e+00	9.476223325471968550e+00	7.564031865621878126e+00	6.037295284618592106e+00
1.209486844441705733e+00	9.382186003209811886e+00	7.558624032945842508e+00	6.103768518479141036e+00
1.215763902074809888e+00	9.272548544995798281e+00	7.414308307718349589e+00	6.078526344014421490e+00
1.222049755171146668e+00	9.175369978205123900e+00	7.438259333928962214e+00	6.074587271788800535e+00
1.228340616621486969e+00	9.032614002155797905e+00	7.288985568480532251e+00	6.054327522100925840e+00
1.234632986576932767e+00	8.945710795547572758e+00	7.219870017038408250e+00	5.947584353822120917e+00
1.240902247176856488e+00	8.834326730193422961e+00	7.100993757834053177e+00	6.064895331570665071e+00
1.247174839144687519e+00	8.690917450369855857e+00	6.915256370799267138e+00	5.828786918079394752e+00
1.253465459933442272e+00	8.639269814289928462e+00	7.002611185751113965e+00	5.982364826738724162e+00
1.259749951892178421e+00	8.517311075160264977e+00	6.770242521561982585e+00	5.738290376701336015e+00
1.266032143127253873e+00	8.382536832300994334e+00	6.656183031564926189e+00	5.711622263102880126e+00
1.272316288472006507e+00	8.291695621486674384e+00	6.656597900679615876e+00	5.857400669166703544e+00
1.278604155058621350e+00	8.194375726831268025e+00	6.562098065201378283e+00	5.809508490342818021e+00
1.284886588933593865e+00	8.132200150086934087e+00	6.564730893268372114e+00	5.879093116856296319e+00
1.291175420066583257e+00	8.041665967542652282e+00	6.493884038335226094e+00	5.751164171060582753e+00
1.297465726373772332e+00	7.960124885801706185e+00	6.401185287381118805e+00	5.798449648031882120e+00
1.303741827011944299e+00	7.852700261233037438e+00	6.305745683822522096e+00	5.683488812682864655e+00
1.310017322922761851e+00	7.760022711196233658e+00	6.276883663353585163e+00	5.709260739705934284e+00
1.316301447662886703e+00	7.692014231060562146e+00	6.229106631847060704e+00	5.702304669239381951e+00
1.322586760363303249e+00	7.632460314772854915e+00	6.308858790683236073e+00	5.859529487571115247e+00
1.328865492452874664e+00	7.519863134872992738e+00	6.151581171756849820e+00	5.760615196037278452e+00
1.335144804954555564e+00	7.426321626337576198e+00	6.018913136872897418e+00	5.638970318502165568e+00
1.341440516272275119e+00	7.366776716195094110e+00	6.035484613038017976e+00	5.670369114891216533e+00
1.347730868417094552e+00	7.307474240532439325e+00	5.960213389352730040e+00	5.668540543553442390e+00
1.354001589994877630e+00	7.221380175667470702e+00	5.986200350816463178e+00	5.605814135797042574e+00
1.360282609297778444e+00	7.156526239920353305e+00	5.847806111757240188e+00	5.741260948525852115e+00
1.366565686457597906e+00	7.066942101795685716e+00	5.793195930681818595e+00	5.556058553023119018e+00
1.372851498482432708e+00	7.016565637653016552e+00	5.768315187636152253e+00	5.569608373215630515e+00
1.379135372929401804e+00	6.938465748997391991e+00	5.757993423242312225e+00	5.640948852008694558e+00
1.385409567149057164e+00	6.868443341725129159e+00	5.771695691147460394e+00	5.738039461416850173e+00
1.391698641219299315e+00	6.808346807835649273e+00	5.767509706772412592e+00	5.758181108762468803e+00
1.397984451439470810e+00	6.725107160732044953e+00	5.599242617928648080e+00	5.640851562280206899e+00
1.404267883409181961e+00	6.675470851576402964e+00	5.573118287995870723e+00	5.643322702887409115e+00
1.410554779484869181e+00	6.608187655174830866e+00	5.559741750074107536e+00	5.626947606605250840e+00
1.416837833547465397e+00	6.557274316037069894e+00	5.518921456762011957e+00	5.663372345397864827e+00
1.423118177187137068e+00	6.525986121934378659e+00	5.531529704694102989e+00	5.746926485398242690e+00
1.429397801164240089e+00	6.453652272597888206e+00	5.519826969719910714e+00	5.720054792534546628e+00
1.435686921822787232e+00	6.413245793433957509e+00	5.505704207251716831e+00	5.781022998202061558e+00
1.441977121769299597e+00	6.362669706877760234e+00	5.425073410717348388e+00	5.717895067467401837e+00
1.448253667853332427e+00	6.267816667711920253e+00	5.441962831220864771e+00	5.805057636224482565e+00
1.454532348972172651e+00	6.244794910978050950e+00	5.443481854466454273e+00	5.877659388630295467e+00
1.460819319151879903e+00	6.193033164398019430e+00	5.425088612452491077e+00	5.753131551437034474e+00
1.467110364402026468e+00	6.140851900695752263e+00	5.406562765141183391e+00	5.799122194954924758e+00
1.473392908948962132e+00	6.083715231952155023e+00	5.321196849382860528e+00	5.825956277817899931e+00
1.479669965243598950e+00	6.064760811510401695e+00	5.408246185745319679e+00	5.973889275297015189e+00
1.485956144602843532e+00	6.002551205653537281e+00	5.326310255735912769e+00	5.864264503531698480e+00
1.492233610763115115e+00	5.949688394777109757e+00	5.297914933037436214e+00	5.950600661465413665e+00
1.498502470379980078e+00	5.944071273713749548e+00	5.408964917291436691e+00	6.033646918293078087e+00
1.504785752051182701e+00	5.875003092943440031e+00	5.363527234390795151e+00	6.055738364771078963e+00
1.511075991894575976e+00	5.843569144398370163e+00	5.358262158644492956e+00	6.055144390745671679e+00
1.517361634985162189e+00	5.781979676736976437e+00	5.248082289920366073e+00	6.023668658794904651e+00
1.523648570969130533e+00	5.756269741925522432e+00	5.271914739238744652e+00	6.098575400918703870e+00
1.529938035715892264e+00	5.732422911290939282e+00	5.363816450330497254e+00	6.148306331535812852e+00
1.536230176913891965e+00	5.676156774091585255e+00	5.293709860811192769e+00	6.170126545715293176e+00
1.542510718779388279e+00	5.645535021759477523e+00	5.291549899209226027e+00	6.269389924230667432e+00
1.548783963082980275e+00	5.616888528257610425e+00	5.285086790137557777e+00	6.251690613626100124e+00
1.555073069779651318e+00	5.591293265146488167e+00	5.284846659243767952e+00	6.290584983211480186e+00
1.561357324927233892e+00	5.557539700096675972e+00	5.295253355670847206e+00	6.326925070182362276e+00
1.567629121053141006e+00	5.507687967900778858e+00	5.265583768075352111e+00	6.360486159194622680e+00
1.573913697404382583e+00	5.490330823673020610e+00	5.304850742102913408e+00	6.434796038454238420e+00
1.580203545230874029e+00	5.443455078825135018e+00	5.227511576967909690e+00	6.398968233686919582e+00
1.586485393434537983e+00	5.416830846804775668e+00	5.271604563639540331e+00	6.426432507576800290e+00
1.592760014263005841e+00	5.401451681391961301e+00	5.256481553899242876e+00	6.577088609274643005e+00
1.599046436394670812e+00	5.362864812862708774e+00	5.294571000451813170e+00	6.526919079075544694e+00
1.605342136637478934e+00	5.350547716713013990e+00	5.304605484410413574e+00	6.702261237965204010e+00
1.611619860919608627e+00	5.322220241673202956e+00	5.341290309517660262e+00	6.687885816559963281e+00
1.617897597081673799e+00	5.291565699412442925e+00	5.293801448304273904e+00	6.723576324322602105e+00
1.624183235481122756e+00	5.288434928676360336e+00	5.387254937770986629e+00	6.828314327945157025e+00
1.630464598531913722e+00	5.217508960658092221e+00	5.278665571942990020e+00	6.717764226688526463e+00
1.636748985747638274e+00	5.242020060786172664e+00	5.440831321130028542e+00	6.974127191770604917e+00
1.643030923698886259e+00	5.202143918118749433e+00	5.287601961248551419e+00	6.893677722747963088e+00
1.649309176648513064e+00	5.187177573350795434e+00	5.429679394832626294e+00	7.051132913688633153e+00
1.655593633940351861e+00	5.153865863217451881e+00	5.328767362597067958e+00	6.956327209470503092e+00
1.661879571405086464e+00	5.156374385902278590e+00	5.374209309199795115e+00	7.105267726400105843e+00
1.668169361685170271e+00	5.124428521428312067e+00	5.381035520927989424e+00	7.121443400654020373e+00
1.674450151530487485e+00	5.123167509673657527e+00	5.468020683739077015e+00	7.318515990945757999e+00
1.680722718978495900e+00	5.111297713964970235e+00	5.451644027566223905e+00	7.342812058541260178e+00
1.687013891340952476e+00	5.063119765062765509e+00	5.381181110385050204e+00	7.294931897230450879e+00
1.693308984907921033e+00	5.048038620545220567e+00	5.379208234783608766e+00	7.345391109604736180e+00
1.699582147428448486e+00	5.045567788736444292e+00	5.459746255406844107e+00	7.431456808979801210e+00
1.705863747055134105e+00	5.010432891368482800e+00	5.354950339423568018e+00	7.331318601681287461e+00
1.712154434283889470e+00	5.008787844946362533e+00	5.478984209420987739e+00	7.548914325230672517e+00
1.718438381579399321e+00	4.995138323942361680e+00	5.416889483207135036e+00	7.518122959778058778e+00
1.724721264464063930e+00	5.018764442611889365e+00	5.585141038347779308e+00	7.799115571308788297e+00
1.730997441276920679e+00	4.980319881084202649e+00	5.518822127439779734e+00	7.789800435247821397e+00
1.737287073528269499e+00	4.965598775089914874e+00	5.478336872732626261e+00	7.795243614810607014e+00
1.743567991878527401e+00	4.970242478573224432e+00	5.508229711347373936e+00	7.845206524479833909e+00
1.749840680212231048e+00	4.948443846334965812e+00	5.509379406181325045e+00	7.901789677967678394e+00
1.756128549091961144e+00	4.944643952643538398e+00	5.551274526280757016e+00	7.961425148984263345e+00
1.762413535324792502e+00	4.946545206378035076e+00	5.527844831020376937e+00	8.016666738341140075e+00
1.768696187669963837e+00	4.923270191607249657e+00	5.519452707395837265e+00	8.015946126875101996e+00
1.774979359379055266e+00	4.920689381376923244e+00	5.556396492039106683e+00	8.135120845363811526e+00
1.781265555576432957e+00	4.907113799044153346e+00	5.483174995487829939e+00	8.121283966308848079e+00
1.787549427830244619e+00	4.902791689414585541e+00	5.511271259211805607e+00	8.199591620049577756e+00
1.793834120011633004e+00	4.896193230937806007e+00	5.524106214745224896e+00	8.257078031076515501e+00
1.800115051552487300e+00	4.904737937426468797e+00	5.571354863414360814e+00	8.394278678045461461e+00
1.806393904854530330e+00	4.884171697959011738e+00	5.487359532426037134e+00	8.330107402533984740e+00
1.812674089667083432e+00	4.898907208359786658e+00	5.596608697697241119e+00	8.523395440887346908e+00
1.818956920109354058e+00	4.893509835955984322e+00	5.566873054839350132e+00	8.588782526600406086e+00
1.825244164118212220e+00	4.889833956016374827e+00	5.551312787713414743e+00	8.594693707742433020e+00
1.831527256642196955e+00	4.882384377296438593e+00	5.570902733818145158e+00	8.650179809799865893e+00
1.837811294935716599e+00	4.891820964206850419e+00	5.615818312780628929e+00	8.824582782546588788e+00
1.844100717411196744e+00	4.881877264603133426e+00	5.609334811739474347e+00	8.813734160257787664e+00
1.850384816792487230e+00	4.886068260157547805e+00	5.619262813795170786e+00	8.866537069556580164e+00
1.856666059735203822e+00	4.877150891947076516e+00	5.573484821124979227e+00	8.826494625490060031e+00
1.862947728675613979e+00	4.887501831610348013e+00	5.597876818463499937e+00	9.023151663593829142e+00
1.869229324466858078e+00	4.889663532361556264e+00	5.555940130488632889e+00	9.013038963226529532e+00
1.875517616802973686e+00	4.880692666041287708e+00	5.550742115182377034e+00	9.032362431836348904e+00
1.881800769033795229e+00	4.896828652865823805e+00	5.530827652335013944e+00	9.167611017139924101e+00
1.888078863416442710e+00	4.902494932885756107e+00	5.604251455207411858e+00	9.268907914849995322e+00
1.894353975182237582e+00	4.909850613617718018e+00	5.588823694845331147e+00	9.355863936497653910e+00
1.900642716154182565e+00	4.896130329889554211e+00	5.537729528765841458e+00	9.298185882051656748e+00
1.906933494748685121e+00	4.898180720150592471e+00	5.466212462337343148e+00	9.323456176820251073e+00
1.913207568676573933e+00	4.902852844631278906e+00	5.487900370240293313e+00	9.428764497740166561e+00
1.919490884732178992e+00	4.926709170260517467e+00	5.499472293238103937e+00	9.539282628517270268e+00
1.925776855684274480e+00	4.920455550950425305e+00	5.495852704364058816e+00	9.529412365282555086e+00
1.932064452961978152e+00	4.932246655806958202e+00	5.513750747903124250e+00	9.635569993441109204e+00
1.938342610030488800e+00	4.932764114261231292e+00	5.512821261249429838e+00	9.681204287779950235e+00
1.944618341543410178e+00	4.931773673702239513e+00	5.477209592777556146e+00	9.728603963550991551e+00
1.950906260203513876e+00	4.953369650740622632e+00	5.469600743694190470e+00	9.815012409053878173e+00
1.957194556613796488e+00	4.959485482826302416e+00	5.414558280051912753e+00	9.902432202784629212e+00
1.963479614559011432e+00	4.979284924191087036e+00	5.382102695231426814e+00	9.963878118367118120e+00
1.969760361532916226e+00	4.983650080056576392e+00	5.410799540218392600e+00	1.004478938994540371e+01
1.976048367034604736e+00	4.974346415645088726e+00	5.345080823440892637e+00	9.931361803608876215e+00
1.982337990217652335e+00	5.004602096564153335e+00	5.339830788285477858e+00	1.013526672019227171e+01
1.988617489259562721e+00	5.025490770889282643e+00	5.380964627064254380e+00	1.018979434932349015e+01
1.994896320665194178e+00	5.032055954305425516e+00	5.334615311049698327e+00	1.030505410864238947e+01
2.001179596222827151e+00	5.025869588174283642e+00	5.235633067366000759e+00	1.018005076659946262e+01
2.007459756923499761e+00	5.047139490643359316e+00	5.294230387484432754e+00	1.033167550252005285e+01
2.013737397779169935e+00	5.058185706564985118e+00	5.272392563707719582e+00	1.045107000334641967e+01
2.020017234677497164e+00	5.078933335628020629e+00	5.182566368016135350e+00	1.047643432302147737e+01
2.026310251015072783e+00	5.072484584481972369e+00	5.087478127165642405e+00	1.042397582644547427e+01
2.032600542948020284e+00	5.106183415573902096e+00	5.165448212590363575e+00	1.060127483965812445e+01
2.038873863192099289e+00	5.130298939419552617e+00	5.101915046176915602e+00	1.062785023750481095e+01
2.045154087821675404e+00	5.131085562101453057e+00	5.096813878294653044e+00	1.062414868143252278e+01
2.051444704514288730e+00	5.158335101595137751e+00	5.063261079982112278e+00	1.074705770450910158e+01
2.057730430280644729e+00	5.153549002967285908e+00	4.961619646529836558e+00	1.072335940559316114e+01
2.064013940455224461e+00	5.193257165071320181e+00	4.995745928900094057e+00	1.089052104106926855e+01
2.070299891179459895e+00	5.197457080409122021e+00	4.938599961244842795e+00	1.087498095301811141e+01
2.076589719964883951e+00	5.217642985768993213e+00	4.891616790150070671e+00	1.093967810051090694e+01
2.082865483794470673e+00	5.235826584474278178e+00	4.824765641876791911e+00	1.095217259499673013e+01
2.089134494859368640e+00	5.255741223531091855e+00	4.881060937022041912e+00	1.110098985524644633e+01
2.095424211360070288e+00	5.279286545516024276e+00	4.758908849493706406e+00	1.114967425112397414e+01
2.101707116664804254e+00	5.295716261284231230e+00	4.722498487252305921e+00	1.120717211344476816e+01
2.107986473933564309e+00	5.308923896235684836e+00	4.609302209960310925e+00	1.114568418136556893e+01
2.114271806543862375e+00	5.329487107063202167e+00	4.568836590230171524e+00	1.122209294109848976e+01
2.120552717288892275e+00	5.364266921263335597e+00	4.571760038852435315e+00	1.136299332028135645e+01
2.126836933207161717e+00	5.378082722890102474e+00	4.506506126675076551e+00	1.136366055402164044e+01
2.133122044791171845e+00	5.416448530773132042e+00	4.468625955843609887e+00	1.155630158622247272e+01
2.139411711910842673e+00	5.422198673528477286e+00	4.443970352632996779e+00	1.152627710536670946e+01
2.145697076775292089e+00	5.440440953555079062e+00	4.308818247542649971e+00	1.153008607407473818e+01
2.151973548606471276e+00	5.501261015850801073e+00	4.291193510536579936e+00	1.173886704472661791e+01
2.158259913555724108e+00	5.517993263346017585e+00	4.288611599019474419e+00	1.176393927297426778e+01
2.164545396699105506e+00	5.528524857638814183e+00	4.160122658090525505e+00	1.173782016198452638e+01
2.170830700377734068e+00	5.547025004004912496e+00	4.085208775992842156e+00	1.177677932619596390e+01
2.177114138849150393e+00	5.580198390410898490e+00	4.023855012757121763e+00	1.180879170732661798e+01
2.183387647576827018e+00	5.592464642091982796e+00	4.038203389570385937e+00	1.185783671192798749e+01
2.189670273687676971e+00	5.634562813414606630e+00	3.913995049126732795e+00	1.196917549155413241e+01
2.195960147934207463e+00	5.673528085471269300e+00	3.902686251144187324e+00	1.204720186462396470e+01
2.202242556317716371e+00	5.692841805933053223e+00	3.720921551098473223e+00	1.202028785036765512e+01
2.208521655981037668e+00	5.717085079946914838e+00	3.724192445948958152e+00	1.214025328178052732e+01
2.214804637081333016e+00	5.741840154984809708e+00	3.673328635074655679e+00	1.216792890215753786e+01
2.221092583349425276e+00	5.780194063357185108e+00	3.527277769393058371e+00	1.224149510922231876e+01
2.227372893591468728e+00	5.795716426312879754e+00	3.529774702729301161e+00	1.228883652079094979e+01
2.233657161144248171e+00	5.865588699385622995e+00	3.409003218309507588e+00	1.245533549878904545e+01
2.239943485394438660e+00	5.860719377674261210e+00	3.378733994441904809e+00	1.239424336383332736e+01
2.246224175264620815e+00	5.912351147144810248e+00	3.311934112711587996e+00	1.253525489866358988e+01
2.252506378421252009e+00	5.919322998068201613e+00	3.158148581815969358e+00	1.243507182592356308e+01
2.258783417054270437e+00	5.961157849772487971e+00	3.108967462584917296e+00	1.257693988066559498e+01
2.265069077371457684e+00	5.985608514315319262e+00	3.089933714309471391e+00	1.257692545006120710e+01
2.271350377044131452e+00	6.042366738611562482e+00	2.968242990349203136e+00	1.272323857928419955e+01
2.277633995145353918e+00	6.065832221809447589e+00	2.868955957543710689e+00	1.269097723050222548e+01
2.283922419579920149e+00	6.104202573364577944e+00	2.817278874015725076e+00	1.284434631891124035e+01
2.290202874392252674e+00	6.142068125094730213e+00	2.715483887252037931e+00	1.288960420503123316e+01
2.296490779970905560e+00	6.179731538111512990e+00	2.598711423560587708e+00	1.293451565877207976e+01
2.302771769934229162e+00	6.238503826404659947e+00	2.561971597417514790e+00	1.309370913063597008e+01
2.309051364164305564e+00	6.255471079949059821e+00	2.436758373555848678e+00	1.301307602802697083e+01
2.315338502539088239e+00	6.285655230168520902e+00	2.419063998234032287e+00	1.310486021037887561e+01
2.321627336503874428e+00	6.317354442011551718e+00	2.276649409233491017e+00	1.310580747016371461e+01
2.327911878297218795e+00	6.364588203591831750e+00	2.229566899977416750e+00	1.323757772054168846e+01
2.334186238580297168e+00	6.402352400547830946e+00	2.096432470741464993e+00	1.326616648042232605e+01
2.340467971862688401e+00	6.444012666939539002e+00	2.042507801818470359e+00	1.331124454170192273e+01
2.346756940970738725e+00	6.473254892646501446e+00	1.929901553623569077e+00	1.335917642691576290e+01
2.353044444556199988e+00	6.518342160381683570e+00	1.890346749216614386e+00	1.343267958277684215e+01
2.359327653314069906e+00	6.541640333208341929e+00	1.720700168398823893e+00	1.344746565178413178e+01
2.365603048789861607e+00	6.598516803501953909e+00	1.741099807258980281e+00	1.354290729828775852e+01
2.371885911737665165e+00	6.637829850785179175e+00	1.588296600816735404e+00	1.359676328913331389e+01
2.378173303594019572e+00	6.672469147673843359e+00	1.515700574372367715e+00	1.366312484648605974e+01
2.384454016539381271e+00	6.727449888697640823e+00	1.463681296664217868e+00	1.377624716295182772e+01
2.390736447344785187e+00	6.755841010433673688e+00	1.317155454639403755e+00	1.377320953973180906e+01
2.397014133897952259e+00	6.793481313915945563e+00	1.245819395440778576e+00	1.376346996836570291e+01
2.403295490074321972e+00	6.836068937768069453e+00	1.123771376409439693e+00	1.386703831158210143e+01
2.409585049672506862e+00	6.870973081957762574e+00	1.100599244704570934e+00	1.392293234909977606e+01
2.415871703165322071e+00	6.912550787024013488e+00	9.518684042246351451e-01	1.390811267048008837e+01
2.422160652369088840e+00	6.945262735826071676e+00	8.668091737612844128e-01	1.393995622879838514e+01
2.428440167222748691e+00	7.014709497206175648e+00	7.841506991546898231e-01	1.409006029271919758e+01
2.434717472383889803e+00	7.039475400591968857e+00	7.186321736156671136e-01	1.407312723144708499e+01
2.441002456202044257e+00	7.107646806752097923e+00	5.502526448733311426e-01	1.420577295512649307e+01
2.447289980304530488e+00	7.125659560073732912e+00	4.542199997949428192e-01	1.417997061186178165e+01
2.453571844729242279e+00	7.187504684053557469e+00	3.974836048642475528e-01	1.432925840581963861e+01
2.459852705114058846e+00	7.215645158055068009e+00	2.857742532655355161e-01	1.422970662912735129e+01
2.466139233225018934e+00	7.253041715254706645e+00	2.485859875390975526e-01	1.433110710112896946e+01
2.472421963421291391e+00	7.316926540853056160e+00	5.761765828558986641e-02	1.437449900166077654e+01
2.478698519174224568e+00	7.365423424396491114e+00	1.120887460388249541e-03	1.445381719480061555e+01
2.484980841400355800e+00	7.369692624471441356e+00	-2.674261085370875299e-02	1.442230406363306017e+01
2.491269319409339822e+00	7.430848061720209508e+00	-1.974747433481899850e-01	1.442897879181757936e+01
2.497548505139029373e+00	7.510455012361327398e+00	-3.330962526430565895e-01	1.461379707511931159e+01
2.503831667172610853e+00	7.518124819041418050e+00	-3.283084544984458120e-01	1.454875673322738194e+01
2.510117938323931153e+00	7.570489620432079292e+00	-3.781860782375813801e-01	1.460813434382481191e+01
2.516400733681277480e+00	7.597056333191490651e+00	-4.820860011302759429e-01	1.462985974264439371e+01
2.522688226833368130e+00	7.671283040793161589e+00	-5.499345449098174132e-01	1.477862647952034969e+01
2.528971695852665569e+00	7.707850611290445464e+00	-7.082147071445664688e-01	1.481849210591973431e+01
2.535252039407670299e+00	7.753245605239431626e+00	-7.593702035227016811e-01	1.478891070705762800e+01
2.541537514142774512e+00	7.810913085669327849e+00	-9.458564454621964934e-01	1.488579738219596393e+01
2.547823008847572179e+00	7.848970315439609102e+00	-9.900270096430999756e-01	1.493626889982911443e+01
2.554100666580690238e+00	7.894322473482490388e+00	-1.047534920464524788e+00	1.498013275499094021e+01
2.560376788884177301e+00	7.934747460608129188e+00	-1.128586219961698500e+00	1.497758384135127407e+01
2.566667521601497359e+00	7.963732206414615433e+00	-1.182026947808823003e+00	1.495812779757311084e+01
2.572955062237090473e+00	8.019328293359803794e+00	-1.329365002917832994e+00	1.502747397726142253e+01
2.579233771797999175e+00	8.069762658369755925e+00	-1.415794036811710122e+00	1.508681570450379006e+01
2.585520164300948220e+00	8.106408022528606594e+00	-1.565107881048778626e+00	1.505285122600973580e+01
2.591805130332431872e+00	8.153897342404656357e+00	-1.535450153367835080e+00	1.512034089652263269e+01
2.598084074692260881e+00	8.235287964853922560e+00	-1.736126812461712188e+00	1.525148988195044097e+01
2.604360404197643586e+00	8.251819695377800912e+00	-1.710517853728223958e+00	1.522463429540396973e+01
2.610647185140439142e+00	8.277632390649404925e+00	-1.811091288118913845e+00	1.518600567485905373e+01
2.616931864059273138e+00	8.343123487224053392e+00	-1.906125141135398326e+00	1.525719782114828149e+01
2.623206107911065565e+00	8.427193972942559341e+00	-2.077477177215252269e+00	1.544670136577485664e+01
2.629491626543270844e+00	8.438352311148472396e+00	-2.145765173823762861e+00	1.528304210219650194e+01
2.635778507982642349e+00	8.479619307092978175e+00	-2.141714877501343040e+00	1.535915110860397803e+01
2.642061039325260818e+00	8.534107010492732570e+00	-2.251595061856156654e+00	1.539889500987332838e+01
2.648343840729305843e+00	8.578972942670404223e+00	-2.243919835600905799e+00	1.543135553573426222e+01
2.654631838974855551e+00	8.629876112407597333e+00	-2.369495643905904725e+00	1.547910221120601548e+01
2.660919001246303761e+00	8.666773595435349975e+00	-2.517632164268790440e+00	1.546980934906742711e+01
2.667198525130066056e+00	8.701617348706234267e+00	-2.592519844423863518e+00	1.548023035943080572e+01
2.673484307038032526e+00	8.767685552283740691e+00	-2.616973850826990855e+00	1.561014654771515708e+01
2.679773388053849459e+00	8.790333493902762640e+00	-2.674727931877187270e+00	1.553976548500449439e+01
2.686058217632288692e+00	8.817912112764867416e+00	-2.661987351886819564e+00	1.545135684464026227e+01
2.692338738200057868e+00	8.908644906435247535e+00	-2.856411038968992511e+00	1.565593995326608123e+01
2.698618022887226964e+00	8.913666575615625476e+00	-2.876903796332115792e+00	1.549364373486366375e+01
2.704895450708277860e+00	8.954071803064721280e+00	-2.901848439936783652e+00	1.552660601278511976e+01
2.711175674923682166e+00	9.018103014878477097e+00	-3.031148723881818441e+00	1.566042050505186012e+01
2.717459832966957922e+00	9.023772096366599271e+00	-3.039382352646911478e+00	1.550384247994007225e+01
2.723745731959044569e+00	9.093118017087206795e+00	-3.108711986764160162e+00	1.568318116306891064e+01
2.730038414850594730e+00	9.177791612933660303e+00	-3.276255598431831562e+00	1.574358182753211466e+01
2.736317989800789441e+00	9.224479992426566355e+00	-3.328338352153703106e+00	1.580161550232072187e+01
2.742591858549239703e+00	9.240555069436522828e+00	-3.349043836308152944e+00	1.577102629169860393e+01
2.748879749010778362e+00	9.258901801495413864e+00	-3.340366402339566942e+00	1.564359463041237852e+01
2.755163403825859447e+00	9.320029190606753389e+00	-3.450533922444261936e+00	1.573669031677381014e+01
2.761446955625852073e+00	9.380273056805682685e+00	-3.543574089206012356e+00	1.572622527126657666e+01
2.767732088935374701e+00	9.443756113235503236e+00	-3.614725888674498400e+00	1.590002238720282435e+01
2.774015452421743966e+00	9.476888440272382752e+00	-3.685940936893800757e+00	1.583128396544979921e+01
2.780298635700591436e+00	9.501306931936175815e+00	-3.660053230309188166e+00	1.581233100375660072e+01
2.786577474762241380e+00	9.568396836829005991e+00	-3.782451334000122678e+00	1.593098158437654277e+01
2.792857983210164541e+00	9.599491122977298119e+00	-3.826661125804673880e+00	1.583523874605534587e+01
2.799143790920211483e+00	9.657973862574387169e+00	-3.906500427074600879e+00	1.590072383093420427e+01
2.805430058399325244e+00	9.707175206093639375e+00	-3.980620828908459696e+00	1.596687686221697255e+01
2.811715058209780072e+00	9.743149089313865474e+00	-4.044334292147630627e+00	1.589858189634557917e+01
2.817989272498773623e+00	9.786987297382813367e+00	-4.066320108668420197e+00	1.594817502660859532e+01
2.824269171595737760e+00	9.804785593619209649e+00	-4.055660306975984675e+00	1.584630224041204372e+01
2.830563016441804081e+00	9.879635028075368197e+00	-4.209396804064768460e+00	1.598237067034570913e+01
2.836848750951622034e+00	9.927565304628311438e+00	-4.242599072557534434e+00	1.598612920150118377e+01
2.843130027866129783e+00	9.959858135236885346e+00	-4.254554980049189084e+00	1.603723928976532420e+01
2.849413896912404986e+00	1.000985909657052098e+01	-4.365864125254454109e+00	1.607101489225221513e+01
2.855697464522425566e+00	1.002354638531974551e+01	-4.314363081930314259e+00	1.593635518849786337e+01
2.861978799810683594e+00	1.010693602193561880e+01	-4.424053123298564927e+00	1.606369354156687379e+01
2.868262469415629567e+00	1.014400845567250542e+01	-4.465223701323719929e+00	1.600795378601896601e+01
2.874547359206753860e+00	1.021904540851940446e+01	-4.536927025936384972e+00	1.614407593814731001e+01
2.880831111471525041e+00	1.022290728448460762e+01	-4.582608899571028793e+00	1.603111339836009108e+01
2.887113216972382546e+00	1.028343514366934208e+01	-4.599899769246829528e+00	1.612252017355424982e+01
2.893394504725182781e+00	1.035580936104464911e+01	-4.720921641615322351e+00	1.623615046300131226e+01
2.899673662137033592e+00	1.038782891868339142e+01	-4.749905650306030402e+00	1.611345077545853854e+01
2.905953958587380814e+00	1.043580164804105515e+01	-4.770752244479218973e+00	1.618637770730037317e+01
2.912241118105161064e+00	1.046338498190719335e+01	-4.787306319723625414e+00	1.621701346246116060e+01
2.918525996366671205e+00	1.053690529804244136e+01	-4.926040834809106705e+00	1.618835810222147842e+01
2.924809035425688819e+00	1.058118729629171817e+01	-4.994352751435281235e+00	1.627068066443693439e+01
2.931095916293684933e+00	1.060703010836839866e+01	-4.904162498878868348e+00	1.615164213952708039e+01
2.937378182606774413e+00	1.069405019736893792e+01	-5.112047367643025808e+00	1.634297042511727582e+01
2.943659980254369923e+00	1.070706635708067012e+01	-5.025470794716979661e+00	1.625647450122101034e+01
2.949946454403890250e+00	1.079178859008219682e+01	-5.156386474634177652e+00	1.638561227829335820e+01
2.956227653702202307e+00	1.080222730988459645e+01	-5.131796186806106164e+00	1.631526866231265771e+01
2.962510478867462993e+00	1.086192895770703082e+01	-5.178988921093624853e+00	1.640670446516740100e+01
2.968796535179442309e+00	1.092544091174436360e+01	-5.319997548707622315e+00	1.645630678921816070e+01
2.975077657376874907e+00	1.097571631800587433e+01	-5.316180526674820328e+00	1.651934189923035845e+01
2.981359866759223376e+00	1.100210173922275203e+01	-5.299067810773653520e+00	1.640074522182903038e+01
2.987646761575656562e+00	1.105406417273232300e+01	-5.404029882405733787e+00	1.649030641766260530e+01
2.993929038370399365e+00	1.110858727715084626e+01	-5.429650084885710548e+00	1.648700862228137609e+01
3.000206214840962726e+00	1.119230807904200198e+01	-5.505404097856490431e+00	1.671072040637520928e+01
3.006486172402415669e+00	1.120176147391130250e+01	-5.499785043746330260e+00	1.652121658638666091e+01
3.012769812211594456e+00	1.127414507411060995e+01	-5.546553504396297463e+00	1.661799985050202011e+01
3.019053144326170113e+00	1.135341751911631292e+01	-5.619545287767798492e+00	1.676240758180210477e+01
3.025337405144251424e+00	1.137026629450134330e+01	-5.678524777384356348e+00	1.665540344294574027e+01
3.031623734799107961e+00	1.142391211346056501e+01	-5.693378831671653373e+00	1.678321974034656705e+01
3.037908962055872575e+00	1.150867037132320725e+01	-5.763803976078137659e+00	1.692422174512568489e+01
3.044195067146031608e+00	1.157127772028365520e+01	-5.896195508161677701e+00	1.698484504671273143e+01
3.050475543482170426e+00	1.161756693560056064e+01	-5.914335848677188423e+00	1.699709903662020238e+01
3.056754954538277502e+00	1.166471429852109942e+01	-5.902469888548105281e+00	1.704396009237752097e+01
3.063040539557494668e+00	1.173773537757887020e+01	-5.996302094438560104e+00	1.712989877706482034e+01
3.069323699454357346e+00	1.175068610165197747e+01	-5.919910960397939625e+00	1.704710725541788108e+01
3.075610692642898769e+00	1.182337637641131955e+01	-6.029478506099528623e+00	1.718403494051721125e+01
3.081893798009918584e+00	1.192020918275743391e+01	-6.100104303073531575e+00	1.740086061157188269e+01
3.088174549548037717e+00	1.194882531700102746e+01	-6.077027843310483846e+00	1.732172718650685539e+01
3.094458635632868493e+00	1.202328699577996929e+01	-6.226161531513710656e+00	1.739971096447013110e+01
3.100743982931558840e+00	1.203427087353509783e+01	-6.190314014247602969e+00	1.732518454158544330e+01
3.107028111748448396e+00	1.210449020923202212e+01	-6.255570284049609242e+00	1.743351238949083282e+01
3.113309299655494300e+00	1.221831547238218008e+01	-6.398590653936670591e+00	1.765630757290124819e+01
3.119590662867241626e+00	1.223543606880943457e+01	-6.348883755809493046e+00	1.764911299102337949e+01
3.125874006820172912e+00	1.233021185481849002e+01	-6.444625835059503594e+00	1.775050056109339991e+01
3.132159251154602586e+00	1.236823772602600791e+01	-6.495515137407370077e+00	1.778667236376344007e+01
3.138439172765940643e+00	1.243233382397790798e+01	-6.503158983028894724e+00	1.790127746608342463e+01
3.144723867719826593e+00	1.249684693729847851e+01	-6.557393961806245564e+00	1.793779747133467595e+01
3.151003951258561031e+00	1.258153455137899179e+01	-6.655997624529589096e+00	1.816503785932110304e+01
3.157283664131563139e+00	1.264021651751149733e+01	-6.739263066698496729e+00	1.815426101352587196e+01
3.163569317183839935e+00	1.266934508042066376e+01	-6.646844226294556179e+00	1.815179490771822302e+01
3.169851661717792091e+00	1.279167524750967466e+01	-6.835417978874636091e+00	1.838549280146522591e+01
3.176137704316093657e+00	1.281532041966064206e+01	-6.797288361740525531e+00	1.834455681061697874e+01
3.182420924828643916e+00	1.294186214384027167e+01	-7.005207782798938965e+00	1.867883097658796743e+01
3.188702811875577581e+00	1.298539097682212073e+01	-6.924182578228028184e+00	1.872045881065390205e+01
3.194990520008989865e+00	1.307025944323223321e+01	-7.048392412368904125e+00	1.887273952597102067e+01
3.201275324656983834e+00	1.312384418269192032e+01	-7.074275870410802192e+00	1.892978310747911763e+01
3.207551352179861759e+00	1.321407891539347013e+01	-7.114187185522585111e+00	1.906166073262245320e+01
3.213835216737041645e+00	1.328072863481201082e+01	-7.140262995204305518e+00	1.921508800276216533e+01
3.220122579819103770e+00	1.309202977943305513e+01	-6.743085007016848209e+00	1.810584787279709573e+01
3.226406606618656525e+00	1.260977939173004536e+01	-5.559387893685755699e+00	1.611822215870602903e+01
3.232687390085645429e+00	1.217870613633162691e+01	-4.649724221288633608e+00	1.407545013284361524e+01
3.238969121280456331e+00	1.183377205706685942e+01	-3.871775313134846019e+00	1.253324136247813847e+01
3.245254751548589667e+00	1.152664148395187915e+01	-3.170116242408426821e+00	1.100727824757226259e+01
3.251534499036136783e+00	1.127560543689069483e+01	-2.628826956103875290e+00	9.730645494580175026e+00
3.257817780791052442e+00	1.103668445226572636e+01	-2.140216808660575509e+00	8.522234546106256303e+00
3.264102164154097263e+00	1.083907343997652539e+01	-1.663699364343999898e+00	7.428335424880577520e+00
3.270384152138468892e+00	1.063870575075739033e+01	-1.268359425361861748e+00	6.393160917670695831e+00
3.276669427476867735e+00	1.048289782910529588e+01	-8.855067971597329057e-01	5.536659934585578036e+00
3.282954688864507808e+00	1.034192634969786440e+01	-6.074685747540755631e-01	4.616181665868896999e+00
3.289237200334947264e+00	1.018969911069798862e+01	-3.268478581401590977e-01	3.735184365280617591e+00
3.295519587088236779e+00	1.007980001938713421e+01	-1.401365692510046224e-01	2.984290431645802766e+00
3.301805977329951958e+00	9.964469202887830335e+00	9.732092725865845728e-02	2.390537807131144721e+00
3.308087486222440088e+00	9.884772150227654208e+00	2.455676235838712140e-01	1.758683306873138674e+00
3.314367630234227313e+00	9.815493531635262059e+00	4.239848085500242947e-01	1.098322782509309592e+00
3.320651909732194262e+00	9.729191866433522407e+00	5.415967217180603921e-01	5.241231800885804981e-01
3.326931260376857047e+00	9.675271720663992880e+00	6.876589219884855497e-01	-5.969712042224901288e-02
3.333216512447217728e+00	9.619833350265627914e+00	7.873288972642851213e-01	-5.416898785349364420e-01
3.339504489419978128e+00	9.576696504750101369e+00	8.583960849613481159e-01	-1.030215847621199998e+00
3.345786804809928405e+00	9.534239211664509384e+00	9.258643043475756063e-01	-1.516341097242068336e+00
3.352071130016277767e+00	9.504965561421016673e+00	1.019212563931121140e+00	-1.994542217530760775e+00
3.358351496304225581e+00	9.469573180018622693e+00	1.083987374628035516e+00	-2.390845973967247406e+00
3.364630591073392019e+00	9.437622412480990874e+00	1.163210486092038476e+00	-2.809557090918368694e+00
3.370916305215045483e+00	9.431339630713706512e+00	1.189875076092298256e+00	-3.171275000240446396e+00
3.377197952029413752e+00	9.411075325810100978e+00	1.202311801584168061e+00	-3.601813100277946766e+00
3.383483063818085501e+00	9.397670839111919250e+00	1.261733701440113098e+00	-3.950673124505756917e+00
3.389769992424469969e+00	9.404340234248797614e+00	1.256286487439836064e+00	-4.322455236291466996e+00
3.396051330885982100e+00	9.387234727253400024e+00	1.285041655368431623e+00	-4.641576124924711166e+00
3.402330879139463971e+00	9.404430591772934278e+00	1.277699645153523855e+00	-4.958189248126758208e+00
3.408610488352048495e+00	9.392184307393124598e+00	1.295469007176560439e+00	-5.262692854601001891e+00
3.414897837696641236e+00	9.412085302080472005e+00	1.291805984724223366e+00	-5.577741865416099287e+00
3.421180484052105619e+00	9.429150913871717776e+00	1.293811281978852756e+00	-5.899705512971765486e+00
3.427461639653846870e+00	9.417936102887324523e+00	1.291564590006209601e+00	-6.210122103736755328e+00
3.433749159643459059e+00	9.451637055533986143e+00	1.292144813333102826e+00	-6.474206421365678032e+00
3.440032646656798310e+00	9.457873195316798487e+00	1.306662323578991147e+00	-6.731005251196190642e+00
3.446313366033385339e+00	9.484665286775690873e+00	1.219593591125629040e+00	-6.969261663383509386e+00
3.452600135384134905e+00	9.511447114863216257e+00	1.210202538726854460e+00	-7.263945079228894208e+00
3.458883152815406703e+00	9.529789986702608573e+00	1.204932466287602866e+00	-7.515243567918080458e+00
3.465163834403715448e+00	9.545701306327886826e+00	1.192511761069159792e+00	-7.734705300335628309e+00
3.471449329786229221e+00	9.573004152330428340e+00	1.196788104495690508e+00	-8.014798224374434454e+00
3.477734476754053894e+00	9.626760206895740524e+00	1.130586178319000767e+00	-8.281159102486125079e+00
3.484019652467224226e+00	9.632611777350540194e+00	1.137388231607971312e+00	-8.480735644233030612e+00
3.490297019369712928e+00	9.684927511346392848e+00	1.048841788685187515e+00	-8.703393444181685368e+00
3.496582486484379970e+00	9.722633957300470087e+00	1.065438667397237360e+00	-8.918172177564631653e+00
3.502868048046865024e+00	9.756279893085281429e+00	1.055526608934409527e+00	-9.221409035143745214e+00
3.509144649545451244e+00	9.768976078631222748e+00	9.485951639128225032e-01	-9.386652931374319664e+00
3.515428082003116295e+00	9.820455683948596359e+00	9.910989514618232521e-01	-9.641224889329350844e+00
3.521711031624695565e+00	9.881547504309898144e+00	9.332271760784613956e-01	-9.825506515929413709e+00
3.527991850954735664e+00	9.911415469547769419e+00	8.976105175021494853e-01	-1.005270719847416139e+01
3.534275545726699885e+00	9.947461920341234887e+00	8.267349112373384434e-01	-1.024819437546846679e+01
3.540562632020772149e+00	9.987527905774371106e+00	7.850133092091595710e-01	-1.040255378994851121e+01
3.546844410757220789e+00	1.003953249269916270e+01	7.723711024035816441e-01	-1.062645982806717448e+01
3.553131386753758836e+00	1.009905711446450027e+01	7.080316203764491778e-01	-1.081459370673731790e+01
3.559419203211965144e+00	1.010724707194613892e+01	6.739112153823333395e-01	-1.099679175790774721e+01
3.565697971577579839e+00	1.018626650244070042e+01	6.093029105592637773e-01	-1.120990422871931180e+01
3.571979559134798254e+00	1.023132970365121963e+01	6.018245217750189946e-01	-1.139174409504949814e+01
3.578265774595833726e+00	1.026870959341172629e+01	5.535580171770475566e-01	-1.157405214444569630e+01
3.584548309769353125e+00	1.034143063016446540e+01	5.218231819887897416e-01	-1.178112230432460272e+01
3.590826843920031486e+00	1.037616578551063817e+01	4.752089435487473756e-01	-1.202513925880290557e+01
3.597107306745233934e+00	1.041887464896401738e+01	4.165034666323047530e-01	-1.212046313181141599e+01
3.603392831792229245e+00	1.046978395274382478e+01	3.328961484998798070e-01	-1.226141330743679703e+01
3.609673209822572559e+00	1.051273271105201346e+01	3.633827171440869308e-01	-1.252678197912080016e+01
3.615955412133016189e+00	1.059456299242543587e+01	2.420346684326226683e-01	-1.262142710381471389e+01
3.622241607772384686e+00	1.063424551855798050e+01	2.510546343868577668e-01	-1.284843456369225478e+01
3.628520252736676444e+00	1.070381365113718353e+01	1.566377642640583434e-01	-1.304981377512072704e+01
3.634804827569451113e+00	1.076031570062458087e+01	1.263637730450232199e-01	-1.321079611873443582e+01
3.641094981788862928e+00	1.080210095905427892e+01	5.922472353111232074e-02	-1.333745380471073716e+01
3.647383514928639325e+00	1.085771137098236139e+01	4.849327712440960197e-02	-1.355591949965666743e+01
3.653663283927725658e+00	1.092634109158773370e+01	-3.778373912094103865e-02	-1.373306416462762058e+01
3.659943504072155296e+00	1.096998904391877616e+01	-7.530879826820746636e-02	-1.384234681031781555e+01
3.666232000281138603e+00	1.103991088945011967e+01	-9.665958710352098859e-02	-1.405323414970633245e+01
3.672514211678317597e+00	1.110563106575824577e+01	-2.065658082168453091e-01	-1.414346215401267770e+01
3.678794154686042539e+00	1.117784133865679763e+01	-2.682956516931454538e-01	-1.428612519363241873e+01
3.685078621861909820e+00	1.122713814677971733e+01	-2.559719155811485125e-01	-1.456199632294107005e+01
3.691359210097977961e+00	1.127760507301752568e+01	-3.424884980994471473e-01	-1.462886362936122886e+01
3.697642368173791105e+00	1.133161839574203178e+01	-4.074361448726322998e-01	-1.479463199014059960e+01
3.703925796735277665e+00	1.142216521745056745e+01	-4.579653985593666876e-01	-1.495731554399437080e+01
3.710208240364660348e+00	1.145433652735355246e+01	-4.746673132874869583e-01	-1.515041671316563665e+01
3.716494593122387169e+00	1.152998934368164541e+01	-5.498222181480579840e-01	-1.527010479645309360e+01
3.722775386659595398e+00	1.156677660384666595e+01	-5.660535782270486038e-01	-1.543496162688090756e+01
3.729058392883481510e+00	1.163560015490823041e+01	-6.218285937254174334e-01	-1.559163159044245361e+01
3.735339748210807720e+00	1.170761907244921929e+01	-7.314105669825200495e-01	-1.570448598156169062e+01
3.741620776392969638e+00	1.179438364122780314e+01	-7.529602949291083203e-01	-1.588002306797383945e+01
3.747904795418762980e+00	1.185823236447151530e+01	-8.028449579214044229e-01	-1.604480784245799541e+01
3.754190633281219380e+00	1.191145256309919453e+01	-8.571224460162791825e-01	-1.622353480814612681e+01
3.760478208018912749e+00	1.196245870020513280e+01	-8.913946982785377893e-01	-1.634617652161595203e+01
3.766755538573464346e+00	1.205960107947973547e+01	-1.016673863407405287e+00	-1.641706959042216951e+01
3.773032090135151506e+00	1.209698282688028392e+01	-1.051194858889680228e+00	-1.657034620620258281e+01
3.779322553012896879e+00	1.217853889301065706e+01	-1.083432961615242274e+00	-1.675068312625491274e+01
3.785609109731308930e+00	1.222850081039476500e+01	-1.144306306785950689e+00	-1.688575837230295207e+01
3.791889825936295200e+00	1.229490578207155949e+01	-1.195631500268110159e+00	-1.702953344209572251e+01
3.798174822702435893e+00	1.237743119275044990e+01	-1.233533341853127352e+00	-1.725202453051596407e+01
3.804458658753491651e+00	1.239881278786832297e+01	-1.258091070756318430e+00	-1.736521493629147272e+01
3.810738438095723435e+00	1.250804009431720942e+01	-1.376925987362473514e+00	-1.746328445106785665e+01
3.817018850285747167e+00	1.256489728055985999e+01	-1.439438886402668372e+00	-1.760000812956380756e+01
3.823305314209427763e+00	1.263546291321121906e+01	-1.423700115224606932e+00	-1.782904416185103358e+01
3.829591295197792178e+00	1.270064984757370929e+01	-1.500274456962650493e+00	-1.794961131488723183e+01
3.835872296070849341e+00	1.278394554908454772e+01	-1.585272915731961829e+00	-1.810203342069168997e+01
3.842156279590906109e+00	1.286732055761801874e+01	-1.616302570092609470e+00	-1.823101751543602589e+01
3.848441511099312429e+00	1.290989924822262580e+01	-1.674508535833114209e+00	-1.840368466679517212e+01
3.854723334376886079e+00	1.298295924052198913e+01	-1.717494071651195053e+00	-1.853855679017328484e+01
3.861004740704794713e+00	1.301306013664386896e+01	-1.774955233182441861e+00	-1.861926306461156955e+01
3.867284336650660848e+00	1.312064402741418334e+01	-1.848756585416423626e+00	-1.880880538270662328e+01
3.873567367678779849e+00	1.319476819676035895e+01	-1.913049629440252142e+00	-1.890736458861605129e+01
3.879850662830422792e+00	1.323935694374176819e+01	-1.919929028595283249e+00	-1.917438055759802040e+01
3.886137063198143338e+00	1.333631558108903192e+01	-2.042043233026705540e+00	-1.923457135722390987e+01
3.892419463049126005e+00	1.337615017955925367e+01	-2.070446826217583691e+00	-1.931989644033101783e+01
3.898703740328622658e+00	1.348126181269569734e+01	-2.030324088660019122e+00	-1.967314322731679965e+01
3.904991458788179326e+00	1.351327227195116087e+01	-2.152979776954475177e+00	-1.966308895209537866e+01
3.911270842222104083e+00	1.358765618292746780e+01	-2.153600040260088999e+00	-1.992675474032705552e+01
3.917549806479573071e+00	1.368288788630737329e+01	-2.263456734388430647e+00	-1.996479244429618305e+01
3.923836006203090587e+00	1.372397598491098236e+01	-2.289615661062752938e+00	-2.014740360238820571e+01
3.930121452497870926e+00	1.382516556906895921e+01	-2.359108903769839394e+00	-2.030720973122656048e+01
3.936398172858230460e+00	1.388774139996012025e+01	-2.405417110813661274e+00	-2.044051960035387339e+01
3.942683040425962293e+00	1.395746698667697849e+01	-2.423024916485854607e+00	-2.070723020779891499e+01
3.948974759704379611e+00	1.401720260539467233e+01	-2.495043523780191119e+00	-2.076957262936916848e+01
3.955259227995065352e+00	1.410915503524603309e+01	-2.537259752471301866e+00	-2.098165518946169072e+01
3.961537174921395454e+00	1.421578249244848635e+01	-2.602439446086446395e+00	-2.110747160844305981e+01
3.967820217617139544e+00	1.420896106310031826e+01	-2.604889044686146349e+00	-2.130437909810623154e+01
3.974105559832568968e+00	1.432726930195359216e+01	-2.700423255120570687e+00	-2.139252423593921648e+01
3.980384727931198352e+00	1.439135927798141168e+01	-2.734888806320440402e+00	-2.158087402247065256e+01
3.986664590839849698e+00	1.444071536751514628e+01	-2.756575742816858021e+00	-2.176961997951276473e+01
3.992949619150675034e+00	1.458535900782387174e+01	-2.886822763117733892e+00	-2.186138572223838850e+01
3.999235075769965952e+00	1.457672846581502490e+01	-2.831594510033139667e+00	-2.216424749631566016e+01
4.005515715515433506e+00	1.467755052095023416e+01	-2.924684052471256290e+00	-2.224276420002082233e+01
4.011798434346478537e+00	1.473263526319981942e+01	-2.976311299032271318e+00	-2.235519231288279585e+01
4.018083716245132386e+00	1.482349847605421900e+01	-2.984773653557687201e+00	-2.266098627237656160e+01
4.024365700052603856e+00	1.492279298828813872e+01	-3.098611782734773001e+00	-2.264438407366731809e+01
4.030643960839860540e+00	1.495190158988534712e+01	-3.089881566518234646e+00	-2.292796679175020813e+01
4.036928708926215137e+00	1.508688082874064484e+01	-3.167787824330895230e+00	-2.311264802078255087e+01
4.043218157412017177e+00	1.513422258886160243e+01	-3.115618498290427141e+00	-2.342571638016420366e+01
4.049503019487663558e+00	1.519912985517601811e+01	-3.195651336895431793e+00	-2.350010789594980309e+01
4.055781898960511000e+00	1.531471464320204845e+01	-3.302369979670355171e+00	-2.367987826490452008e+01
4.062060795621602161e+00	1.533792856893999179e+01	-3.256583815855146113e+00	-2.393330397077096450e+01
4.068347865354716042e+00	1.545109410164316976e+01	-3.390411527102668021e+00	-2.392697008710044670e+01
4.074631027173265529e+00	1.548668163112575336e+01	-3.316811846886414727e+00	-2.430579426086712047e+01
4.080910837526078971e+00	1.561924243165785953e+01	-3.455891091079100530e+00	-2.441915909367840598e+01
4.087201203341442657e+00	1.568161569157039281e+01	-3.470119370137386472e+00	-2.462338826692257854e+01
4.093486818591942189e+00	1.571166658363627100e+01	-3.440202981037911112e+00	-2.487437569692151840e+01
4.099764387336505500e+00	1.582622099671331384e+01	-3.519141140811414825e+00	-2.498946133939834979e+01
4.106049166937662420e+00	1.586711597625763659e+01	-3.490740243767858964e+00	-2.534621264276941588e+01
4.112334559041358695e+00	1.593860073146969114e+01	-3.537966103547271590e+00	-2.543095569166707293e+01
4.118618926059533614e+00	1.604506067675225012e+01	-3.569650797158832933e+00	-2.570283996659728842e+01
4.124898942031112625e+00	1.605783434196985127e+01	-3.613876118295259676e+00	-2.580899936476756196e+01
4.131175432561665417e+00	1.619377327390925103e+01	-3.690928367979158686e+00	-2.604671676523965829e+01
4.137461563786142271e+00	1.620100005349327787e+01	-3.689105604380699344e+00	-2.625205326988745114e+01
4.143746006210170307e+00	1.636896161478323819e+01	-3.732733391653507482e+00	-2.647185312207884778e+01
4.150029800482964326e+00	1.638195028151104182e+01	-3.702830109549657855e+00	-2.672828326628630791e+01
4.156313390684649001e+00	1.647829578652583393e+01	-3.708083666138734635e+00	-2.703932796432711072e+01
4.162596105843763716e+00	1.656545446079543282e+01	-3.774790791321444683e+00	-2.721253728893954005e+01
4.168881843141768684e+00	1.655698375900026420e+01	-3.739587884042872901e+00	-2.742565097480931158e+01
4.175162111073220217e+00	1.672272402898803634e+01	-3.826405105877170421e+00	-2.768378112945558556e+01
4.181448573417560155e+00	1.675871644537424388e+01	-3.792548924755640094e+00	-2.798043145612202665e+01
4.187738782464171194e+00	1.688154550121264563e+01	-3.879689164229394915e+00	-2.818182342879126168e+01
4.194017437180169061e+00	1.693566076415787336e+01	-3.884952132579070128e+00	-2.840340029185895787e+01
4.200293572701767175e+00	1.695579020252036884e+01	-3.851089761239813392e+00	-2.866881103493244609e+01
4.206580195481546269e+00	1.710227594571627563e+01	-3.960199926665113779e+00	-2.879346590854499155e+01
4.212860644652220543e+00	1.708820494922779432e+01	-3.881960848669842701e+00	-2.915466830501628692e+01
4.219138153430114002e+00	1.731473124564370281e+01	-4.020987437531253761e+00	-2.941212420385040005e+01
4.225426162098283811e+00	1.730760264751694066e+01	-3.986411356357520308e+00	-2.968332776803405082e+01
4.231713506719782636e+00	1.739662391454328372e+01	-3.953945384656579076e+00	-3.000818906319764068e+01
4.237990056577191744e+00	1.754056999684541651e+01	-4.027121767122409324e+00	-3.021638680855679482e+01
4.244267783646744618e+00	1.756286004655655475e+01	-4.006789637833144013e+00	-3.057369324482104744e+01
4.250560660182562955e+00	1.765973318587342078e+01	-4.083369653112247200e+00	-3.065875222465846761e+01
4.256847734842668096e+00	1.773326211110601847e+01	-4.104640521426229149e+00	-3.098596368039785176e+01
4.263127100734456221e+00	1.782318439772074115e+01	-4.076576972634559759e+00	-3.132630084006153126e+01
4.269406860432507500e+00	1.785560409036659024e+01	-4.079245153772545152e+00	-3.152649476181397503e+01
4.275691671482192646e+00	1.793042701661948257e+01	-4.062507244681637708e+00	-3.189673562527797657e+01
4.281972414189518794e+00	1.803970776757585170e+01	-4.148881881356597745e+00	-3.203641006401964120e+01
4.288253516806755705e+00	1.804007404489233934e+01	-4.004014250029070077e+00	-3.256367205975409718e+01
4.294540520160492925e+00	1.816516249329169241e+01	-4.080276079921217658e+00	-3.276149245167925983e+01
4.300825742921731809e+00	1.827733633316225337e+01	-4.110296722183836238e+00	-3.313660610778462257e+01
4.307109835491901961e+00	1.830183509561769029e+01	-4.020175547389452930e+00	-3.353358022123833848e+01
4.313390926478413157e+00	1.847261849090104491e+01	-4.127454599047456263e+00	-3.377027119029526148e+01
4.319667979480563247e+00	1.841041548058752042e+01	-3.937904709178642992e+00	-3.428631898628337638e+01
4.325952598143786076e+00	1.855946276630774605e+01	-4.046646116268575177e+00	-3.437505737164308073e+01
4.332241647035422361e+00	1.859062861914494746e+01	-4.094499541754165861e+00	-3.470138140038143604e+01
4.338524445619096781e+00	1.867410089999952660e+01	-3.991713949218349100e+00	-3.517067380862400228e+01
4.344809348131129845e+00	1.874590816408018057e+01	-4.005101065026564378e+00	-3.550744946783017753e+01
4.351090699193166600e+00	1.877218267669273644e+01	-3.909633082229186485e+00	-3.592827126977359598e+01
4.357369710808320029e+00	1.893797726453898989e+01	-4.053308927366434666e+00	-3.608547706932996135e+01
4.363659348967174445e+00	1.892597943672915051e+01	-3.969309307153881416e+00	-3.646855620571482604e+01
4.369947418280990981e+00	1.903227842267822112e+01	-3.942927807805477691e+00	-3.688847725399677557e+01
4.376226569265827315e+00	1.910028920313956391e+01	-3.880531553499456887e+00	-3.735469335335989882e+01
4.382499356631129217e+00	1.913255682910100575e+01	-3.902288369001444046e+00	-3.765318519068821956e+01
4.388784975178015024e+00	1.924358385905856750e+01	-3.863550170113813742e+00	-3.812457406682881356e+01
4.395068696309480494e+00	1.920202231776042723e+01	-3.730563984897186991e+00	-3.862338354555885900e+01
4.401347962382031298e+00	1.938450553121715458e+01	-3.880204892258466209e+00	-3.873548787405761828e+01
4.407628405096517099e+00	1.937386200668276004e+01	-3.708200285261918694e+00	-3.937392498274390817e+01
4.413915862185140426e+00	1.933686421130691357e+01	-3.602382579894718884e+00	-3.980357338495467445e+01
4.420203163534264235e+00	1.949810783114248736e+01	-3.558488988312413337e+00	-4.033622027414917000e+01
4.426480311003382795e+00	1.942574915156978221e+01	-3.486229627281541621e+00	-4.070845051122724101e+01
4.432765973643649104e+00	1.968294957424878433e+01	-3.710593267162575870e+00	-4.077049261082959930e+01
4.439053392023870614e+00	1.950711765454586910e+01	-3.286692410061314185e+00	-4.174009110695298830e+01
4.445336141335588742e+00	1.971138582337605882e+01	-3.498042444059948242e+00	-4.185824329651799047e+01
4.451617241414883352e+00	1.965201858116144251e+01	-3.311356219954296520e+00	-4.246206790698457922e+01
4.457901500730311106e+00	1.964602329451165730e+01	-3.196156151976459192e+00	-4.303672002804650276e+01
4.464189501093017043e+00	1.979278011509400770e+01	-3.194828857825305679e+00	-4.352327696037475135e+01
4.470470197548729985e+00	1.965116149668083523e+01	-2.975665879022357796e+00	-4.417873035539309967e+01
4.476748044268524573e+00	1.980828133893944099e+01	-3.018899592867499759e+00	-4.441758047651876495e+01
4.483035990164653484e+00	1.978274663334442351e+01	-2.914462365770963181e+00	-4.511077529395973329e+01
4.489323331650528104e+00	1.976907874520319552e+01	-2.857510768574095472e+00	-4.543953126900578354e+01
4.495599111667934800e+00	1.972295305618202832e+01	-2.628327423272510011e+00	-4.615633099667122963e+01
4.501870922878794090e+00	1.971464741123650555e+01	-2.548524193028183671e+00	-4.679819769891535941e+01
4.508155162877705457e+00	1.978360807678654609e+01	-2.543205877061064601e+00	-4.713504499656316682e+01
4.514446451153479423e+00	1.964301412775552080e+01	-2.215678711221090502e+00	-4.799958041347988313e+01
4.520723894043856994e+00	1.970018002557491954e+01	-2.207693957525132866e+00	-4.848735842147513608e+01
4.527003782460155890e+00	1.961979752348255701e+01	-2.015415822769487164e+00	-4.924634214813335831e+01
4.533293086610313161e+00	1.951616553017397138e+01	-1.810646900182483865e+00	-4.979784967465080570e+01
4.539578989864040182e+00	1.951261731821835710e+01	-1.715447607505490080e+00	-5.048288043311046636e+01
4.545857164866476730e+00	1.938034291522958696e+01	-1.519097390469269282e+00	-5.105981028913571151e+01
4.552138955546025656e+00	1.930230921186493021e+01	-1.312961396510187395e+00	-5.176434015121893140e+01
4.558432046889146605e+00	1.932614208183733950e+01	-1.209673557312515690e+00	-5.246208188431608477e+01
4.564713463378488711e+00	1.927729016970790710e+01	-1.168267127340112177e+00	-5.283164807914874928e+01
4.570987274133244682e+00	1.930264880108550329e+01	-1.080141130837423802e+00	-5.347386450053210893e+01
4.577274818151045643e+00	1.932367558807908736e+01	-9.891126550418216645e-01	-5.403396109308032891e+01
4.583563263889338657e+00	1.936789206647324590e+01	-1.024817090361100469e+00	-5.442023126516738785e+01
4.589844917004465508e+00	1.942067287923015684e+01	-9.084626752212237033e-01	-5.501788472114525774e+01
4.596126259982004747e+00	1.941555450686786344e+01	-8.284529501209899616e-01	-5.553658677677551481e+01
4.602409075598298926e+00	1.947959970646256167e+01	-8.430358320900831481e-01	-5.598125651849053241e+01
4.608696634867644804e+00	1.959430813284091499e+01	-8.494510290147774256e-01	-5.647557080890931047e+01
4.614977646498861219e+00	1.964386377206063727e+01	-8.135236695369367776e-01	-5.701093318438548607e+01
4.621258953029527383e+00	1.963750798715333090e+01	-7.964664773741205739e-01	-5.722364231574200488e+01
4.627547993978874175e+00	1.984709464866166329e+01	-8.283501343166677078e-01	-5.805658173938621047e+01
4.633830152730579854e+00	1.982257204258648287e+01	-8.165954911889122814e-01	-5.824798280319661359e+01
4.640104005367354567e+00	1.994778935829049615e+01	-8.146676734004423270e-01	-5.879367946224117958e+01
4.646382060386754276e+00	2.004567385268311597e+01	-8.433474456715408518e-01	-5.935438753818218061e+01
4.652674213731970987e+00	2.010893907441525741e+01	-8.402851830829177748e-01	-5.977810247091176166e+01
4.658958291796220230e+00	2.024831430152655898e+01	-7.911868576202329972e-01	-6.040026961325960286e+01
4.665233615070169648e+00	2.039835964787648592e+01	-7.959576425954278944e-01	-6.109395603184916013e+01
4.671520675710307380e+00	2.045046656837481436e+01	-8.241276737257042795e-01	-6.141356741248919349e+01
4.677814351732177300e+00	2.054383042510144008e+01	-8.717589642564117502e-01	-6.182478649810489202e+01
4.684093699744638073e+00	2.060574251140021573e+01	-8.116086436971404749e-01	-6.228275674130276229e+01
4.690368661472568590e+00	2.068906989977210387e+01	-8.504541907254736799e-01	-6.263916954012064053e+01
4.696663270746453733e+00	2.080132481067954586e+01	-8.893067589950741647e-01	-6.310533747707620478e+01
4.702945459248681459e+00	2.094161202242748487e+01	-8.247896169939146205e-01	-6.381788966020499743e+01
4.709209170841929470e+00	2.093322627680809589e+01	-8.114039840216619170e-01	-6.396152058498410753e+01
4.715491634753063543e+00	2.108798810129105306e+01	-8.280683438236254856e-01	-6.462432184735938279e+01
4.721784316284933780e+00	2.124258453941664015e+01	-8.848119339051842003e-01	-6.523750791651087866e+01
4.728063062331094635e+00	2.140648365096519967e+01	-9.167638716621788753e-01	-6.584069871427557530e+01
4.734337423381671073e+00	2.148226439940146903e+01	-9.339119978822997270e-01	-6.615550211176837081e+01
4.740627024094544062e+00	2.159824726603025979e+01	-8.610255978222575157e-01	-6.689696136182858766e+01
4.746914995664547554e+00	2.172876814356876451e+01	-8.370655040097434441e-01	-6.744888963020486017e+01
4.753194740071086777e+00	2.176378646446724829e+01	-8.422284257919954165e-01	-6.769026093243634534e+01
4.759478891864783456e+00	2.193937134787408993e+01	-8.686488687273428155e-01	-6.835275250260292523e+01
4.765762396877359031e+00	2.205228995377677137e+01	-8.527422123855289415e-01	-6.892436565079945865e+01
4.772049481246195768e+00	2.206881302195254690e+01	-8.479035407034321015e-01	-6.911464051757783977e+01
4.778335091022592351e+00	2.237319745068362309e+01	-8.187900446501387153e-01	-7.026746101581373694e+01
4.784610831402393849e+00	2.236129351917511343e+01	-8.894576190303477015e-01	-7.031044474440105319e+01
4.790907306208476157e+00	2.257531183474837633e+01	-9.161336902066387067e-01	-7.110215128152063357e+01
4.797204047706418173e+00	2.259844226426749714e+01	-8.539632219009434255e-01	-7.135987551727734512e+01
4.803470827697504220e+00	2.282172200821360875e+01	-8.458306820445518071e-01	-7.224747505929755675e+01
4.809748850577324042e+00	2.298792590509226486e+01	-7.350131648022795172e-01	-7.307665493227516151e+01
4.816045316586602176e+00	2.301849906329915640e+01	-8.293261826615165866e-01	-7.319770808534117634e+01
4.822329240673497885e+00	2.318901335625773896e+01	-8.092796881424291211e-01	-7.390048728459100857e+01
4.828596758226470165e+00	2.341803824405274881e+01	-8.228118724948833007e-01	-7.472250565612752382e+01
4.834890332961369275e+00	2.348358105848246780e+01	-7.732645509982226661e-01	-7.517073410800777822e+01
4.841191655056394261e+00	2.369493509973185041e+01	-8.017567573925697966e-01	-7.598462446853245922e+01
4.847460407468000554e+00	2.382719799851699349e+01	-8.130856963651625913e-01	-7.649462043500665231e+01
4.853732128521334843e+00	2.383000433875985280e+01	-7.961281278088079283e-01	-7.665206412506100264e+01
4.860029138783373170e+00	2.405140560695248908e+01	-8.081639378163261167e-01	-7.752649302395974473e+01
4.866314601732018019e+00	2.420392232415529321e+01	-7.394695865754952191e-01	-7.825266580769725522e+01
4.872587026269203925e+00	2.423247726711703365e+01	-7.303740044035017531e-01	-7.842099316649640173e+01
4.878874221748241702e+00	2.448910126969537160e+01	-8.522455592899899068e-01	-7.928344159048319284e+01
4.885171078138658807e+00	2.460331240751094839e+01	-7.859387524615027987e-01	-7.989801884061625969e+01
4.891450629931857641e+00	2.478599431872357783e+01	-7.923248453993002594e-01	-8.053386371911931008e+01
4.897716482750221978e+00	2.497147024497528633e+01	-6.367935664948012331e-01	-8.146123483459875558e+01
4.904002834596266069e+00	2.508503712021586907e+01	-6.597346532240064843e-01	-8.198560595620331526e+01
4.910295858205786068e+00	2.522853292960007110e+01	-6.355069820709868811e-01	-8.262010437072908076e+01
4.916575188115905881e+00	2.522619019526771211e+01	-8.073873310660852898e-01	-8.243664863732590220e+01
4.922847946197084212e+00	2.554595544171585786e+01	-6.942241902198835746e-01	-8.381600667744213240e+01
4.929131667457151700e+00	2.564958891851244616e+01	-6.368611557691928882e-01	-8.434090868847353306e+01
4.935434460144239033e+00	2.607061853111076033e+01	-6.107887859388849705e-01	-8.581328941819221257e+01
4.941718513303545279e+00	2.602034018014802186e+01	-6.182455106787960730e-01	-8.579494024193377300e+01
4.947978624761803168e+00	2.611585640115225715e+01	-7.112379486768025671e-01	-8.616215056721097199e+01
4.954274999209829389e+00	2.631721510538660880e+01	-7.124547102787994746e-01	-8.690074556498134939e+01
4.960571094729937514e+00	2.652679646063291585e+01	-5.729709808593745901e-01	-8.787486553186968763e+01
4.966823207626954506e+00	2.667930163010775502e+01	-5.863588927645122517e-01	-8.848847228098671280e+01
4.973097418390337587e+00	2.688323275815976743e+01	-6.022060717651704920e-01	-8.929419768934823765e+01
4.979415129936382023e+00	2.711926845417766430e+01	-6.216255505798211622e-01	-9.010128566485064994e+01
4.985702082330368157e+00	2.716664034096038804e+01	-5.606504171675592563e-01	-9.049201646750957195e+01
4.991949985828016523e+00	2.744515940057943482e+01	-6.260064124785066353e-01	-9.140413417261402174e+01
4.998241586316924057e+00	2.763894096366879793e+01	-5.426017470298766243e-01	-9.228879589978433273e+01
5.004556635606089543e+00	2.757121651063120638e+01	-5.561951090915711049e-01	-9.216084123055928501e+01
5.010828655701208945e+00	2.789897443919982578e+01	-4.909665871879814181e-01	-9.342533719702755945e+01
5.017077229702536556e+00	2.802012466791747869e+01	-4.188326412576940938e-01	-9.397844876772657585e+01
5.023374414758113637e+00	2.827773755641166886e+01	-5.270642094392713473e-01	-9.485662398398068262e+01
5.029688873569548413e+00	2.855734990816083751e+01	-5.261587159797083135e-01	-9.589976732687770777e+01
5.035958413584124216e+00	2.867457194923363772e+01	-4.215001835296566246e-01	-9.647394978991700043e+01
5.042232667658486989e+00	2.879961489512240647e+01	-4.176800456729310440e-01	-9.705904306987501684e+01
5.048528755870775875e+00	2.923644860973516302e+01	-4.871062587964032908e-01	-9.855651034081196826e+01
5.054821121427484520e+00	2.957589799902585170e+01	-4.827223692020479184e-01	-9.975416423442779035e+01
5.061069509814582368e+00	2.956323729641133724e+01	-5.004476976226542861e-01	-9.979722385585435518e+01
5.067347812754101177e+00	2.960304629545117194e+01	-3.629590724127443879e-01	-1.001850755411734895e+02
5.073675050630431116e+00	2.986050404902799471e+01	-3.536291395580058450e-01	-1.011761242752629784e+02
5.079945928388977627e+00	3.025373928262023426e+01	-4.123118061889172736e-01	-1.025484273304307976e+02
5.086192992546071601e+00	3.032577178666038265e+01	-3.898848776468727961e-01	-1.028744214082520898e+02
5.092484128970163226e+00	3.075039934118445828e+01	-3.585263498480834587e-01	-1.044924180544495158e+02
5.098802924706086870e+00	3.091732044250474942e+01	-3.713547309877862634e-01	-1.050849505599596512e+02
5.105078217426394005e+00	3.095668570850329004e+01	-3.184984567951437140e-01	-1.053696785466126471e+02
5.111325076574067872e+00	3.139468966820472673e+01	-3.779613365711184114e-01	-1.068751851876943704e+02
5.117628358851224135e+00	3.150430955228435081e+01	-3.471584099585320882e-01	-1.073885160288681959e+02
5.123935939383525984e+00	3.170713706140812249e+01	-2.822210285959240172e-01	-1.082303976819170828e+02
5.130199176325612065e+00	3.211063726224309534e+01	-3.623789024625886923e-01	-1.095783048207236021e+02
5.136469985878846956e+00	3.200515629517287408e+01	-1.654819339101641917e-01	-1.095667613503670736e+02
5.142797788696348071e+00	3.235112501634888105e+01	-2.212892054092339689e-01	-1.107421016243838210e+02
5.149090378043822192e+00	3.256443595796996249e+01	-2.881271946011361718e-01	-1.114909031398948400e+02
5.155289879840074363e+00	3.286829072495254422e+01	-3.045558240862649702e-01	-1.125540841975814885e+02
5.161564521234301317e+00	3.320776594947002280e+01	-2.649826084080291744e-01	-1.138896491286048587e+02
5.167916673496016244e+00	3.359800305180692703e+01	-2.999539447500581546e-01	-1.152521148340179025e+02
5.174205974602950064e+00	3.362080265390369505e+01	-2.568612031634038284e-01	-1.154094659616428089e+02
5.180434820793812456e+00	3.384739345901025587e+01	-2.211297866750278340e-01	-1.163126500363486855e+02
5.186729096569634656e+00	3.431094550637423168e+01	-2.959697587978659117e-01	-1.179375788165441321e+02
5.193058481037780894e+00	3.485966679403676238e+01	-1.851385905619990502e-01	-1.199966334027864576e+02
5.199319511444338460e+00	3.474480594587647175e+01	-2.226558715563221880e-01	-1.196222121818710917e+02
5.205574295584361799e+00	3.523336844343158702e+01	-1.453130440689010261e-01	-1.214658907649854314e+02
5.211894977074066126e+00	3.536181234344917357e+01	-1.820581579809328054e-01	-1.219643584650894610e+02
5.218201708336958511e+00	3.579895883997343731e+01	-1.164465166134672353e-01	-1.235517515978406635e+02
5.224411911780083351e+00	3.653310803618460767e+01	-8.197266887489879084e-02	-1.262049430549046178e+02
5.230677632666463239e+00	3.628065305885645841e+01	-2.093293145507593433e-01	-1.252795858153168780e+02
5.237056729559757429e+00	3.660253389646096167e+01	-1.175769290988437910e-01	-1.265637225842582723e+02
5.243336785035660697e+00	3.745199983890559992e+01	-1.667013787990422324e-01	-1.294909435169012397e+02
5.249493476178225038e+00	3.763640215101746378e+01	-1.567873861403731306e-01	-1.301617059346531846e+02
5.255787017738318134e+00	3.790728996966998210e+01	-1.870289635900691250e-01	-1.312019152382969480e+02
5.262205327426889845e+00	3.799169557865072022e+01	-8.535361374920148736e-02	-1.316390776109026035e+02
5.268477758348532269e+00	3.837486257549764446e+01	-1.377610035314302817e-01	-1.329476493537865736e+02
5.274632213654732560e+00	3.911697449186893039e+01	-1.113350603378903264e-01	-1.355908973336253780e+02
5.280950543314659740e+00	3.898606615578432155e+01	-3.361413669223990708e-02	-1.353182547445863975e+02
5.287327645024750389e+00	3.998547027436748635e+01	-9.602416171665131839e-02	-1.387713288123619577e+02
5.293582359180156516e+00	3.996221028518714746e+01	-9.509497116242351250e-03	-1.388015120575097114e+02
5.299789992649893478e+00	4.013394682705266092e+01	-1.825349950026806944e-01	-1.392933713215194871e+02
5.306111460381987222e+00	4.024987129445280942e+01	-1.489297066599793162e-01	-1.397798403009931576e+02
5.312452717892129250e+00	4.064235165880472778e+01	-8.182270809260625694e-03	-1.413210766389697426e+02
5.318650122853046724e+00	4.180635788782345941e+01	3.749904519833853565e-04	-1.454120126984179251e+02
5.324923043129819789e+00	4.206278529015997236e+01	-1.316647668939150695e-01	-1.462595364172089489e+02
5.331330237158205421e+00	4.166499069948830680e+01	-1.462377564732749574e-02	-1.450378931576817365e+02
5.337586726886338617e+00	4.351129716304929929e+01	4.309596299734892028e-02	-1.515421132729750866e+02
5.343685192440848830e+00	4.384438735962552158e+01	-7.228696923170116473e-02	-1.526062628931748861e+02
5.350070659715249199e+00	4.369052563533076494e+01	-5.419857975391548927e-02	-1.521969368582911670e+02
5.356556762554878226e+00	4.452720984371327262e+01	-1.174506591898678981e-01	-1.550735008459668904e+02
5.362691868684501095e+00	4.452647911712179507e+01	-8.717485126203362855e-02	-1.551167061907309233e+02
5.368769208912516966e+00	4.480769501406300748e+01	-7.275833438733568526e-02	-1.561412230609266771e+02
5.375270137997677722e+00	4.573146365378176625e+01	-1.278579551063173114e-01	-1.593839926694082862e+02
5.381769983045385786e+00	4.569280821902488299e+01	-5.643888689812172343e-02	-1.593625415842206507e+02
5.387701030372958222e+00	4.615554213551087059e+01	-4.060683930565765765e-02	-1.609773566751611042e+02
5.393786668001271600e+00	4.679701247060202007e+01	7.304748776716642189e-02	-1.634017740092546660e+02
5.400446161099396569e+00	4.689198791968234303e+01	-8.668214918301660188e-02	-1.636168595834280666e+02
5.406957063684501463e+00	4.695281928355392154e+01	3.214140095351511461e-02	-1.639811392580531901e+02
5.412655672453426270e+00	4.857940825051436207e+01	3.440275503919450022e-03	-1.696107180111391131e+02
5.418821279260546575e+00	4.916794144702131319e+01	-2.858968725231749233e-02	-1.717104486033557862e+02
5.425690594366304076e+00	4.955762330804199678e+01	-5.376032272468846823e-02	-1.730890786144827018e+02
5.432217487502165376e+00	4.993669849940504690e+01	5.484328698529350454e-02	-1.745441091729821323e+02
5.437649811577258241e+00	5.059703029852894218e+01	4.513991500265360224e-02	-1.768057022778185399e+02
5.443914404015878006e+00	5.213762641746856730e+01	-8.666742258581494607e-02	-1.821412571040306148e+02
5.450953501686320202e+00	5.231280716636000250e+01	-3.264957208197244443e-02	-1.828482233242594361e+02
5.457483690405861232e+00	5.298317227688429654e+01	5.716906707670102450e-02	-1.853013835304021768e+02
5.462715250135157241e+00	5.481930556407911581e+01	8.896402520835566385e-04	-1.916333895824374451e+02
5.469033575551323523e+00	5.538049993725211095e+01	-1.079648916436643791e-01	-1.935499950175452852e+02
5.476177730420278778e+00	5.394307029827946565e+01	1.366704882370663177e-02	-1.886712308371132849e+02
5.482708935702562236e+00	5.545185214884149616e+01	-5.452526232565855363e-02	-1.939151689986462657e+02
5.487722405008360838e+00	5.663546200772365324e+01	-1.061796718473570142e-02	-1.980695927401961285e+02
5.494194284996126498e+00	5.760879554333638453e+01	5.747853559556317937e-02	-2.015888838776717193e+02
5.501391471009256406e+00	5.616607321671204289e+01	4.745405837866091027e-03	-1.965030942712984654e+02
5.507128202673079009e+00	5.893555128234794438e+01	-2.097708447570417745e-02	-2.061860140726864756e+02
5.512278020050448646e+00	5.990425141564429623e+01	-2.862918409265029565e-02	-2.095688928185541329e+02
5.519395563377015534e+00	5.977593321870058674e+01	-1.250692917547945315e-01	-2.090437274666903420e+02
5.526598678609708770e+00	6.119770337062490029e+01	-2.595767235114332383e-02	-2.141271843313512875e+02
5.532162682462509196e+00	5.811122580951610672e+01	-1.199935653467198576e-01	-2.032417179659960311e+02
5.537397124017139127e+00	5.834572115709820395e+01	7.650627752214325672e-02	-2.042666631729782125e+02
5.544582756485218589e+00	6.692986122387797820e+01	2.575113735678477914e-02	-2.342646314477744340e+02
5.551739327507637434e+00	6.884191483798457512e+01	3.271577416732503879e-03	-2.409415682236477778e+02
5.557493306674907707e+00	6.739507660216000318e+01	-1.153575611465999656e-01	-2.357634140942030854e+02
5.562281709102816940e+00	7.892982536831276263e+01	-9.560899227946034751e-02	-2.761557662805446398e+02
5.569272720323164449e+00	5.232214921778532357e+01	-1.449797965002244671e-01	-1.829815050468372988e+02
