8.899641224696953554e-03	9.643554720257763984e+04	4.495259842910159205e+04	-2.793922240019357996e+05
1.507912216506557788e-02	1.116565370031944622e+05	1.475360368888700614e+05	3.058785541891069079e+04
2.144790186456836667e-02	7.964485549883225758e+04	7.752401366170292022e+04	8.961600534563434849e+03
2.783660776489276650e-02	5.846867455145083659e+04	6.424292535585991573e+04	4.300292101576981804e+04
3.435099785803411021e-02	3.226264952826427179e+04	2.370295135299360118e+04	1.336734936788767300e+04
4.047886761425745911e-02	2.154040026615896568e+04	2.237007000890380004e+04	9.053264383825926416e+03
4.676716683575679601e-02	1.771704325016373332e+04	1.372452670038519500e+04	7.046999384579619800e+03
5.308225101765951665e-02	1.662760305202219388e+04	1.531421648931335221e+04	1.349850275753439064e+03
5.945362440940590160e-02	1.554926866712547962e+04	8.668292683158206273e+03	-3.260270819428314098e+03
6.576224814588792211e-02	1.436128346113209955e+04	1.200049277612354308e+04	4.546785055527578152e+03
7.196632906698736953e-02	1.211530232311229702e+04	9.413491629580672452e+03	-1.051942704948735809e+03
7.827860915688347743e-02	1.019650637564852877e+04	8.501602029741685328e+03	3.698154499036780152e+01
8.470398945834539672e-02	8.050851781818313611e+03	7.166585348956826238e+03	2.883640780525041009e+03
9.096854620527369817e-02	6.279600243984505141e+03	4.830198778894376119e+03	1.389130101597266730e+03
9.720789776830213169e-02	5.732857300772596318e+03	4.774200537060103670e+03	-1.048042280290647277e+01
1.034763038959366499e-01	5.342477363641863121e+03	4.612035771061617197e+03	-2.384741043032915897e+01
1.097576444254559219e-01	4.938710107795904150e+03	3.653135407908157958e+03	6.098786298184638781e+02
1.160543084780093354e-01	4.822647551055273652e+03	3.717236986980955407e+03	3.153182267880303584e+02
1.223669666537485351e-01	4.421523677068666984e+03	3.034268423501850521e+03	1.837472811852085783e+02
1.286817263090294094e-01	3.962710818691280110e+03	2.733271811311108650e+03	4.706140931793031541e+02
1.349500801664080818e-01	3.569486334562068350e+03	2.770105328545094380e+03	9.232939008791435072e+02
1.411949558842147678e-01	3.220614128953973704e+03	2.559918252222003048e+03	3.962219438429855245e+02
1.475133575747468451e-01	2.890563834692553883e+03	2.199096805401717575e+03	1.378665419297680899e+02
1.537865074252268427e-01	2.650770374760163122e+03	2.131535165352301192e+03	3.040061878752671305e+02
1.600657544051110326e-01	2.487515204695905595e+03	1.976159542937982906e+03	4.579867013564936542e+02
1.663991168687080635e-01	2.310691090141088807e+03	1.818773533593739558e+03	4.913268075453595998e+02
1.727195645776442856e-01	2.208148841207538226e+03	1.538624374224133817e+03	3.906102387115514603e+02
1.789765213377084718e-01	2.013234941636490703e+03	1.192061122476587798e+03	4.718526657262984259e+02
1.852353690647852158e-01	1.918950495804808725e+03	1.342635340365307684e+03	3.091568301770320204e+02
1.914806787341157279e-01	1.732765926330964021e+03	1.030006318617245824e+03	3.480250752539596419e+02
1.977889868651535599e-01	1.620790874752661693e+03	9.983691012558408602e+02	1.159071149380299204e+02
2.040937735447724277e-01	1.520502652896384689e+03	8.818994410585169135e+02	3.285610449573765663e+02
2.103939302609846018e-01	1.438581957570949953e+03	9.120080964197780986e+02	3.637206432031512122e+02
2.166909709822301688e-01	1.315693732016839704e+03	7.449714746426416241e+02	2.235773347260409878e+02
2.229700281216152047e-01	1.271035672220901461e+03	6.998707077276420705e+02	1.343256776986401917e+02
2.292620027086341994e-01	1.213981308615660964e+03	6.610023841866169505e+02	2.478563037735299019e+02
2.355141508366812297e-01	1.111307537383875797e+03	5.726709983647425588e+02	2.674900468955138990e+02
2.417910583817859116e-01	1.084686215017700988e+03	5.508556007409162021e+02	2.071792663484113746e+02
2.480856539439619257e-01	1.002102397807459397e+03	4.706465781632631433e+02	1.967726859155494878e+02
2.543492256872954549e-01	9.585034752846911488e+02	4.835572826097850907e+02	1.810249142027916491e+02
2.606334251884805386e-01	9.082978710484786689e+02	4.531607379291067446e+02	1.346057745338800373e+02
2.669257370896960802e-01	8.661693969340058175e+02	4.040123200740583229e+02	2.007143031798033235e+02
2.732423343141155980e-01	8.159816141049584530e+02	3.584615464310396646e+02	1.514790106454822762e+02
2.795529680084415936e-01	7.687958303678958600e+02	3.075490501356812274e+02	1.698524519002217801e+02
2.858366292314493129e-01	7.518929559108129297e+02	3.273977758631964434e+02	1.587333983647352227e+02
2.920876271394311496e-01	7.070826562350557651e+02	2.838529753030301777e+02	1.744693193871792403e+02
2.983449844439822751e-01	6.732757317277953462e+02	2.695140080138082226e+02	1.642882992194347196e+02
3.046382639407197446e-01	6.395833702521867963e+02	2.325151295134504608e+02	1.160867091632414940e+02
3.109279127003197196e-01	6.103099186632202873e+02	2.256523749124563665e+02	1.542211675676330174e+02
3.172168171618398036e-01	5.915536897940957033e+02	1.912226964174481054e+02	1.894285014915284364e+02
3.235187567944423082e-01	5.673894578272589797e+02	1.476755726906735902e+02	1.330992149486127687e+02
3.298168217550395687e-01	5.437567091678298539e+02	1.356252277886643185e+02	9.938776976512724559e+01
3.361176429457156667e-01	5.141627653472702377e+02	1.342148104499558769e+02	1.169290599809892370e+02
3.423700375709273769e-01	4.946579707785714959e+02	1.111295547198051281e+02	1.465523325709906430e+02
3.486478192666269682e-01	4.698199811068556073e+02	1.127874947004597743e+02	1.292133217070158366e+02
3.549411614411318028e-01	4.551306282046851948e+02	9.122892081062772718e+01	1.269823401952732382e+02
3.611916935421040642e-01	4.367455340582478698e+02	1.030200739555785674e+02	1.613455512721955074e+02
3.674767089563572564e-01	4.223666016052480927e+02	6.947020767052619306e+01	1.133894368061322524e+02
3.737647795277591056e-01	4.040089847744030180e+02	6.107694805176171826e+01	1.218385534074466960e+02
3.800654031475132477e-01	3.886667828556840050e+02	5.373919784143559752e+01	1.073075763447986901e+02
3.863539861259823738e-01	3.735633405421127691e+02	4.838592537966282947e+01	1.123762349484143641e+02
3.926140181364449755e-01	3.610222198088581536e+02	4.255219084500049576e+01	1.057555157599264390e+02
3.989264500321934581e-01	3.433267892504090355e+02	2.787605366289256281e+01	1.189164934727481722e+02
4.052073244576828714e-01	3.331919144324998570e+02	2.010630556110973544e+01	1.167354968723994944e+02
4.114916477570477182e-01	3.214118806818405005e+02	2.173014197664376468e+01	8.996559768116512146e+01
4.177814272116491257e-01	3.083584496256773946e+02	8.814588386698495981e+00	9.863356584083236100e+01
4.240400648725131116e-01	2.985822532835925927e+02	2.609218752135240571e+00	1.039636217637718545e+02
4.303425690270192283e-01	2.893149628060343161e+02	1.716299021704735361e+00	1.036934139182507408e+02
4.366358560255625965e-01	2.795053969365935131e+02	-2.252804806025451079e+00	1.012626609901757604e+02
4.428996183220763605e-01	2.714964684708965024e+02	-1.730828921962982436e+00	9.517089218639965509e+01
4.491634418529859563e-01	2.599538155953647447e+02	-1.275645933156809164e+01	9.078194979362802997e+01
4.554414146254732731e-01	2.559244138538733182e+02	-1.080722971382111552e+01	9.738897569524175424e+01
4.617634470301058558e-01	2.445511767307681339e+02	-1.726429581400023849e+01	9.907775203824382970e+01
4.680644242023710433e-01	2.352593010619335985e+02	-2.034467946507667335e+01	9.348561593353498722e+01
4.743485242764365895e-01	2.303377754584480783e+02	-2.799415762380577988e+01	9.492952612755478015e+01
4.806356136815400082e-01	2.221720115977316823e+02	-2.744318216143619082e+01	9.284077400194884433e+01
4.869019258388697646e-01	2.166246698409932492e+02	-3.752940963247264961e+01	9.269824626541424095e+01
4.931697099599955947e-01	2.090533539104711167e+02	-3.241007354739503654e+01	8.696348174632457528e+01
4.994506747144535908e-01	2.020964301633188427e+02	-2.902358509480753312e+01	8.929857995281687977e+01
5.057159051335421429e-01	1.970217380770109799e+02	-3.375529929016764896e+01	8.859123025028431186e+01
5.119923996268095356e-01	1.915855118149115128e+02	-3.827444036273861627e+01	9.490140714797968258e+01
5.183126097768406826e-01	1.846810365259843536e+02	-3.919706316441137517e+01	8.448031820121768476e+01
5.246089638029100000e-01	1.794422420798920541e+02	-3.818939382612248323e+01	8.734117472572154384e+01
5.308757308483337267e-01	1.753398945242839773e+02	-4.276220865189043252e+01	8.682939127102241628e+01
5.371573527946726934e-01	1.709012906957495090e+02	-4.470455640133004493e+01	8.266306830243885884e+01
5.434579563783791256e-01	1.662814667641597168e+02	-4.706258147885780119e+01	8.424527652269016187e+01
5.497430652392217842e-01	1.613254761097864503e+02	-4.777286635173804541e+01	7.994040108338789707e+01
5.559937427501778773e-01	1.581681973405744657e+02	-4.900358604570524079e+01	8.077983360456835271e+01
5.622854676609657654e-01	1.518556819980647390e+02	-4.783089288406186057e+01	7.581522469558454702e+01
5.686011537227265711e-01	1.494061004053863826e+02	-4.983637452296492398e+01	7.720105185044332075e+01
5.748804589422079614e-01	1.453156573760465733e+02	-4.874836779374530238e+01	8.151449023240249403e+01
5.811550210340560296e-01	1.420503765337809341e+02	-4.945546059095108404e+01	8.004471840327573773e+01
5.874394496660968468e-01	1.374587198193230222e+02	-5.140593815102027975e+01	7.792142649686581990e+01
5.937176220296899176e-01	1.341390903985974035e+02	-4.969935193561758524e+01	7.451645650288133993e+01
5.999971954793682505e-01	1.325708245589678995e+02	-5.134737519954327922e+01	7.728770309604804822e+01
6.062679115124277596e-01	1.277372237973309552e+02	-5.070605902833988665e+01	7.553716099259109740e+01
6.125469576444534381e-01	1.244695461662564639e+02	-5.029118320152505817e+01	7.294988767807305408e+01
6.188477733041515272e-01	1.215331635816497027e+02	-5.345179099847955939e+01	7.448206620203036721e+01
6.251310567437898813e-01	1.186796221362172616e+02	-5.325673994985886850e+01	7.410295215096698485e+01
6.314027450383210560e-01	1.154043456914008345e+02	-5.231478275090817931e+01	7.356423369449893812e+01
6.377003562732055375e-01	1.138252545549229353e+02	-5.301949971718187982e+01	7.252024548302951246e+01
6.439857783314556494e-01	1.105125044820526483e+02	-5.361599018001918182e+01	6.854828984621678956e+01
6.502685417166111925e-01	1.086801435209388416e+02	-5.502141342778278954e+01	7.232745621211074649e+01
6.565586117699038216e-01	1.062209685826257584e+02	-5.525520489165690208e+01	7.058977969475857606e+01
6.628369282359254377e-01	1.029310875441916409e+02	-5.257580633486966804e+01	6.587305563051046420e+01
6.691185444962194362e-01	1.005134594885616508e+02	-5.278326352248660669e+01	6.902058957175725595e+01
6.754070198575605755e-01	9.866540648163859828e+01	-5.527637397322708779e+01	6.844399416672048631e+01
6.816835514593204692e-01	9.617443140353704223e+01	-5.375728363868353910e+01	6.784976345587834601e+01
6.879592533861698112e-01	9.387500203770544260e+01	-5.285328600144723765e+01	6.352228207950243899e+01
6.942344317039531587e-01	9.249727080746056629e+01	-5.483702782838319933e+01	6.605807052746061458e+01
7.005175402434737908e-01	9.075314135030008345e+01	-5.349556135677062230e+01	6.807738054225224289e+01
7.068124956608716758e-01	8.867336171583514215e+01	-5.437902018367505264e+01	6.446468462877655270e+01
7.131019009674921527e-01	8.672072869250683880e+01	-5.282538375264234531e+01	6.323296464795674865e+01
7.193918251171427247e-01	8.432252980050071756e+01	-5.156599514198203593e+01	6.143760175104947052e+01
7.256833807598113140e-01	8.368887906127099541e+01	-5.349133694742533152e+01	6.437450692518312678e+01
7.319652682709349989e-01	8.139434447894228697e+01	-5.234824332261486290e+01	6.098727849810592261e+01
7.382507990484923344e-01	7.996174809018441465e+01	-5.141392653808980384e+01	6.043964174721139671e+01
7.445265842115937893e-01	7.844113070194060811e+01	-5.165791630435087711e+01	6.146795091925054777e+01
7.507871101942712455e-01	7.659795142835150727e+01	-5.108809686772245584e+01	6.106774644623594384e+01
7.570758465316046459e-01	7.507648123029959208e+01	-5.170350267194484672e+01	6.005384701741026277e+01
7.633641233600957365e-01	7.364166348735646750e+01	-5.026347186773391229e+01	5.934186896370454178e+01
7.696462959862266917e-01	7.243769057921956289e+01	-5.170093772385253317e+01	6.001780907084961569e+01
7.759394865175414102e-01	7.109247274801131766e+01	-4.997183122201295191e+01	5.911588900665220336e+01
7.822329141989586843e-01	6.970633110115088016e+01	-5.007355106517780285e+01	5.847336411807349776e+01
7.885314936520240181e-01	6.832952759773453977e+01	-5.000716925060569906e+01	5.704502485083150987e+01
7.947896566979522071e-01	6.737318955211308946e+01	-5.022132082802335162e+01	5.740515918484778979e+01
8.010491096592354809e-01	6.517659424121021061e+01	-4.763208250417638823e+01	5.539246419372272356e+01
8.073364061727361651e-01	6.440064611677038897e+01	-4.913429622957657017e+01	5.675118345861462643e+01
8.136229488373866170e-01	6.327291281038754533e+01	-4.797774816582315793e+01	5.523120678741241818e+01
8.199152998961036776e-01	6.223079426515383261e+01	-4.762518422388981065e+01	5.594484071849250029e+01
8.261952636392789762e-01	6.115220031765684183e+01	-4.870890787910416719e+01	5.494852611511405627e+01
8.324897070080405914e-01	5.977121725937650609e+01	-4.745985513972608771e+01	5.374677384527318225e+01
8.387959309210778480e-01	5.905051932993508501e+01	-4.745477643478674423e+01	5.398223526170873754e+01
8.450634639703045181e-01	5.749180027004361193e+01	-4.627387168387495819e+01	5.203756491187512268e+01
8.513282867562648182e-01	5.684582259663172721e+01	-4.602006065481126740e+01	5.250306694142130226e+01
8.576198263902009566e-01	5.592224179685598529e+01	-4.583519922236247623e+01	5.219804442997393323e+01
8.639058477062415697e-01	5.528993910950156732e+01	-4.532176878457460134e+01	5.169404404996457458e+01
8.701838745487597837e-01	5.408677125914478978e+01	-4.518734176669436664e+01	5.120350984349928325e+01
8.764641096075268534e-01	5.336561304453312005e+01	-4.517508875941565805e+01	5.135515015291225893e+01
8.827503873399735745e-01	5.207698139096414280e+01	-4.402689644232913224e+01	4.997516755673705546e+01
8.890332768393869323e-01	5.157401645770094945e+01	-4.455026068337444656e+01	5.070160106519232102e+01
8.953084247113127780e-01	5.086029509793965531e+01	-4.364530494653820369e+01	5.052239602632818105e+01
9.015956521667095602e-01	4.948845483236866727e+01	-4.282597588373757702e+01	4.813283395025813860e+01
9.078833328094829680e-01	4.906926460922878164e+01	-4.318464074716700196e+01	4.932917035996786836e+01
9.141744106319863450e-01	4.835655752389082807e+01	-4.286133310339251068e+01	4.809611476411143371e+01
9.204630817717615043e-01	4.735393173295053515e+01	-4.228372545270754301e+01	4.787953985956442438e+01
9.267434415264711456e-01	4.695622187700327999e+01	-4.213964800838713387e+01	4.840123241088454620e+01
9.330324197354928906e-01	4.634033111872539479e+01	-4.234759662735638841e+01	4.803544547671760512e+01
9.393265785573878812e-01	4.546245926799657866e+01	-4.120088457032027662e+01	4.712268304389304063e+01
9.455974810398196650e-01	4.460447409176224909e+01	-4.081049010625297768e+01	4.675220040741538696e+01
9.518660018545171964e-01	4.381717477744387423e+01	-3.979249668285711294e+01	4.569036063409814830e+01
9.581413255531838757e-01	4.351731324876170959e+01	-4.015524666797539055e+01	4.563079795148212270e+01
9.644350945109106954e-01	4.276126328999148996e+01	-4.005333514966776676e+01	4.578936705038249499e+01
9.707355633568249820e-01	4.205094177848900472e+01	-3.949415543112650795e+01	4.511506225597277364e+01
9.770080768450029041e-01	4.171283932298911168e+01	-3.965732079840552871e+01	4.539401110108304493e+01
9.832823325363413414e-01	4.081107859033971152e+01	-3.846055322025019763e+01	4.389406891322639837e+01
9.895569691966674686e-01	4.024878526568053161e+01	-3.845490961127662644e+01	4.454364768079741310e+01
9.958456301921106979e-01	3.965329278117337708e+01	-3.787888893441816407e+01	4.370227100122718866e+01
1.002136210743837408e+00	3.903101593309919082e+01	-3.722046383416580539e+01	4.311192613111337124e+01
1.008404825335135424e+00	3.862701607434587459e+01	-3.737825521385358485e+01	4.318498272205220445e+01
1.014694149836243398e+00	3.810217434032959005e+01	-3.713863902770565772e+01	4.290008176188598554e+01
1.020992555437297167e+00	3.740884036722038530e+01	-3.632621344460058310e+01	4.215921980761478949e+01
1.027273980437394485e+00	3.714620728173894548e+01	-3.657635366456555204e+01	4.250950772793598986e+01
1.033559181896017254e+00	3.635744022367416761e+01	-3.536064003620555241e+01	4.128570426169103769e+01
1.039847557392594934e+00	3.601926622313542481e+01	-3.542670363454905669e+01	4.126148689536751846e+01
1.046126974943305088e+00	3.558780085298916873e+01	-3.527098373778343188e+01	4.097602814308735475e+01
1.052403436811028659e+00	3.520531649262936469e+01	-3.496170406237017403e+01	4.086805196739499024e+01
1.058680704651608684e+00	3.474183488313597934e+01	-3.494778900369637142e+01	4.062515946532208488e+01
1.064964333065789193e+00	3.408245250212840460e+01	-3.407748072829543418e+01	4.026225044976054335e+01
1.071256777440835473e+00	3.379405875765339573e+01	-3.402380123083543850e+01	3.986550796521935780e+01
1.077544048801078125e+00	3.328978971716890101e+01	-3.340723554679779284e+01	3.940574071012391499e+01
1.083824820188043603e+00	3.309336337866016464e+01	-3.362891667349122571e+01	3.984464560955024837e+01
1.090108023942816695e+00	3.251520833487076345e+01	-3.279924735538690328e+01	3.903914723228259476e+01
1.096389665956643222e+00	3.203264949864176714e+01	-3.273775554528816656e+01	3.859239875733310043e+01
1.102681132058841440e+00	3.175398484766290963e+01	-3.225094107450126302e+01	3.857886983540090853e+01
1.108963047594879958e+00	3.131696053867462126e+01	-3.201496494732499087e+01	3.853142053509390053e+01
1.115225428463759272e+00	3.091556269748625851e+01	-3.159520729272562178e+01	3.794402167720080854e+01
1.121502127614767863e+00	3.046493305144229424e+01	-3.125656976651030661e+01	3.761277887459728930e+01
1.127792573824792033e+00	3.033503638411012915e+01	-3.158767283611568999e+01	3.802523706445263230e+01
1.134089552668382961e+00	2.975223432257719125e+01	-3.070135518739849090e+01	3.690278715983920677e+01
1.140364049650405942e+00	2.959252150847893148e+01	-3.057019251485129274e+01	3.733746407819697311e+01
1.146639180320979445e+00	2.913533286727361471e+01	-3.001769560964251582e+01	3.671156568367872097e+01
1.152942412991649901e+00	2.886108138250068933e+01	-2.983754491712344148e+01	3.648627320224825610e+01
1.159228906751078814e+00	2.858811864114498391e+01	-2.970736799600831546e+01	3.657741206347090923e+01
1.165508721887268173e+00	2.812463944014901429e+01	-2.921654675924225231e+01	3.577574879161405619e+01
1.171793076256210320e+00	2.796984263885592625e+01	-2.935599429730797283e+01	3.621981214199419696e+01
1.178087436369658958e+00	2.767707963363536550e+01	-2.890377316614283743e+01	3.560915381183590966e+01
1.184367654251526902e+00	2.726284689511930637e+01	-2.851838964060903692e+01	3.542845617440010386e+01
1.190634642299266632e+00	2.706314622307485962e+01	-2.836546176311769685e+01	3.553438986012187684e+01
1.196912208834400859e+00	2.666716338065297620e+01	-2.766636803621677743e+01	3.481629407069026172e+01
1.203201577354146234e+00	2.630257230324566464e+01	-2.754594982727951447e+01	3.463056367022732474e+01
1.209486844441705733e+00	2.611139049224119191e+01	-2.723526748106701234e+01	3.444962802474127272e+01
1.215763902074809888e+00	2.590478292004792493e+01	-2.706283929585258008e+01	3.452562139907144712e+01
1.222049755171146668e+00	2.573087336907941491e+01	-2.706973849834862023e+01	3.438024501444309067e+01
1.228340616621486969e+00	2.535828003733401559e+01	-2.662695733780655161e+01	3.424822366441443933e+01
1.234632986576932767e+00	2.506957494768333206e+01	-2.630215458465855605e+01	3.377309726809036761e+01
1.240902247176856488e+00	2.474120746754964983e+01	-2.591721260728916576e+01	3.319210668855238566e+01
1.247174839144687519e+00	2.454075046854733344e+01	-2.573213804601390464e+01	3.327010330996279919e+01
1.253465459933442272e+00	2.436486590483869463e+01	-2.557260318156919610e+01	3.331696284625149929e+01
1.259749951892178421e+00	2.399729364808237264e+01	-2.504917758726543298e+01	3.266021237072657613e+01
1.266032143127253873e+00	2.393697926571408274e+01	-2.505991255109540461e+01	3.286224030342864921e+01
1.272316288472006507e+00	2.356614582685840631e+01	-2.453097328655034914e+01	3.224462769285425878e+01
1.278604155058621350e+00	2.338454268602520614e+01	-2.436028483510522236e+01	3.232744133694930611e+01
1.284886588933593865e+00	2.319595503597678388e+01	-2.431354758819358253e+01	3.222698791150746445e+01
1.291175420066583257e+00	2.294675867428301785e+01	-2.394633853237479570e+01	3.170613838268288021e+01
1.297465726373772332e+00	2.265821400915940131e+01	-2.357176691920517797e+01	3.157374078774859427e+01
1.303741827011944299e+00	2.257523949328744450e+01	-2.357553517194860504e+01	3.159099639265363635e+01
1.310017322922761851e+00	2.232901742552565238e+01	-2.344011543835523170e+01	3.133308429252740268e+01
1.316301447662886703e+00	2.214805409959436489e+01	-2.302718880789957723e+01	3.132064920142649811e+01
1.322586760363303249e+00	2.198655188277786365e+01	-2.292492261996255110e+01	3.108372499568797664e+01
1.328865492452874664e+00	2.184499139126863199e+01	-2.280549072558895674e+01	3.108693686168171766e+01
1.335144804954555564e+00	2.160400805660238532e+01	-2.257117983065715450e+01	3.093791509041846766e+01
1.341440516272275119e+00	2.131662338556219538e+01	-2.220731390446844600e+01	3.033319383336608155e+01
1.347730868417094552e+00	2.120833465445480570e+01	-2.201917189168129596e+01	3.037175919341812147e+01
1.354001589994877630e+00	2.107024453282828347e+01	-2.191739319563502875e+01	3.007261846653630855e+01
1.360282609297778444e+00	2.088034679765587498e+01	-2.166172465306564376e+01	3.017803761617806302e+01
1.366565686457597906e+00	2.061941554485244765e+01	-2.124904232609814159e+01	2.963503478262253665e+01
1.372851498482432708e+00	2.043994604533630266e+01	-2.092429690408931009e+01	2.937623069372046203e+01
1.379135372929401804e+00	2.043104530841091204e+01	-2.121164213994569536e+01	2.973641399639339866e+01
1.385409567149057164e+00	2.015563175165455689e+01	-2.068898290752079916e+01	2.927663524496000136e+01
1.391698641219299315e+00	2.000150748279789070e+01	-2.054148149444198879e+01	2.907010934667055935e+01
1.397984451439470810e+00	1.997994356275782124e+01	-2.062189386790921830e+01	2.943378018519611672e+01
1.404267883409181961e+00	1.967842978007126575e+01	-2.007243305565192770e+01	2.872715864054364232e+01
1.410554779484869181e+00	1.949466822254625598e+01	-1.996868462424414759e+01	2.862832329901880613e+01
1.416837833547465397e+00	1.942909813319316115e+01	-1.985601336087388091e+01	2.857548835191517966e+01
1.423118177187137068e+00	1.925265876209536842e+01	-1.964791021536713345e+01	2.820171736382727801e+01
1.429397801164240089e+00	1.918326334809398048e+01	-1.962893277958583838e+01	2.829217705090937685e+01
1.435686921822787232e+00	1.895126116243946157e+01	-1.925851710070078227e+01	2.800260404632291511e+01
1.441977121769299597e+00	1.880758296142253982e+01	-1.917504075817424436e+01	2.780319773583930854e+01
1.448253667853332427e+00	1.870613562709844047e+01	-1.888502230874574650e+01	2.769803177097487534e+01
1.454532348972172651e+00	1.851646898447426892e+01	-1.865512743081808367e+01	2.722431506386886113e+01
1.460819319151879903e+00	1.849168604769402791e+01	-1.862268178426652199e+01	2.745250736203484720e+01
1.467110364402026468e+00	1.826743953498927553e+01	-1.836413448409571458e+01	2.707718360509060673e+01
1.473392908948962132e+00	1.821704760830422387e+01	-1.834675635679241879e+01	2.727347601837405833e+01
1.479669965243598950e+00	1.805197042750839032e+01	-1.814581806128505548e+01	2.691235356785639965e+01
1.485956144602843532e+00	1.789687357558452163e+01	-1.778033977907861996e+01	2.659695383244005384e+01
1.492233610763115115e+00	1.786114367860601249e+01	-1.777906066623438619e+01	2.668077356079412610e+01
1.498502470379980078e+00	1.765321809631169714e+01	-1.749108671211804378e+01	2.638017415427016488e+01
1.504785752051182701e+00	1.757660491737380326e+01	-1.747668067903488165e+01	2.619964674883024003e+01
1.511075991894575976e+00	1.747131853083885389e+01	-1.722383911255973743e+01	2.611102301597554032e+01
1.517361634985162189e+00	1.735918164418771426e+01	-1.717400535891904667e+01	2.602087174019965943e+01
1.523648570969130533e+00	1.728317265878947850e+01	-1.713484082306960588e+01	2.596831416560517525e+01
1.529938035715892264e+00	1.710569262396326096e+01	-1.676110136403115547e+01	2.562674553462180072e+01
1.536230176913891965e+00	1.712458715660937614e+01	-1.703116115529843100e+01	2.583995408614510580e+01
1.542510718779388279e+00	1.688280814042010647e+01	-1.662264521831877317e+01	2.540785425881046677e+01
1.548783963082980275e+00	1.689108030686982076e+01	-1.665392288398625809e+01	2.552453142977765665e+01
1.555073069779651318e+00	1.673691792318579630e+01	-1.642409322035698693e+01	2.516709306651012312e+01
1.561357324927233892e+00	1.666551692444005894e+01	-1.627283566474289245e+01	2.516364680795219755e+01
1.567629121053141006e+00	1.656611194005820309e+01	-1.609392463550301144e+01	2.492595099578378282e+01
1.573913697404382583e+00	1.652606027171725600e+01	-1.615661556739731353e+01	2.502620046450099522e+01
1.580203545230874029e+00	1.636093027841637237e+01	-1.576446951980599387e+01	2.464495343777478098e+01
1.586485393434537983e+00	1.626381455452845159e+01	-1.577338646567130453e+01	2.455450113418887881e+01
1.592760014263005841e+00	1.622674986942300634e+01	-1.565779385773695864e+01	2.459797983057491777e+01
1.599046436394670812e+00	1.608899118211500934e+01	-1.555915613405773712e+01	2.428126122404180975e+01
1.605342136637478934e+00	1.607912869810791889e+01	-1.553628684172688423e+01	2.438570418538289530e+01
1.611619860919608627e+00	1.599151475863251193e+01	-1.546696253651575681e+01	2.416296515858374150e+01
1.617897597081673799e+00	1.589331867154791489e+01	-1.528278286239376271e+01	2.404773977054063039e+01
1.624183235481122756e+00	1.585817404694123667e+01	-1.531335880982322095e+01	2.403386270839258998e+01
1.630464598531913722e+00	1.580317696559266416e+01	-1.520881988618327973e+01	2.395441818336544415e+01
1.636748985747638274e+00	1.566735228525759815e+01	-1.504999184086739028e+01	2.372035156736732020e+01
1.643030923698886259e+00	1.558921324041229539e+01	-1.492629695749543650e+01	2.364616790754646303e+01
1.649309176648513064e+00	1.548904492890538620e+01	-1.471922537788058527e+01	2.332232115606722900e+01
1.655593633940351861e+00	1.547042412838363745e+01	-1.476466674607210017e+01	2.348876409209546878e+01
1.661879571405086464e+00	1.537526718455612063e+01	-1.456442570602510145e+01	2.324067290506634009e+01
1.668169361685170271e+00	1.528339686868430647e+01	-1.450273943299888479e+01	2.299664307552815501e+01
1.674450151530487485e+00	1.523493771045143852e+01	-1.426722462431727223e+01	2.295048047748876741e+01
1.680722718978495900e+00	1.516755112283641971e+01	-1.423838191072434789e+01	2.283633639208074229e+01
1.687013891340952476e+00	1.509967467088985416e+01	-1.418741958963671834e+01	2.274624396294320405e+01
1.693308984907921033e+00	1.503996400312425408e+01	-1.402236467476990001e+01	2.262672851201572755e+01
1.699582147428448486e+00	1.495673910091795022e+01	-1.405057517153798230e+01	2.247231683042869932e+01
1.705863747055134105e+00	1.493916945770170734e+01	-1.398452468270975757e+01	2.248259091188297987e+01
1.712154434283889470e+00	1.486783668845821538e+01	-1.383735686496045503e+01	2.237741385407191430e+01
1.718438381579399321e+00	1.480361067458060020e+01	-1.388831634368491486e+01	2.220913747161075591e+01
1.724721264464063930e+00	1.469445144962231709e+01	-1.351563613130049291e+01	2.197470413678578538e+01
1.730997441276920679e+00	1.465267607531280625e+01	-1.356572157973581660e+01	2.185715522425808288e+01
1.737287073528269499e+00	1.462388431548259859e+01	-1.350064260326186982e+01	2.179613578178676292e+01
1.743567991878527401e+00	1.459407531334947272e+01	-1.350233642152653601e+01	2.182034817088668888e+01
1.749840680212231048e+00	1.448376771428067755e+01	-1.335602632254896527e+01	2.162503976678564399e+01
1.756128549091961144e+00	1.445665753903583095e+01	-1.321702785792404811e+01	2.156873502229565887e+01
1.762413535324792502e+00	1.440376169408107110e+01	-1.322188429403068888e+01	2.138532364973067956e+01
1.768696187669963837e+00	1.434758308385754866e+01	-1.313205138709217756e+01	2.128197063917148668e+01
1.774979359379055266e+00	1.428726627564130602e+01	-1.315425467742831067e+01	2.130881454356721605e+01
1.781265555576432957e+00	1.422311213182509348e+01	-1.297885689972145862e+01	2.104711637532090052e+01
1.787549427830244619e+00	1.421592362671702148e+01	-1.292136981940280904e+01	2.103106186014695922e+01
1.793834120011633004e+00	1.418402861076564037e+01	-1.296034547318435415e+01	2.097738918819047527e+01
1.800115051552487300e+00	1.408969774150193288e+01	-1.280000999593971933e+01	2.075520522009614055e+01
1.806393904854530330e+00	1.403088166095430012e+01	-1.271491041985296988e+01	2.060866443343306997e+01
1.812674089667083432e+00	1.405833182304245099e+01	-1.272868884030629921e+01	2.065927460380391878e+01
1.818956920109354058e+00	1.400886288382331024e+01	-1.268269903344703309e+01	2.052358186225659509e+01
1.825244164118212220e+00	1.393255734339253138e+01	-1.258383218738666898e+01	2.039846663083984524e+01
1.831527256642196955e+00	1.389263400519103087e+01	-1.248737314580381863e+01	2.024135128139688078e+01
1.837811294935716599e+00	1.389980609652991639e+01	-1.264285445357824500e+01	2.041087603215468960e+01
1.844100717411196744e+00	1.383830112927247313e+01	-1.244631376475946283e+01	2.019981970419364359e+01
1.850384816792487230e+00	1.375617250531362501e+01	-1.230741937742114267e+01	2.002873251665519305e+01
1.856666059735203822e+00	1.374614048323168980e+01	-1.232809553121759549e+01	2.000532699996557895e+01
1.862947728675613979e+00	1.373736872121859420e+01	-1.230860618343833757e+01	1.996191983170918505e+01
1.869229324466858078e+00	1.365054960428052766e+01	-1.212954755203552537e+01	1.975342646172895655e+01
1.875517616802973686e+00	1.363310158374412673e+01	-1.210500008075457679e+01	1.966985208556410214e+01
1.881800769033795229e+00	1.351896898794859325e+01	-1.194942994151445603e+01	1.931496163002335820e+01
1.888078863416442710e+00	1.354043589182959550e+01	-1.194330515532705483e+01	1.947465349173863913e+01
1.894353975182237582e+00	1.349929465558846609e+01	-1.192756723913654504e+01	1.936656135986169502e+01
1.900642716154182565e+00	1.346324347404077493e+01	-1.194793197523305395e+01	1.924119979388945723e+01
1.906933494748685121e+00	1.343676948491517287e+01	-1.179776901927986010e+01	1.910096603066307708e+01
1.913207568676573933e+00	1.337909392871137904e+01	-1.176711974492008039e+01	1.906341660694335260e+01
1.919490884732178992e+00	1.341107554944307267e+01	-1.188689357173971928e+01	1.910710814803528024e+01
1.925776855684274480e+00	1.334960242288189036e+01	-1.174649588792217436e+01	1.888176579248889198e+01
1.932064452961978152e+00	1.332626685490528118e+01	-1.166402596661085589e+01	1.881828412455296373e+01
1.938342610030488800e+00	1.329664974855773352e+01	-1.168194719923318381e+01	1.879014841290727134e+01
1.944618341543410178e+00	1.328887797843871788e+01	-1.168549966269136320e+01	1.879839938017336465e+01
1.950906260203513876e+00	1.322392938932544126e+01	-1.158590455269979458e+01	1.855174750528543370e+01
1.957194556613796488e+00	1.323585322300688105e+01	-1.160909885351899185e+01	1.863041815292487868e+01
1.963479614559011432e+00	1.320244433904574421e+01	-1.147589965782073662e+01	1.840591724269443574e+01
1.969760361532916226e+00	1.312350862350749381e+01	-1.135408450831331706e+01	1.821960614327425532e+01
1.976048367034604736e+00	1.316636482101941219e+01	-1.142849244163006084e+01	1.831650293826888642e+01
1.982337990217652335e+00	1.307738425737471566e+01	-1.134214511315292384e+01	1.814747680998919677e+01
1.988617489259562721e+00	1.308758380076540462e+01	-1.130675218361387913e+01	1.804472995289025761e+01
1.994896320665194178e+00	1.304234439009863955e+01	-1.122763551454806397e+01	1.794863799004173543e+01
2.001179596222827151e+00	1.302954206072191212e+01	-1.121705311843647301e+01	1.790008565228715653e+01
2.007459756923499761e+00	1.304859850529544829e+01	-1.128061810642769380e+01	1.797632972913805105e+01
2.013737397779169935e+00	1.296696536124637156e+01	-1.110886056870561234e+01	1.771524395441046096e+01
2.020017234677497164e+00	1.291141624122800380e+01	-1.096581871941865316e+01	1.741900766101882780e+01
2.026310251015072783e+00	1.294431026012747488e+01	-1.114555065504648645e+01	1.765628132326628119e+01
2.032600542948020284e+00	1.289384770160773819e+01	-1.103537565860768765e+01	1.746856015605970569e+01
2.038873863192099289e+00	1.290049911952503336e+01	-1.097772127800940289e+01	1.746745476584533563e+01
2.045154087821675404e+00	1.283679650952755402e+01	-1.086260135549991368e+01	1.720947588604789047e+01
2.051444704514288730e+00	1.284418655657529662e+01	-1.089150805303038894e+01	1.729187211826487669e+01
2.057730430280644729e+00	1.279636860423565459e+01	-1.080247549564472997e+01	1.715355517372517014e+01
2.064013940455224461e+00	1.275531834161342637e+01	-1.076579710129264100e+01	1.704726148531021934e+01
2.070299891179459895e+00	1.272833981796359559e+01	-1.063879161119708172e+01	1.690034490547626689e+01
2.076589719964883951e+00	1.275384012631806030e+01	-1.076046424064841212e+01	1.695097437278929675e+01
2.082865483794470673e+00	1.271911413286068004e+01	-1.070529465471637209e+01	1.683429135514225905e+01
2.089134494859368640e+00	1.268265750782517109e+01	-1.058197110038722322e+01	1.673435535500142635e+01
2.095424211360070288e+00	1.271088897340539958e+01	-1.064546420244025171e+01	1.673039951457137064e+01
2.101707116664804254e+00	1.262861267734622750e+01	-1.048096216814639625e+01	1.656546122730811277e+01
2.107986473933564309e+00	1.264286455809911480e+01	-1.056630327781505230e+01	1.653672715325612685e+01
2.114271806543862375e+00	1.261331264819741982e+01	-1.052000182903842251e+01	1.642188487970273414e+01
2.120552717288892275e+00	1.259741803853049014e+01	-1.042831883984046293e+01	1.633964668296658473e+01
2.126836933207161717e+00	1.252127336537108526e+01	-1.029611554532184492e+01	1.610414455312941939e+01
2.133122044791171845e+00	1.251210079780182838e+01	-1.028652191247346792e+01	1.607138755956103893e+01
2.139411711910842673e+00	1.254162460231779441e+01	-1.025399839353352149e+01	1.611058242633997750e+01
2.145697076775292089e+00	1.250830890964438247e+01	-1.022704178334271852e+01	1.598790677368245206e+01
2.151973548606471276e+00	1.248413740160454211e+01	-1.023368203952631994e+01	1.593507698221435476e+01
2.158259913555724108e+00	1.251866117185249472e+01	-1.029636699231603636e+01	1.600426668163358457e+01
2.164545396699105506e+00	1.241697024860305021e+01	-1.007190575724230541e+01	1.566508419587170842e+01
2.170830700377734068e+00	1.240775621438589305e+01	-1.006033603493099271e+01	1.560676650469826221e+01
2.177114138849150393e+00	1.240698681582630591e+01	-1.005550383547114812e+01	1.563616814456355186e+01
2.183387647576827018e+00	1.240847436277617000e+01	-1.005313446512543862e+01	1.552416572820057716e+01
2.189670273687676971e+00	1.234946404863310399e+01	-9.867427755414944102e+00	1.532657598843345959e+01
2.195960147934207463e+00	1.234295725610753003e+01	-9.907055655183112819e+00	1.527793477318946280e+01
2.202242556317716371e+00	1.237833866313589759e+01	-9.979001992399647136e+00	1.534492184387256586e+01
2.208521655981037668e+00	1.235358927100585902e+01	-9.909223201557127325e+00	1.533444939689005082e+01
2.214804637081333016e+00	1.231743452398220562e+01	-9.856118625647278364e+00	1.517223409998207906e+01
2.221092583349425276e+00	1.230468614220991697e+01	-9.814531297709045532e+00	1.511441951044124821e+01
2.227372893591468728e+00	1.226218509136240797e+01	-9.706208989723265290e+00	1.492953230200111570e+01
2.233657161144248171e+00	1.231387424205458991e+01	-9.817594500589388318e+00	1.506448682928465388e+01
2.239943485394438660e+00	1.223030044421163609e+01	-9.620254591709421987e+00	1.484813700574879114e+01
2.246224175264620815e+00	1.224414219693526462e+01	-9.650090128267159173e+00	1.487223896181848559e+01
2.252506378421252009e+00	1.225763718697160876e+01	-9.646025437881542430e+00	1.481381442112275693e+01
2.258783417054270437e+00	1.217692054805720936e+01	-9.480895157144964003e+00	1.459170149989520127e+01
2.265069077371457684e+00	1.215027556015024324e+01	-9.457582177246488087e+00	1.441243259882110195e+01
2.271350377044131452e+00	1.217014538002229607e+01	-9.446750384602182748e+00	1.447208630414952424e+01
2.277633995145353918e+00	1.217467987202518387e+01	-9.437326209798200694e+00	1.440285073818560591e+01
2.283922419579920149e+00	1.213000707636886766e+01	-9.343897772316116956e+00	1.434379861307932558e+01
2.290202874392252674e+00	1.210161465085725041e+01	-9.265557772119397129e+00	1.414119848035512739e+01
2.296490779970905560e+00	1.209235932816433845e+01	-9.315026068922421132e+00	1.413849012588032927e+01
2.302771769934229162e+00	1.208133514806391240e+01	-9.201061799056084567e+00	1.412040103845169270e+01
2.309051364164305564e+00	1.209328144205330346e+01	-9.249493475386710628e+00	1.409273930769966832e+01
2.315338502539088239e+00	1.203440028079282698e+01	-9.092269384121815179e+00	1.390666504754668864e+01
2.321627336503874428e+00	1.206251082929954777e+01	-9.156413455634025311e+00	1.395336955120559530e+01
2.327911878297218795e+00	1.204124120965639300e+01	-9.133900441842058626e+00	1.385524621438904447e+01
2.334186238580297168e+00	1.201823348774243883e+01	-9.073944815804384945e+00	1.373753969239977302e+01
2.340467971862688401e+00	1.203279870425259723e+01	-9.081322700183795504e+00	1.371900345086822171e+01
2.346756940970738725e+00	1.199111818483762271e+01	-8.982908458337497848e+00	1.369377830151000630e+01
2.353044444556199988e+00	1.200864858831427640e+01	-9.008679971038217715e+00	1.365863267906832768e+01
2.359327653314069906e+00	1.196226276100254005e+01	-8.879784650487524189e+00	1.342998614887213549e+01
2.365603048789861607e+00	1.198301001945115729e+01	-8.914443666346985040e+00	1.345847205944265923e+01
2.371885911737665165e+00	1.195843093503107823e+01	-8.921072177303370765e+00	1.342260492830654961e+01
2.378173303594019572e+00	1.196114197271132973e+01	-8.842914324349221644e+00	1.340668078731531843e+01
2.384454016539381271e+00	1.193314047894130070e+01	-8.712517911935561798e+00	1.327365996005585380e+01
2.390736447344785187e+00	1.193222670158741927e+01	-8.710668538325224475e+00	1.316708278119100761e+01
2.397014133897952259e+00	1.191921137169014422e+01	-8.725160235338329073e+00	1.318462901640356932e+01
2.403295490074321972e+00	1.191847767470322417e+01	-8.723734933525115309e+00	1.317953786533506388e+01
2.409585049672506862e+00	1.185440860913872996e+01	-8.549402752764171609e+00	1.298672921620095089e+01
2.415871703165322071e+00	1.187852202879930630e+01	-8.586819465639957016e+00	1.295416832621100944e+01
2.422160652369088840e+00	1.184030285558789686e+01	-8.505821199979589409e+00	1.287255159698141327e+01
2.428440167222748691e+00	1.187767835680623030e+01	-8.551016626753412453e+00	1.293034355613626651e+01
2.434717472383889803e+00	1.185048542230782687e+01	-8.483079883146615430e+00	1.275731651010333323e+01
2.441002456202044257e+00	1.185624596074143966e+01	-8.448627296282296584e+00	1.278452140048512220e+01
2.447289980304530488e+00	1.181435331716937576e+01	-8.363767305270847885e+00	1.263000191141491868e+01
2.453571844729242279e+00	1.182371251108231291e+01	-8.398882289503047716e+00	1.269715965172292371e+01
2.459852705114058846e+00	1.184062204375797478e+01	-8.347966457709594224e+00	1.266005510958659386e+01
2.466139233225018934e+00	1.180219576966598183e+01	-8.253133729334175328e+00	1.255634058919061502e+01
2.472421963421291391e+00	1.179422351356589083e+01	-8.251601596962471419e+00	1.245577759149533215e+01
2.478698519174224568e+00	1.178606667443657230e+01	-8.177767357890285638e+00	1.239365490791102253e+01
2.484980841400355800e+00	1.177777174897260970e+01	-8.118225890445042836e+00	1.234971372558123193e+01
2.491269319409339822e+00	1.178527407455233522e+01	-8.211609596393293131e+00	1.233372612643154831e+01
2.497548505139029373e+00	1.176185597604681021e+01	-8.101820390803279537e+00	1.224515829292931457e+01
2.503831667172610853e+00	1.178970070070893073e+01	-8.144785679811265666e+00	1.235038714397087034e+01
2.510117938323931153e+00	1.173876333061898869e+01	-8.001953382338538034e+00	1.207946273075600807e+01
2.516400733681277480e+00	1.176191530087624848e+01	-8.095502445581004736e+00	1.215258793611486432e+01
2.522688226833368130e+00	1.174650316624423496e+01	-7.998503892129892989e+00	1.203765750187270278e+01
2.528971695852665569e+00	1.172448720860883320e+01	-7.909641896966178365e+00	1.198406566533382112e+01
2.535252039407670299e+00	1.174345800332688583e+01	-7.942680400135599506e+00	1.201904963764087775e+01
2.541537514142774512e+00	1.171370823726677024e+01	-7.912681676032715217e+00	1.188550528405828821e+01
2.547823008847572179e+00	1.171645060002544447e+01	-7.843633473131619738e+00	1.193447423826005682e+01
2.554100666580690238e+00	1.170803859875415931e+01	-7.835227132814219786e+00	1.187129848862872628e+01
2.560376788884177301e+00	1.172377700364541298e+01	-7.838528389469267665e+00	1.176163686501277894e+01
2.566667521601497359e+00	1.172049535250619456e+01	-7.765620054597309974e+00	1.184532420646630335e+01
2.572955062237090473e+00	1.168661465402167465e+01	-7.747299494950071974e+00	1.171650950020488757e+01
2.579233771797999175e+00	1.167050080167839177e+01	-7.655112397648731637e+00	1.161226212107274769e+01
2.585520164300948220e+00	1.169974372185640199e+01	-7.630473155910719285e+00	1.157735499560612524e+01
2.591805130332431872e+00	1.167375938028187399e+01	-7.563559359964608042e+00	1.152739908161253624e+01
2.598084074692260881e+00	1.168692686515707457e+01	-7.602705879665099253e+00	1.162743358068286881e+01
2.604360404197643586e+00	1.166012810944247846e+01	-7.529162499867357639e+00	1.143630886722987761e+01
2.610647185140439142e+00	1.168053455656109740e+01	-7.605585784797944449e+00	1.150233171731559700e+01
2.616931864059273138e+00	1.169132208467987866e+01	-7.552642453095689490e+00	1.145232277596066162e+01
2.623206107911065565e+00	1.166021894712056195e+01	-7.459855117300184801e+00	1.138036738340072951e+01
2.629491626543270844e+00	1.163016566557327636e+01	-7.379973612911432390e+00	1.129096454998876631e+01
2.635778507982642349e+00	1.164611842396273467e+01	-7.341573084965337337e+00	1.125576381118826497e+01
2.642061039325260818e+00	1.165504500023093470e+01	-7.357606735007044207e+00	1.131514062675328880e+01
2.648343840729305843e+00	1.165868625477333431e+01	-7.377215749279470991e+00	1.126454618329296231e+01
2.654631838974855551e+00	1.160725527696958004e+01	-7.231626223200589898e+00	1.108347156273043765e+01
2.660919001246303761e+00	1.164921842485078507e+01	-7.315456228618701928e+00	1.117654231992850811e+01
2.667198525130066056e+00	1.165278264217933035e+01	-7.294393428652091949e+00	1.114946394274675789e+01
2.673484307038032526e+00	1.163809847395584640e+01	-7.209131224587304487e+00	1.118522308564498502e+01
2.679773388053849459e+00	1.163713737586771302e+01	-7.169024029616335447e+00	1.106280575030027791e+01
2.686058217632288692e+00	1.166011889487034558e+01	-7.193994250415201464e+00	1.105752702274254240e+01
2.692338738200057868e+00	1.166543477554328767e+01	-7.225883284373733950e+00	1.117215151607494050e+01
2.698618022887226964e+00	1.165469225547507115e+01	-7.081776989311910242e+00	1.094090994194156430e+01
2.704895450708277860e+00	1.161647964833457003e+01	-7.019268810900525679e+00	1.086485599480758779e+01
2.711175674923682166e+00	1.164491883603420241e+01	-7.059075706105437220e+00	1.092965435809487218e+01
2.717459832966957922e+00	1.166437458858548304e+01	-7.056364772876515978e+00	1.098701594986589569e+01
2.723745731959044569e+00	1.167002019905897114e+01	-7.008802686903071510e+00	1.093204713465101463e+01
2.730038414850594730e+00	1.164637388442225152e+01	-7.001507174029787173e+00	1.087249412836754736e+01
2.736317989800789441e+00	1.165650727132502595e+01	-6.987338962377764418e+00	1.088169342203449830e+01
2.742591858549239703e+00	1.166598241650279100e+01	-6.904110659316346599e+00	1.087807042218007503e+01
2.748879749010778362e+00	1.167400527653943065e+01	-6.928167458691816272e+00	1.083941175929587253e+01
2.755163403825859447e+00	1.163802013774690991e+01	-6.841624003904571261e+00	1.077278414373885340e+01
2.761446955625852073e+00	1.165111497773377458e+01	-6.824861367322808015e+00	1.069604614967804679e+01
2.767732088935374701e+00	1.166809951886051344e+01	-6.832665244043341524e+00	1.069975003509707179e+01
2.774015452421743966e+00	1.166525305506181276e+01	-6.750179262761779597e+00	1.074182916255969999e+01
2.780298635700591436e+00	1.167027218406502342e+01	-6.767904826047680622e+00	1.070268500533743605e+01
2.786577474762241380e+00	1.167282902814099188e+01	-6.709222979472063919e+00	1.064723465652360446e+01
2.792857983210164541e+00	1.168399740484969485e+01	-6.713075086084241860e+00	1.071192109985418561e+01
2.799143790920211483e+00	1.169657668654931726e+01	-6.688035512607857669e+00	1.068891346242917706e+01
2.805430058399325244e+00	1.170430662902651164e+01	-6.706337407521200333e+00	1.066550366598747601e+01
2.811715058209780072e+00	1.167886329087630060e+01	-6.641269078643645685e+00	1.058645708704149691e+01
2.817989272498773623e+00	1.172807757565169418e+01	-6.684238237655220516e+00	1.072269433607554312e+01
2.824269171595737760e+00	1.170629997722774007e+01	-6.621120837193958941e+00	1.061047581957281771e+01
2.830563016441804081e+00	1.175184900437846913e+01	-6.619427534643164357e+00	1.069263871820878720e+01
2.836848750951622034e+00	1.173301936585562188e+01	-6.597559830983082740e+00	1.063342563203798363e+01
2.843130027866129783e+00	1.174327221403676980e+01	-6.546221306029047504e+00	1.067364071641177325e+01
2.849413896912404986e+00	1.175008204341593476e+01	-6.492820473287183702e+00	1.063705613025040542e+01
2.855697464522425566e+00	1.176357916208894849e+01	-6.558487013880969663e+00	1.062377559379831027e+01
2.861978799810683594e+00	1.176292072227048102e+01	-6.492273473073563395e+00	1.064026219787861471e+01
2.868262469415629567e+00	1.176862984958180114e+01	-6.489496991282098115e+00	1.056657514148602317e+01
2.874547359206753860e+00	1.180700641649273486e+01	-6.488433050865676677e+00	1.068343014068475583e+01
2.880831111471525041e+00	1.178800560542207165e+01	-6.428101123365037139e+00	1.052149458704001184e+01
2.887113216972382546e+00	1.183585472461473564e+01	-6.488176230410066303e+00	1.063626214231712019e+01
2.893394504725182781e+00	1.181764961277805348e+01	-6.363366076650632586e+00	1.059711101046556969e+01
2.899673662137033592e+00	1.183705349816033348e+01	-6.412416061045377091e+00	1.061599842186720544e+01
2.905953958587380814e+00	1.183632270324873481e+01	-6.362488931339555620e+00	1.061392536937322362e+01
2.912241118105161064e+00	1.187417680914732721e+01	-6.355313397189988223e+00	1.062841432535857678e+01
2.918525996366671205e+00	1.188190136690583465e+01	-6.347277650661777848e+00	1.063057815586885191e+01
2.924809035425688819e+00	1.187871739421770023e+01	-6.296795333368149450e+00	1.060007321550402892e+01
2.931095916293684933e+00	1.190092101297002003e+01	-6.310948959604777642e+00	1.063762326274386183e+01
2.937378182606774413e+00	1.190974161352925265e+01	-6.256000006652137735e+00	1.064442051939634126e+01
2.943659980254369923e+00	1.192174538107473047e+01	-6.269214905109810054e+00	1.059261096386432399e+01
2.949946454403890250e+00	1.194244769612718216e+01	-6.253694712310173820e+00	1.063677653538776369e+01
2.956227653702202307e+00	1.194911346009209474e+01	-6.227601363440806281e+00	1.069592427082755925e+01
2.962510478867462993e+00	1.200165353793373058e+01	-6.245148110435853717e+00	1.074790117845350146e+01
2.968796535179442309e+00	1.200791133553690671e+01	-6.218906686859368982e+00	1.073052033528168003e+01
2.975077657376874907e+00	1.201192587857917893e+01	-6.187379601568046006e+00	1.069848308768358969e+01
2.981359866759223376e+00	1.203143139686828356e+01	-6.128716349297553379e+00	1.072230509453375724e+01
2.987646761575656562e+00	1.204217217844381338e+01	-6.162924140919970206e+00	1.075630352187467231e+01
2.993929038370399365e+00	1.207573175122404763e+01	-6.144167226159341411e+00	1.079541327420808372e+01
3.000206214840962726e+00	1.209000426172527654e+01	-6.168802105105659628e+00	1.081752164749607203e+01
3.006486172402415669e+00	1.212199562833450805e+01	-6.200548839513726485e+00	1.079816693957039497e+01
3.012769812211594456e+00	1.215778723609796685e+01	-6.174603667031100862e+00	1.094774980268463693e+01
3.019053144326170113e+00	1.216861884958586693e+01	-6.155662484199075912e+00	1.092749992991178232e+01
3.025337405144251424e+00	1.219802735451496645e+01	-6.178065982155930058e+00	1.097755523462282845e+01
3.031623734799107961e+00	1.220928368827545718e+01	-6.133847949405083710e+00	1.102834354859074395e+01
3.037908962055872575e+00	1.223622893794033217e+01	-6.120137939514122216e+00	1.101800682079582927e+01
3.044195067146031608e+00	1.222729730548995519e+01	-6.063557177254325303e+00	1.099508310641151532e+01
3.050475543482170426e+00	1.227718312604666906e+01	-6.120955891805360594e+00	1.094927967546557568e+01
3.056754954538277502e+00	1.230412157275194396e+01	-6.021341066425383026e+00	1.106743808346835500e+01
3.063040539557494668e+00	1.234023708545179510e+01	-6.086108152822709449e+00	1.118277062703965008e+01
3.069323699454357346e+00	1.235671983076677805e+01	-6.125238141802426206e+00	1.122271881796488380e+01
3.075610692642898769e+00	1.237422312322246576e+01	-6.039373237244456405e+00	1.122413323368663463e+01
3.081893798009918584e+00	1.242519208815222242e+01	-6.073074639751109949e+00	1.130494376827195246e+01
3.088174549548037717e+00	1.244268416922050768e+01	-6.062248029410957528e+00	1.128948313100210044e+01
3.094458635632868493e+00	1.246180049604414108e+01	-6.073607261021564341e+00	1.134957764871469621e+01
3.100743982931558840e+00	1.250330865184866624e+01	-6.064726580031450709e+00	1.139913329112837204e+01
3.107028111748448396e+00	1.252779988366124186e+01	-6.074361051316296667e+00	1.146371014077726969e+01
3.113309299655494300e+00	1.258312851286889433e+01	-6.070807884766763252e+00	1.156440527196977897e+01
3.119590662867241626e+00	1.259028847070893242e+01	-6.042566019376589104e+00	1.158471576542065939e+01
3.125874006820172912e+00	1.262059334093562946e+01	-6.043852572947676194e+00	1.161681053913274653e+01
3.132159251154602586e+00	1.268223117113486786e+01	-6.142123960639325198e+00	1.170874097400836078e+01
3.138439172765940643e+00	1.270473950500492322e+01	-6.062840277022231383e+00	1.174064250350871497e+01
3.144723867719826593e+00	1.273930959653876371e+01	-6.114005664386556127e+00	1.174774881181098429e+01
3.151003951258561031e+00	1.277939140026246712e+01	-6.100948995770162142e+00	1.185159905151666671e+01
3.157283664131563139e+00	1.283631174042535150e+01	-6.115617584009537921e+00	1.202150153942550048e+01
3.163569317183839935e+00	1.283830349916257951e+01	-6.041158537264253781e+00	1.197395734350522467e+01
3.169851661717792091e+00	1.289236452116100651e+01	-6.132240057381988407e+00	1.209432581224260339e+01
3.176137704316093657e+00	1.290729968343891265e+01	-6.081970406709658050e+00	1.212119539441697036e+01
3.182420924828643916e+00	1.297105258294110008e+01	-6.108962807985615306e+00	1.224746561899246977e+01
3.188702811875577581e+00	1.299687646735181090e+01	-6.138763952859981110e+00	1.223700376152224578e+01
3.194990520008989865e+00	1.304119830161138260e+01	-6.096971171727561867e+00	1.236280953923404979e+01
3.201275324656983834e+00	1.310231923344781002e+01	-6.139375507587041092e+00	1.243950364866078218e+01
3.207551352179861759e+00	1.313726020552073770e+01	-6.168896164439022556e+00	1.252873550952982384e+01
3.213835216737041645e+00	1.315908951483057088e+01	-6.077676395955276867e+00	1.252551784987801398e+01
3.220122579819103770e+00	1.313792890050784656e+01	-5.939504864692207953e+00	1.219040649952332345e+01
3.226406606618656525e+00	1.302393016985391760e+01	-5.654695105589395254e+00	1.142717515267433726e+01
3.232687390085645429e+00	1.293342742971523762e+01	-5.467328528045372948e+00	1.065862001846701190e+01
3.238969121280456331e+00	1.286072144062280209e+01	-5.230719950189608447e+00	1.004509972568788712e+01
3.245254751548589667e+00	1.277272888433549980e+01	-5.007279573074082002e+00	9.285272053310091422e+00
3.251534499036136783e+00	1.271655584751978729e+01	-4.869969593686692910e+00	8.734994945000480016e+00
3.257817780791052442e+00	1.265793559896775200e+01	-4.705319129685205048e+00	8.241557588743209095e+00
3.264102164154097263e+00	1.262337372604715036e+01	-4.590185774103172633e+00	7.673867002720434982e+00
3.270384152138468892e+00	1.260844200235489510e+01	-4.465468466088454491e+00	7.130548613737422770e+00
3.276669427476867735e+00	1.255197987763742695e+01	-4.374726475970833306e+00	6.627477817128516691e+00
3.282954688864507808e+00	1.250460531467012082e+01	-4.211732667402238839e+00	6.163111609152453596e+00
3.289237200334947264e+00	1.246742948283556451e+01	-4.068078390689865209e+00	5.599302974998057181e+00
3.295519587088236779e+00	1.246654268643905183e+01	-4.040799448473872069e+00	5.250080864449955698e+00
3.301805977329951958e+00	1.243629894238602773e+01	-3.921286805562824718e+00	4.776956523402629884e+00
3.308087486222440088e+00	1.243378390606221373e+01	-3.879109251259610591e+00	4.347509447057301912e+00
3.314367630234227313e+00	1.237167884511721816e+01	-3.751542956709200016e+00	3.780364960085812687e+00
3.320651909732194262e+00	1.235805143232167502e+01	-3.669399810938896778e+00	3.490641751164905049e+00
3.326931260376857047e+00	1.232940820581341690e+01	-3.630773270795516705e+00	2.911819270546360805e+00
3.333216512447217728e+00	1.233976768720264694e+01	-3.611007587007542874e+00	2.615350355375567926e+00
3.339504489419978128e+00	1.230563601496040071e+01	-3.496527767053955404e+00	2.232525257530263652e+00
3.345786804809928405e+00	1.228943246063874817e+01	-3.463475735116039456e+00	1.809133430722727365e+00
3.352071130016277767e+00	1.228315361399948102e+01	-3.394881400119863279e+00	1.397182514861521119e+00
3.358351496304225581e+00	1.229190931598014025e+01	-3.338975945311899007e+00	1.032409483029402830e+00
3.364630591073392019e+00	1.225517307727309380e+01	-3.267589733981631550e+00	5.873386426865025989e-01
3.370916305215045483e+00	1.225179481649054836e+01	-3.226941878569940414e+00	3.068465314019619417e-01
3.377197952029413752e+00	1.223553521156748047e+01	-3.134473342777536864e+00	-8.705158144927560571e-02
3.383483063818085501e+00	1.227013552844936761e+01	-3.186133886128137416e+00	-4.122289040111744574e-01
3.389769992424469969e+00	1.224116219806460570e+01	-3.125443778663496985e+00	-7.811212919030959823e-01
3.396051330885982100e+00	1.223867012215243477e+01	-3.019657453601563457e+00	-1.154745480710289707e+00
3.402330879139463971e+00	1.224299470420459102e+01	-3.017081530233855613e+00	-1.465647679036501616e+00
3.408610488352048495e+00	1.223667633720491210e+01	-3.036171511621854613e+00	-1.748991129471658468e+00
3.414897837696641236e+00	1.223790719004562000e+01	-2.974081389153551580e+00	-2.121403021445608772e+00
3.421180484052105619e+00	1.222984063795578002e+01	-2.939166685677402580e+00	-2.404655509067525898e+00
3.427461639653846870e+00	1.222081710336850868e+01	-2.902597139594286446e+00	-2.831771815890018029e+00
3.433749159643459059e+00	1.224335530171088848e+01	-2.898642387622280658e+00	-3.050567293610057629e+00
3.440032646656798310e+00	1.225777165086543619e+01	-2.854100002069017261e+00	-3.364308456058451302e+00
3.446313366033385339e+00	1.224602103231372929e+01	-2.811619371352540586e+00	-3.691600522900541748e+00
3.452600135384134905e+00	1.223430373129983906e+01	-2.772381258364697398e+00	-4.031963503334711874e+00
3.458883152815406703e+00	1.225250044061398569e+01	-2.796532881643406743e+00	-4.319247946868054022e+00
3.465163834403715448e+00	1.227731736905335147e+01	-2.757517452897459975e+00	-4.594726731046003820e+00
3.471449329786229221e+00	1.224824396671278848e+01	-2.677562946653575082e+00	-4.928347525645441429e+00
3.477734476754053894e+00	1.228269687049321313e+01	-2.722414208505838928e+00	-5.195212696610526315e+00
3.484019652467224226e+00	1.227587622087249564e+01	-2.653667810933393767e+00	-5.549302508484504237e+00
3.490297019369712928e+00	1.228417641386516301e+01	-2.653352509862359376e+00	-5.725771180579641850e+00
3.496582486484379970e+00	1.228977003442017057e+01	-2.610451216680191866e+00	-6.066873088441083084e+00
3.502868048046865024e+00	1.228410572072965579e+01	-2.588923481123383219e+00	-6.369134724193010300e+00
3.509144649545451244e+00	1.230404918130922276e+01	-2.578637072346478210e+00	-6.710425584894688100e+00
3.515428082003116295e+00	1.232552291099574582e+01	-2.541580164835502309e+00	-6.937515997333242090e+00
3.521711031624695565e+00	1.232846998044625408e+01	-2.546571594261486826e+00	-7.204304004251461002e+00
3.527991850954735664e+00	1.233596848804483415e+01	-2.480281156890675742e+00	-7.523046511039458650e+00
3.534275545726699885e+00	1.232097422231557182e+01	-2.511864207739348487e+00	-7.767008943340218075e+00
3.540562632020772149e+00	1.236730500351882966e+01	-2.498947526482772297e+00	-7.999146102372912459e+00
3.546844410757220789e+00	1.236069434929033228e+01	-2.487880477515798550e+00	-8.213413906465586223e+00
3.553131386753758836e+00	1.237880954469487449e+01	-2.503075153671341369e+00	-8.505278468096639344e+00
3.559419203211965144e+00	1.238381986995981876e+01	-2.441084401133244430e+00	-8.816763494123527778e+00
3.565697971577579839e+00	1.239861276176909399e+01	-2.447227014793156741e+00	-9.036497644884260438e+00
3.571979559134798254e+00	1.242156801197794636e+01	-2.422160620340459314e+00	-9.291032735021783395e+00
3.578265774595833726e+00	1.244155001846188213e+01	-2.386139045267654968e+00	-9.561990120751096001e+00
3.584548309769353125e+00	1.242564599678090431e+01	-2.394801297052086664e+00	-9.752210822629603371e+00
3.590826843920031486e+00	1.247510240668057158e+01	-2.358514270628765175e+00	-1.009068928326220238e+01
3.597107306745233934e+00	1.247149142061422822e+01	-2.361871844266484999e+00	-1.029648803856637507e+01
3.603392831792229245e+00	1.246954426538020400e+01	-2.358746751575899747e+00	-1.048999371745360776e+01
3.609673209822572559e+00	1.252397344138318047e+01	-2.354789329601747916e+00	-1.079300118879107018e+01
3.615955412133016189e+00	1.254645654519359788e+01	-2.336626359659867536e+00	-1.099003028032648466e+01
3.622241607772384686e+00	1.252684810808261417e+01	-2.321809985834081047e+00	-1.125070367945557237e+01
3.628520252736676444e+00	1.257364509550702003e+01	-2.337178370917103454e+00	-1.147655341517868699e+01
3.634804827569451113e+00	1.257729617734950978e+01	-2.293842376066025590e+00	-1.176460217179124967e+01
3.641094981788862928e+00	1.260663309421675926e+01	-2.260427232429767397e+00	-1.203353556162629445e+01
3.647383514928639325e+00	1.261531368748929260e+01	-2.212313104814850107e+00	-1.229254611391149510e+01
3.653663283927725658e+00	1.265436641282991204e+01	-2.256207429542762988e+00	-1.246618871638744253e+01
3.659943504072155296e+00	1.265908065749566092e+01	-2.290299807529964315e+00	-1.263375030362424489e+01
3.666232000281138603e+00	1.267156281355002179e+01	-2.232714572288530874e+00	-1.289653754883639358e+01
3.672514211678317597e+00	1.269778919547289853e+01	-2.218044152772836952e+00	-1.317042925660176422e+01
3.678794154686042539e+00	1.272499151977186571e+01	-2.199006283102785453e+00	-1.341881213069376955e+01
3.685078621861909820e+00	1.271453045115478098e+01	-2.149732991411400729e+00	-1.368525577740795995e+01
3.691359210097977961e+00	1.276062890724310783e+01	-2.197621626193750011e+00	-1.383834347788783070e+01
3.697642368173791105e+00	1.277583891693677032e+01	-2.136400148807487742e+00	-1.409593152819383199e+01
3.703925796735277665e+00	1.281106700035213564e+01	-2.181200101249138879e+00	-1.429997750288311664e+01
3.710208240364660348e+00	1.281680071112169550e+01	-2.130960258577664135e+00	-1.456598888947140225e+01
3.716494593122387169e+00	1.283426147778161841e+01	-2.150618712322866166e+00	-1.476109784885176524e+01
3.722775386659595398e+00	1.286535176044765905e+01	-2.156461224515845654e+00	-1.493507767848759826e+01
3.729058392883481510e+00	1.290288409233692946e+01	-2.128633072066318466e+00	-1.521129116847844998e+01
3.735339748210807720e+00	1.290122128398494894e+01	-2.130621790782614600e+00	-1.537489457935645376e+01
3.741620776392969638e+00	1.294153584787464695e+01	-2.065219053177558273e+00	-1.570595438103358354e+01
3.747904795418762980e+00	1.296113671084347452e+01	-2.103353051638918725e+00	-1.580292855409507879e+01
3.754190633281219380e+00	1.296850088084641861e+01	-2.084845819992865223e+00	-1.604477752492608289e+01
3.760478208018912749e+00	1.299604140961404575e+01	-2.080770148833009259e+00	-1.627772709816800756e+01
3.766755538573464346e+00	1.302621538916526056e+01	-2.091757150806379251e+00	-1.647741964631871170e+01
3.773032090135151506e+00	1.304055347973775270e+01	-2.027960072754408483e+00	-1.673011482931182670e+01
3.779322553012896879e+00	1.309528146973941709e+01	-2.059318974589797957e+00	-1.688663599471354004e+01
3.785609109731308930e+00	1.311104158823906651e+01	-1.980670705732890724e+00	-1.726462504106313389e+01
3.791889825936295200e+00	1.313046547597143210e+01	-2.008902734638402077e+00	-1.737262486043647769e+01
3.798174822702435893e+00	1.316750875250811070e+01	-2.011972012886054983e+00	-1.758972161359471542e+01
3.804458658753491651e+00	1.320587549384872084e+01	-2.031305277281068467e+00	-1.781126299844805771e+01
3.810738438095723435e+00	1.321703383078032168e+01	-2.056345945476347303e+00	-1.791907234213578803e+01
3.817018850285747167e+00	1.324722778104474052e+01	-1.991378958580498182e+00	-1.819936957758465113e+01
3.823305314209427763e+00	1.328706020977955760e+01	-2.014076364344747017e+00	-1.842220309427275993e+01
3.829591295197792178e+00	1.329516491950031565e+01	-1.950310768225939517e+00	-1.865824805181771850e+01
3.835872296070849341e+00	1.333050653429045163e+01	-1.983828442509863565e+00	-1.885397611569610632e+01
3.842156279590906109e+00	1.336407524565290572e+01	-1.962283070339624347e+00	-1.903380819892294085e+01
3.848441511099312429e+00	1.339957365356051966e+01	-1.924230980305894567e+00	-1.934433063170965994e+01
3.854723334376886079e+00	1.344307223594388923e+01	-1.989738655664008649e+00	-1.942459151311080490e+01
3.861004740704794713e+00	1.345405817879576027e+01	-1.926112445553508801e+00	-1.970582131541155846e+01
3.867284336650660848e+00	1.349359746751025746e+01	-1.923325490363908763e+00	-1.996413963768301869e+01
3.873567367678779849e+00	1.353958139565975571e+01	-1.902974497578931112e+00	-2.016276310669706717e+01
3.879850662830422792e+00	1.353581042904065157e+01	-1.897663573269320780e+00	-2.032554646907280826e+01
3.886137063198143338e+00	1.358985095416114675e+01	-1.940497570857282250e+00	-2.045013055948268388e+01
3.892419463049126005e+00	1.360065965615503636e+01	-1.898643612714323359e+00	-2.070766764268205407e+01
3.898703740328622658e+00	1.364594366763564004e+01	-1.827695520017774244e+00	-2.102599371885012758e+01
3.904991458788179326e+00	1.369162610261381907e+01	-1.913815186970409421e+00	-2.113508144869317462e+01
3.911270842222104083e+00	1.370390051824288946e+01	-1.867895581967130125e+00	-2.135085463015673213e+01
3.917549806479573071e+00	1.376441956110157072e+01	-1.846894171842532684e+00	-2.159460615260689309e+01
3.923836006203090587e+00	1.378643610779844764e+01	-1.891618179817336154e+00	-2.178341971537825117e+01
3.930121452497870926e+00	1.382099589416233876e+01	-1.885313266843801738e+00	-2.194188338158144447e+01
3.936398172858230460e+00	1.384789070836458791e+01	-1.791868086212708766e+00	-2.222916794660713791e+01
3.942683040425962293e+00	1.390427239938052217e+01	-1.906874363962430152e+00	-2.231526806590175838e+01
3.948974759704379611e+00	1.397055673510194396e+01	-1.854023727907637920e+00	-2.264206946649092700e+01
3.955259227995065352e+00	1.395898195661503749e+01	-1.772901945859476136e+00	-2.288296522635925712e+01
3.961537174921395454e+00	1.403777813799466756e+01	-1.871325221962156116e+00	-2.296722266757673125e+01
3.967820217617139544e+00	1.404853117382915606e+01	-1.768339000016847296e+00	-2.335773376224972253e+01
3.974105559832568968e+00	1.409982870743015049e+01	-1.842274487695340524e+00	-2.343371154714804305e+01
3.980384727931198352e+00	1.413331996903360022e+01	-1.829374562084640665e+00	-2.361805620779553294e+01
3.986664590839849698e+00	1.419221275670927795e+01	-1.706981533225458092e+00	-2.406650714263374624e+01
3.992949619150675034e+00	1.423106618951187485e+01	-1.786433266695229838e+00	-2.408630924326485356e+01
3.999235075769965952e+00	1.424887230027592544e+01	-1.756436287742438873e+00	-2.432983857128467520e+01
4.005515715515433506e+00	1.430373260949535918e+01	-1.737318810950217562e+00	-2.455409009510069396e+01
4.011798434346478537e+00	1.434603126216148006e+01	-1.757907799242995450e+00	-2.473417019342970846e+01
4.018083716245132386e+00	1.437419715208254800e+01	-1.734867426836134374e+00	-2.498377248784030513e+01
4.024365700052603856e+00	1.443998998151336188e+01	-1.750544047573901585e+00	-2.512585021585326217e+01
4.030643960839860540e+00	1.445118092523440545e+01	-1.722890363655430246e+00	-2.542668848575061347e+01
4.036928708926215137e+00	1.451419913661976402e+01	-1.732908430552979384e+00	-2.559238524038317308e+01
4.043218157412017177e+00	1.454703955790233216e+01	-1.690670720185762699e+00	-2.582617648200575289e+01
4.049503019487663558e+00	1.458627712720435632e+01	-1.699537926594625770e+00	-2.604331275018840941e+01
4.055781898960511000e+00	1.466287092015599391e+01	-1.689228984398207123e+00	-2.632300199314027367e+01
4.062060795621602161e+00	1.469564092428638347e+01	-1.668892914518801840e+00	-2.657004064474206828e+01
4.068347865354716042e+00	1.476133621460083489e+01	-1.731557431879500397e+00	-2.667225803005618445e+01
4.074631027173265529e+00	1.479224450927231160e+01	-1.652689136001952441e+00	-2.700060750110660024e+01
4.080910837526078971e+00	1.482866615792417520e+01	-1.669780907734551789e+00	-2.713124905549421939e+01
4.087201203341442657e+00	1.490258611862295268e+01	-1.639551589421747613e+00	-2.746808036933120789e+01
4.093486818591942189e+00	1.492805302238968501e+01	-1.651657480614888929e+00	-2.763046757074457815e+01
4.099764387336505500e+00	1.500973638319556969e+01	-1.674432784056575585e+00	-2.783630525811328127e+01
4.106049166937662420e+00	1.501534051227942079e+01	-1.579221942221356034e+00	-2.817739909680356902e+01
4.112334559041358695e+00	1.509993601137287556e+01	-1.667759549954744180e+00	-2.826447125480275346e+01
4.118618926059533614e+00	1.513924483715153002e+01	-1.596024518044559137e+00	-2.857378178525384271e+01
4.124898942031112625e+00	1.517932139518752521e+01	-1.573480276016372192e+00	-2.882050090318552904e+01
4.131175432561665417e+00	1.527229799995642168e+01	-1.641562390020178785e+00	-2.895402672270433797e+01
4.137461563786142271e+00	1.530470639965690083e+01	-1.568087110911645210e+00	-2.936436596855260106e+01
4.143746006210170307e+00	1.534747855331879229e+01	-1.651375432048712399e+00	-2.932644411604134760e+01
4.150029800482964326e+00	1.538880207613098605e+01	-1.591404630022137390e+00	-2.971777157882264575e+01
4.156313390684649001e+00	1.548410522848411475e+01	-1.585889134169372605e+00	-2.999049920561899185e+01
4.162596105843763716e+00	1.553548485631544729e+01	-1.563935711572378873e+00	-3.023519132983334146e+01
4.168881843141768684e+00	1.555822193974864831e+01	-1.525371632818720569e+00	-3.047692325655049927e+01
4.175162111073220217e+00	1.564611214694775754e+01	-1.593258388464500852e+00	-3.061246066369631080e+01
4.181448573417560155e+00	1.569731763261976454e+01	-1.593726106493353223e+00	-3.089048701386476381e+01
4.187738782464171194e+00	1.575892004397593205e+01	-1.517602483607210173e+00	-3.122500977970841518e+01
4.194017437180169061e+00	1.580370966126463905e+01	-1.554523211252622161e+00	-3.135963276230792118e+01
4.200293572701767175e+00	1.585239635541496028e+01	-1.482147533492532032e+00	-3.176945512002795269e+01
4.206580195481546269e+00	1.593381950188919127e+01	-1.531880374235986553e+00	-3.187293798234115982e+01
4.212860644652220543e+00	1.598037530682720586e+01	-1.486037126876858849e+00	-3.227874181701572098e+01
4.219138153430114002e+00	1.604304977650291875e+01	-1.453210333048426062e+00	-3.250499963486793575e+01
4.225426162098283811e+00	1.607202929654446066e+01	-1.428376771465458717e+00	-3.280164744188083148e+01
4.231713506719782636e+00	1.617840033415686563e+01	-1.490303886465659700e+00	-3.300033357318051230e+01
4.237990056577191744e+00	1.627855809532308129e+01	-1.479889612923837694e+00	-3.331848404742562053e+01
4.244267783646744618e+00	1.627197219088397873e+01	-1.368900690086436889e+00	-3.370635859626079167e+01
4.250560660182562955e+00	1.638878858208072486e+01	-1.522467518681436704e+00	-3.372297425206867416e+01
4.256847734842668096e+00	1.644146594589168586e+01	-1.397652811957029284e+00	-3.425456334742358422e+01
4.263127100734456221e+00	1.649391138729031070e+01	-1.422576777526010972e+00	-3.437732759200351040e+01
4.269406860432507500e+00	1.653062454652639346e+01	-1.395908367305969344e+00	-3.461071062713084245e+01
4.275691671482192646e+00	1.658361373001801553e+01	-1.406498842831263918e+00	-3.492715475991516172e+01
4.281972414189518794e+00	1.667514090350550404e+01	-1.413878729988281346e+00	-3.513740581710140987e+01
4.288253516806755705e+00	1.673230555961721677e+01	-1.352648583707109164e+00	-3.556171439577944682e+01
4.294540520160492925e+00	1.679423089283926629e+01	-1.326337452496618941e+00	-3.579954530958428194e+01
4.300825742921731809e+00	1.689514294526875204e+01	-1.306005152927480539e+00	-3.623697425071569711e+01
4.307109835491901961e+00	1.693664706882741910e+01	-1.344847917970856788e+00	-3.643356080496673144e+01
4.313390926478413157e+00	1.705577207176591870e+01	-1.400572598337502139e+00	-3.661483388771661396e+01
4.319667979480563247e+00	1.702262859776360671e+01	-1.236464257802273536e+00	-3.710130497827964291e+01
4.325952598143786076e+00	1.714062869963948188e+01	-1.309048714276335401e+00	-3.726848983151256789e+01
4.332241647035422361e+00	1.717330276184907234e+01	-1.228028108597711165e+00	-3.769497848032546727e+01
4.338524445619096781e+00	1.729299128610705338e+01	-1.277039958250951512e+00	-3.800569570884177750e+01
4.344809348131129845e+00	1.734982871693684103e+01	-1.312625284101711198e+00	-3.820087485891925638e+01
4.351090699193166600e+00	1.741439668974931365e+01	-1.216181290290811789e+00	-3.868525151522322858e+01
4.357369710808320029e+00	1.750856918090065406e+01	-1.255814916388862557e+00	-3.886506403901073270e+01
4.363659348967174445e+00	1.748655747391165960e+01	-1.187175685320434271e+00	-3.923201301600223445e+01
4.369947418280990981e+00	1.762038678357281540e+01	-1.205869036639896530e+00	-3.961504341815592767e+01
4.376226569265827315e+00	1.765872698340267632e+01	-1.124311586784286110e+00	-3.997439031254737074e+01
4.382499356631129217e+00	1.772333255113299089e+01	-1.155373242006548784e+00	-4.027106288941826051e+01
4.388784975178015024e+00	1.781224151195711869e+01	-1.198140972168683760e+00	-4.049969032230131205e+01
4.395068696309480494e+00	1.778879257448532059e+01	-1.062444263736309180e+00	-4.095938079870854409e+01
4.401347962382031298e+00	1.795176734183290890e+01	-1.119749813465730881e+00	-4.129435544564680782e+01
4.407628405096517099e+00	1.798884000853022158e+01	-1.084757163340033692e+00	-4.169042411711791374e+01
4.413915862185140426e+00	1.798842231822552407e+01	-9.892164130957622481e-01	-4.207269531041586674e+01
4.420203163534264235e+00	1.811258377235335360e+01	-1.078200455046063322e+00	-4.226319844601531628e+01
4.426480311003382795e+00	1.813288719372068769e+01	-9.612068117591001659e-01	-4.292951929125992905e+01
4.432765973643649104e+00	1.825395417927825292e+01	-9.929944372267132113e-01	-4.309479500617242564e+01
4.439053392023870614e+00	1.828008818846447170e+01	-8.230826222715442730e-01	-4.386579117841036890e+01
4.445336141335588742e+00	1.830835748004579600e+01	-8.889180479381858513e-01	-4.395119014599133322e+01
4.451617241414883352e+00	1.840421943423393003e+01	-8.517983940057186620e-01	-4.449425478333719752e+01
4.457901500730311106e+00	1.840329048634745490e+01	-7.597821881688875401e-01	-4.491216827546602275e+01
4.464189501093017043e+00	1.851658174450488659e+01	-8.672958201127244360e-01	-4.506060560635505396e+01
4.470470197548729985e+00	1.850363559495538723e+01	-7.031966692320378298e-01	-4.587100620339304413e+01
4.476748044268524573e+00	1.860168165348811797e+01	-7.750187650554428709e-01	-4.591239378567900786e+01
4.483035990164653484e+00	1.851998058753621024e+01	-6.834671454177367877e-01	-4.639418275507836142e+01
4.489323331650528104e+00	1.865021946006709541e+01	-6.767959953066300383e-01	-4.690173137756380584e+01
4.495599111667934800e+00	1.861979082587982148e+01	-5.919309010588355013e-01	-4.732898990449052690e+01
4.501870922878794090e+00	1.864220625462107250e+01	-5.336574347399235529e-01	-4.787749810295508723e+01
4.508155162877705457e+00	1.875935108286077124e+01	-5.797146950467424453e-01	-4.827676447444051888e+01
4.514446451153479423e+00	1.870147109249822392e+01	-3.952435773845029421e-01	-4.889719742535286429e+01
4.520723894043856994e+00	1.874382955454083088e+01	-3.711383636822649934e-01	-4.927809926675862329e+01
4.527003782460155890e+00	1.868754615020428389e+01	-3.000598046947600683e-01	-4.974189469920499107e+01
4.533293086610313161e+00	1.866433692853469850e+01	-2.201447796006100466e-01	-5.020455134202768477e+01
4.539578989864040182e+00	1.865427530446789817e+01	-1.936168540124236781e-01	-5.055787221839472778e+01
4.545857164866476730e+00	1.866691910693637624e+01	-1.005453581379180950e-01	-5.130858882414264599e+01
4.552138955546025656e+00	1.865476029792871770e+01	-6.950229614617733920e-02	-5.175731876447049729e+01
4.558432046889146605e+00	1.862696422929946038e+01	-1.039780028364812800e-02	-5.216404554261342241e+01
4.564713463378488711e+00	1.867493133593019294e+01	5.758838879586778564e-02	-5.269669543543732004e+01
4.570987274133244682e+00	1.867924365065524483e+01	-3.876265946068990775e-02	-5.291637819483537442e+01
4.577274818151045643e+00	1.877150929956380310e+01	9.712928434217100657e-03	-5.351529499767332965e+01
4.583563263889338657e+00	1.877037058602916630e+01	3.817693929375491103e-03	-5.379560540771230137e+01
4.589844917004465508e+00	1.883291588491854540e+01	1.509491512310510639e-02	-5.423444812021571693e+01
4.596126259982004747e+00	1.883882923399537646e+01	5.417848209325015069e-02	-5.463171897699743340e+01
4.602409075598298926e+00	1.889157995987532246e+01	9.923550718256148040e-02	-5.506919653845744733e+01
4.608696634867644804e+00	1.900832139720867886e+01	1.870739272245580329e-02	-5.550223324364224453e+01
4.614977646498861219e+00	1.900762316956659959e+01	5.066719942801536924e-02	-5.585210054694951509e+01
4.621258953029527383e+00	1.904452449428127281e+01	5.413130570569095468e-02	-5.619922042601572088e+01
4.627547993978874175e+00	1.911517719444286101e+01	5.190191491089699016e-02	-5.661966647833135369e+01
4.633830152730579854e+00	1.912757376022831934e+01	-5.542902625555981740e-03	-5.681798582473677328e+01
4.640104005367354567e+00	1.922019613800414106e+01	1.238703523505592791e-01	-5.739793397886644755e+01
4.646382060386754276e+00	1.934329745987834315e+01	3.331279385966816331e-02	-5.792774175295504335e+01
4.652674213731970987e+00	1.932444431342346647e+01	5.253230270566418281e-02	-5.809312537329352466e+01
4.658958291796220230e+00	1.943427947575276349e+01	6.713322760302967152e-02	-5.864010777770278793e+01
4.665233615070169648e+00	1.944333616885264604e+01	6.718679886379527733e-02	-5.887630606801565136e+01
4.671520675710307380e+00	1.955985709783537274e+01	9.299772127352415318e-02	-5.947160486509213229e+01
4.677814351732177300e+00	1.966494941727768264e+01	2.778682862101677226e-02	-5.988996247568009323e+01
4.684093699744638073e+00	1.963326468986600659e+01	5.946330626110415268e-02	-6.003963608998109436e+01
4.690368661472568590e+00	1.972023983959206461e+01	5.325472307007364514e-02	-6.050772703039374534e+01
4.696663270746453733e+00	1.988422396692772054e+01	5.871578050142016447e-02	-6.117327756511146220e+01
4.702945459248681459e+00	1.995217993337692519e+01	5.663803430941695416e-02	-6.153317125980587576e+01
4.709209170841929470e+00	2.000957431191749336e+01	3.393471285219792910e-02	-6.185637453083920434e+01
4.715491634753063543e+00	2.009225823950810152e+01	7.437152624715834270e-02	-6.234049178056653062e+01
4.721784316284933780e+00	2.009388993377821819e+01	7.129389115923034925e-02	-6.253657148632287033e+01
4.728063062331094635e+00	2.030477233208772603e+01	3.205590319085627193e-02	-6.328341482495648052e+01
4.734337423381671073e+00	2.034051330719264783e+01	5.968635392341745116e-02	-6.356694821409623586e+01
4.740627024094544062e+00	2.043489556504766114e+01	-4.717317924498983829e-03	-6.400638617280907283e+01
4.746914995664547554e+00	2.045220459671374513e+01	3.646013336232479390e-02	-6.425914028109750120e+01
4.753194740071086777e+00	2.054365319035406046e+01	5.357308013632287175e-02	-6.470241418020997060e+01
4.759478891864783456e+00	2.062985835883437957e+01	6.280451914500548294e-02	-6.516553961691928976e+01
4.765762396877359031e+00	2.064329110448451843e+01	4.654962479950171955e-02	-6.536411911292670140e+01
4.772049481246195768e+00	2.079980985341003574e+01	1.670849955969118047e-02	-6.591621353874030831e+01
4.778335091022592351e+00	2.102937119130198340e+01	1.641279188490599172e-02	-6.678878716949932937e+01
4.784610831402393849e+00	2.103620042151932878e+01	4.031191128006271496e-02	-6.703097749276338391e+01
4.790907306208476157e+00	2.110731435373890363e+01	2.735274448106393003e-02	-6.739057224493805620e+01
4.797204047706418173e+00	2.129175546716246359e+01	1.057957726097603773e-01	-6.821135921688318149e+01
4.803470827697504220e+00	2.138793695537144046e+01	4.764738467114015136e-02	-6.858106415207998907e+01
4.809748850577324042e+00	2.139299727337732548e+01	3.352363166652753967e-02	-6.874209003925402328e+01
4.816045316586602176e+00	2.162675088585598360e+01	-1.122381583342033258e-02	-6.954947827967782814e+01
4.822329240673497885e+00	2.159785547266832140e+01	4.876810327495568337e-02	-6.967235094695600139e+01
4.828596758226470165e+00	2.174490834516889493e+01	2.340574224518849472e-02	-7.026192312711769716e+01
4.834890332961369275e+00	2.178143250753954518e+01	2.369300981391412111e-02	-7.056204973941278524e+01
4.841191655056394261e+00	2.190839834047355694e+01	2.383189470692217288e-02	-7.108122766271688420e+01
4.847460407468000554e+00	2.195693197691504395e+01	5.590935739126101645e-02	-7.138762232029841925e+01
4.853732128521334843e+00	2.222576228709160162e+01	5.895043659972269007e-02	-7.236321143284901325e+01
4.860029138783373170e+00	2.218298856349832704e+01	5.513467274476922808e-02	-7.240054314950337755e+01
4.866314601732018019e+00	2.237479771457190125e+01	7.666078987178455428e-02	-7.315244466374413435e+01
4.872587026269203925e+00	2.249006735286572223e+01	8.414621892465211361e-02	-7.363166230996584716e+01
4.878874221748241702e+00	2.269310287356498534e+01	-1.037472513274275733e-02	-7.431635885786543838e+01
4.885171078138658807e+00	2.267381208341255672e+01	2.898584723729592805e-02	-7.447016925321526060e+01
4.891450629931857641e+00	2.288090848995583215e+01	-4.068642833655609914e-02	-7.513036076988224465e+01
4.897716482750221978e+00	2.292779249615214354e+01	2.486044589545335914e-02	-7.547941993079336953e+01
4.904002834596266069e+00	2.313069583373359350e+01	-4.628177136363571115e-02	-7.621419492937404527e+01
4.910295858205786068e+00	2.330928827247895896e+01	2.736301557646628104e-03	-7.697147946529963747e+01
4.916575188115905881e+00	2.341522593279611542e+01	3.411867243794131088e-02	-7.745580165109629434e+01
4.922847946197084212e+00	2.353363540088903605e+01	7.556862390025004261e-02	-7.802587974928819392e+01
4.929131667457151700e+00	2.363916492255666668e+01	9.508300935821238642e-02	-7.851119142171386045e+01
4.935434460144239033e+00	2.380389405694361571e+01	4.033663888267979836e-02	-7.908149500186486591e+01
4.941718513303545279e+00	2.384647865351772467e+01	1.313388371252653501e-02	-7.927933413202742940e+01
4.947978624761803168e+00	2.407229320944383844e+01	7.610887860442420993e-02	-8.025446422189715179e+01
4.954274999209829389e+00	2.424300378346888607e+01	-5.331017951341358516e-03	-8.080253382848383126e+01
4.960571094729937514e+00	2.426988595745526212e+01	-3.492231715816217219e-02	-8.093709165270529127e+01
4.966823207626954506e+00	2.456659498145932474e+01	4.739756096766754856e-02	-8.217297713034641049e+01
4.973097418390337587e+00	2.472916161552980086e+01	1.869299603625279582e-02	-8.277428925235508927e+01
4.979415129936382023e+00	2.466106186680286783e+01	6.171836163881231491e-02	-8.271073695423181960e+01
4.985702082330368157e+00	2.504682331893796743e+01	2.473922481306899124e-02	-8.404817573089164284e+01
4.991949985828016523e+00	2.511574983889610735e+01	6.035890153717189677e-02	-8.442157858399927761e+01
4.998241586316924057e+00	2.532707523308254949e+01	1.152880270986510365e-02	-8.515130045188995211e+01
5.004556635606089543e+00	2.536620234759600834e+01	-7.357036000620285898e-03	-8.537747394734316231e+01
5.010828655701208945e+00	2.567565053781668638e+01	4.193461289061536923e-02	-8.655798103091188977e+01
5.017077229702536556e+00	2.575703851903414687e+01	-1.770147526711021713e-02	-8.684633583847099203e+01
5.023374414758113637e+00	2.597622001640338851e+01	2.279042850370179062e-04	-8.772399258525175014e+01
5.029688873569548413e+00	2.612566908988213399e+01	3.469574587154254479e-03	-8.829498972057038486e+01
5.035958413584124216e+00	2.643018011636428000e+01	7.590567133525574772e-02	-8.948534334603837692e+01
5.042232667658486989e+00	2.651056207244458918e+01	4.620801450314117320e-02	-8.982739241454041235e+01
5.048528755870775875e+00	2.681727738616189427e+01	3.426239378606978428e-03	-9.092770094528469826e+01
5.054821121427484520e+00	2.696243584843040964e+01	7.349197041166009858e-02	-9.154481242357707060e+01
5.061069509814582368e+00	2.705828619933188151e+01	-2.287343960471812168e-02	-9.183851977909053232e+01
5.067347812754101177e+00	2.734777460545043937e+01	-2.623540015734458081e-02	-9.293334054321238114e+01
5.073675050630431116e+00	2.751099040378042915e+01	-8.787648622696750400e-03	-9.359388269364161772e+01
5.079945928388977627e+00	2.785462808267254076e+01	5.575233640370242522e-02	-9.490426841624891097e+01
5.086192992546071601e+00	2.772036599311981675e+01	-4.276418794565184367e-02	-9.438890448995265103e+01
5.092484128970163226e+00	2.811918594124297499e+01	1.881981446122534679e-02	-9.594998748078650408e+01
5.098802924706086870e+00	2.818637459255798916e+01	6.877147762625883398e-02	-9.630282901146964036e+01
5.105078217426394005e+00	2.841642443591288369e+01	6.593294142126225263e-03	-9.710078428371672032e+01
5.111325076574067872e+00	2.867788008992146942e+01	1.005131087829672434e-02	-9.805328535721201888e+01
5.117628358851224135e+00	2.905440820949607073e+01	-1.902421096000882911e-02	-9.940463209630820529e+01
5.123935939383525984e+00	2.905218313934745211e+01	1.214280265973408796e-02	-9.950845974658088267e+01
5.130199176325612065e+00	2.950465019004832001e+01	-1.160955641080270023e-01	-1.009280543748908201e+02
5.136469985878846956e+00	2.967383815781629863e+01	9.692179821004226481e-02	-1.018521932798626750e+02
5.142797788696348071e+00	3.009980856241545411e+01	5.111265926732244669e-02	-1.033437750223017417e+02
5.149090378043822192e+00	2.990273457882561559e+01	-1.743564690364517167e-02	-1.026483845455616688e+02
5.155289879840074363e+00	3.053948837292657359e+01	-3.121223283896543826e-02	-1.048677479691466203e+02
5.161564521234301317e+00	3.048649944757382002e+01	-5.164988941757666339e-03	-1.048322726155431610e+02
5.167916673496016244e+00	3.089388960721129251e+01	-2.973154428090142576e-02	-1.062651289599340743e+02
5.174205974602950064e+00	3.115107602173232237e+01	-4.194917699442885645e-02	-1.071669264199450424e+02
5.180434820793812456e+00	3.131069946732599263e+01	3.062987115139490304e-02	-1.078679907424306208e+02
5.186729096569634656e+00	3.158578941769066617e+01	3.682908955205055346e-02	-1.089141001759007708e+02
5.193058481037780894e+00	3.183575093957254865e+01	2.597724468055098365e-02	-1.098170876483211487e+02
5.199319511444338460e+00	3.236076598290982531e+01	8.169694008862786461e-02	-1.117114735477777288e+02
5.205574295584361799e+00	3.237652547603430975e+01	-3.958772259444908598e-02	-1.117089875239453818e+02
5.211894977074066126e+00	3.308941901801310337e+01	-3.293199608104139392e-02	-1.142721971701638921e+02
5.218201708336958511e+00	3.330778031562719121e+01	-2.235125141971196563e-02	-1.150692553626631423e+02
5.224411911780083351e+00	3.356307515114494322e+01	-2.294003234972478641e-02	-1.159848846513384757e+02
5.230677632666463239e+00	3.369100963121807268e+01	-5.762179797399290954e-02	-1.164918694783219308e+02
5.237056729559757429e+00	3.414233689112405301e+01	-4.774746400030942944e-02	-1.181321918592092288e+02
5.243336785035660697e+00	3.459287649892123540e+01	-3.232717041146510734e-02	-1.197247169814658605e+02
5.249493476178225038e+00	3.488674278693121522e+01	-4.351488887247061121e-02	-1.207707921776390663e+02
5.255787017738318134e+00	3.524088513158644531e+01	-2.239967779593790564e-02	-1.221480982121221501e+02
5.262205327426889845e+00	3.542182228336064753e+01	6.282482514176893074e-02	-1.228860075115946131e+02
5.268477758348532269e+00	3.547967787999272815e+01	-5.533462288202626450e-02	-1.230109047844484138e+02
5.274632213654732560e+00	3.623092743694032691e+01	-3.983226877526686166e-02	-1.256527602929532037e+02
5.280950543314659740e+00	3.660829393157018075e+01	3.544855206347759941e-02	-1.271402464618888928e+02
5.287327645024750389e+00	3.674681705082462457e+01	6.689405530035069658e-02	-1.276978526649687780e+02
5.293582359180156516e+00	3.725215837124544294e+01	-1.355805019367293390e-02	-1.293637571776705784e+02
5.299789992649893478e+00	3.701597078660208950e+01	-7.687770459848882951e-03	-1.286415257010312985e+02
5.306111460381987222e+00	3.769111269173919965e+01	-3.378048000877796608e-02	-1.310123921961963731e+02
5.312452717892129250e+00	3.864892477651407887e+01	2.892934303907114535e-02	-1.344369259135018524e+02
5.318650122853046724e+00	3.855436124460339187e+01	-7.623360043832545785e-02	-1.340146531900965101e+02
5.324923043129819789e+00	3.883738060511041823e+01	1.034641133758960364e-02	-1.351833841603437918e+02
5.331330237158205421e+00	3.909287572837004632e+01	-1.089225446859055091e-01	-1.359919968812708362e+02
5.337586726886338617e+00	3.987188172215747528e+01	-3.913373801459765072e-02	-1.387993388010428362e+02
5.343685192440848830e+00	4.003506623689579413e+01	-2.654886122928077838e-02	-1.393947619295059042e+02
5.350070659715249199e+00	4.087661435144440958e+01	5.120212859849121445e-02	-1.425030935510692416e+02
5.356556762554878226e+00	4.060751841939104878e+01	-9.482653092822111718e-02	-1.414391223919769800e+02
5.362691868684501095e+00	4.120071460127449825e+01	-3.151608546756448637e-02	-1.435726614464626607e+02
5.368769208912516966e+00	4.229043124396147846e+01	1.387366688576528034e-02	-1.474596876547035151e+02
5.375270137997677722e+00	4.268258698611042945e+01	-7.904004766441281860e-02	-1.488008511785804160e+02
5.381769983045385786e+00	4.256381141737823270e+01	-4.412739325649999572e-02	-1.484558657728066180e+02
5.387701030372958222e+00	4.411708536098800693e+01	6.621350660053992865e-02	-1.539851032628116911e+02
5.393786668001271600e+00	4.382371362735654685e+01	-5.967134903109995447e-02	-1.528751222514839299e+02
5.400446161099396569e+00	4.445846616539995466e+01	-4.028301921356747944e-02	-1.551778974703067036e+02
5.406957063684501463e+00	4.457490233381322042e+01	5.317604545262582388e-02	-1.557098802432475111e+02
5.412655672453426270e+00	4.553413496581084985e+01	4.093183491142220881e-02	-1.590065204847315101e+02
5.418821279260546575e+00	4.640842032215669377e+01	-2.164074998890587118e-02	-1.620712967193525458e+02
5.425690594366304076e+00	4.729800583682000337e+01	-4.351724147347234284e-02	-1.652083037663293794e+02
5.432217487502165376e+00	4.681096781488140834e+01	1.450244661984388499e-02	-1.635944399361941635e+02
5.437649811577258241e+00	4.664644195151751660e+01	9.427766126700581895e-02	-1.630503647569642851e+02
5.443914404015878006e+00	4.854736508312549148e+01	-1.419258657465458651e-01	-1.695352732390262815e+02
5.450953501686320202e+00	4.789683567734428493e+01	-1.268766330178817681e-01	-1.673193442234380655e+02
5.457483690405861232e+00	4.924273497695224222e+01	-8.903933223406847869e-03	-1.721665625406238291e+02
5.462715250135157241e+00	4.870961969202134156e+01	-8.125668859131623956e-02	-1.701843732067208919e+02
5.469033575551323523e+00	4.956681650526546434e+01	2.486594574623921319e-02	-1.733544865872374032e+02
5.476177730420278778e+00	5.213554091842365068e+01	-1.218280359309087575e-02	-1.823233062256279879e+02
5.482708935702562236e+00	5.152768628921921845e+01	1.634122420926510666e-02	-1.802567306901298423e+02
5.487722405008360838e+00	5.378227243951469916e+01	-1.331231842395561027e-01	-1.879616889882026101e+02
5.494194284996126498e+00	5.403951146123954175e+01	1.271902833265535666e-03	-1.890418640236606223e+02
5.501391471009256406e+00	5.306469847446812338e+01	3.600543457638480382e-03	-1.856485618264458139e+02
5.507128202673079009e+00	5.283428081759704042e+01	-1.962840694460060015e-02	-1.848387567109587621e+02
5.512278020050448646e+00	5.399134836708823570e+01	-9.515910787373717261e-03	-1.889036911189537875e+02
5.519395563377015534e+00	5.525142927771842238e+01	1.180761072025235670e-01	-1.934555010876580923e+02
5.526598678609708770e+00	5.668252579009628533e+01	-2.981121642766831545e-02	-1.983245011830829299e+02
5.532162682462509196e+00	5.656386703338572630e+01	7.530683711597931096e-02	-1.980210537785547729e+02
5.537397124017139127e+00	6.745750237743251887e+01	-2.432986259419614092e-02	-2.360548017929000366e+02
5.544582756485218589e+00	5.213771567219248482e+01	-2.988922832267748228e-02	-1.824398675267300689e+02
5.551739327507637434e+00	5.559849494468908659e+01	-4.453394077659774720e-03	-1.945822797082770421e+02
5.557493306674907707e+00	7.679988373030882087e+01	2.768447355079968197e-01	-2.690711098925181091e+02
5.562281709102816940e+00	6.428612871657146854e+01	-2.379020684624021803e-02	-2.249744902858346620e+02
5.569272720323164449e+00	7.956328824747231465e+01	-6.854050235565757598e-02	-2.784022655542449343e+02
