8.899641224696953554e-03	7.764007785238252836e+03	6.909389739805851605e+03	-1.646750107136262886e+04
1.507912216506557788e-02	1.457138657371991758e+04	1.693441179389337776e+04	7.658232839785150645e+03
2.144790186456836667e-02	1.003112061694060321e+04	1.022556937377928989e+04	5.384675674303289270e+03
2.783660776489276650e-02	1.304680686148439963e+04	1.391289770373335341e+04	5.749350990007252221e+03
3.435099785803411021e-02	1.221487966155239883e+04	1.662320805167813887e+04	1.095938200797465015e+03
4.047886761425745911e-02	9.377440949592026300e+03	1.011489517013952718e+04	-7.839534589152902981e+02
4.676716683575679601e-02	8.385456589480114417e+03	7.523083257118036272e+03	-6.739386661633102449e+02
5.308225101765951665e-02	7.624504627726300896e+03	6.272496693456385401e+03	6.446657561784256814e+02
5.945362440940590160e-02	7.182982274829885682e+03	6.559311723106919999e+03	5.304591180410645848e+02
6.576224814588792211e-02	6.440463589958097145e+03	5.744803057019784319e+03	2.996750103359246964e+02
7.196632906698736953e-02	6.339711701312772675e+03	6.486140587817634696e+03	-3.148093661595267179e+01
7.827860915688347743e-02	5.490054178530700483e+03	3.778900040422133770e+03	-7.404111193290085566e+02
8.470398945834539672e-02	5.250521935051286164e+03	5.044066428589369934e+03	1.483988889383382002e+03
9.096854620527369817e-02	4.699034189653124486e+03	3.413524732660380323e+03	3.282220568471334445e+02
9.720789776830213169e-02	4.407416646680344456e+03	4.103353868858062924e+03	4.137222881259563110e+02
1.034763038959366499e-01	3.807830833875153075e+03	3.176110048017064400e+03	3.655537934110139986e+02
1.097576444254559219e-01	3.367998212408593645e+03	2.501315233916685429e+03	3.448953806267277855e+02
1.160543084780093354e-01	3.116848485874844755e+03	2.235538815329192857e+03	-2.233657593974205895e+02
1.223669666537485351e-01	3.028174381716167773e+03	2.283889477940776942e+03	8.708408669339796404e+01
1.286817263090294094e-01	2.839735572044789023e+03	1.983341111863501737e+03	3.542040214656932307e+01
1.349500801664080818e-01	2.675660821541068344e+03	2.005082179265944433e+03	1.810948306562695507e+02
1.411949558842147678e-01	2.557359782805170198e+03	1.832968960798046282e+03	1.606546936219901056e+02
1.475133575747468451e-01	2.315984259609412675e+03	1.774038219105872258e+03	4.973082949465390925e+02
1.537865074252268427e-01	2.154450348195763581e+03	1.463966638008293785e+03	2.995674299442461006e+02
1.600657544051110326e-01	1.998870325899276622e+03	1.284372123751848676e+03	8.041136056275948363e+01
1.663991168687080635e-01	1.860486243814922545e+03	1.304315377766145275e+03	2.472563010675083603e+02
1.727195645776442856e-01	1.709885562955388423e+03	1.139711195146111322e+03	2.789058370273473741e+01
1.789765213377084718e-01	1.625518649549398560e+03	1.128319385721421668e+03	1.578090516943806563e+02
1.852353690647852158e-01	1.483508701500644520e+03	9.313501629743406056e+02	8.703401626683269399e+01
1.914806787341157279e-01	1.462000908163573058e+03	8.621987109472421480e+02	7.807896258463422612e+01
1.977889868651535599e-01	1.365301663047406919e+03	7.824655707066560808e+02	7.720505863293334414e+01
2.040937735447724277e-01	1.303369986128433538e+03	7.225455489303567447e+02	1.331882374188707843e+02
2.103939302609846018e-01	1.235234653129696653e+03	6.744193840805580749e+02	1.192230746906681418e+02
2.166909709822301688e-01	1.154167432199579707e+03	5.991521985896753222e+02	1.219444713821922619e+02
2.229700281216152047e-01	1.094361519687981399e+03	5.181174947437858691e+02	1.934099770689215632e+02
2.292620027086341994e-01	1.059247157894697011e+03	5.205921147798118227e+02	8.764389889034445957e+01
2.355141508366812297e-01	9.915029445670941186e+02	4.623808429889628542e+02	1.620403628055945546e+02
2.417910583817859116e-01	9.466671583351109120e+02	4.272419489300836517e+02	1.680613417540404271e+02
2.480856539439619257e-01	8.897979003588380920e+02	3.582219906019021209e+02	7.521380050850775945e+01
2.543492256872954549e-01	8.420661470573048746e+02	2.718576422892171536e+02	1.472148581408367534e+02
2.606334251884805386e-01	8.103572134484311391e+02	3.185356691135174856e+02	1.527582286042012072e+02
2.669257370896960802e-01	7.723851129280186569e+02	2.582112151100822643e+02	9.157100277641578145e+01
2.732423343141155980e-01	7.161123340480872912e+02	1.874627289811349442e+02	1.021368291418516208e+02
2.795529680084415936e-01	6.970851465465427736e+02	2.064992486926561241e+02	1.273692707018837211e+02
2.858366292314493129e-01	6.703726776811064383e+02	2.176734399830324662e+02	1.040253988560058076e+02
2.920876271394311496e-01	6.508366199532511018e+02	1.966162764976464246e+02	1.360051697322118969e+02
2.983449844439822751e-01	6.104289078822191641e+02	1.548171114215026876e+02	9.526668277756851921e+01
3.046382639407197446e-01	5.774548974711138953e+02	1.528787447051634842e+02	9.006167576237747596e+01
3.109279127003197196e-01	5.594684903465823709e+02	1.232308461153490811e+02	8.446783336922229068e+01
3.172168171618398036e-01	5.368693138117979515e+02	9.968127102576634968e+01	1.169909055907143340e+02
3.235187567944423082e-01	5.048979758588029654e+02	9.279859001481118241e+01	8.769831632205264782e+01
3.298168217550395687e-01	4.890035682664571937e+02	7.118853843897994693e+01	1.067869699197731279e+02
3.361176429457156667e-01	4.689177715589348736e+02	5.894084269695640188e+01	9.682823430365728257e+01
3.423700375709273769e-01	4.537683437547221388e+02	4.473700921962908694e+01	9.420545453885172549e+01
3.486478192666269682e-01	4.343524617562210892e+02	3.353799133086663886e+01	1.335677027585910537e+02
3.549411614411318028e-01	4.205965476531911804e+02	3.044484666962828001e+01	9.930941471902295348e+01
3.611916935421040642e-01	4.022887499441978321e+02	2.858105018645562012e+01	1.268608023355219103e+02
3.674767089563572564e-01	3.845901326971277285e+02	1.722500804340373293e+01	1.060586888004592936e+02
3.737647795277591056e-01	3.690931362816197634e+02	-1.591516310621707841e-01	1.157943075535032023e+02
3.800654031475132477e-01	3.595321142640100902e+02	2.225040529217497287e+00	9.670009513777881693e+01
3.863539861259823738e-01	3.470632605668551491e+02	-1.620569128129469050e+01	1.185617246130606048e+02
3.926140181364449755e-01	3.342130617274883662e+02	-1.783176502372282357e+01	1.005098211325295807e+02
3.989264500321934581e-01	3.216911979880837862e+02	-1.407407718659879770e+01	9.258820221966696806e+01
4.052073244576828714e-01	3.094003861924370540e+02	-2.550461404764233109e+01	9.728680427934166630e+01
4.114916477570477182e-01	2.993573033104478895e+02	-3.270006251430525168e+01	8.979514817209870614e+01
4.177814272116491257e-01	2.904163643076292374e+02	-3.841023342080062264e+01	1.039233469723386349e+02
4.240400648725131116e-01	2.811720446392362760e+02	-4.061942634184249101e+01	9.943558380814050679e+01
4.303425690270192283e-01	2.700459009735300242e+02	-4.791330839310629131e+01	9.517361967932241384e+01
4.366358560255625965e-01	2.630935326746710530e+02	-5.262510506212771588e+01	9.943382469307513816e+01
4.428996183220763605e-01	2.518643034624992367e+02	-4.807224810327551268e+01	1.028451129237141970e+02
4.491634418529859563e-01	2.437297446432363870e+02	-5.695232819442730232e+01	9.174523074986468885e+01
4.554414146254732731e-01	2.391032075626769995e+02	-5.908417512612621181e+01	1.020010248048212702e+02
4.617634470301058558e-01	2.294316973596643550e+02	-6.209798655392091149e+01	1.043413815353450076e+02
4.680644242023710433e-01	2.207812983724848550e+02	-5.598483768444419439e+01	9.506208736145390503e+01
4.743485242764365895e-01	2.143455622223237071e+02	-6.729174066205409588e+01	9.507666322019473171e+01
4.806356136815400082e-01	2.111723510003403987e+02	-6.474396837753218392e+01	9.739763648953035613e+01
4.869019258388697646e-01	2.026214488482479226e+02	-6.991274275569473673e+01	9.911157176629069454e+01
4.931697099599955947e-01	1.990968717459383868e+02	-7.448703302283610128e+01	9.012266906177886483e+01
4.994506747144535908e-01	1.916757781393524738e+02	-6.969791214365709209e+01	8.989016324391604940e+01
5.057159051335421429e-01	1.867195203061391169e+02	-7.207239106064596967e+01	9.049629735514507445e+01
5.119923996268095356e-01	1.814784819331554786e+02	-7.092245748060790334e+01	9.353167164728428418e+01
5.183126097768406826e-01	1.744199222145780936e+02	-7.408684072426768807e+01	8.826839401930762108e+01
5.246089638029100000e-01	1.700835330959340297e+02	-7.410003824727347421e+01	9.200825997399898881e+01
5.308757308483337267e-01	1.648569664877655612e+02	-7.420743060684459635e+01	8.762665189148920319e+01
5.371573527946726934e-01	1.607954447554437252e+02	-7.284856734573762083e+01	8.838668023203580049e+01
5.434579563783791256e-01	1.572554847081402443e+02	-7.716305325226319667e+01	9.029410631071404225e+01
5.497430652392217842e-01	1.517189743169710994e+02	-7.452047438397789847e+01	8.803660746137556714e+01
5.559937427501778773e-01	1.492995212006532597e+02	-7.463430769423791844e+01	8.762504313492257779e+01
5.622854676609657654e-01	1.453445776321682672e+02	-7.735380017885951531e+01	8.476778509138037521e+01
5.686011537227265711e-01	1.411850234455536111e+02	-7.620996549087851690e+01	8.262717907846504772e+01
5.748804589422079614e-01	1.380397949070615766e+02	-7.997127872818502681e+01	8.717445233405105398e+01
5.811550210340560296e-01	1.337920472055688776e+02	-7.617111688510254908e+01	8.139471228938892011e+01
5.874394496660968468e-01	1.304271517836684779e+02	-7.596829641591250493e+01	8.161777652944547867e+01
5.937176220296899176e-01	1.280326813902116783e+02	-7.821769272206041990e+01	8.206484861859757984e+01
5.999971954793682505e-01	1.240811438156708846e+02	-7.655139994194713893e+01	8.168825684859368153e+01
6.062679115124277596e-01	1.220717989176538651e+02	-7.828614039478236464e+01	8.124452682301023287e+01
6.125469576444534381e-01	1.180167257682952169e+02	-7.650938045256043551e+01	7.953608360176957603e+01
6.188477733041515272e-01	1.155301082127889174e+02	-7.579970518428956439e+01	7.797181197217838644e+01
6.251310567437898813e-01	1.130334261229102140e+02	-7.687300189103541470e+01	8.183366220570590599e+01
6.314027450383210560e-01	1.104492119375409089e+02	-7.715845130377091721e+01	8.129900997346693714e+01
6.377003562732055375e-01	1.079457805884991473e+02	-7.550777434529751986e+01	7.660354745872525939e+01
6.439857783314556494e-01	1.056400731860676814e+02	-7.562362923876429477e+01	7.961647671106878477e+01
6.502685417166111925e-01	1.033816341864824011e+02	-7.653936804027759422e+01	7.933378285991520329e+01
6.565586117699038216e-01	1.011895138137245880e+02	-7.563128745167873035e+01	7.642348306524219481e+01
6.628369282359254377e-01	9.896983983867299628e+01	-7.629692383634588282e+01	7.867698597826918672e+01
6.691185444962194362e-01	9.595491179667983772e+01	-7.446306879133030066e+01	7.508214263460699556e+01
6.754070198575605755e-01	9.438327619784402600e+01	-7.383166131875022131e+01	7.441705802150281102e+01
6.816835514593204692e-01	9.255306921032729406e+01	-7.411017873336143680e+01	7.402990897526198921e+01
6.879592533861698112e-01	9.043553057020957908e+01	-7.165502722772031063e+01	7.349183707014144318e+01
6.942344317039531587e-01	8.895533507572774568e+01	-7.274851812288628139e+01	7.386588724415014440e+01
7.005175402434737908e-01	8.742928607403406716e+01	-7.355011809677694146e+01	7.601667481555284667e+01
7.068124956608716758e-01	8.475851680292517187e+01	-7.131097952532938677e+01	7.150537235925273194e+01
7.131019009674921527e-01	8.317136158101807553e+01	-7.105929785205462679e+01	7.160094458466141987e+01
7.193918251171427247e-01	8.213049631954902452e+01	-7.245456773329645728e+01	7.321323512003718292e+01
7.256833807598113140e-01	8.027817546108187230e+01	-7.042638604697019389e+01	7.187904098948858689e+01
7.319652682709349989e-01	7.811389423819149158e+01	-6.932730174121330435e+01	7.003286031104639164e+01
7.382507990484923344e-01	7.770374000183313967e+01	-7.030493599314893061e+01	7.148856712936549229e+01
7.445265842115937893e-01	7.569709264946482108e+01	-6.920100451414938902e+01	6.979605898361290883e+01
7.507871101942712455e-01	7.495690440434874802e+01	-7.023437384624088509e+01	7.115650550040517430e+01
7.570758465316046459e-01	7.255417121409692527e+01	-6.736392356897138711e+01	6.797602057353321925e+01
7.633641233600957365e-01	7.190368064401964432e+01	-6.810977209020398959e+01	6.970885722923861749e+01
7.696462959862266917e-01	7.064186549892028211e+01	-6.687047988254347786e+01	6.783059940632108464e+01
7.759394865175414102e-01	6.897594801192177272e+01	-6.678527465424215848e+01	6.716619732876988280e+01
7.822329141989586843e-01	6.762160430214231610e+01	-6.536675355301713353e+01	6.651596102130824306e+01
7.885314936520240181e-01	6.648630236727714760e+01	-6.462004975444595800e+01	6.464549458088833944e+01
7.947896566979522071e-01	6.540972883566715268e+01	-6.424669343329840387e+01	6.587918744146806205e+01
8.010491096592354809e-01	6.392579941341436012e+01	-6.388449396766787913e+01	6.439848871459288659e+01
8.073364061727361651e-01	6.301612869094052627e+01	-6.383538136165302035e+01	6.491808176057459434e+01
8.136229488373866170e-01	6.157850776070576870e+01	-6.190622486160661708e+01	6.215226051700307863e+01
8.199152998961036776e-01	6.107859955893785298e+01	-6.307702488335911539e+01	6.502806053015632415e+01
8.261952636392789762e-01	6.002322192407191892e+01	-6.205289142552585702e+01	6.321196202451253043e+01
8.324897070080405914e-01	5.868514243062334401e+01	-6.043230143834553303e+01	6.248305727428228806e+01
8.387959309210778480e-01	5.776759855515965825e+01	-6.051910320145378108e+01	6.163277781572378444e+01
8.450634639703045181e-01	5.664997147597504323e+01	-5.937156316844906456e+01	6.115260128713637755e+01
8.513282867562648182e-01	5.621743455403507994e+01	-5.989937787788255008e+01	6.181148075094153427e+01
8.576198263902009566e-01	5.512430725308415447e+01	-5.883220829177961519e+01	6.120941944916582145e+01
8.639058477062415697e-01	5.466001556445188925e+01	-5.898982034739781710e+01	6.107223820879479348e+01
8.701838745487597837e-01	5.292332601386789293e+01	-5.688843569707741210e+01	5.908419701384967482e+01
8.764641096075268534e-01	5.267459299670932182e+01	-5.745690841348240241e+01	5.945001227181650449e+01
8.827503873399735745e-01	5.192090008125605749e+01	-5.699415460357580798e+01	5.869788147311774651e+01
8.890332768393869323e-01	5.078680820221662628e+01	-5.573445783842770851e+01	5.780227719599967173e+01
8.953084247113127780e-01	5.011871266249404044e+01	-5.518515762099295330e+01	5.784700592610045788e+01
9.015956521667095602e-01	4.921014524328386130e+01	-5.443817075870451561e+01	5.696528179331622255e+01
9.078833328094829680e-01	4.873078100138405233e+01	-5.500964636539139718e+01	5.774152319434197977e+01
9.141744106319863450e-01	4.787438913394304763e+01	-5.368765084143681321e+01	5.605031759988320061e+01
9.204630817717615043e-01	4.682973761297937187e+01	-5.265695787160414199e+01	5.504110678951385438e+01
9.267434415264711456e-01	4.666456032310664881e+01	-5.297339323081431672e+01	5.613500279609379362e+01
9.330324197354928906e-01	4.561132171818395875e+01	-5.155450608340477459e+01	5.443122104849992127e+01
9.393265785573878812e-01	4.487539192932217702e+01	-5.133228300143193934e+01	5.451723234875012736e+01
9.455974810398196650e-01	4.451529331879120832e+01	-5.094797151519346556e+01	5.449946176104213436e+01
9.518660018545171964e-01	4.380576813319973439e+01	-5.016070600227529042e+01	5.379419125394299783e+01
9.581413255531838757e-01	4.320783445212357776e+01	-5.025572661662209839e+01	5.378172643627646465e+01
9.644350945109106954e-01	4.286573956169348776e+01	-5.007578246488719032e+01	5.347168419573643661e+01
9.707355633568249820e-01	4.208470430079557190e+01	-4.897567813883873811e+01	5.296095967233807045e+01
9.770080768450029041e-01	4.144562061913657658e+01	-4.847337169189857065e+01	5.200261688269846871e+01
9.832823325363413414e-01	4.077120116292610419e+01	-4.745725751483769983e+01	5.093853847392704637e+01
9.895569691966674686e-01	4.077911445354239817e+01	-4.858997417064266244e+01	5.281995143935478865e+01
9.958456301921106979e-01	3.989578841940080167e+01	-4.719504945055403766e+01	5.111254044704394062e+01
1.002136210743837408e+00	3.952266664970878907e+01	-4.702363231616086381e+01	5.128382370826960823e+01
1.008404825335135424e+00	3.880123012359630508e+01	-4.622651106685798794e+01	5.045187716482027440e+01
1.014694149836243398e+00	3.834677005845841080e+01	-4.579353361588522375e+01	5.021639169078350307e+01
1.020992555437297167e+00	3.796794940862353229e+01	-4.535792807374383528e+01	4.989995998402369537e+01
1.027273980437394485e+00	3.756140569497710402e+01	-4.490696221523756293e+01	4.963951100069860445e+01
1.033559181896017254e+00	3.709554206121696751e+01	-4.475212989354492521e+01	4.952358454186408920e+01
1.039847557392594934e+00	3.662068156027547161e+01	-4.415066983272627255e+01	4.868741665770711080e+01
1.046126974943305088e+00	3.617758544255191566e+01	-4.409047568333581069e+01	4.910973749173853520e+01
1.052403436811028659e+00	3.555992897630482474e+01	-4.260784949535823785e+01	4.754269474118063954e+01
1.058680704651608684e+00	3.537175131017889385e+01	-4.286733205067349672e+01	4.800548517153433181e+01
1.064964333065789193e+00	3.483192791149711809e+01	-4.251764080511083677e+01	4.734660270357611722e+01
1.071256777440835473e+00	3.447209779489211456e+01	-4.199303499327807998e+01	4.715374248515393418e+01
1.077544048801078125e+00	3.401040608457266501e+01	-4.139995215600768574e+01	4.657454090189316531e+01
1.083824820188043603e+00	3.349725537275508458e+01	-4.070437529726805792e+01	4.604880872226761568e+01
1.090108023942816695e+00	3.309701526274747607e+01	-4.049943728484068117e+01	4.575042941956408526e+01
1.096389665956643222e+00	3.304694599964651758e+01	-4.046894492199528770e+01	4.617282566244030306e+01
1.102681132058841440e+00	3.254849812193481995e+01	-4.005157765148920390e+01	4.565282231070206365e+01
1.108963047594879958e+00	3.199055067525377893e+01	-3.907576631497992992e+01	4.459590446893215443e+01
1.115225428463759272e+00	3.177175575231315108e+01	-3.908264538435196300e+01	4.464723377195515752e+01
1.121502127614767863e+00	3.134613412957494205e+01	-3.829811523831661191e+01	4.398212480830325433e+01
1.127792573824792033e+00	3.103505953487650615e+01	-3.818776679192936285e+01	4.413084703346135740e+01
1.134089552668382961e+00	3.075434015939165633e+01	-3.773135798366635640e+01	4.349607958095895555e+01
1.140364049650405942e+00	3.050582271954915470e+01	-3.756026645332272551e+01	4.359751578722497811e+01
1.146639180320979445e+00	3.026505987039978862e+01	-3.739114544941359242e+01	4.343569076937011886e+01
1.152942412991649901e+00	2.973928196143945968e+01	-3.664446763158399989e+01	4.264609378377136295e+01
1.159228906751078814e+00	2.946099603991386928e+01	-3.648409743286060802e+01	4.230969355283635736e+01
1.165508721887268173e+00	2.923270891884811462e+01	-3.609795392688842952e+01	4.229812961214697964e+01
1.171793076256210320e+00	2.892472749169790447e+01	-3.565376672560768867e+01	4.205468064855269006e+01
1.178087436369658958e+00	2.865272789570629897e+01	-3.540469534801930251e+01	4.148870530808012091e+01
1.184367654251526902e+00	2.848720150409902274e+01	-3.549616046606200115e+01	4.199122732637473376e+01
1.190634642299266632e+00	2.809790504956156099e+01	-3.492994793819227795e+01	4.118078663891397895e+01
1.196912208834400859e+00	2.770959476590495996e+01	-3.418029011745791479e+01	4.053995123005201862e+01
1.203201577354146234e+00	2.755862633826451358e+01	-3.398002848561110767e+01	4.054319115183528766e+01
1.209486844441705733e+00	2.723831178094035010e+01	-3.347632931322663552e+01	3.989857880025253678e+01
1.215763902074809888e+00	2.695466899230753199e+01	-3.324618077851113895e+01	3.974951405507039937e+01
1.222049755171146668e+00	2.667456780639135516e+01	-3.289600621263217306e+01	3.938530834248198431e+01
1.228340616621486969e+00	2.661300074818800354e+01	-3.295175069913278065e+01	3.969383537814695728e+01
1.234632986576932767e+00	2.619785134482977895e+01	-3.219379790882994996e+01	3.886192394837658526e+01
1.240902247176856488e+00	2.605406792774892821e+01	-3.219110800791502669e+01	3.888836259337507784e+01
1.247174839144687519e+00	2.582355537774517984e+01	-3.195605982194884831e+01	3.852843468236322622e+01
1.253465459933442272e+00	2.560467833791695469e+01	-3.157701649436659963e+01	3.855765512661839978e+01
1.259749951892178421e+00	2.540120492307070421e+01	-3.149756792161961627e+01	3.833446323725998184e+01
1.266032143127253873e+00	2.515492058249204277e+01	-3.104303341035713615e+01	3.803923237541691549e+01
1.272316288472006507e+00	2.491822393927559887e+01	-3.066898929357299153e+01	3.745819865232205359e+01
1.278604155058621350e+00	2.494882172489989713e+01	-3.093801370303151899e+01	3.807671213392157483e+01
1.284886588933593865e+00	2.449276746498915003e+01	-3.013990866649115219e+01	3.703064931780144065e+01
1.291175420066583257e+00	2.437476495281248390e+01	-3.016722570064162312e+01	3.685612842893262098e+01
1.297465726373772332e+00	2.411366656403265196e+01	-2.957607671529752835e+01	3.658586622788875076e+01
1.303741827011944299e+00	2.391653928961203235e+01	-2.944473782757727420e+01	3.639099331072510779e+01
1.310017322922761851e+00	2.373140440668838380e+01	-2.927303034149193195e+01	3.627777009318436541e+01
1.316301447662886703e+00	2.351325955910268561e+01	-2.883227689375542013e+01	3.579250094516335423e+01
1.322586760363303249e+00	2.339747233487179301e+01	-2.882195836709681913e+01	3.569832365197529356e+01
1.328865492452874664e+00	2.311136920572669951e+01	-2.820503691259749601e+01	3.516261163263354206e+01
1.335144804954555564e+00	2.305400815289208438e+01	-2.828474932533738695e+01	3.539669094335631172e+01
1.341440516272275119e+00	2.295127515326970880e+01	-2.827603989918261362e+01	3.534002701017418246e+01
1.347730868417094552e+00	2.269010289370667621e+01	-2.773002665968758151e+01	3.477625296980209413e+01
1.354001589994877630e+00	2.251202515494120959e+01	-2.748470013849400573e+01	3.461207550837588087e+01
1.360282609297778444e+00	2.232920100960422971e+01	-2.727546786811218382e+01	3.434108293459552641e+01
1.366565686457597906e+00	2.225001307219152480e+01	-2.730846155887036630e+01	3.440313067248121115e+01
1.372851498482432708e+00	2.189290411416988036e+01	-2.657826876986727171e+01	3.349299389716943409e+01
1.379135372929401804e+00	2.190666452642622630e+01	-2.672379047846807154e+01	3.394131106803691011e+01
1.385409567149057164e+00	2.167923334914957323e+01	-2.626544396071717102e+01	3.343211505906018033e+01
1.391698641219299315e+00	2.149522567990804589e+01	-2.601354365956532888e+01	3.304169417715812074e+01
1.397984451439470810e+00	2.142956934057206908e+01	-2.591180440834747856e+01	3.315315079795625763e+01
1.404267883409181961e+00	2.129302786604660724e+01	-2.585631921650111309e+01	3.295526871494898558e+01
1.410554779484869181e+00	2.117720749244912781e+01	-2.572606354194210354e+01	3.270791732350848235e+01
1.416837833547465397e+00	2.106862303832125605e+01	-2.560543795077310136e+01	3.283579822412537652e+01
1.423118177187137068e+00	2.085712749356081375e+01	-2.511304529109519024e+01	3.220445964494381741e+01
1.429397801164240089e+00	2.071220633600881911e+01	-2.500347189852723773e+01	3.194550925719663681e+01
1.435686921822787232e+00	2.050381625894709714e+01	-2.460016344948135014e+01	3.162143379593868175e+01
1.441977121769299597e+00	2.048100481065266010e+01	-2.461536866747648844e+01	3.154868355221736209e+01
1.448253667853332427e+00	2.034928426051680717e+01	-2.443276691916503296e+01	3.156328492743907077e+01
1.454532348972172651e+00	2.028869322769791950e+01	-2.431936973185562678e+01	3.125586943167164833e+01
1.460819319151879903e+00	2.013764054157174499e+01	-2.421596504993653909e+01	3.114549844447241966e+01
1.467110364402026468e+00	1.998667963136908199e+01	-2.389539614860226635e+01	3.089597860723762324e+01
1.473392908948962132e+00	1.984342796881196591e+01	-2.371546903473988976e+01	3.071117810166581918e+01
1.479669965243598950e+00	1.969252274755842436e+01	-2.339320083903077929e+01	3.044234433838527565e+01
1.485956144602843532e+00	1.953393270915283608e+01	-2.321557639291166453e+01	3.003337786232757622e+01
1.492233610763115115e+00	1.949545175618045434e+01	-2.315246667488147736e+01	3.010472717686515054e+01
1.498502470379980078e+00	1.933753755909491900e+01	-2.298052485453894533e+01	2.978584111941665569e+01
1.504785752051182701e+00	1.925479141420326457e+01	-2.281763041134214731e+01	2.976092781786496388e+01
1.511075991894575976e+00	1.909072409068842546e+01	-2.251465777744745367e+01	2.920115219103161408e+01
1.517361634985162189e+00	1.901089414418028056e+01	-2.245083300289897466e+01	2.934729399347932599e+01
1.523648570969130533e+00	1.902813519309610868e+01	-2.248975424245372423e+01	2.930023767297639026e+01
1.529938035715892264e+00	1.888211535353635639e+01	-2.233488183958526818e+01	2.907187727378750708e+01
1.536230176913891965e+00	1.872218994029067218e+01	-2.207175313481590351e+01	2.880105303533282068e+01
1.542510718779388279e+00	1.857799678022435685e+01	-2.178050125254004143e+01	2.849956925240022088e+01
1.548783963082980275e+00	1.871740631612760808e+01	-2.208853114731457978e+01	2.901682832473896667e+01
1.555073069779651318e+00	1.846966845658540279e+01	-2.163121245365470458e+01	2.841012276537349734e+01
1.561357324927233892e+00	1.841979293463706924e+01	-2.152323956514370096e+01	2.838646519067591356e+01
1.567629121053141006e+00	1.824605216274833808e+01	-2.123094154957805202e+01	2.789853057334906339e+01
1.573913697404382583e+00	1.820876596219975951e+01	-2.113755398324436996e+01	2.790947363549571492e+01
1.580203545230874029e+00	1.818279167928637818e+01	-2.127520942869701059e+01	2.787954237201885377e+01
1.586485393434537983e+00	1.802643915571106703e+01	-2.096733121050256798e+01	2.764006180251752198e+01
1.592760014263005841e+00	1.796385558745181754e+01	-2.076055267229289214e+01	2.741180466229374346e+01
1.599046436394670812e+00	1.783249731628756862e+01	-2.065058683135167783e+01	2.727682103783739009e+01
1.605342136637478934e+00	1.772351484193832150e+01	-2.043486929694877574e+01	2.693292014286050318e+01
1.611619860919608627e+00	1.774414141828791003e+01	-2.048779691266641478e+01	2.697139192469323632e+01
1.617897597081673799e+00	1.757957460629667423e+01	-2.013393586894030207e+01	2.660262803376113183e+01
1.624183235481122756e+00	1.753354935715854879e+01	-2.018757506538220881e+01	2.662313783459524785e+01
1.630464598531913722e+00	1.752928346390615744e+01	-2.010809986476924394e+01	2.671700425029853321e+01
1.636748985747638274e+00	1.735723935241178495e+01	-1.981858032161088445e+01	2.626783664645354222e+01
1.643030923698886259e+00	1.734027410516127077e+01	-1.999816604729776870e+01	2.629721033450403311e+01
1.649309176648513064e+00	1.723593814524564394e+01	-1.972825109841995328e+01	2.603502887488138740e+01
1.655593633940351861e+00	1.717512476178637471e+01	-1.963804244484342121e+01	2.601759721419562865e+01
1.661879571405086464e+00	1.704801202003665495e+01	-1.931422968030400256e+01	2.567505885415748779e+01
1.668169361685170271e+00	1.700414395118377797e+01	-1.934598278760407553e+01	2.561309084031983829e+01
1.674450151530487485e+00	1.689733243752021963e+01	-1.913998229629660131e+01	2.536971833594778403e+01
1.680722718978495900e+00	1.679332847161314390e+01	-1.893613831229019695e+01	2.519713850384056997e+01
1.687013891340952476e+00	1.676987056263667952e+01	-1.892480550930499206e+01	2.507828043680647312e+01
1.693308984907921033e+00	1.677175745223624403e+01	-1.898104852973442647e+01	2.521685765075192620e+01
1.699582147428448486e+00	1.659984878131343322e+01	-1.856300008025887394e+01	2.456372737920855798e+01
1.705863747055134105e+00	1.662793246131910507e+01	-1.871892336470869012e+01	2.475814582593042701e+01
1.712154434283889470e+00	1.650253291692191482e+01	-1.843010181523980151e+01	2.449056277579260765e+01
1.718438381579399321e+00	1.643843228543338242e+01	-1.838333546579348976e+01	2.430531860624270024e+01
1.724721264464063930e+00	1.640534926891234946e+01	-1.827869366694368836e+01	2.425212128169436809e+01
1.730997441276920679e+00	1.638343313243621679e+01	-1.827081069149349091e+01	2.428243030775870892e+01
1.737287073528269499e+00	1.621353286962684237e+01	-1.792604767648675335e+01	2.384557865856761794e+01
1.743567991878527401e+00	1.618519580314812245e+01	-1.789925352420794624e+01	2.387543128529723191e+01
1.749840680212231048e+00	1.612803541226118753e+01	-1.786321371396532953e+01	2.359476550980553711e+01
1.756128549091961144e+00	1.616685266072146732e+01	-1.800033477433332152e+01	2.386174607849745399e+01
1.762413535324792502e+00	1.609490905814272566e+01	-1.784043121917835251e+01	2.368184602903299663e+01
1.768696187669963837e+00	1.599449494293941676e+01	-1.760606345260963579e+01	2.340294203030899212e+01
1.774979359379055266e+00	1.592521126291264721e+01	-1.747338199580615026e+01	2.319322972183838161e+01
1.781265555576432957e+00	1.584953729537947353e+01	-1.735272910041845407e+01	2.301426027471783087e+01
1.787549427830244619e+00	1.586223674018375007e+01	-1.741341300193934671e+01	2.308436038604307328e+01
1.793834120011633004e+00	1.577820593007666261e+01	-1.727164063740557154e+01	2.289279831599031212e+01
1.800115051552487300e+00	1.573574239946684195e+01	-1.713658237805121232e+01	2.282925984439470923e+01
1.806393904854530330e+00	1.562813631349234278e+01	-1.697726744120701170e+01	2.249703634028543320e+01
1.812674089667083432e+00	1.564087573694853894e+01	-1.704784067405254433e+01	2.252859962248079739e+01
1.818956920109354058e+00	1.552743192134751382e+01	-1.675268909463709832e+01	2.228839640164281377e+01
1.825244164118212220e+00	1.560948602479893843e+01	-1.692314492731503606e+01	2.250416837185448671e+01
1.831527256642196955e+00	1.542535008019956777e+01	-1.655851603817642115e+01	2.204410497651153378e+01
1.837811294935716599e+00	1.544395989538552527e+01	-1.656583752211061977e+01	2.204488621475523402e+01
1.844100717411196744e+00	1.534675899899374940e+01	-1.641620136774795924e+01	2.189483779828655585e+01
1.850384816792487230e+00	1.529494542981739080e+01	-1.632091446251474665e+01	2.159985831208586760e+01
1.856666059735203822e+00	1.523948277251838057e+01	-1.625303812943017689e+01	2.153636710019328149e+01
1.862947728675613979e+00	1.522023769550802363e+01	-1.620763803115433532e+01	2.154019675605422890e+01
1.869229324466858078e+00	1.520871351397264881e+01	-1.622312686052664787e+01	2.144568332586235115e+01
1.875517616802973686e+00	1.509427993352657005e+01	-1.593063347393519358e+01	2.115851261831064178e+01
1.881800769033795229e+00	1.509478183135681206e+01	-1.603532854379659867e+01	2.118653655862084761e+01
1.888078863416442710e+00	1.505999937450065573e+01	-1.592339938822041034e+01	2.113852971421562543e+01
1.894353975182237582e+00	1.502830178606506450e+01	-1.590908376346326669e+01	2.106832929665569409e+01
1.900642716154182565e+00	1.493653520861855455e+01	-1.569398327171324681e+01	2.075213954449242593e+01
1.906933494748685121e+00	1.491755327208590032e+01	-1.567010585725215854e+01	2.078300701202734402e+01
1.913207568676573933e+00	1.487305983174319657e+01	-1.549478816976787776e+01	2.059735541627117072e+01
1.919490884732178992e+00	1.482809623713936453e+01	-1.549240746530474233e+01	2.055457356838449812e+01
1.925776855684274480e+00	1.476230198704030272e+01	-1.533702414977531170e+01	2.027514598529660717e+01
1.932064452961978152e+00	1.479740846248674480e+01	-1.541638905590043862e+01	2.045821825114151693e+01
1.938342610030488800e+00	1.463513153231328445e+01	-1.503874339059193055e+01	1.995648714147938918e+01
1.944618341543410178e+00	1.471921010691242593e+01	-1.530023261333841944e+01	2.028903743364269374e+01
1.950906260203513876e+00	1.462647681252230569e+01	-1.506614143963926900e+01	1.992882939321469138e+01
1.957194556613796488e+00	1.458564220953172708e+01	-1.496373111772990150e+01	1.984023000192442154e+01
1.963479614559011432e+00	1.454495046558432136e+01	-1.485907325852792837e+01	1.970929726082519196e+01
1.969760361532916226e+00	1.448348681236243607e+01	-1.477758990820004570e+01	1.962329794529572524e+01
1.976048367034604736e+00	1.446711833827724547e+01	-1.478422676376364109e+01	1.948917205582638346e+01
1.982337990217652335e+00	1.439601339095371735e+01	-1.465019945312278793e+01	1.935489204580816036e+01
1.988617489259562721e+00	1.438467374349452932e+01	-1.455706324514738981e+01	1.928094688681694535e+01
1.994896320665194178e+00	1.430222484792175308e+01	-1.434830684336566797e+01	1.904810559533362380e+01
2.001179596222827151e+00	1.433978793112266814e+01	-1.446461384036295605e+01	1.913041372893185255e+01
2.007459756923499761e+00	1.427228304014263571e+01	-1.432360578822656194e+01	1.899634580536518058e+01
2.013737397779169935e+00	1.425146838167211705e+01	-1.423781683597445102e+01	1.887797643043650808e+01
2.020017234677497164e+00	1.419767071492925936e+01	-1.414926074409222423e+01	1.874005058325213469e+01
2.026310251015072783e+00	1.413674570754809601e+01	-1.404283384570587678e+01	1.857112432074754338e+01
2.032600542948020284e+00	1.409970574920282971e+01	-1.393844144298565624e+01	1.846671034416226576e+01
2.038873863192099289e+00	1.409663668661888281e+01	-1.396503268380793550e+01	1.840306875159989630e+01
2.045154087821675404e+00	1.403315583857030013e+01	-1.382316607615337212e+01	1.831778883226835930e+01
2.051444704514288730e+00	1.402120569432142183e+01	-1.380817048621685394e+01	1.830684049966644622e+01
2.057730430280644729e+00	1.402457989610147493e+01	-1.379178940668274578e+01	1.826407509369129301e+01
2.064013940455224461e+00	1.396991876891432760e+01	-1.372526260531820341e+01	1.811326004738945628e+01
2.070299891179459895e+00	1.390452728669625238e+01	-1.353821275236126986e+01	1.788082242282704115e+01
2.076589719964883951e+00	1.386887422421123617e+01	-1.348714714410790627e+01	1.784433408736186522e+01
2.082865483794470673e+00	1.385339800243306030e+01	-1.341399845980489935e+01	1.787739026704578293e+01
2.089134494859368640e+00	1.380660156873013911e+01	-1.337526947509794795e+01	1.768539834042782743e+01
2.095424211360070288e+00	1.376600497378540666e+01	-1.330125198930315911e+01	1.754123294699026658e+01
2.101707116664804254e+00	1.374909759305788093e+01	-1.318331754077056850e+01	1.741744734289278895e+01
2.107986473933564309e+00	1.371756847453156958e+01	-1.310159852357631571e+01	1.741110352628728464e+01
2.114271806543862375e+00	1.367596813477353201e+01	-1.303192950831279440e+01	1.726999433490937363e+01
2.120552717288892275e+00	1.366393146116622503e+01	-1.290319297354566430e+01	1.714713515997945592e+01
2.126836933207161717e+00	1.362411251858324235e+01	-1.288305374801776715e+01	1.708404162284409367e+01
2.133122044791171845e+00	1.357178266314724269e+01	-1.283633447000548777e+01	1.697365502128887726e+01
2.139411711910842673e+00	1.359794904758282108e+01	-1.287395301312965046e+01	1.700394970152606788e+01
2.145697076775292089e+00	1.353888376114207759e+01	-1.273330956068454967e+01	1.681492217199662420e+01
2.151973548606471276e+00	1.348255544882279899e+01	-1.260049049224155659e+01	1.671269462333083311e+01
2.158259913555724108e+00	1.351257464244130801e+01	-1.261626338797512759e+01	1.678771975893403479e+01
2.164545396699105506e+00	1.345610024561180396e+01	-1.251502591789233598e+01	1.657548091868329365e+01
2.170830700377734068e+00	1.346464686052643067e+01	-1.256337437863111184e+01	1.660798262396678027e+01
2.177114138849150393e+00	1.337551506227429776e+01	-1.236016032314649316e+01	1.633122435906874870e+01
2.183387647576827018e+00	1.333342251838413084e+01	-1.228925689777776853e+01	1.620483135008323217e+01
2.189670273687676971e+00	1.338914967025618985e+01	-1.236829405220918687e+01	1.632650798109771628e+01
2.195960147934207463e+00	1.330970488580727817e+01	-1.221626401632597947e+01	1.611353797441305602e+01
2.202242556317716371e+00	1.328588739486934145e+01	-1.216192170039484743e+01	1.607319122805373723e+01
2.208521655981037668e+00	1.322175996259509745e+01	-1.197444142047999094e+01	1.589167030564939864e+01
2.214804637081333016e+00	1.323795949339969624e+01	-1.205527934561876258e+01	1.596651512135676043e+01
2.221092583349425276e+00	1.324509678445604877e+01	-1.201866319530081206e+01	1.595776669193555541e+01
2.227372893591468728e+00	1.318540629458894742e+01	-1.181458490761153257e+01	1.565035118076277065e+01
2.233657161144248171e+00	1.319427179042332376e+01	-1.193585616462576837e+01	1.584845199750959743e+01
2.239943485394438660e+00	1.310862493328784950e+01	-1.172423118878342230e+01	1.550464715109762359e+01
2.246224175264620815e+00	1.312436912038549330e+01	-1.177264650375344246e+01	1.557094595921953584e+01
2.252506378421252009e+00	1.308842219052974443e+01	-1.166714378215306525e+01	1.543728087518961800e+01
2.258783417054270437e+00	1.303511062398649578e+01	-1.149060810949521994e+01	1.520616695240335758e+01
2.265069077371457684e+00	1.302532858931435555e+01	-1.151299185331344255e+01	1.526821834292616131e+01
2.271350377044131452e+00	1.298927842826275736e+01	-1.143680082432799594e+01	1.520535638330497541e+01
2.277633995145353918e+00	1.296200146756261873e+01	-1.138715794431201900e+01	1.507331354050991479e+01
2.283922419579920149e+00	1.298760444097543143e+01	-1.136945062700846165e+01	1.509343693854901503e+01
2.290202874392252674e+00	1.296513805723530588e+01	-1.137620156270325822e+01	1.506038790406782901e+01
2.296490779970905560e+00	1.293262972162209046e+01	-1.125287718005498405e+01	1.496521226538630778e+01
2.302771769934229162e+00	1.287035213537373046e+01	-1.108614332283780080e+01	1.480042540716546995e+01
2.309051364164305564e+00	1.288307876349577086e+01	-1.110602481215526183e+01	1.477882671225534672e+01
2.315338502539088239e+00	1.285252037424235994e+01	-1.105567691750053427e+01	1.467822453138438199e+01
2.321627336503874428e+00	1.282259707853649644e+01	-1.093988797253185119e+01	1.463108071579912917e+01
2.327911878297218795e+00	1.282434630921653351e+01	-1.103302198325769545e+01	1.463080627334474393e+01
2.334186238580297168e+00	1.278772356187425530e+01	-1.087063747141192138e+01	1.447454033570634024e+01
2.340467971862688401e+00	1.276436189555057332e+01	-1.082084359297137510e+01	1.440926179977921961e+01
2.346756940970738725e+00	1.274535393751300205e+01	-1.074912753396901799e+01	1.435951197191269557e+01
2.353044444556199988e+00	1.273135456056658121e+01	-1.070312640193348308e+01	1.428378462155471773e+01
2.359327653314069906e+00	1.269226010718924336e+01	-1.063619375033795933e+01	1.415673771926912572e+01
2.365603048789861607e+00	1.266492595296764279e+01	-1.052197222136745580e+01	1.407379245728247419e+01
2.371885911737665165e+00	1.267811801460469745e+01	-1.057373315713220663e+01	1.407022780527161920e+01
2.378173303594019572e+00	1.262937752803272140e+01	-1.044984280594268888e+01	1.402369673873124434e+01
2.384454016539381271e+00	1.263134772615811841e+01	-1.044569534183109383e+01	1.397972393464242380e+01
2.390736447344785187e+00	1.260083940008257741e+01	-1.034275398521748812e+01	1.383508039163333514e+01
2.397014133897952259e+00	1.260443609294925338e+01	-1.030995362745654198e+01	1.386866949778060487e+01
2.403295490074321972e+00	1.257682726482720881e+01	-1.030150920773993484e+01	1.379962999806777546e+01
2.409585049672506862e+00	1.254901298084630135e+01	-1.020770222802787863e+01	1.369950573356572221e+01
2.415871703165322071e+00	1.253825709805959221e+01	-1.016050340063850221e+01	1.365601760171708356e+01
2.422160652369088840e+00	1.251571427355675148e+01	-1.008700927581700135e+01	1.357487638634803773e+01
2.428440167222748691e+00	1.252380307397394255e+01	-1.009345936086532447e+01	1.363833329905060232e+01
2.434717472383889803e+00	1.243022984278887044e+01	-9.865138217939419363e+00	1.333515574609370091e+01
2.441002456202044257e+00	1.249667401247886112e+01	-1.001723303524011222e+01	1.347022044244478423e+01
2.447289980304530488e+00	1.243052127621960068e+01	-9.878312511042873112e+00	1.330581514220481054e+01
2.453571844729242279e+00	1.243703664095283479e+01	-9.898228292894202696e+00	1.341786097827808355e+01
2.459852705114058846e+00	1.242799686111153434e+01	-9.792047621910272781e+00	1.321941083148725404e+01
2.466139233225018934e+00	1.239836118754013050e+01	-9.724602745258902559e+00	1.313780555306732012e+01
2.472421963421291391e+00	1.238714821455280735e+01	-9.681380140457790162e+00	1.305688666630453909e+01
2.478698519174224568e+00	1.239043429154897424e+01	-9.698482138110756878e+00	1.313145583812341854e+01
2.484980841400355800e+00	1.235659870178015574e+01	-9.567123537903635011e+00	1.298621581145222770e+01
2.491269319409339822e+00	1.235953894784280926e+01	-9.588068399917418105e+00	1.298839776987427008e+01
2.497548505139029373e+00	1.232875220138771155e+01	-9.478213645747754157e+00	1.289214179884302780e+01
2.503831667172610853e+00	1.235637170570503507e+01	-9.538954923139893793e+00	1.300563213170622134e+01
2.510117938323931153e+00	1.232061064668460482e+01	-9.387096338516020211e+00	1.279399548765965200e+01
2.516400733681277480e+00	1.229957734182300833e+01	-9.337049761142884208e+00	1.277715909290114205e+01
2.522688226833368130e+00	1.228478511589393563e+01	-9.331269671560358248e+00	1.275416813332278032e+01
2.528971695852665569e+00	1.229647029804366021e+01	-9.336134178717831134e+00	1.278336419355645504e+01
2.535252039407670299e+00	1.228612462558801788e+01	-9.257290596172918384e+00	1.268923514009044240e+01
2.541537514142774512e+00	1.225640378673602271e+01	-9.241301716276892009e+00	1.261736462997042096e+01
2.547823008847572179e+00	1.224001229543994462e+01	-9.098488378473694738e+00	1.246876883711256845e+01
2.554100666580690238e+00	1.222095214680551756e+01	-9.123848386430804425e+00	1.252118127911712797e+01
2.560376788884177301e+00	1.219046890200537270e+01	-8.998918509974734192e+00	1.241689286369156697e+01
2.566667521601497359e+00	1.223131449480315425e+01	-9.082986307486919486e+00	1.254301164852342154e+01
2.572955062237090473e+00	1.218980196157305862e+01	-8.990310748850273370e+00	1.235440012761941375e+01
2.579233771797999175e+00	1.221943651942235576e+01	-8.998732187936095528e+00	1.240641449825548115e+01
2.585520164300948220e+00	1.218810088187960794e+01	-8.950395963075537864e+00	1.235046347279814860e+01
2.591805130332431872e+00	1.219098203779501866e+01	-8.881852263244258694e+00	1.234378705158687239e+01
2.598084074692260881e+00	1.217953218284618266e+01	-8.847965241493229271e+00	1.231752945770318952e+01
2.604360404197643586e+00	1.214118793680971109e+01	-8.767969461413130716e+00	1.221987432093116865e+01
2.610647185140439142e+00	1.214572386595250642e+01	-8.738034644785622973e+00	1.214871330262561777e+01
2.616931864059273138e+00	1.215603632340496176e+01	-8.699097232341856056e+00	1.214547424289920841e+01
2.623206107911065565e+00	1.214367185385841630e+01	-8.690930080640049127e+00	1.212106786404662984e+01
2.629491626543270844e+00	1.212959797698954745e+01	-8.649384404555309658e+00	1.202368147737705684e+01
2.635778507982642349e+00	1.214866492760351946e+01	-8.656505264365025099e+00	1.211855555062612133e+01
2.642061039325260818e+00	1.210553506867382012e+01	-8.546211726114290030e+00	1.201508789023029600e+01
2.648343840729305843e+00	1.213590344015800504e+01	-8.573882333303016523e+00	1.200149636464760938e+01
2.654631838974855551e+00	1.210256335328283761e+01	-8.447879698186708808e+00	1.188811627988495445e+01
2.660919001246303761e+00	1.210083705829033107e+01	-8.456381496919517460e+00	1.186192310959224017e+01
2.667198525130066056e+00	1.209039577707065938e+01	-8.426236468867992713e+00	1.190631924106697248e+01
2.673484307038032526e+00	1.208889669303805015e+01	-8.397725037457277608e+00	1.186251647982663471e+01
2.679773388053849459e+00	1.206969192800958801e+01	-8.304412690232224392e+00	1.177900467180733557e+01
2.686058217632288692e+00	1.206415180571065449e+01	-8.269474865708705380e+00	1.179393213738684842e+01
2.692338738200057868e+00	1.206521395242484118e+01	-8.285502573013145522e+00	1.183667278344501561e+01
2.698618022887226964e+00	1.207030107679045194e+01	-8.233944162366338304e+00	1.170344178034482674e+01
2.704895450708277860e+00	1.205514196389064097e+01	-8.175989861769060951e+00	1.172550854702645751e+01
2.711175674923682166e+00	1.205466856500513728e+01	-8.144828181968877701e+00	1.160072009678532545e+01
2.717459832966957922e+00	1.209271301054070769e+01	-8.186625737653399071e+00	1.174270378643652180e+01
2.723745731959044569e+00	1.206301977311132845e+01	-8.069155948194714156e+00	1.163405098870081211e+01
2.730038414850594730e+00	1.206703712524220862e+01	-8.054579677841424257e+00	1.162092735841862989e+01
2.736317989800789441e+00	1.205989315939358164e+01	-7.989018499707678522e+00	1.156546373074317025e+01
2.742591858549239703e+00	1.203960414866268813e+01	-7.942521066617824310e+00	1.157712181631180215e+01
2.748879749010778362e+00	1.207688369172599074e+01	-7.980757381096910130e+00	1.158719235074636167e+01
2.755163403825859447e+00	1.207975868129993202e+01	-7.940708053699331970e+00	1.153291946582558936e+01
2.761446955625852073e+00	1.205031999377266061e+01	-7.909225431978078369e+00	1.148234878252676339e+01
2.767732088935374701e+00	1.207624102543490530e+01	-7.868480038649819264e+00	1.154606885441968878e+01
2.774015452421743966e+00	1.208993502115419183e+01	-7.860837089598938121e+00	1.154673573424082811e+01
2.780298635700591436e+00	1.205692097415307629e+01	-7.829872546532182120e+00	1.147648534184741820e+01
2.786577474762241380e+00	1.208173586536842059e+01	-7.752926502058688385e+00	1.150807936484384619e+01
2.792857983210164541e+00	1.209767139811472525e+01	-7.801158693437055369e+00	1.156263995798002853e+01
2.799143790920211483e+00	1.206756307484234547e+01	-7.689945476763877963e+00	1.147012692729342476e+01
2.805430058399325244e+00	1.208712156906437230e+01	-7.689334062045298346e+00	1.151964222395323212e+01
2.811715058209780072e+00	1.209483957957554168e+01	-7.696473583837711629e+00	1.143646073780995565e+01
2.817989272498773623e+00	1.209557852647947840e+01	-7.671639683574441371e+00	1.142834597262397622e+01
2.824269171595737760e+00	1.208823145599058613e+01	-7.618900613763043062e+00	1.137141226384672521e+01
2.830563016441804081e+00	1.210020968747087977e+01	-7.580562515066595175e+00	1.131150988260436741e+01
2.836848750951622034e+00	1.211420770732803653e+01	-7.581460463488558510e+00	1.144047489403648399e+01
2.843130027866129783e+00	1.210971239533167143e+01	-7.619592154689097896e+00	1.146572827238290948e+01
2.849413896912404986e+00	1.211966294441158531e+01	-7.506939972267868022e+00	1.146546775198892831e+01
2.855697464522425566e+00	1.213418348973427108e+01	-7.502592779627736519e+00	1.140559849958975924e+01
2.861978799810683594e+00	1.213893786619207660e+01	-7.460876197090552608e+00	1.144105340552447636e+01
2.868262469415629567e+00	1.215488618816690192e+01	-7.447768795125971231e+00	1.137574950821048070e+01
2.874547359206753860e+00	1.215425573533965142e+01	-7.431291784451439675e+00	1.143673208278993414e+01
2.880831111471525041e+00	1.216941358559192921e+01	-7.437258909459687928e+00	1.148959097658511475e+01
2.887113216972382546e+00	1.218622854342552664e+01	-7.388820858612996645e+00	1.142045431207463935e+01
2.893394504725182781e+00	1.216733645285897936e+01	-7.306655910124152165e+00	1.139123460613998340e+01
2.899673662137033592e+00	1.219267102957307003e+01	-7.361182933642090198e+00	1.143987161369170913e+01
2.905953958587380814e+00	1.220455275669458928e+01	-7.289724148822820382e+00	1.138319183158563241e+01
2.912241118105161064e+00	1.221569166685659802e+01	-7.348192531451943843e+00	1.146467395403478484e+01
2.918525996366671205e+00	1.223319024553805079e+01	-7.333283723281462940e+00	1.150692895707217822e+01
2.924809035425688819e+00	1.223372355882015405e+01	-7.261670771495979615e+00	1.146231362827405142e+01
2.931095916293684933e+00	1.225023947202405239e+01	-7.303315275449556054e+00	1.147484963759408672e+01
2.937378182606774413e+00	1.227275017364442711e+01	-7.254049665208927244e+00	1.152449390527176654e+01
2.943659980254369923e+00	1.229832510571488413e+01	-7.277960153109050978e+00	1.157704794988924668e+01
2.949946454403890250e+00	1.225648599833026609e+01	-7.179912167066089701e+00	1.142501976425475263e+01
2.956227653702202307e+00	1.232387353147129261e+01	-7.238451622000126484e+00	1.159750619673622474e+01
2.962510478867462993e+00	1.233504126788402289e+01	-7.219337635459399216e+00	1.156429705982488088e+01
2.968796535179442309e+00	1.233467732697905284e+01	-7.153481685485551189e+00	1.156542594205684971e+01
2.975077657376874907e+00	1.236445977658853401e+01	-7.168667284537630024e+00	1.163895139919741162e+01
2.981359866759223376e+00	1.235967276211601984e+01	-7.101509230218112201e+00	1.157005959676473950e+01
2.987646761575656562e+00	1.239598592589768522e+01	-7.163888067952542293e+00	1.169220308822438525e+01
2.993929038370399365e+00	1.242582896604531406e+01	-7.135317340147982357e+00	1.168740727653137235e+01
3.000206214840962726e+00	1.243198810211178262e+01	-7.122470930963055835e+00	1.167959000270078462e+01
3.006486172402415669e+00	1.245013489060961298e+01	-7.132421180132964444e+00	1.170250801589970813e+01
3.012769812211594456e+00	1.246743829961952699e+01	-7.106698075397310355e+00	1.174302213238819448e+01
3.019053144326170113e+00	1.251350611717261962e+01	-7.113615484443461590e+00	1.182789059385283537e+01
3.025337405144251424e+00	1.251135721260567379e+01	-7.036178522441998595e+00	1.181104366883347723e+01
3.031623734799107961e+00	1.252226423391243415e+01	-7.002000237416230455e+00	1.179440816766088496e+01
3.037908962055872575e+00	1.255579460610607967e+01	-7.097622831083517880e+00	1.193244768158273850e+01
3.044195067146031608e+00	1.259195495144480148e+01	-6.983709669744672333e+00	1.192038112322539867e+01
3.050475543482170426e+00	1.259816542651605964e+01	-7.053605840786390857e+00	1.192532112357561758e+01
3.056754954538277502e+00	1.262899952947828197e+01	-7.011400407886147157e+00	1.193811775327773894e+01
3.063040539557494668e+00	1.266889864162463475e+01	-7.066679844306161584e+00	1.207494016507863854e+01
3.069323699454357346e+00	1.271377799792193741e+01	-7.096493117468365419e+00	1.214248670864192370e+01
3.075610692642898769e+00	1.273527532726327038e+01	-7.059355873095250367e+00	1.220614147161832719e+01
3.081893798009918584e+00	1.275674024935329065e+01	-7.040175464683459339e+00	1.218348402837052724e+01
3.088174549548037717e+00	1.280231843915494316e+01	-7.048940567346419606e+00	1.228561361007177233e+01
3.094458635632868493e+00	1.280170151247332555e+01	-7.062665032477569049e+00	1.230143474881957033e+01
3.100743982931558840e+00	1.281946299932771893e+01	-6.947168141283442289e+00	1.227991432489411849e+01
3.107028111748448396e+00	1.283584855253696766e+01	-6.957064414367060579e+00	1.228434674782238467e+01
3.113309299655494300e+00	1.290724067772905492e+01	-7.072096792081817185e+00	1.247169793618056843e+01
3.119590662867241626e+00	1.291416455924265172e+01	-7.004477260545066031e+00	1.248776693347052991e+01
3.125874006820172912e+00	1.297195379960271922e+01	-7.045241601767023631e+00	1.256855483130355644e+01
3.132159251154602586e+00	1.299262483005597346e+01	-7.004601972941102872e+00	1.260462156002161116e+01
3.138439172765940643e+00	1.301013746789362457e+01	-7.015806459044718224e+00	1.263692064581652197e+01
3.144723867719826593e+00	1.308435640168072922e+01	-7.027161070703629164e+00	1.283891184639904282e+01
3.151003951258561031e+00	1.309624982510146829e+01	-6.991129274420785578e+00	1.280526170692278498e+01
3.157283664131563139e+00	1.313891004844673382e+01	-7.061766114483988943e+00	1.286114024135587997e+01
3.163569317183839935e+00	1.314638170138134576e+01	-7.014301517772752348e+00	1.287301939899183623e+01
3.169851661717792091e+00	1.321592974395893982e+01	-7.042676135713383800e+00	1.302642497403595812e+01
3.176137704316093657e+00	1.326329374242713222e+01	-7.000514750038033363e+00	1.307363776543370015e+01
3.182420924828643916e+00	1.327905489954538787e+01	-7.029920648956280438e+00	1.317290960041521153e+01
3.188702811875577581e+00	1.333865370363728964e+01	-7.084620536161670756e+00	1.319441323834811364e+01
3.194990520008989865e+00	1.335311910993294049e+01	-7.023232141918159144e+00	1.330588163990660533e+01
3.201275324656983834e+00	1.340320130812361121e+01	-7.061888080697348968e+00	1.335400840982523718e+01
3.207551352179861759e+00	1.346152285137852544e+01	-7.085838151066596424e+00	1.349978594606484705e+01
3.213835216737041645e+00	1.347472055612439057e+01	-7.047762632691576989e+00	1.347048923257195696e+01
3.220122579819103770e+00	1.346427332738739402e+01	-6.916697204254790954e+00	1.312726028952173785e+01
3.226406606618656525e+00	1.332044198405663415e+01	-6.580881435281932923e+00	1.227023820164805379e+01
3.232687390085645429e+00	1.323194101664196687e+01	-6.342259815405138390e+00	1.153351738772188639e+01
3.238969121280456331e+00	1.314559286632279189e+01	-6.088116206947340459e+00	1.086971084905486684e+01
3.245254751548589667e+00	1.307668111319271809e+01	-5.893618086990111138e+00	1.026740927288239824e+01
3.251534499036136783e+00	1.302840633278865745e+01	-5.745211957518882251e+00	9.712113413169287668e+00
3.257817780791052442e+00	1.299870626895430448e+01	-5.642496116601352085e+00	9.214344821425017429e+00
3.264102164154097263e+00	1.297043626442115638e+01	-5.474397643496295984e+00	8.719759932164363292e+00
3.270384152138468892e+00	1.289721422210631374e+01	-5.318377258731076473e+00	8.074918593842543402e+00
3.276669427476867735e+00	1.287458221672146230e+01	-5.235887532070519157e+00	7.620537606036857703e+00
3.282954688864507808e+00	1.285396061086288277e+01	-5.154416953874150664e+00	7.167325959012253556e+00
3.289237200334947264e+00	1.279406784694449328e+01	-5.050284104268529362e+00	6.585002035301534384e+00
3.295519587088236779e+00	1.277285120641247751e+01	-4.932222071778118888e+00	6.107121102108282962e+00
3.301805977329951958e+00	1.275040579741464875e+01	-4.837598452383653935e+00	5.760480479126503184e+00
3.308087486222440088e+00	1.271278587170631624e+01	-4.715433790849518303e+00	5.275388186173723959e+00
3.314367630234227313e+00	1.271312418147954482e+01	-4.636853330993430333e+00	4.856889656035176195e+00
3.320651909732194262e+00	1.269831439497469638e+01	-4.611419592636032405e+00	4.439856009609364662e+00
3.326931260376857047e+00	1.267421522171702186e+01	-4.550518303972033607e+00	4.020835677094745542e+00
3.333216512447217728e+00	1.265876274666999457e+01	-4.526288142299004669e+00	3.562329960581957167e+00
3.339504489419978128e+00	1.263543376020980169e+01	-4.384533390693079014e+00	3.192085874048403937e+00
3.345786804809928405e+00	1.260581373039140907e+01	-4.317013369872351625e+00	2.746458691379244588e+00
3.352071130016277767e+00	1.261723276788677239e+01	-4.256831307362779704e+00	2.375526671235634879e+00
3.358351496304225581e+00	1.260516789869493515e+01	-4.232079316571811134e+00	2.070171293534920576e+00
3.364630591073392019e+00	1.259113571366709827e+01	-4.127215920887623568e+00	1.635608194349417177e+00
3.370916305215045483e+00	1.259666987446205155e+01	-4.173875118512306415e+00	1.324444037592171997e+00
3.377197952029413752e+00	1.257965427407764025e+01	-4.063043525618004637e+00	9.175802146613546428e-01
3.383483063818085501e+00	1.257104557875862660e+01	-4.009719943426289568e+00	6.153733432979764384e-01
3.389769992424469969e+00	1.255861111189313561e+01	-3.997498749473282320e+00	2.528717437137539270e-01
3.396051330885982100e+00	1.256785140345396456e+01	-3.947840241517004412e+00	-8.569004350182925223e-02
3.402330879139463971e+00	1.254942269336227589e+01	-3.913824435197285734e+00	-4.858007887919116308e-01
3.408610488352048495e+00	1.253779627897165483e+01	-3.852942384071779358e+00	-8.817731794038975446e-01
3.414897837696641236e+00	1.256296192066027295e+01	-3.772816924716503095e+00	-1.132762396659975801e+00
3.421180484052105619e+00	1.256884523937640630e+01	-3.751882181870061395e+00	-1.505310987418131186e+00
3.427461639653846870e+00	1.254970878575259974e+01	-3.717119283217635850e+00	-1.837160238479542462e+00
3.433749159643459059e+00	1.255078810849903803e+01	-3.677475859795053648e+00	-2.182131280072693524e+00
3.440032646656798310e+00	1.255146012218401452e+01	-3.658824431240386144e+00	-2.439565841304932814e+00
3.446313366033385339e+00	1.255886744986904269e+01	-3.637885359234988236e+00	-2.749318650201953318e+00
3.452600135384134905e+00	1.255942884778638913e+01	-3.569797395447051880e+00	-3.134781065991059990e+00
3.458883152815406703e+00	1.255985898431750414e+01	-3.552004530059675425e+00	-3.399737071829612045e+00
3.465163834403715448e+00	1.257583687667889549e+01	-3.511153465130080420e+00	-3.729230351308304048e+00
3.471449329786229221e+00	1.257255061411338204e+01	-3.490017252207572085e+00	-4.022065193742997202e+00
3.477734476754053894e+00	1.255578482410345309e+01	-3.479431022365016890e+00	-4.306977397764462090e+00
3.484019652467224226e+00	1.255465338617991833e+01	-3.383097949024270523e+00	-4.726291025292406189e+00
3.490297019369712928e+00	1.258634563863151179e+01	-3.401303051195470939e+00	-4.888879300160260399e+00
3.496582486484379970e+00	1.259199003573098175e+01	-3.396128369170001715e+00	-5.177251952647722533e+00
3.502868048046865024e+00	1.259296638538924284e+01	-3.352225700093096172e+00	-5.507132605501420919e+00
3.509144649545451244e+00	1.258019176591786170e+01	-3.344088317740223637e+00	-5.783554854987202454e+00
3.515428082003116295e+00	1.261557969172786997e+01	-3.253920687289456826e+00	-6.094814827080567099e+00
3.521711031624695565e+00	1.262948370868820902e+01	-3.335763207535920483e+00	-6.196177947595221447e+00
3.527991850954735664e+00	1.260001354603313217e+01	-3.229458386184131058e+00	-6.672997458879367016e+00
3.534275545726699885e+00	1.261851274509759335e+01	-3.209796157059179755e+00	-6.936043115530025283e+00
3.540562632020772149e+00	1.264171527000954143e+01	-3.195965689137971300e+00	-7.186843436877777158e+00
3.546844410757220789e+00	1.265081287320159653e+01	-3.142918749201046413e+00	-7.480680375304757490e+00
3.553131386753758836e+00	1.266241061241002086e+01	-3.169454079059842222e+00	-7.698252149099689134e+00
3.559419203211965144e+00	1.262955184416630239e+01	-3.112487705672772442e+00	-8.002664015665674313e+00
3.565697971577579839e+00	1.268310011279944405e+01	-3.124544075839453150e+00	-8.210116101350413587e+00
3.571979559134798254e+00	1.271832242738587837e+01	-3.097826294687612947e+00	-8.495576201040584863e+00
3.578265774595833726e+00	1.269034304350911668e+01	-3.091921148125315266e+00	-8.752690892704007908e+00
3.584548309769353125e+00	1.269938101813420062e+01	-3.053388213557123532e+00	-9.044261036425851330e+00
3.590826843920031486e+00	1.269993509711981972e+01	-3.003592564607302950e+00	-9.367613456720564002e+00
3.597107306745233934e+00	1.273435043101819275e+01	-2.975055794985926649e+00	-9.559458656222085793e+00
3.603392831792229245e+00	1.275710279513429768e+01	-3.021487631761428982e+00	-9.756838325944627854e+00
3.609673209822572559e+00	1.274687315593139836e+01	-2.969524833152593857e+00	-1.001800426303021041e+01
3.615955412133016189e+00	1.276796540210741071e+01	-2.907442094670385835e+00	-1.034221548186210704e+01
3.622241607772384686e+00	1.278474750206375354e+01	-2.896382969778373617e+00	-1.057360772006385119e+01
3.628520252736676444e+00	1.280793033336912679e+01	-2.942948832775619472e+00	-1.083751561313636458e+01
3.634804827569451113e+00	1.280739600232349318e+01	-2.877004757549883607e+00	-1.104667793800577691e+01
3.641094981788862928e+00	1.284420231099682042e+01	-2.908971112753563570e+00	-1.127663154419283131e+01
3.647383514928639325e+00	1.286671143210238100e+01	-2.835697023021866769e+00	-1.157875544176206439e+01
3.653663283927725658e+00	1.286355477932405122e+01	-2.848030901422942573e+00	-1.180803793170297133e+01
3.659943504072155296e+00	1.289188963366838436e+01	-2.822369421535321443e+00	-1.198494639921419491e+01
3.666232000281138603e+00	1.291075994768747925e+01	-2.826748561361021483e+00	-1.224134625519095287e+01
3.672514211678317597e+00	1.291774623475149575e+01	-2.781571994018005700e+00	-1.250216448449325668e+01
3.678794154686042539e+00	1.293717710711796087e+01	-2.767314945303576579e+00	-1.274155127899203421e+01
3.685078621861909820e+00	1.295544922771476237e+01	-2.760129682808166951e+00	-1.297770083778764771e+01
3.691359210097977961e+00	1.297510305659245056e+01	-2.764322350735654688e+00	-1.317767745127846091e+01
3.697642368173791105e+00	1.297804790219750082e+01	-2.698263869441875240e+00	-1.343572517755916529e+01
3.703925796735277665e+00	1.303061030329982195e+01	-2.733064549450693548e+00	-1.358868142302714332e+01
3.710208240364660348e+00	1.301473556989998315e+01	-2.678807448061992780e+00	-1.393147928762653187e+01
3.716494593122387169e+00	1.305010791666743941e+01	-2.684564603851681941e+00	-1.410156759340823918e+01
3.722775386659595398e+00	1.307217017030967376e+01	-2.681940417737119997e+00	-1.436710283455607673e+01
3.729058392883481510e+00	1.309464418266798447e+01	-2.642427365066132072e+00	-1.460764694691521726e+01
3.735339748210807720e+00	1.310568730604363807e+01	-2.683393341386235864e+00	-1.470862858888073355e+01
3.741620776392969638e+00	1.313430825047803197e+01	-2.629278048955359992e+00	-1.502298549521420590e+01
3.747904795418762980e+00	1.314347000449497394e+01	-2.626497262159785517e+00	-1.519888036721805946e+01
3.754190633281219380e+00	1.317181978621123939e+01	-2.549074281893938032e+00	-1.551958128016533678e+01
3.760478208018912749e+00	1.318755554420411968e+01	-2.521065410389719208e+00	-1.576674347817696109e+01
3.766755538573464346e+00	1.322364602188372729e+01	-2.581923263840113947e+00	-1.584785555638426935e+01
3.773032090135151506e+00	1.322442439860714813e+01	-2.503896956303257149e+00	-1.617748366186755149e+01
3.779322553012896879e+00	1.326255992332109557e+01	-2.554436494381400635e+00	-1.634308592754317502e+01
3.785609109731308930e+00	1.327944302750618277e+01	-2.451649733970279410e+00	-1.671025128178067476e+01
3.791889825936295200e+00	1.332200408502683153e+01	-2.522346753867578339e+00	-1.673444295156432915e+01
3.798174822702435893e+00	1.333877708218455993e+01	-2.447793115603898784e+00	-1.706127236798906210e+01
3.804458658753491651e+00	1.333462228778580361e+01	-2.449805949376717695e+00	-1.727702749409928629e+01
3.810738438095723435e+00	1.340775128629570112e+01	-2.513463833186266871e+00	-1.735934462459157146e+01
3.817018850285747167e+00	1.342935200491650960e+01	-2.446118879566398174e+00	-1.771052587144226464e+01
3.823305314209427763e+00	1.346134596638085945e+01	-2.429544340987860984e+00	-1.790986130474883709e+01
3.829591295197792178e+00	1.348147369874676471e+01	-2.474728420160089648e+00	-1.804980890518569581e+01
3.835872296070849341e+00	1.349266647191517876e+01	-2.421740571138566001e+00	-1.833495704185024877e+01
3.842156279590906109e+00	1.353857908522015840e+01	-2.447738580003191444e+00	-1.847869128090155399e+01
3.848441511099312429e+00	1.354575851111254714e+01	-2.384492247088596084e+00	-1.874916869332324154e+01
3.854723334376886079e+00	1.356687469577981631e+01	-2.418935545163069634e+00	-1.890670016286174260e+01
3.861004740704794713e+00	1.360129771138410426e+01	-2.332310866935488836e+00	-1.916254527146599429e+01
3.867284336650660848e+00	1.361494384484842435e+01	-2.348087218858625480e+00	-1.934978120624736775e+01
3.873567367678779849e+00	1.368824611728231844e+01	-2.332677459277822329e+00	-1.960555879007311830e+01
3.879850662830422792e+00	1.366314870709947016e+01	-2.268944963291273265e+00	-1.986379961852237130e+01
3.886137063198143338e+00	1.372809337489592885e+01	-2.322673886704648805e+00	-2.001854042509741660e+01
3.892419463049126005e+00	1.373858489910985803e+01	-2.299375615706141129e+00	-2.019615220636372044e+01
3.898703740328622658e+00	1.381590367716860079e+01	-2.308323762893836673e+00	-2.042096007303143779e+01
3.904991458788179326e+00	1.380811469549633408e+01	-2.291883162495974791e+00	-2.063301253642550748e+01
3.911270842222104083e+00	1.385873045828660111e+01	-2.271345448995578664e+00	-2.085678497290077260e+01
3.917549806479573071e+00	1.392639328990983749e+01	-2.282018264208168556e+00	-2.109343598426551480e+01
3.923836006203090587e+00	1.392235611229006587e+01	-2.234788658175480336e+00	-2.132173823295423176e+01
3.930121452497870926e+00	1.402164035078779136e+01	-2.294565286229796719e+00	-2.146551878618473452e+01
3.936398172858230460e+00	1.398806240426727143e+01	-2.219547246516436090e+00	-2.168252744877785432e+01
3.942683040425962293e+00	1.403141431496466396e+01	-2.205210037674871337e+00	-2.196515879254341286e+01
3.948974759704379611e+00	1.410641844130967471e+01	-2.244151541012679996e+00	-2.209147865594483306e+01
3.955259227995065352e+00	1.410134518106979229e+01	-2.147858272858147011e+00	-2.244219267168488940e+01
3.961537174921395454e+00	1.416006946463619087e+01	-2.238139421458129164e+00	-2.247513880697619015e+01
3.967820217617139544e+00	1.419368121532755467e+01	-2.192725675390728046e+00	-2.278899696972651867e+01
3.974105559832568968e+00	1.423920540999482576e+01	-2.133071225300691598e+00	-2.305011781990419806e+01
3.980384727931198352e+00	1.427240736062630511e+01	-2.135436477820421342e+00	-2.325346069833672757e+01
3.986664590839849698e+00	1.430699993824674721e+01	-2.118568453397748907e+00	-2.349505652872358397e+01
3.992949619150675034e+00	1.435286834991836180e+01	-2.190738845169292848e+00	-2.359949049735508098e+01
3.999235075769965952e+00	1.437995536215828629e+01	-2.093038505747272460e+00	-2.394092557601361193e+01
4.005515715515433506e+00	1.443229415421659390e+01	-2.118600427187832924e+00	-2.411552799611904163e+01
4.011798434346478537e+00	1.446075676443602909e+01	-2.148914294878776943e+00	-2.424056987349609216e+01
4.018083716245132386e+00	1.450113236320035526e+01	-2.096216871284882988e+00	-2.452188326051400935e+01
4.024365700052603856e+00	1.457750258308261238e+01	-2.101665885281827961e+00	-2.472692782733252770e+01
4.030643960839860540e+00	1.456998987891574693e+01	-2.046634886410261256e+00	-2.497740739045026714e+01
4.036928708926215137e+00	1.464095401337878322e+01	-2.074079537403352713e+00	-2.516798061860943392e+01
4.043218157412017177e+00	1.465533018177032965e+01	-2.061149665596702096e+00	-2.534048406390527575e+01
4.049503019487663558e+00	1.474980566613380439e+01	-2.090866853721212504e+00	-2.561468931320986542e+01
4.055781898960511000e+00	1.478196072759390844e+01	-2.064614889196653369e+00	-2.577399192656758586e+01
4.062060795621602161e+00	1.479111899978498812e+01	-1.985100888054421642e+00	-2.616355357313957697e+01
4.068347865354716042e+00	1.484373700303364885e+01	-2.038271348084188528e+00	-2.615729991779139141e+01
4.074631027173265529e+00	1.490514699198565296e+01	-1.963944546642999001e+00	-2.660353356215254905e+01
4.080910837526078971e+00	1.501636000359755307e+01	-1.972802053385753984e+00	-2.686483418951156565e+01
4.087201203341442657e+00	1.501261623309396498e+01	-2.003239868493232212e+00	-2.695235314750611266e+01
4.093486818591942189e+00	1.504547853959990000e+01	-1.947325178833045678e+00	-2.727870111166782152e+01
4.099764387336505500e+00	1.511795508274772359e+01	-1.950898624028216233e+00	-2.746816020341095665e+01
4.106049166937662420e+00	1.512848041110730080e+01	-1.921555129958822272e+00	-2.771954545575123063e+01
4.112334559041358695e+00	1.523168793455929659e+01	-1.943221521207384228e+00	-2.794497758105477914e+01
4.118618926059533614e+00	1.529344357606584914e+01	-1.937899225568484596e+00	-2.817369237579457319e+01
4.124898942031112625e+00	1.528844399775539920e+01	-1.928935169350934897e+00	-2.835603711808198568e+01
4.131175432561665417e+00	1.534283218253206904e+01	-1.906137013671127978e+00	-2.856125774848997878e+01
4.137461563786142271e+00	1.538436104086343370e+01	-1.913183652564689252e+00	-2.882952294157716011e+01
4.143746006210170307e+00	1.548257105363398622e+01	-1.906779486300848259e+00	-2.907790395095504721e+01
4.150029800482964326e+00	1.549814961696242932e+01	-1.834152401830078771e+00	-2.941350183377770122e+01
4.156313390684649001e+00	1.560268244127259507e+01	-1.901942078679498271e+00	-2.956125971130662222e+01
4.162596105843763716e+00	1.564075254615622868e+01	-1.881750258199540005e+00	-2.983583350483397822e+01
4.168881843141768684e+00	1.563742224969914396e+01	-1.773094122599495392e+00	-3.013898573225709754e+01
4.175162111073220217e+00	1.575598652459805749e+01	-1.845146769406439624e+00	-3.035274795422811778e+01
4.181448573417560155e+00	1.578263880156220011e+01	-1.761089582109365503e+00	-3.070881520961426148e+01
4.187738782464171194e+00	1.584634156367939362e+01	-1.816163609711927140e+00	-3.079794296953390642e+01
4.194017437180169061e+00	1.592624863701936277e+01	-1.754430200764626635e+00	-3.119096456864660993e+01
4.200293572701767175e+00	1.594475583947271780e+01	-1.797648665418447145e+00	-3.130711119191286684e+01
4.206580195481546269e+00	1.609852358290197571e+01	-1.850849113358138176e+00	-3.160868286574272545e+01
4.212860644652220543e+00	1.605620321110008319e+01	-1.721667765622192370e+00	-3.193348213386515511e+01
4.219138153430114002e+00	1.617453628612030059e+01	-1.795659036212569948e+00	-3.206885856810234259e+01
4.225426162098283811e+00	1.619924014857798511e+01	-1.704890568674861440e+00	-3.247111545810437150e+01
4.231713506719782636e+00	1.627143339602612926e+01	-1.801114592377524470e+00	-3.254497919368818515e+01
4.237990056577191744e+00	1.630715276267577707e+01	-1.749011807138659114e+00	-3.282276072469966977e+01
4.244267783646744618e+00	1.639208890178504419e+01	-1.690837602401245254e+00	-3.326254864084894791e+01
4.250560660182562955e+00	1.644910238834449601e+01	-1.722008565619745024e+00	-3.339633676109649230e+01
4.256847734842668096e+00	1.649281315904197243e+01	-1.664634456282617414e+00	-3.379144170529660585e+01
4.263127100734456221e+00	1.661747257688950796e+01	-1.725523736947257580e+00	-3.397326606329401244e+01
4.269406860432507500e+00	1.668010372334486036e+01	-1.746128212686108183e+00	-3.426702364155708125e+01
4.275691671482192646e+00	1.669920663634162494e+01	-1.684698274498483972e+00	-3.455866364855717165e+01
4.281972414189518794e+00	1.678259808083069871e+01	-1.679103932398139376e+00	-3.477280538423482881e+01
4.288253516806755705e+00	1.682419174452122945e+01	-1.661083322028469755e+00	-3.512454684049445319e+01
4.294540520160492925e+00	1.691995872394228684e+01	-1.640886464637481890e+00	-3.543002454033523207e+01
4.300825742921731809e+00	1.696900654872186820e+01	-1.585274197723148371e+00	-3.583446528751013460e+01
4.307109835491901961e+00	1.704351383258808994e+01	-1.558755810153950705e+00	-3.613637226658214985e+01
4.313390926478413157e+00	1.711499278040891525e+01	-1.581276135370001112e+00	-3.636561805694281446e+01
4.319667979480563247e+00	1.711596587056456897e+01	-1.494735975539546624e+00	-3.678971380360026444e+01
4.325952598143786076e+00	1.725520373537906593e+01	-1.602852638654192585e+00	-3.682172643283765723e+01
4.332241647035422361e+00	1.727610480285665773e+01	-1.471879351685410731e+00	-3.740721420501586891e+01
4.338524445619096781e+00	1.738244260201208391e+01	-1.564974992101085371e+00	-3.752930693171080634e+01
4.344809348131129845e+00	1.743666883164230796e+01	-1.467861479078652165e+00	-3.802010573758866485e+01
4.351090699193166600e+00	1.745236653675624794e+01	-1.409184746895535412e+00	-3.837726623121562142e+01
4.357369710808320029e+00	1.759265562520001680e+01	-1.490541717295992274e+00	-3.857522105204102303e+01
4.363659348967174445e+00	1.758080380935162168e+01	-1.328537888939635980e+00	-3.906206731954204514e+01
4.369947418280990981e+00	1.771844786853313991e+01	-1.474785369516432354e+00	-3.922010780480366066e+01
4.376226569265827315e+00	1.776429300838395875e+01	-1.395271897044202403e+00	-3.961273789500214093e+01
4.382499356631129217e+00	1.779381408905200246e+01	-1.339843277225788221e+00	-4.000356805501439794e+01
4.388784975178015024e+00	1.787878100183764474e+01	-1.403177384183238008e+00	-4.022382575852675757e+01
4.395068696309480494e+00	1.789505799468594205e+01	-1.247787881703360080e+00	-4.079986983309339621e+01
4.401347962382031298e+00	1.808028961124144018e+01	-1.358515622579063997e+00	-4.103843605204956901e+01
4.407628405096517099e+00	1.806492482479829675e+01	-1.196209595826803529e+00	-4.157510091407675645e+01
4.413915862185140426e+00	1.810895325896305863e+01	-1.283770962506828983e+00	-4.173142901556728646e+01
4.420203163534264235e+00	1.826085767647412439e+01	-1.221267470293872615e+00	-4.228498867671400774e+01
4.426480311003382795e+00	1.817217207936698031e+01	-1.089827308012166096e+00	-4.277666618759779027e+01
4.432765973643649104e+00	1.836077080037301457e+01	-1.211811650313268540e+00	-4.286525401681903702e+01
4.439053392023870614e+00	1.821189047767266800e+01	-1.089065637901613703e+00	-4.319515446927635338e+01
4.445336141335588742e+00	1.841992285497106252e+01	-1.214771585565688206e+00	-4.347786274226008629e+01
4.451617241414883352e+00	1.837186425118400734e+01	-1.004467705546719936e+00	-4.407445952155183733e+01
4.457901500730311106e+00	1.844893329599478804e+01	-9.535627523187945043e-01	-4.460429916668086747e+01
4.464189501093017043e+00	1.853747537977374193e+01	-9.731744507328841109e-01	-4.488488209205524271e+01
4.470470197548729985e+00	1.851855684011731284e+01	-7.929771690965615738e-01	-4.563914585251374945e+01
4.476748044268524573e+00	1.862923215343024808e+01	-8.966254827705935071e-01	-4.574967972936374139e+01
4.483035990164653484e+00	1.862907918691535514e+01	-7.849192967579434743e-01	-4.642220863400029884e+01
4.489323331650528104e+00	1.872239766479001943e+01	-7.872660801191253555e-01	-4.681839226638588514e+01
4.495599111667934800e+00	1.872453054700932995e+01	-6.920515449426948296e-01	-4.737232584118170564e+01
4.501870922878794090e+00	1.865903040935836188e+01	-6.210010808240864488e-01	-4.769682695068986789e+01
4.508155162877705457e+00	1.880139294765444191e+01	-7.022305171942869739e-01	-4.805365656749223291e+01
4.514446451153479423e+00	1.870301106886304154e+01	-4.996698362301859597e-01	-4.871931051713126948e+01
4.520723894043856994e+00	1.878197280042312300e+01	-5.185939535943714374e-01	-4.903530492950912389e+01
4.527003782460155890e+00	1.867515502856057807e+01	-4.043553686998143104e-01	-4.958462373880787766e+01
4.533293086610313161e+00	1.869229405240365338e+01	-2.565710672352727872e-01	-5.020680839175131638e+01
4.539578989864040182e+00	1.874006904223520564e+01	-2.732120193554223309e-01	-5.068467115585060156e+01
4.545857164866476730e+00	1.864170455284463657e+01	-1.088953559668951049e-01	-5.118352130120526766e+01
4.552138955546025656e+00	1.864703691934665031e+01	-5.801892465440189328e-02	-5.170454854856821925e+01
4.558432046889146605e+00	1.869892260808549622e+01	-5.448192866572432874e-02	-5.230251688188265291e+01
4.564713463378488711e+00	1.867751543124935765e+01	1.036773505064616206e-02	-5.260778301086870812e+01
4.570987274133244682e+00	1.868674456314701260e+01	6.491909690038925873e-02	-5.307714561220532801e+01
4.577274818151045643e+00	1.881838088044938928e+01	2.251072422953376284e-02	-5.367582459698078878e+01
4.583563263889338657e+00	1.877226541194494658e+01	1.807676377610844404e-02	-5.384807261453395455e+01
4.589844917004465508e+00	1.885368799189993538e+01	-1.053944091201247310e-02	-5.425238855291621576e+01
4.596126259982004747e+00	1.888728419455824792e+01	3.072080507680952088e-02	-5.475060326291930579e+01
4.602409075598298926e+00	1.888883622628235059e+01	5.259391705134693756e-02	-5.497765585709523606e+01
4.608696634867644804e+00	1.892570486048767009e+01	3.316611426900675785e-02	-5.528925780606339657e+01
4.614977646498861219e+00	1.903115564613937138e+01	3.694106219279111314e-02	-5.589297957510228798e+01
4.621258953029527383e+00	1.910498497490549141e+01	6.701942590944891254e-02	-5.638604960599933946e+01
4.627547993978874175e+00	1.913335785361651986e+01	4.762275293392952136e-02	-5.666397794264823062e+01
4.633830152730579854e+00	1.917640796077087373e+01	8.802292335782900545e-02	-5.708063413602422287e+01
4.640104005367354567e+00	1.925049105583916997e+01	1.104289365962592140e-01	-5.749217921558214073e+01
4.646382060386754276e+00	1.933515258623739896e+01	7.738371235337684895e-02	-5.794792199418480294e+01
4.652674213731970987e+00	1.932780526859822245e+01	9.286038741831528776e-02	-5.819675340030730126e+01
4.658958291796220230e+00	1.944305781367364716e+01	4.128847278239115154e-02	-5.859075354927858115e+01
4.665233615070169648e+00	1.945815552441006346e+01	3.970630402730283837e-02	-5.887388260644286220e+01
4.671520675710307380e+00	1.958245033343278863e+01	3.728512302183034036e-03	-5.940290658742613061e+01
4.677814351732177300e+00	1.962461839139676556e+01	4.375513397774239560e-02	-5.979056638341808849e+01
4.684093699744638073e+00	1.971845491728627309e+01	4.670951918637420569e-02	-6.024661294146662982e+01
4.690368661472568590e+00	1.983873338658857932e+01	6.604599997259981425e-02	-6.079723293438571119e+01
4.696663270746453733e+00	1.988147435271230634e+01	6.125975648497638398e-02	-6.116192594142143690e+01
4.702945459248681459e+00	1.990019045004973464e+01	5.051647769824894885e-02	-6.138972100822502398e+01
4.709209170841929470e+00	2.002276294401967149e+01	2.592416698438320191e-02	-6.186392454518522044e+01
4.715491634753063543e+00	2.010052294263507022e+01	1.569147674858365621e-02	-6.229254920399136353e+01
4.721784316284933780e+00	2.021909874805466245e+01	1.053133937101569245e-01	-6.294950026366001339e+01
4.728063062331094635e+00	2.026093829439858496e+01	5.672363591236480318e-02	-6.319753789361703156e+01
4.734337423381671073e+00	2.033808082248419069e+01	3.348045623687756489e-02	-6.352731292892823944e+01
4.740627024094544062e+00	2.035828082278794682e+01	-4.069336826197721135e-03	-6.378020095932789246e+01
4.746914995664547554e+00	2.055100258319807338e+01	4.657309264060541243e-02	-6.457711418679080850e+01
4.753194740071086777e+00	2.059552065354955630e+01	-2.842991711857498563e-02	-6.478111159598061874e+01
4.759478891864783456e+00	2.063510456968585771e+01	7.837324143687360301e-02	-6.520602661687085799e+01
4.765762396877359031e+00	2.079215564855392984e+01	7.452848484031758883e-03	-6.576023104549744858e+01
4.772049481246195768e+00	2.091011304166244145e+01	4.341795810094397495e-02	-6.628860445922339295e+01
4.778335091022592351e+00	2.097943270871304833e+01	1.905915687725625099e-02	-6.666628511719468975e+01
4.784610831402393849e+00	2.098344616016117214e+01	4.904698536867994896e-02	-6.687718668927703902e+01
4.790907306208476157e+00	2.109924077166903800e+01	3.965899235257873238e-03	-6.730751742966042173e+01
4.797204047706418173e+00	2.115033070825772299e+01	5.929595305819073542e-02	-6.767493624427389420e+01
4.803470827697504220e+00	2.135421740989257700e+01	4.900624411409133796e-02	-6.848301781077022099e+01
4.809748850577324042e+00	2.143049628175285548e+01	-2.528939584690174328e-03	-6.880025814973922138e+01
4.816045316586602176e+00	2.148530261056417245e+01	3.212626704752294393e-02	-6.917620129302723342e+01
4.822329240673497885e+00	2.156130639713588693e+01	5.364708821784449494e-02	-6.956957430240660756e+01
4.828596758226470165e+00	2.180642051779538804e+01	2.150447186670735589e-02	-7.044699899510908381e+01
4.834890332961369275e+00	2.183597267902581507e+01	-5.998344844310688276e-03	-7.066631097898608971e+01
4.841191655056394261e+00	2.196172020329654373e+01	6.179679481379145300e-03	-7.120857043574272893e+01
4.847460407468000554e+00	2.209137444732375499e+01	9.126145080552970634e-02	-7.187048413720991391e+01
4.853732128521334843e+00	2.219528818248281965e+01	5.710278450899019566e-03	-7.219662244837343223e+01
4.860029138783373170e+00	2.234496125546864675e+01	3.305641794316235837e-02	-7.289249035340155558e+01
4.866314601732018019e+00	2.241627113142949668e+01	-2.120869620039730896e-02	-7.318467634032742808e+01
4.872587026269203925e+00	2.263148572518530699e+01	7.509310934967559047e-03	-7.399221343411193175e+01
4.878874221748241702e+00	2.268760173466426622e+01	7.152006214918164894e-04	-7.432115020622779866e+01
4.885171078138658807e+00	2.270361040929346075e+01	7.088614611073087123e-03	-7.453834343046833055e+01
4.891450629931857641e+00	2.279859579289312421e+01	-4.861368536720081512e-02	-7.484235771153669248e+01
4.897716482750221978e+00	2.297071349546057206e+01	5.594336301252108429e-02	-7.566936691764510670e+01
4.904002834596266069e+00	2.307038377260898798e+01	2.665290703375848558e-02	-7.610645122980078270e+01
4.910295858205786068e+00	2.328870249088114264e+01	4.253903633362470654e-02	-7.694503584892380843e+01
4.916575188115905881e+00	2.338897261915343506e+01	6.543950737820761199e-02	-7.737153839877771588e+01
4.922847946197084212e+00	2.355688343502124837e+01	-2.220835259773481368e-03	-7.798471079841915810e+01
4.929131667457151700e+00	2.360624653094367176e+01	3.564092724388399219e-02	-7.835405360966186095e+01
4.935434460144239033e+00	2.385684059833915427e+01	3.412493916816432965e-02	-7.919617682310254736e+01
4.941718513303545279e+00	2.396243319354499590e+01	2.418146809241477832e-02	-7.970020405363482041e+01
4.947978624761803168e+00	2.400945369963050524e+01	3.379576915203239690e-02	-7.999602044860898786e+01
4.954274999209829389e+00	2.425910039710656818e+01	-2.289620103978827828e-02	-8.084838802014593284e+01
4.960571094729937514e+00	2.448209895498984423e+01	3.725424848897669616e-02	-8.175867053031092269e+01
4.966823207626954506e+00	2.465021657632312824e+01	7.284198745090106342e-02	-8.247853004282562495e+01
4.973097418390337587e+00	2.454907487612883799e+01	-1.513698093549918113e-02	-8.213396217931848753e+01
4.979415129936382023e+00	2.483541521025437149e+01	-2.776242862484892132e-02	-8.320385861181824794e+01
4.985702082330368157e+00	2.501989790275034409e+01	5.180091932428759760e-02	-8.399633393675466664e+01
4.991949985828016523e+00	2.529370282686513249e+01	6.312151003869585775e-02	-8.500022243827754664e+01
4.998241586316924057e+00	2.529119588424670795e+01	4.901609087446194557e-02	-8.509507634656860375e+01
5.004556635606089543e+00	2.550085684185972923e+01	1.632271824678717745e-02	-8.585778665711626445e+01
5.010828655701208945e+00	2.552693381818308538e+01	6.046493651051250418e-02	-8.607735639963007657e+01
5.017077229702536556e+00	2.583470746894940717e+01	4.048128117996322578e-02	-8.717241214749820699e+01
5.023374414758113637e+00	2.596276579485842717e+01	3.047845302005293758e-02	-8.771427337830694171e+01
5.029688873569548413e+00	2.617563204409703914e+01	-2.738710964152652264e-02	-8.846132656978784325e+01
5.035958413584124216e+00	2.632233586896089150e+01	3.508541384604335471e-04	-8.902528311287356644e+01
5.042232667658486989e+00	2.662588762938187159e+01	2.038053825958388229e-02	-9.019455274521715182e+01
5.048528755870775875e+00	2.679967737545166884e+01	1.292552145222894942e-04	-9.085174665471006961e+01
5.054821121427484520e+00	2.692275603181913013e+01	4.642776450696285001e-02	-9.139364935550987923e+01
5.061069509814582368e+00	2.719366404100887635e+01	-6.046948786542839099e-02	-9.226589549855370365e+01
5.067347812754101177e+00	2.722756106314938762e+01	6.794325645801274627e-02	-9.263197485594426439e+01
5.073675050630431116e+00	2.771208020296134933e+01	5.989479902277441287e-02	-9.437542182437802296e+01
5.079945928388977627e+00	2.752166192711803561e+01	3.296107001101868800e-02	-9.374276482577862168e+01
5.086192992546071601e+00	2.786856029524220446e+01	1.924362450621094206e-02	-9.498179799097786713e+01
5.092484128970163226e+00	2.836026589068521275e+01	-3.270433096458269517e-02	-9.673281224109605603e+01
5.098802924706086870e+00	2.841780059514100643e+01	-9.676043601668434316e-03	-9.697242989645749844e+01
5.105078217426394005e+00	2.880401885636322135e+01	2.986298928920552362e-02	-9.843294561247500951e+01
5.111325076574067872e+00	2.865089533874038352e+01	-1.498478493765031082e-02	-9.793816167069215339e+01
5.117628358851224135e+00	2.911126444393990553e+01	3.572252606782079509e-02	-9.962984349095800951e+01
5.123935939383525984e+00	2.943274027934898385e+01	2.893469406581030898e-02	-1.008134680579355376e+02
5.130199176325612065e+00	2.955117828973221705e+01	4.923773613572345748e-02	-1.012826494640002579e+02
5.136469985878846956e+00	2.951247451134517874e+01	5.044886369205834470e-02	-1.012705578378592435e+02
5.142797788696348071e+00	2.993481996401061451e+01	-1.274828564766065583e-02	-1.027169923215699328e+02
5.149090378043822192e+00	3.011634324140385033e+01	8.880900600650965329e-03	-1.034225841423860714e+02
5.155289879840074363e+00	3.024600730718327668e+01	6.610502501572418366e-02	-1.039672309104292367e+02
5.161564521234301317e+00	3.059380522253590584e+01	5.269031322024998222e-04	-1.052136682366804195e+02
5.167916673496016244e+00	3.097509666365948888e+01	1.768743491457019923e-02	-1.065880350924710740e+02
5.174205974602950064e+00	3.122966106948175735e+01	6.520164231573284674e-02	-1.075459619250829633e+02
5.180434820793812456e+00	3.117736124864500624e+01	-1.578175671125616950e-02	-1.073547933098120666e+02
5.186729096569634656e+00	3.196129276272480979e+01	7.721439513430786161e-02	-1.102578719859669718e+02
5.193058481037780894e+00	3.197532032730347140e+01	-2.884800542746376525e-02	-1.102275121466295786e+02
5.199319511444338460e+00	3.255681877943588631e+01	-8.481777428209012759e-03	-1.123007736580869391e+02
5.205574295584361799e+00	3.275394935079644654e+01	-1.556159254777672368e-03	-1.130581431063159812e+02
5.211894977074066126e+00	3.264835382405668440e+01	1.466817336439439970e-02	-1.127981275095576592e+02
5.218201708336958511e+00	3.306260567282117790e+01	-1.268684967385627638e-02	-1.142327792668647675e+02
5.224411911780083351e+00	3.335224152991302304e+01	7.069230518040110940e-03	-1.153095641715046895e+02
5.230677632666463239e+00	3.379967669797436969e+01	8.344473166548854737e-02	-1.170217132599748311e+02
5.237056729559757429e+00	3.419413485434868960e+01	4.441352388628778958e-02	-1.183980015056325499e+02
5.243336785035660697e+00	3.473657833525452787e+01	4.734796294266009620e-02	-1.203219222733789735e+02
5.249493476178225038e+00	3.433419779002542072e+01	-3.063391442104616141e-02	-1.188705011191952678e+02
5.255787017738318134e+00	3.535139875676408394e+01	8.933777275048582212e-02	-1.226373061660172539e+02
5.262205327426889845e+00	3.552367131308110260e+01	5.583323432351237209e-02	-1.232394460732584918e+02
5.268477758348532269e+00	3.584786553004582998e+01	1.110328686365859817e-02	-1.243564515849448355e+02
5.274632213654732560e+00	3.614668883468835503e+01	-3.799042856504306065e-02	-1.253601011877581186e+02
5.280950543314659740e+00	3.623857197908893113e+01	-4.210730260416334749e-05	-1.258153206079242636e+02
5.287327645024750389e+00	3.633187951129055193e+01	2.677265601184011454e-02	-1.262033509262976168e+02
5.293582359180156516e+00	3.724652365931067521e+01	-5.433724025605862762e-02	-1.293168932741575077e+02
5.299789992649893478e+00	3.740545575022574099e+01	5.607046834593325257e-02	-1.300688715981191024e+02
5.306111460381987222e+00	3.739525232375345354e+01	-5.618988776208756232e-03	-1.300172137425306857e+02
5.312452717892129250e+00	3.836082883453931913e+01	1.254736178700358029e-01	-1.335363688370522084e+02
5.318650122853046724e+00	3.864650354132943022e+01	-3.754337766276619366e-03	-1.344187606638409989e+02
5.324923043129819789e+00	3.867869382047724258e+01	-8.558869991720582937e-02	-1.345364689980259527e+02
5.331330237158205421e+00	3.964626110392148206e+01	1.896440156485406855e-02	-1.380365343616312828e+02
5.337586726886338617e+00	4.006165151171661876e+01	-2.519238864383962703e-02	-1.394572761746021854e+02
5.343685192440848830e+00	4.042567062379546883e+01	6.349715719886120380e-02	-1.408288059900578730e+02
5.350070659715249199e+00	4.127960581467613110e+01	-8.668646638107294078e-02	-1.437616358890546167e+02
5.356556762554878226e+00	4.077789791025269750e+01	-5.986343484220506272e-02	-1.420693690811045826e+02
5.362691868684501095e+00	4.197235232908054314e+01	7.515197326525525912e-02	-1.463746441957296440e+02
5.368769208912516966e+00	4.179054317984214606e+01	5.030233969816996775e-02	-1.457453054070061853e+02
5.375270137997677722e+00	4.311119340780800258e+01	-5.233088239872882297e-03	-1.503778502857384751e+02
5.381769983045385786e+00	4.344956054396298839e+01	5.265493393185526061e-02	-1.516439937364424395e+02
5.387701030372958222e+00	4.367093044346770370e+01	7.645992555519297296e-02	-1.524369667003570896e+02
5.393786668001271600e+00	4.391159851139500603e+01	9.249809550171845043e-03	-1.532625535185550802e+02
5.400446161099396569e+00	4.403111898169107263e+01	-1.981003123932340362e-02	-1.537022453638536774e+02
5.406957063684501463e+00	4.514720679100268086e+01	-6.915583350657014162e-03	-1.576418667069516744e+02
5.412655672453426270e+00	4.588541918355456772e+01	8.829696690986922614e-02	-1.602904165654659039e+02
5.418821279260546575e+00	4.561207406106058215e+01	-3.021908890777770876e-02	-1.592818037832737446e+02
5.425690594366304076e+00	4.671160658861972337e+01	5.143652016996610316e-02	-1.632577407738633894e+02
5.432217487502165376e+00	4.641879547062076483e+01	1.811920762213016511e-02	-1.622193233283652205e+02
5.437649811577258241e+00	4.722552240044283423e+01	-8.594706115145066272e-02	-1.648825305909285248e+02
5.443914404015878006e+00	4.821878492947115546e+01	-3.460769805456497678e-02	-1.685032535611743185e+02
5.450953501686320202e+00	4.871265207297312116e+01	-5.163486901232061102e-04	-1.702980014527561252e+02
5.457483690405861232e+00	4.961600245627795402e+01	-1.908387549606542846e-02	-1.734475656315495371e+02
5.462715250135157241e+00	5.084915815030677777e+01	-4.658088722996609615e-02	-1.777000192064606665e+02
5.469033575551323523e+00	5.123636828666817422e+01	-8.434366845551757863e-02	-1.790814498212749299e+02
5.476177730420278778e+00	5.164210486904016051e+01	-4.749567060943987035e-02	-1.805666779242519340e+02
5.482708935702562236e+00	5.353466925233255580e+01	-1.543765258650498795e-01	-1.870986944395695275e+02
5.487722405008360838e+00	5.433207925558622264e+01	7.609715084100020233e-02	-1.901003419602575946e+02
5.494194284996126498e+00	5.331098226772285642e+01	1.202914219906000837e-01	-1.866183562011451613e+02
5.501391471009256406e+00	5.470578482954350363e+01	-3.278814017306969347e-03	-1.913873014439849101e+02
5.507128202673079009e+00	5.363172563490464029e+01	-5.890790454766149653e-02	-1.875911669477927717e+02
5.512278020050448646e+00	5.394156494704877502e+01	-1.038672617012803036e-02	-1.887255585088950056e+02
5.519395563377015534e+00	5.537244110082697546e+01	2.473722024383489398e-02	-1.937811372948100370e+02
5.526598678609708770e+00	5.674128025135842535e+01	-2.210333686225755823e-02	-1.985370916392471941e+02
5.532162682462509196e+00	5.819293471515309335e+01	3.002263060653454288e-02	-2.036787594274059359e+02
5.537397124017139127e+00	5.711890055268319344e+01	3.411271859271556434e-02	-1.999275758058795134e+02
5.544582756485218589e+00	5.732579424740195151e+01	3.872520987830727762e-02	-2.006658923060822133e+02
5.551739327507637434e+00	6.216889562262650770e+01	-7.930871244089685024e-02	-2.175029195979868462e+02
5.557493306674907707e+00	5.256532377756324337e+01	-1.770682339649916059e-01	-1.837965883446915711e+02
5.562281709102816940e+00	7.801568984061508161e+01	-3.281261368643367121e-02	-2.730187624282920638e+02
5.569272720323164449e+00	2.949529100758888234e+01	3.112668267093228122e-02	-1.032643952620053369e+02
