8.899641224696953554e-03	1.130446977571229036e+04	2.950253191879644419e+03	-7.134439247471193994e+03
1.507912216506557788e-02	1.656114182082312254e+04	1.157394217195006786e+04	3.700300237410202044e+03
2.144790186456836667e-02	1.847427001812277740e+04	1.518069133922547189e+04	1.037796378218264545e+04
2.783660776489276650e-02	1.404152290775191432e+04	3.412949956090813430e+03	-2.049714313723726718e+03
3.435099785803411021e-02	1.353414793236131118e+04	7.576950275590189449e+03	-4.833250554587957595e+02
4.047886761425745911e-02	1.181949486835233074e+04	7.670965307326574475e+03	4.306213872576124118e+02
4.676716683575679601e-02	1.032407262837082089e+04	9.112311630961901756e+03	2.993106638744929114e+03
5.308225101765951665e-02	8.985867008814409928e+03	6.365990458734466301e+03	1.275123742489349979e+03
5.945362440940590160e-02	7.610619677220342055e+03	5.549046409932177994e+03	2.039279918517578608e+03
6.576224814588792211e-02	7.402518569980104985e+03	4.771500806587901934e+03	1.080719490792845363e+03
7.196632906698736953e-02	7.111089427664621326e+03	4.828212528322943399e+03	1.365739479639429646e+03
7.827860915688347743e-02	6.292639941747152079e+03	3.945429671626837717e+03	1.629008540099669347e+02
8.470398945834539672e-02	5.821091170416649220e+03	4.364090325361917166e+03	6.523789098897564145e+02
9.096854620527369817e-02	5.300944796601928829e+03	2.952341953814253884e+03	2.199743416684609656e+02
9.720789776830213169e-02	4.806617163194434397e+03	2.260224629060691313e+03	-3.468224480547103781e+02
1.034763038959366499e-01	4.167601048620029360e+03	1.922322267731142119e+03	1.991662428334977619e+02
1.097576444254559219e-01	3.761398576900506669e+03	2.399293522726766241e+03	4.019866937070170820e+02
1.160543084780093354e-01	3.560759671557327238e+03	1.753979906792892734e+03	-2.147573233592485451e+02
1.223669666537485351e-01	3.367288575658860736e+03	1.660095546345507273e+03	1.148523426319010809e+02
1.286817263090294094e-01	3.033377230168208371e+03	1.707555146359374248e+03	-3.186732961531044683e+00
1.349500801664080818e-01	2.848870173044904732e+03	1.614046712968401380e+03	2.438170176129543734e+02
1.411949558842147678e-01	2.660907614246503726e+03	1.352017262949429323e+03	-1.665984259179003502e+01
1.475133575747468451e-01	2.562583684350322983e+03	1.337566824901237396e+03	2.050664794377000248e+02
1.537865074252268427e-01	2.434198207335836287e+03	1.211770396940041110e+03	-1.412408415255495129e+02
1.600657544051110326e-01	2.290655771860765071e+03	1.175514415837567867e+03	4.142312071332389110e+02
1.663991168687080635e-01	2.093461936187878564e+03	9.130474950620797472e+02	2.268123650817260284e+02
1.727195645776442856e-01	1.956723186566814093e+03	9.436216688555030032e+02	8.004094600330999754e+01
1.789765213377084718e-01	1.829088269347002097e+03	9.402710992850708180e+02	4.007311166500897457e+02
1.852353690647852158e-01	1.742280655624748306e+03	8.928715437204903083e+02	1.367315242711789551e+02
1.914806787341157279e-01	1.584090347137318076e+03	6.837480785505387075e+02	2.304610537146257343e+02
1.977889868651535599e-01	1.544300515589789484e+03	6.651406525293152754e+02	1.196862993392578005e+02
2.040937735447724277e-01	1.470542870061555050e+03	6.223863580629389389e+02	3.346308875118182868e+01
2.103939302609846018e-01	1.379788929624249249e+03	5.735841856794521618e+02	2.046042332798442374e+02
2.166909709822301688e-01	1.354117223748648939e+03	5.183225698459610840e+02	1.441825973149062463e+02
2.229700281216152047e-01	1.284485350004541715e+03	5.953084556443031943e+02	2.119437141163232639e+02
2.292620027086341994e-01	1.220658323617454471e+03	4.387253380971484944e+02	4.654497231588066342e+01
2.355141508366812297e-01	1.165279450098298639e+03	3.965425729377962512e+02	1.687363597877846360e+02
2.417910583817859116e-01	1.085067968294641787e+03	3.549348580738036958e+02	2.167471530037252876e+02
2.480856539439619257e-01	1.032988451784226527e+03	3.160315142872511274e+02	8.428836452455487915e+01
2.543492256872954549e-01	1.006828861397406740e+03	3.544842645676823167e+02	1.670883076444724509e+02
2.606334251884805386e-01	9.583146401195818953e+02	2.843652312310163097e+02	1.141739119354668759e+02
2.669257370896960802e-01	9.128158557190305373e+02	2.613206728509659342e+02	5.638083190633817310e+01
2.732423343141155980e-01	8.718771020791191404e+02	2.315493219099413125e+02	1.117758279201926541e+02
2.795529680084415936e-01	8.391875857020971807e+02	2.116268197547877605e+02	1.170998625883349007e+02
2.858366292314493129e-01	8.051072209944302358e+02	2.026377852188180668e+02	8.872549323614913419e+01
2.920876271394311496e-01	7.840856207574952350e+02	1.793076720955259873e+02	1.298841563203831413e+02
2.983449844439822751e-01	7.318622330934393858e+02	1.507830489979950528e+02	1.019910379563705618e+02
3.046382639407197446e-01	7.122070244083844273e+02	1.326982629078657112e+02	1.467718615100811519e+02
3.109279127003197196e-01	6.919087207231572165e+02	1.096654641612596635e+02	1.109533136778458271e+02
3.172168171618398036e-01	6.569200375946496706e+02	9.684351550040663881e+01	1.343668320839689727e+02
3.235187567944423082e-01	6.353223231949643832e+02	8.743503774091863079e+01	1.028798533099853643e+02
3.298168217550395687e-01	6.036597384132805928e+02	7.604803871587692754e+01	1.236466799791859330e+02
3.361176429457156667e-01	5.889374479696424487e+02	5.759979070720898875e+01	1.004908376558989715e+02
3.423700375709273769e-01	5.644741534003918559e+02	5.192718414651774594e+01	1.080318494673193612e+02
3.486478192666269682e-01	5.434472754857703194e+02	6.477382297520600218e+01	1.184297171042682351e+02
3.549411614411318028e-01	5.175389908502763774e+02	4.059631887752736645e+01	1.084503975443487036e+02
3.611916935421040642e-01	5.065107605410885867e+02	1.550184355468803687e+01	1.353288537839690946e+02
3.674767089563572564e-01	4.867342713068910030e+02	1.568882498898653566e+01	1.048599070204733152e+02
3.737647795277591056e-01	4.746644003478060085e+02	1.986968472499718030e-01	1.016407197828066700e+02
3.800654031475132477e-01	4.574176461665098259e+02	1.138080780414854765e+01	1.056909512209879125e+02
3.863539861259823738e-01	4.445751405938554512e+02	-1.190575964181278223e+01	1.226038028623911345e+02
3.926140181364449755e-01	4.253925021729243099e+02	-1.985500389950123079e+01	1.138110197185994821e+02
3.989264500321934581e-01	4.119316642443369574e+02	-1.124216353062757001e+01	1.077819386362267124e+02
4.052073244576828714e-01	3.973238753700462098e+02	-2.697044652186825076e+01	1.259484200027327319e+02
4.114916477570477182e-01	3.881484695037442521e+02	-2.941342770234569315e+01	1.113253271680833052e+02
4.177814272116491257e-01	3.744773466123049843e+02	-4.248327164797346001e+01	1.211241218208610633e+02
4.240400648725131116e-01	3.604811982342206989e+02	-4.574160556135212374e+01	1.110421847316692521e+02
4.303425690270192283e-01	3.525345000104595670e+02	-4.203906710345419384e+01	1.154296280972653932e+02
4.366358560255625965e-01	3.463545627045029960e+02	-6.044583154620560350e+01	1.192147871390195206e+02
4.428996183220763605e-01	3.325337663214458530e+02	-5.319492390849477914e+01	1.223996777419470732e+02
4.491634418529859563e-01	3.210414512718897981e+02	-5.423935669863690379e+01	1.146338469501072694e+02
4.554414146254732731e-01	3.135553915359381563e+02	-5.524564741903675724e+01	1.117890687732352859e+02
4.617634470301058558e-01	3.071110535267971500e+02	-6.502055707028200970e+01	1.140402930316023316e+02
4.680644242023710433e-01	2.968957695970358373e+02	-7.057711374569528573e+01	1.159255267335505266e+02
4.743485242764365895e-01	2.867957217869606552e+02	-6.924047377893245425e+01	9.974817678953530731e+01
4.806356136815400082e-01	2.775006611241236669e+02	-7.280495906520113181e+01	1.090734554504779794e+02
4.869019258388697646e-01	2.713377530939503117e+02	-7.699266800821284562e+01	1.104691561446588395e+02
4.931697099599955947e-01	2.626397796646700726e+02	-7.743394614940723386e+01	1.021383024820729588e+02
4.994506747144535908e-01	2.553462696895864497e+02	-8.130346901732615095e+01	1.112032587549820875e+02
5.057159051335421429e-01	2.473509541233410971e+02	-7.765744910905725362e+01	1.062307398641005278e+02
5.119923996268095356e-01	2.426470854783852360e+02	-8.103746899571383722e+01	1.120484899567314159e+02
5.183126097768406826e-01	2.399842443093255895e+02	-8.767131633460648743e+01	1.173442281472491544e+02
5.246089638029100000e-01	2.306791245123275189e+02	-8.867810462636622049e+01	1.100527958317421451e+02
5.308757308483337267e-01	2.274035114512133475e+02	-8.960013521205181064e+01	1.036677851233654479e+02
5.371573527946726934e-01	2.193340639867671200e+02	-9.176401833678916375e+01	1.022388850691003199e+02
5.434579563783791256e-01	2.148820614814107159e+02	-9.051673694982527252e+01	1.077311712181366516e+02
5.497430652392217842e-01	2.086256992903147705e+02	-9.081810060959837472e+01	1.089779177813296229e+02
5.559937427501778773e-01	2.031828331136048007e+02	-9.276422851487615162e+01	1.027933845754490250e+02
5.622854676609657654e-01	1.981494900789976157e+02	-9.351150208658020802e+01	1.042281557877443561e+02
5.686011537227265711e-01	1.941771932470335003e+02	-9.459818109993292978e+01	1.042076449011412791e+02
5.748804589422079614e-01	1.892816140306880754e+02	-9.030073189397367628e+01	1.048256593259553000e+02
5.811550210340560296e-01	1.853598668361789805e+02	-9.456460872759497249e+01	1.052846811492660919e+02
5.874394496660968468e-01	1.818038674666169356e+02	-9.419188396545131070e+01	1.033029703506805674e+02
5.937176220296899176e-01	1.756246111962263967e+02	-9.372347889125903464e+01	1.041747634931735291e+02
5.999971954793682505e-01	1.729664258264868408e+02	-9.609925567547884384e+01	1.034152082117737734e+02
6.062679115124277596e-01	1.695029210938160418e+02	-9.509950809791831716e+01	1.002851639829176236e+02
6.125469576444534381e-01	1.657969925717212618e+02	-9.654820166770009848e+01	1.011534684937562787e+02
6.188477733041515272e-01	1.609259688721704435e+02	-9.490855556481871247e+01	1.040811360060368003e+02
6.251310567437898813e-01	1.587872212611677867e+02	-9.929442600508821215e+01	1.037783381841192067e+02
6.314027450383210560e-01	1.546485216626750798e+02	-9.625964013796424013e+01	9.885763513839496852e+01
6.377003562732055375e-01	1.508814738023209259e+02	-9.327995691291972946e+01	9.576039982945418672e+01
6.439857783314556494e-01	1.487479979540952399e+02	-9.575822539017903523e+01	1.006004228896703552e+02
6.502685417166111925e-01	1.452246468549472240e+02	-9.776942764817789566e+01	1.014529234016731465e+02
6.565586117699038216e-01	1.417104660823907238e+02	-9.266805196152550650e+01	9.621141170675949184e+01
6.628369282359254377e-01	1.386561113838600363e+02	-9.296563946716941018e+01	9.468647128904136423e+01
6.691185444962194362e-01	1.362986734734256800e+02	-9.440017478670360163e+01	9.775083094247305837e+01
6.754070198575605755e-01	1.332930766383743730e+02	-9.517045274500182472e+01	9.593815075538677206e+01
6.816835514593204692e-01	1.305789983346223551e+02	-9.262872249254321844e+01	9.676893503551741560e+01
6.879592533861698112e-01	1.269593243118312671e+02	-9.152829942364337512e+01	9.051293651447339528e+01
6.942344317039531587e-01	1.252742038306797383e+02	-9.481118242014858311e+01	9.477139737952167309e+01
7.005175402434737908e-01	1.234073203148508355e+02	-9.537695519800217880e+01	9.650192501462846906e+01
7.068124956608716758e-01	1.206142475232246625e+02	-9.233445875274622949e+01	9.221859857783390169e+01
7.131019009674921527e-01	1.185644901170118573e+02	-9.254323469947674141e+01	9.183025229504208653e+01
7.193918251171427247e-01	1.158248250456602904e+02	-9.145035901958269164e+01	9.280351015393756597e+01
7.256833807598113140e-01	1.144529505111524799e+02	-9.344343278684324616e+01	9.323999719323899171e+01
7.319652682709349989e-01	1.124031300737849222e+02	-9.099499142342503433e+01	9.027502458177748679e+01
7.382507990484923344e-01	1.100085075703903357e+02	-9.152948770339224893e+01	9.157392917949918854e+01
7.445265842115937893e-01	1.077251773233095236e+02	-9.029675957661393682e+01	8.850321786495381104e+01
7.507871101942712455e-01	1.064444513081250392e+02	-9.231588961809140415e+01	9.108736353762259341e+01
7.570758465316046459e-01	1.039678360473646990e+02	-8.926659771322324843e+01	8.833266713933332426e+01
7.633641233600957365e-01	1.026725132851487672e+02	-8.916100343263909167e+01	8.986887718858878316e+01
7.696462959862266917e-01	1.007012393350654520e+02	-8.859957915905879133e+01	8.829028677297145578e+01
7.759394865175414102e-01	9.856520541427244098e+01	-8.786302123929758068e+01	8.733940012236956818e+01
7.822329141989586843e-01	9.670452186863855104e+01	-8.580936681979051173e+01	8.492161450889084051e+01
7.885314936520240181e-01	9.454007840476114666e+01	-8.548904273997800374e+01	8.438043492348501218e+01
7.947896566979522071e-01	9.331650712972502504e+01	-8.460668499673587917e+01	8.628096707454587033e+01
8.010491096592354809e-01	9.271270342787846630e+01	-8.665487037348614763e+01	8.586477489717945843e+01
8.073364061727361651e-01	9.093581092323387338e+01	-8.524372255354700201e+01	8.479201709332441794e+01
8.136229488373866170e-01	8.893175712594255344e+01	-8.433613515950915485e+01	8.372201386318295135e+01
8.199152998961036776e-01	8.817499372148567716e+01	-8.508093492463882512e+01	8.575611395460043695e+01
8.261952636392789762e-01	8.626358098870630897e+01	-8.330768897563690700e+01	8.295270437460266066e+01
8.324897070080405914e-01	8.520420649545064862e+01	-8.375982951701959678e+01	8.396657703177876897e+01
8.387959309210778480e-01	8.309475046182586766e+01	-8.167658660510223001e+01	8.200146781289156195e+01
8.450634639703045181e-01	8.204476210988210028e+01	-8.150475929814840015e+01	8.129378565302856430e+01
8.513282867562648182e-01	8.069551319217548269e+01	-8.078149205615686412e+01	8.066654102301966134e+01
8.576198263902009566e-01	7.956608746515261998e+01	-8.037894202387077769e+01	8.125418832438946026e+01
8.639058477062415697e-01	7.810152831946611229e+01	-7.925938563376821833e+01	7.975956664858318845e+01
8.701838745487597837e-01	7.676565239246666295e+01	-7.827404992327463162e+01	7.928909995816007950e+01
8.764641096075268534e-01	7.576220351084535309e+01	-7.748024425944463189e+01	7.872342339427100910e+01
8.827503873399735745e-01	7.452810441912288297e+01	-7.733083078124042231e+01	7.760116326327859326e+01
8.890332768393869323e-01	7.342825918069338798e+01	-7.641127173738067313e+01	7.778902578821403324e+01
8.953084247113127780e-01	7.266528419277382511e+01	-7.659141219277327650e+01	7.762568814542711948e+01
9.015956521667095602e-01	7.161266469328127471e+01	-7.636806491969971944e+01	7.712330945527504866e+01
9.078833328094829680e-01	7.059790836265585767e+01	-7.587836342868101269e+01	7.711297425688809426e+01
9.141744106319863450e-01	6.929361828093951203e+01	-7.484420139977588349e+01	7.656666167586531913e+01
9.204630817717615043e-01	6.877493096797265082e+01	-7.462185977441578189e+01	7.604077955723840887e+01
9.267434415264711456e-01	6.745591103742160044e+01	-7.396508131457319735e+01	7.467452494265177165e+01
9.330324197354928906e-01	6.681257293832254618e+01	-7.370917874115879442e+01	7.544018407717138075e+01
9.393265785573878812e-01	6.612001908565267172e+01	-7.294864803862418512e+01	7.490148787353308535e+01
9.455974810398196650e-01	6.498509781113980921e+01	-7.231481601578946083e+01	7.484008316285617468e+01
9.518660018545171964e-01	6.350787398097295977e+01	-7.039737315872488921e+01	7.204277107458810292e+01
9.581413255531838757e-01	6.294534910687028884e+01	-7.083496330789570550e+01	7.296759709188938814e+01
9.644350945109106954e-01	6.211654980999558973e+01	-7.087528014895866590e+01	7.192788198346543993e+01
9.707355633568249820e-01	6.155643548743994842e+01	-7.065500807513917891e+01	7.322338722364273167e+01
9.770080768450029041e-01	6.055954303615128964e+01	-6.924567373773894019e+01	7.164931447491768779e+01
9.832823325363413414e-01	5.946600357647499635e+01	-6.819771226377010009e+01	7.037432853988400439e+01
9.895569691966674686e-01	5.888942802590558045e+01	-6.857314056138339708e+01	7.057233643247883492e+01
9.958456301921106979e-01	5.794677175835489180e+01	-6.704964188557703153e+01	6.943724502429701317e+01
1.002136210743837408e+00	5.726298052634830782e+01	-6.684543899867378514e+01	6.925588127382034997e+01
1.008404825335135424e+00	5.650403034146101078e+01	-6.595194263322588313e+01	6.936232577039650948e+01
1.014694149836243398e+00	5.577684294725401770e+01	-6.560294912135141487e+01	6.851033200021477398e+01
1.020992555437297167e+00	5.492092952652966886e+01	-6.454962761917083469e+01	6.747157172509660938e+01
1.027273980437394485e+00	5.474454121679540464e+01	-6.491563255674095956e+01	6.879858706068182528e+01
1.033559181896017254e+00	5.359820718680101237e+01	-6.388373368421822107e+01	6.688613325132237719e+01
1.039847557392594934e+00	5.314615124910599064e+01	-6.392441502364390971e+01	6.721378402143552933e+01
1.046126974943305088e+00	5.250406538001928425e+01	-6.301208494338813892e+01	6.657567207734234671e+01
1.052403436811028659e+00	5.166871207949043310e+01	-6.211223153223272675e+01	6.611721896457167702e+01
1.058680704651608684e+00	5.134508702493936028e+01	-6.201221499287118633e+01	6.608880496853724651e+01
1.064964333065789193e+00	5.064535264360991818e+01	-6.139302237811509855e+01	6.514142864208288586e+01
1.071256777440835473e+00	5.016300706601407455e+01	-6.102331149754675010e+01	6.508735619518206761e+01
1.077544048801078125e+00	4.930449079166629645e+01	-6.005492685545485188e+01	6.427910905047353651e+01
1.083824820188043603e+00	4.878185737026124968e+01	-5.986523681015319198e+01	6.435135060082983216e+01
1.090108023942816695e+00	4.822022458366225806e+01	-5.949489242051772209e+01	6.393086122028488205e+01
1.096389665956643222e+00	4.772101410857583659e+01	-5.892262185760276338e+01	6.368425099471876649e+01
1.102681132058841440e+00	4.735796601352591750e+01	-5.888222887904780833e+01	6.342824790175848904e+01
1.108963047594879958e+00	4.671856440929481380e+01	-5.802193457536480281e+01	6.239949298247915266e+01
1.115225428463759272e+00	4.648618979237563309e+01	-5.815225462927158873e+01	6.305488509584614576e+01
1.121502127614767863e+00	4.542780487790124511e+01	-5.663035788832877415e+01	6.104918313354847470e+01
1.127792573824792033e+00	4.511479087553788503e+01	-5.617367073702333613e+01	6.099719441169176548e+01
1.134089552668382961e+00	4.472141241691020497e+01	-5.613488772738850940e+01	6.137857267432948305e+01
1.140364049650405942e+00	4.416889989669963512e+01	-5.578586649054035007e+01	6.063719549967403566e+01
1.146639180320979445e+00	4.378624887651046294e+01	-5.513017083410551322e+01	6.059050820540292648e+01
1.152942412991649901e+00	4.323454054434225924e+01	-5.469306563467493021e+01	6.008087811791679655e+01
1.159228906751078814e+00	4.277499566098194350e+01	-5.413433219616341319e+01	5.963346619622788580e+01
1.165508721887268173e+00	4.253985497577851760e+01	-5.410507559889262552e+01	5.961283416961303772e+01
1.171793076256210320e+00	4.204848865820524395e+01	-5.378136450093192167e+01	5.932182548955803014e+01
1.178087436369658958e+00	4.147491003156235934e+01	-5.278661698586333983e+01	5.823916402402422676e+01
1.184367654251526902e+00	4.112542863485588640e+01	-5.260394089622568004e+01	5.826627646669867033e+01
1.190634642299266632e+00	4.070472071865190600e+01	-5.207846657211322849e+01	5.776646226848456678e+01
1.196912208834400859e+00	4.009699824827538350e+01	-5.129149768642862739e+01	5.688445499023411145e+01
1.203201577354146234e+00	3.991922671292376634e+01	-5.156914390853551566e+01	5.729939825185484636e+01
1.209486844441705733e+00	3.958942759965610492e+01	-5.119156133263124531e+01	5.711474035859897214e+01
1.215763902074809888e+00	3.905412448200596742e+01	-5.038391010946437376e+01	5.623143186507370928e+01
1.222049755171146668e+00	3.881705955432514088e+01	-5.010327374481028784e+01	5.620423537973566397e+01
1.228340616621486969e+00	3.848503561175397181e+01	-4.983507369687898603e+01	5.624068506382022292e+01
1.234632986576932767e+00	3.826231954280515879e+01	-4.986640385605625880e+01	5.600887748237918373e+01
1.240902247176856488e+00	3.766185794830528266e+01	-4.897601271220495533e+01	5.535545060546304796e+01
1.247174839144687519e+00	3.763335514509678603e+01	-4.924011022037370822e+01	5.560098119606715983e+01
1.253465459933442272e+00	3.718536657759245401e+01	-4.845553146534509636e+01	5.526110337621562962e+01
1.259749951892178421e+00	3.673916315813904987e+01	-4.783585555903940190e+01	5.443745808847393874e+01
1.266032143127253873e+00	3.623906631423790259e+01	-4.715668437435692084e+01	5.376923887998508889e+01
1.272316288472006507e+00	3.594320444629870082e+01	-4.692829539606901790e+01	5.338598552640542039e+01
1.278604155058621350e+00	3.576943483336673069e+01	-4.683003378642514036e+01	5.355758972478253810e+01
1.284886588933593865e+00	3.550005111154517579e+01	-4.673563676438272552e+01	5.357362040424433758e+01
1.291175420066583257e+00	3.491131458546600186e+01	-4.595159202061481807e+01	5.238285304210823057e+01
1.297465726373772332e+00	3.462975070847910075e+01	-4.522987916171841505e+01	5.208761606853131099e+01
1.303741827011944299e+00	3.438173008055759539e+01	-4.513142006094078340e+01	5.192594761833829864e+01
1.310017322922761851e+00	3.433189540696627517e+01	-4.529055268514606070e+01	5.226648867450575864e+01
1.316301447662886703e+00	3.377870371409021999e+01	-4.425787620235038844e+01	5.111434032515570181e+01
1.322586760363303249e+00	3.369365378667081501e+01	-4.428442048960709343e+01	5.161105254767067407e+01
1.328865492452874664e+00	3.341124392648129060e+01	-4.390167580623874954e+01	5.111623057320235120e+01
1.335144804954555564e+00	3.308008259079831248e+01	-4.355895012922442078e+01	5.085275252470837870e+01
1.341440516272275119e+00	3.273046118417970973e+01	-4.320203687897534195e+01	5.009847494122544731e+01
1.347730868417094552e+00	3.242324639967620925e+01	-4.264830636816726184e+01	4.969667546107746858e+01
1.354001589994877630e+00	3.214208568998997606e+01	-4.247966481314918497e+01	4.957337246645975171e+01
1.360282609297778444e+00	3.190043663536573604e+01	-4.205786856130266926e+01	4.917344888040297235e+01
1.366565686457597906e+00	3.192156515154087515e+01	-4.243896333556931211e+01	4.982893143065024333e+01
1.372851498482432708e+00	3.158279103514368913e+01	-4.175280765084460910e+01	4.908094384996098114e+01
1.379135372929401804e+00	3.113287475594918163e+01	-4.115068648680779262e+01	4.858344898515352384e+01
1.385409567149057164e+00	3.090906522972655779e+01	-4.077247395448663525e+01	4.807927300366739587e+01
1.391698641219299315e+00	3.065478503194371740e+01	-4.041408332911973389e+01	4.768039276587491315e+01
1.397984451439470810e+00	3.059437770173578741e+01	-4.053197132236164180e+01	4.789718152224173053e+01
1.404267883409181961e+00	3.025305371393124787e+01	-3.993997671507123925e+01	4.744834649554363892e+01
1.410554779484869181e+00	3.007709769818145773e+01	-3.989020412350697598e+01	4.720975424166100964e+01
1.416837833547465397e+00	2.990403993247338121e+01	-3.967313593310182540e+01	4.726637497569952728e+01
1.423118177187137068e+00	2.974175523175022207e+01	-3.955226687199922253e+01	4.701271642810079499e+01
1.429397801164240089e+00	2.938431922868937107e+01	-3.885210206205185557e+01	4.628021905689700333e+01
1.435686921822787232e+00	2.924063686699245324e+01	-3.867515254931362279e+01	4.630926843570778573e+01
1.441977121769299597e+00	2.897524595104263412e+01	-3.837951883205924020e+01	4.586417837295228850e+01
1.448253667853332427e+00	2.886587838461081290e+01	-3.827449580120160988e+01	4.595280901953427133e+01
1.454532348972172651e+00	2.853222758526130676e+01	-3.775437273893811607e+01	4.540923018784588550e+01
1.460819319151879903e+00	2.846492794090204370e+01	-3.778335414588863728e+01	4.535038311598860616e+01
1.467110364402026468e+00	2.819982571606698585e+01	-3.729063523040013450e+01	4.488986112377931903e+01
1.473392908948962132e+00	2.817524081519423262e+01	-3.745803880461500057e+01	4.527435292753136764e+01
1.479669965243598950e+00	2.795618126389347680e+01	-3.725125658140095908e+01	4.487473788578989797e+01
1.485956144602843532e+00	2.772626498267434769e+01	-3.678926569403952840e+01	4.430042083378121021e+01
1.492233610763115115e+00	2.747908078465832205e+01	-3.626887256566876516e+01	4.395561769379752803e+01
1.498502470379980078e+00	2.739280262503597285e+01	-3.635513246392321918e+01	4.417176884008104309e+01
1.504785752051182701e+00	2.709645415923712619e+01	-3.592903241110224855e+01	4.336429268594528708e+01
1.511075991894575976e+00	2.686204089253097038e+01	-3.556220034430550925e+01	4.303457780435041968e+01
1.517361634985162189e+00	2.687791082950343124e+01	-3.580380610334741931e+01	4.341466284075654158e+01
1.523648570969130533e+00	2.654796791379989074e+01	-3.509723854811898036e+01	4.266271652289568550e+01
1.529938035715892264e+00	2.643812022745703061e+01	-3.494363016047766024e+01	4.246009544713972161e+01
1.536230176913891965e+00	2.619135022833073734e+01	-3.451343656339624033e+01	4.208860195317810593e+01
1.542510718779388279e+00	2.595931922910673251e+01	-3.413092200689242617e+01	4.163143332569863730e+01
1.548783963082980275e+00	2.603970926075617598e+01	-3.444629697432615245e+01	4.217030428429843170e+01
1.555073069779651318e+00	2.581167995609178334e+01	-3.411037381228095455e+01	4.175760127598586280e+01
1.561357324927233892e+00	2.562221556827859104e+01	-3.384328907871976355e+01	4.131732810921685228e+01
1.567629121053141006e+00	2.543478575325264401e+01	-3.350857246077501372e+01	4.098048264653665740e+01
1.573913697404382583e+00	2.521427208561459565e+01	-3.312159190210709170e+01	4.067008795548434819e+01
1.580203545230874029e+00	2.523376074987827167e+01	-3.317651405656884833e+01	4.073952042932574358e+01
1.586485393434537983e+00	2.504354007240152313e+01	-3.295920267799237990e+01	4.050582879336241149e+01
1.592760014263005841e+00	2.493825413416708514e+01	-3.284713696277425754e+01	4.025647057096013270e+01
1.599046436394670812e+00	2.469837919900945877e+01	-3.243393370748354698e+01	3.983159082494358216e+01
1.605342136637478934e+00	2.456146349893378655e+01	-3.221292444433288438e+01	3.962047711116353810e+01
1.611619860919608627e+00	2.445627291561797634e+01	-3.214545389592705504e+01	3.949243215573366683e+01
1.617897597081673799e+00	2.431075639279786671e+01	-3.183321804754202233e+01	3.920410789478221147e+01
1.624183235481122756e+00	2.418400451686181540e+01	-3.175499633500080421e+01	3.904970574528693561e+01
1.630464598531913722e+00	2.402812909008779840e+01	-3.146339944713990988e+01	3.875633159911025416e+01
1.636748985747638274e+00	2.384389878911704841e+01	-3.118703958512998398e+01	3.837054147297929063e+01
1.643030923698886259e+00	2.382482872075152969e+01	-3.123861331994251245e+01	3.861223303658582040e+01
1.649309176648513064e+00	2.364440162759243691e+01	-3.085556225292653920e+01	3.811684340878422717e+01
1.655593633940351861e+00	2.361089000434079921e+01	-3.095045951310308041e+01	3.833413614545265347e+01
1.661879571405086464e+00	2.338554983200549486e+01	-3.041118773081173288e+01	3.761214372661783756e+01
1.668169361685170271e+00	2.333591590053613984e+01	-3.046609962269333849e+01	3.769083922374988305e+01
1.674450151530487485e+00	2.317785054802493860e+01	-3.020186402090117639e+01	3.741572192272535347e+01
1.680722718978495900e+00	2.313530923632860592e+01	-3.019039688079434569e+01	3.731061966917119577e+01
1.687013891340952476e+00	2.304090333106351096e+01	-3.002250825561575454e+01	3.717502290288108924e+01
1.693308984907921033e+00	2.286163353798333731e+01	-2.979075309658923487e+01	3.686233446578274453e+01
1.699582147428448486e+00	2.272152699961047517e+01	-2.947438983868864781e+01	3.654248827081980977e+01
1.705863747055134105e+00	2.268082585547697505e+01	-2.949944513294625992e+01	3.658526888349941686e+01
1.712154434283889470e+00	2.248715470036865938e+01	-2.910093195727683835e+01	3.609997510886418581e+01
1.718438381579399321e+00	2.239620132468432701e+01	-2.908868441213058631e+01	3.589934977033356489e+01
1.724721264464063930e+00	2.229029703656605221e+01	-2.880291066387650645e+01	3.572248862862545593e+01
1.730997441276920679e+00	2.217882344427417252e+01	-2.862927590794888033e+01	3.564776699226023027e+01
1.737287073528269499e+00	2.201933697691173464e+01	-2.833973517317867419e+01	3.519490266339055040e+01
1.743567991878527401e+00	2.203050502071601713e+01	-2.848774146829994791e+01	3.545100475101272508e+01
1.749840680212231048e+00	2.184805145905410129e+01	-2.808345964144516316e+01	3.506004866734575387e+01
1.756128549091961144e+00	2.174788567846747611e+01	-2.792161593794173768e+01	3.477372274551140663e+01
1.762413535324792502e+00	2.164956011746684084e+01	-2.780837678512350664e+01	3.463733805620163508e+01
1.768696187669963837e+00	2.156169205524333066e+01	-2.766541714908943206e+01	3.446247953046247403e+01
1.774979359379055266e+00	2.145141892016979668e+01	-2.751761530499639363e+01	3.420092843974133245e+01
1.781265555576432957e+00	2.132188392599758942e+01	-2.726682672256702133e+01	3.393309669491535630e+01
1.787549427830244619e+00	2.119620463095907681e+01	-2.712014716893151345e+01	3.376041521152135516e+01
1.793834120011633004e+00	2.117576382394076973e+01	-2.703167256751307690e+01	3.371167048443975034e+01
1.800115051552487300e+00	2.103294281257977971e+01	-2.672096226741825475e+01	3.331711984259881376e+01
1.806393904854530330e+00	2.099627296398557164e+01	-2.671022978853527619e+01	3.325989442484151226e+01
1.812674089667083432e+00	2.092683031403522165e+01	-2.666289571965079119e+01	3.322059121502093149e+01
1.818956920109354058e+00	2.076871070397875130e+01	-2.625689320774483804e+01	3.274576485153544070e+01
1.825244164118212220e+00	2.066900955465958845e+01	-2.609270874451732070e+01	3.258901350192143553e+01
1.831527256642196955e+00	2.061613142546077526e+01	-2.613321550432562290e+01	3.260048664804941865e+01
1.837811294935716599e+00	2.059166727354897120e+01	-2.605086408396940101e+01	3.250678414124936211e+01
1.844100717411196744e+00	2.048377197027653196e+01	-2.591860764500819414e+01	3.240963460442149824e+01
1.850384816792487230e+00	2.028891975786658364e+01	-2.550522465334823252e+01	3.176211422998110478e+01
1.856666059735203822e+00	2.023766679013662184e+01	-2.540829284247687525e+01	3.174516731885479359e+01
1.862947728675613979e+00	2.015024056886608506e+01	-2.536362172261419445e+01	3.164364997812570124e+01
1.869229324466858078e+00	2.012785528419997405e+01	-2.536003925227350564e+01	3.166073143456798888e+01
1.875517616802973686e+00	1.999206240759369635e+01	-2.507651941584780531e+01	3.118790781251557576e+01
1.881800769033795229e+00	1.993767047993940267e+01	-2.497440822390985460e+01	3.114748443033050052e+01
1.888078863416442710e+00	1.988116347393034289e+01	-2.483284495966258731e+01	3.099696053563718934e+01
1.894353975182237582e+00	1.977671360676411894e+01	-2.464344476990359567e+01	3.078272009203714532e+01
1.900642716154182565e+00	1.969400407970021405e+01	-2.458064449052100997e+01	3.069848863778519998e+01
1.906933494748685121e+00	1.959644888128735118e+01	-2.433177926074026942e+01	3.027304421339196949e+01
1.913207568676573933e+00	1.955725989389150499e+01	-2.428280480359052973e+01	3.029414207127084779e+01
1.919490884732178992e+00	1.944564342589986339e+01	-2.407777963317673198e+01	3.011044166551241830e+01
1.925776855684274480e+00	1.936798674436841239e+01	-2.396829338097458262e+01	2.991081331435784207e+01
1.932064452961978152e+00	1.938283634831694613e+01	-2.398713782649594251e+01	2.998385069014339877e+01
1.938342610030488800e+00	1.918169650550877492e+01	-2.360106773673841474e+01	2.952052703727260052e+01
1.944618341543410178e+00	1.923571693331992094e+01	-2.372378815309426159e+01	2.959868508997481129e+01
1.950906260203513876e+00	1.909213539657137204e+01	-2.339686856718386920e+01	2.925328437562738770e+01
1.957194556613796488e+00	1.899769097633076242e+01	-2.331924283632758232e+01	2.910918565613394549e+01
1.963479614559011432e+00	1.894569294004196536e+01	-2.316006599307291580e+01	2.891388204669351225e+01
1.969760361532916226e+00	1.888040264475253238e+01	-2.305005446512145895e+01	2.886044088693971688e+01
1.976048367034604736e+00	1.886319380690489567e+01	-2.310334242709273056e+01	2.883646272023520751e+01
1.982337990217652335e+00	1.876914348266176802e+01	-2.289585262437540436e+01	2.855712926319793965e+01
1.988617489259562721e+00	1.865211685326495328e+01	-2.264110683057073103e+01	2.828934054585268498e+01
1.994896320665194178e+00	1.851861379095439020e+01	-2.237393475606893389e+01	2.788643063189487847e+01
2.001179596222827151e+00	1.848756904333932027e+01	-2.232146450326746034e+01	2.776150686907416443e+01
2.007459756923499761e+00	1.851728541218782809e+01	-2.244922160363461927e+01	2.800797525374109398e+01
2.013737397779169935e+00	1.836980038960011541e+01	-2.213490487877192692e+01	2.761483910247941864e+01
2.020017234677497164e+00	1.830826555650914855e+01	-2.196406612688669924e+01	2.743592599731717030e+01
2.026310251015072783e+00	1.828381065585126564e+01	-2.201158326589392544e+01	2.745377956514629858e+01
2.032600542948020284e+00	1.820250794909383529e+01	-2.173930419909878964e+01	2.719580046777310756e+01
2.038873863192099289e+00	1.810926727188945407e+01	-2.158458466323767766e+01	2.693224068882791045e+01
2.045154087821675404e+00	1.801703382114791907e+01	-2.141297351461600584e+01	2.675346881518340680e+01
2.051444704514288730e+00	1.802428757889654776e+01	-2.145358692434863812e+01	2.674840784209824562e+01
2.057730430280644729e+00	1.799388440825742919e+01	-2.140983765477005107e+01	2.679544037637009168e+01
2.064013940455224461e+00	1.799960734692332665e+01	-2.146260817947700872e+01	2.681765561229775230e+01
2.070299891179459895e+00	1.789460867756594098e+01	-2.128042193931110404e+01	2.650898554478210301e+01
2.076589719964883951e+00	1.777730573326356023e+01	-2.097968052198326561e+01	2.620535858509813920e+01
2.082865483794470673e+00	1.774228622314120685e+01	-2.090829720213615062e+01	2.613328663367723337e+01
2.089134494859368640e+00	1.765855697822069814e+01	-2.079050536931796600e+01	2.590047594959651178e+01
2.095424211360070288e+00	1.759444178291876781e+01	-2.061164674616034986e+01	2.572025833678723217e+01
2.101707116664804254e+00	1.754893389571737572e+01	-2.056348938807880344e+01	2.562992595106051397e+01
2.107986473933564309e+00	1.756688625507294788e+01	-2.057021982579162511e+01	2.574305167157725194e+01
2.114271806543862375e+00	1.744274739517845774e+01	-2.035944894255634452e+01	2.537294137832025953e+01
2.120552717288892275e+00	1.737391336718606993e+01	-2.023143872237715968e+01	2.514435516836508810e+01
2.126836933207161717e+00	1.732271582641661212e+01	-2.011651420019277126e+01	2.511223142147073162e+01
2.133122044791171845e+00	1.735324108037915636e+01	-2.020326244678249594e+01	2.526827384535748067e+01
2.139411711910842673e+00	1.724542419404507143e+01	-1.998873261116549216e+01	2.493303383712844834e+01
2.145697076775292089e+00	1.720026571791020586e+01	-1.988694625904928159e+01	2.473746939367277164e+01
2.151973548606471276e+00	1.712483891417465998e+01	-1.966938156250908065e+01	2.461702851713749141e+01
2.158259913555724108e+00	1.710792200819555831e+01	-1.971557259752336222e+01	2.457478633626844555e+01
2.164545396699105506e+00	1.700740258269651406e+01	-1.946677215560411511e+01	2.430969788264015463e+01
2.170830700377734068e+00	1.693990937630350047e+01	-1.937379716709180144e+01	2.419219566724500226e+01
2.177114138849150393e+00	1.694150512254315544e+01	-1.932547936052486648e+01	2.422806327275649707e+01
2.183387647576827018e+00	1.685698636211179746e+01	-1.917332906240833168e+01	2.395857209342374361e+01
2.189670273687676971e+00	1.687192502768087010e+01	-1.921702109279073767e+01	2.393112535557161635e+01
2.195960147934207463e+00	1.675306422767255299e+01	-1.892283812794645215e+01	2.365363561976390372e+01
2.202242556317716371e+00	1.675895132266618859e+01	-1.900481277301903305e+01	2.365067739461588303e+01
2.208521655981037668e+00	1.666494527794306535e+01	-1.874197378736024078e+01	2.337868110982691761e+01
2.214804637081333016e+00	1.667165616349874924e+01	-1.883894272674579540e+01	2.351536175110458515e+01
2.221092583349425276e+00	1.661998848043449328e+01	-1.868185048753148081e+01	2.331171837044956874e+01
2.227372893591468728e+00	1.647944755706872400e+01	-1.835700997293876924e+01	2.299675158257877783e+01
2.233657161144248171e+00	1.652231488807522197e+01	-1.850840723831663226e+01	2.309156679347964669e+01
2.239943485394438660e+00	1.642670890909037240e+01	-1.822965729624528919e+01	2.280938057285517928e+01
2.246224175264620815e+00	1.641302990187032762e+01	-1.825068176580860424e+01	2.288482868606720189e+01
2.252506378421252009e+00	1.638193092423682984e+01	-1.820826128079454875e+01	2.268721835421683863e+01
2.258783417054270437e+00	1.629733063307015328e+01	-1.801986668495541721e+01	2.250384957710559775e+01
2.265069077371457684e+00	1.626672043962876302e+01	-1.793261692957930364e+01	2.244504810923482907e+01
2.271350377044131452e+00	1.618347229161901879e+01	-1.780045099330322245e+01	2.221613506771590352e+01
2.277633995145353918e+00	1.616733580574744877e+01	-1.766133078207739260e+01	2.212265343013393704e+01
2.283922419579920149e+00	1.607304806587250923e+01	-1.754580486073844270e+01	2.195361083872556307e+01
2.290202874392252674e+00	1.610468870048722323e+01	-1.756944040459856282e+01	2.206416741000268900e+01
2.296490779970905560e+00	1.603022287455363681e+01	-1.747403291174327222e+01	2.185163127226734403e+01
2.302771769934229162e+00	1.596492134178090616e+01	-1.731363602699537552e+01	2.166551572602385889e+01
2.309051364164305564e+00	1.594204290668340107e+01	-1.721378811995809599e+01	2.157322335570933092e+01
2.315338502539088239e+00	1.594192326745787902e+01	-1.720935190910586599e+01	2.155573934957833160e+01
2.321627336503874428e+00	1.590146113115986104e+01	-1.712571412502996182e+01	2.145556532912212333e+01
2.327911878297218795e+00	1.583111519385584032e+01	-1.692042589432527322e+01	2.125388354086453901e+01
2.334186238580297168e+00	1.579234377827440206e+01	-1.684989568031361884e+01	2.116413703518830403e+01
2.340467971862688401e+00	1.579985877316948084e+01	-1.687731891999375122e+01	2.118541893620886896e+01
2.346756940970738725e+00	1.570162399002650488e+01	-1.673153831044373163e+01	2.093063707639265658e+01
2.353044444556199988e+00	1.572440746110341436e+01	-1.671406930055918139e+01	2.101666542037842333e+01
2.359327653314069906e+00	1.569483963997202913e+01	-1.659921124761705968e+01	2.089303572003003140e+01
2.365603048789861607e+00	1.561679247928935155e+01	-1.654713123903813710e+01	2.077114356957598318e+01
2.371885911737665165e+00	1.562628571479919870e+01	-1.650682739223688600e+01	2.073423661513225369e+01
2.378173303594019572e+00	1.553719058797899422e+01	-1.632975620703601294e+01	2.045323476071668978e+01
2.384454016539381271e+00	1.548941494601103663e+01	-1.622265331553102641e+01	2.038381090916952942e+01
2.390736447344785187e+00	1.547198580557351377e+01	-1.617108334160919014e+01	2.024971712288893855e+01
2.397014133897952259e+00	1.543729250759345817e+01	-1.605261360578501950e+01	2.019843878663657932e+01
2.403295490074321972e+00	1.542092420257683827e+01	-1.604640042577028325e+01	2.012510427591013951e+01
2.409585049672506862e+00	1.536247344885806854e+01	-1.592881616429750657e+01	2.005063708210521156e+01
2.415871703165322071e+00	1.535990289333867587e+01	-1.587770201154835448e+01	1.998957164705850431e+01
2.422160652369088840e+00	1.528437912727856940e+01	-1.572735763762306682e+01	1.983828510270850387e+01
2.428440167222748691e+00	1.528661365481075052e+01	-1.571390055412994968e+01	1.984995820379644726e+01
2.434717472383889803e+00	1.527107395445216476e+01	-1.566762606309786854e+01	1.975116033752108535e+01
2.441002456202044257e+00	1.524880991437824207e+01	-1.561975181528049461e+01	1.972698812167200444e+01
2.447289980304530488e+00	1.516161546447699848e+01	-1.540324226507626015e+01	1.951793742569509860e+01
2.453571844729242279e+00	1.516178928526489322e+01	-1.537672070583742112e+01	1.947597357421067343e+01
2.459852705114058846e+00	1.508748458097814549e+01	-1.526092827760154869e+01	1.924541259584035302e+01
2.466139233225018934e+00	1.509618117535384663e+01	-1.525686205461984279e+01	1.927643288937040467e+01
2.472421963421291391e+00	1.505267425836798623e+01	-1.513798100416102344e+01	1.911053985205266770e+01
2.478698519174224568e+00	1.503988476687841569e+01	-1.511956162771075363e+01	1.911130204451026415e+01
2.484980841400355800e+00	1.502859699396757875e+01	-1.511821343777092785e+01	1.915286837686229759e+01
2.491269319409339822e+00	1.497917745053929117e+01	-1.495658951941391912e+01	1.901197654419366145e+01
2.497548505139029373e+00	1.494930563281979197e+01	-1.489615687582958792e+01	1.889157464912348772e+01
2.503831667172610853e+00	1.494437780018208883e+01	-1.484285861289266784e+01	1.894881412683632149e+01
2.510117938323931153e+00	1.493000909824704792e+01	-1.477104821162588877e+01	1.880499772363449296e+01
2.516400733681277480e+00	1.490018361643670985e+01	-1.470211765087352696e+01	1.877824367626281088e+01
2.522688226833368130e+00	1.486863571219812385e+01	-1.463483128194466865e+01	1.865017968859249820e+01
2.528971695852665569e+00	1.484746709695044764e+01	-1.460676408209786636e+01	1.865651287214223686e+01
2.535252039407670299e+00	1.480813506297987203e+01	-1.451030243690806287e+01	1.848517627008298447e+01
2.541537514142774512e+00	1.480787074357955824e+01	-1.448645289394692348e+01	1.848115871298757540e+01
2.547823008847572179e+00	1.477078071399020409e+01	-1.435059133554494082e+01	1.835101736413497520e+01
2.554100666580690238e+00	1.475736492017976609e+01	-1.433012058325495097e+01	1.835855693905678265e+01
2.560376788884177301e+00	1.470765573827231343e+01	-1.416461688739066638e+01	1.816153634842346065e+01
2.566667521601497359e+00	1.469375775380416194e+01	-1.413225761639959721e+01	1.815867971890559218e+01
2.572955062237090473e+00	1.465874706123211801e+01	-1.405247097741314732e+01	1.804398906705650063e+01
2.579233771797999175e+00	1.462042526633507933e+01	-1.395495555998604331e+01	1.792663230860312140e+01
2.585520164300948220e+00	1.466066322117845644e+01	-1.401903049202094920e+01	1.801191881105698656e+01
2.591805130332431872e+00	1.461190332551139370e+01	-1.390295309463541606e+01	1.785805008420170736e+01
2.598084074692260881e+00	1.465816143147737094e+01	-1.400099794376220608e+01	1.802282862630185889e+01
2.604360404197643586e+00	1.456566741180145108e+01	-1.374382585639961185e+01	1.774987247626444642e+01
2.610647185140439142e+00	1.456222337869982653e+01	-1.378619615816941923e+01	1.775648521835823246e+01
2.616931864059273138e+00	1.456509735180346965e+01	-1.378325017077524350e+01	1.780959234468333818e+01
2.623206107911065565e+00	1.447947362852949738e+01	-1.351909834750817296e+01	1.748014607847920132e+01
2.629491626543270844e+00	1.448842997568351620e+01	-1.353156316869339193e+01	1.752947036802693859e+01
2.635778507982642349e+00	1.447472336953209116e+01	-1.347951615702966066e+01	1.751968760432200867e+01
2.642061039325260818e+00	1.446277997598353871e+01	-1.347652257661316533e+01	1.750352798529660703e+01
2.648343840729305843e+00	1.445225530178097983e+01	-1.338123860734683035e+01	1.741046917194065458e+01
2.654631838974855551e+00	1.443560494290972152e+01	-1.333421063935358930e+01	1.735989429157734776e+01
2.660919001246303761e+00	1.443319096370045607e+01	-1.326702991524125963e+01	1.729893211798155761e+01
2.667198525130066056e+00	1.438969525323311416e+01	-1.318935275883932512e+01	1.722061966398942801e+01
2.673484307038032526e+00	1.440398007414231252e+01	-1.317842757473767001e+01	1.724802827536913341e+01
2.679773388053849459e+00	1.437625693167028018e+01	-1.310410832296598294e+01	1.713985130300548221e+01
2.686058217632288692e+00	1.438976685855193161e+01	-1.312426870938248413e+01	1.724639228478237385e+01
2.692338738200057868e+00	1.436103611285952830e+01	-1.304847455528902422e+01	1.713702829202048861e+01
2.698618022887226964e+00	1.431710107968583934e+01	-1.298831393411013657e+01	1.702399350804219580e+01
2.704895450708277860e+00	1.431392781253035551e+01	-1.288651897989346828e+01	1.693266418834377163e+01
2.711175674923682166e+00	1.432812788260500803e+01	-1.287855382979575225e+01	1.704762991075412160e+01
2.717459832966957922e+00	1.431682318149903743e+01	-1.284083074218283649e+01	1.698453961634352183e+01
2.723745731959044569e+00	1.429066671149720946e+01	-1.278818797688487763e+01	1.688912069722085718e+01
2.730038414850594730e+00	1.430709761318933104e+01	-1.273404006954584844e+01	1.685168791039971481e+01
2.736317989800789441e+00	1.428517104904809010e+01	-1.265807646578800494e+01	1.679870645309791755e+01
2.742591858549239703e+00	1.428184577253425935e+01	-1.263236394110219329e+01	1.676668513742074040e+01
2.748879749010778362e+00	1.427607011720930252e+01	-1.265321963176651288e+01	1.676446307191154617e+01
2.755163403825859447e+00	1.425148131035974153e+01	-1.255513860269570792e+01	1.673329413557077316e+01
2.761446955625852073e+00	1.421828710744042112e+01	-1.242793715018312106e+01	1.662281000359604022e+01
2.767732088935374701e+00	1.426896065945541636e+01	-1.249719202804459961e+01	1.677671822190811568e+01
2.774015452421743966e+00	1.421879407981763066e+01	-1.239945674048483504e+01	1.658906963782668598e+01
2.780298635700591436e+00	1.422617508968186151e+01	-1.235162300581828809e+01	1.657782556536919571e+01
2.786577474762241380e+00	1.422691009314971389e+01	-1.232239066917695602e+01	1.653537850471296622e+01
2.792857983210164541e+00	1.422083090572622410e+01	-1.230964418562371421e+01	1.662742044559539423e+01
2.799143790920211483e+00	1.421307263514368202e+01	-1.225089133051707613e+01	1.655115373604439455e+01
2.805430058399325244e+00	1.423066986273565959e+01	-1.224861182437403961e+01	1.656685470752399070e+01
2.811715058209780072e+00	1.420409858589483143e+01	-1.218691265159061921e+01	1.655910079502180565e+01
2.817989272498773623e+00	1.421966433456870327e+01	-1.221222999817123522e+01	1.659133858011336571e+01
2.824269171595737760e+00	1.418128897565317104e+01	-1.211886288549785995e+01	1.640188412817237307e+01
2.830563016441804081e+00	1.422709972177871407e+01	-1.211193265950092268e+01	1.654260815839497667e+01
2.836848750951622034e+00	1.419089723110823087e+01	-1.201810184312174989e+01	1.642323381843075225e+01
2.843130027866129783e+00	1.419843296604648941e+01	-1.201671711236086537e+01	1.634609565033043665e+01
2.849413896912404986e+00	1.421499624079188528e+01	-1.195594378855956030e+01	1.639904403232161911e+01
2.855697464522425566e+00	1.421695348727054053e+01	-1.194600760098241210e+01	1.637622670115203150e+01
2.861978799810683594e+00	1.419655722388396590e+01	-1.189362619949785227e+01	1.634434444508448792e+01
2.868262469415629567e+00	1.421382558310861199e+01	-1.186793464216496652e+01	1.636758675477400971e+01
2.874547359206753860e+00	1.422936601236068199e+01	-1.189199208121271489e+01	1.645239124472927017e+01
2.880831111471525041e+00	1.421746010629101065e+01	-1.183800953236847064e+01	1.639081872121285244e+01
2.887113216972382546e+00	1.423427551562830473e+01	-1.181334188966489052e+01	1.646009798440437422e+01
2.893394504725182781e+00	1.423710989660722426e+01	-1.175250719921963416e+01	1.636147706378313416e+01
2.899673662137033592e+00	1.419601682103723483e+01	-1.169984917266834046e+01	1.626964967826356911e+01
2.905953958587380814e+00	1.423031958611369951e+01	-1.168567114236742199e+01	1.636443145396092547e+01
2.912241118105161064e+00	1.422930817288991534e+01	-1.164169927539287563e+01	1.630951026767523615e+01
2.918525996366671205e+00	1.424872380558763396e+01	-1.167100149289344380e+01	1.638767417215951028e+01
2.924809035425688819e+00	1.423756327880695416e+01	-1.155040598622769288e+01	1.635425829369991746e+01
2.931095916293684933e+00	1.429396063223544999e+01	-1.169916774413509586e+01	1.650196570342799163e+01
2.937378182606774413e+00	1.425573937123640889e+01	-1.158500496357797793e+01	1.633412193213118258e+01
2.943659980254369923e+00	1.428623873221458318e+01	-1.156516992605921956e+01	1.647871954287238339e+01
2.949946454403890250e+00	1.428969715897712867e+01	-1.151998283570388537e+01	1.641580183748431665e+01
2.956227653702202307e+00	1.431983591900837283e+01	-1.152100691934995425e+01	1.646255965709891100e+01
2.962510478867462993e+00	1.432598047281576115e+01	-1.147915146399098241e+01	1.645885816708439719e+01
2.968796535179442309e+00	1.436957336533834351e+01	-1.154339509495118676e+01	1.655905450013824165e+01
2.975077657376874907e+00	1.437796657838394410e+01	-1.154747663056872575e+01	1.653574359102208291e+01
2.981359866759223376e+00	1.435651888900988027e+01	-1.146636009934415057e+01	1.652590198031332847e+01
2.987646761575656562e+00	1.438701041854220541e+01	-1.141388727647595580e+01	1.654503032357749959e+01
2.993929038370399365e+00	1.441095308195116331e+01	-1.146917187093566248e+01	1.663520452020315332e+01
3.000206214840962726e+00	1.441215431913095912e+01	-1.139282961323153209e+01	1.653991656692050327e+01
3.006486172402415669e+00	1.444757532376740272e+01	-1.141138576811752436e+01	1.659005605362916214e+01
3.012769812211594456e+00	1.443641270465586501e+01	-1.140000290618051615e+01	1.666096097807736953e+01
3.019053144326170113e+00	1.447722796869947359e+01	-1.139204930995401632e+01	1.674098062787694019e+01
3.025337405144251424e+00	1.448616950272671566e+01	-1.134715344753734989e+01	1.664710703013561144e+01
3.031623734799107961e+00	1.450175969483534821e+01	-1.133524929063852937e+01	1.675484372111207776e+01
3.037908962055872575e+00	1.454926409222637496e+01	-1.136486994268673811e+01	1.679433396136216672e+01
3.044195067146031608e+00	1.456111881744024217e+01	-1.131222853100172543e+01	1.683284600303732859e+01
3.050475543482170426e+00	1.457612289391222049e+01	-1.131937885003843824e+01	1.682619134151951101e+01
3.056754954538277502e+00	1.458392301589275775e+01	-1.128373344107435372e+01	1.680999059640183901e+01
3.063040539557494668e+00	1.464271016837082051e+01	-1.139138122802619257e+01	1.694540404781352549e+01
3.069323699454357346e+00	1.465066788725280311e+01	-1.131215584407516772e+01	1.698541401514529881e+01
3.075610692642898769e+00	1.466791877818010903e+01	-1.128591081958929898e+01	1.704376858692083019e+01
3.081893798009918584e+00	1.468710389072824896e+01	-1.127593881541853449e+01	1.707990499173831722e+01
3.088174549548037717e+00	1.473026750422851627e+01	-1.132301695632678573e+01	1.712052895373914296e+01
3.094458635632868493e+00	1.476033117488760738e+01	-1.133376311154620630e+01	1.715623422484016558e+01
3.100743982931558840e+00	1.476520291640376215e+01	-1.127712573843884414e+01	1.721441462822375001e+01
3.107028111748448396e+00	1.477116885000098989e+01	-1.119809680532160634e+01	1.721220232186618304e+01
3.113309299655494300e+00	1.486091872940090219e+01	-1.133274528679688409e+01	1.737321565515007293e+01
3.119590662867241626e+00	1.487721580923833997e+01	-1.125142188033308166e+01	1.736362566914759853e+01
3.125874006820172912e+00	1.492293213348624725e+01	-1.129921411705786483e+01	1.752434596919177778e+01
3.132159251154602586e+00	1.491197394778342655e+01	-1.123580944629796541e+01	1.747427030040324070e+01
3.138439172765940643e+00	1.495728121274665057e+01	-1.125644547200147194e+01	1.755373822105972792e+01
3.144723867719826593e+00	1.500420704533871152e+01	-1.129820760209261010e+01	1.758162141178230442e+01
3.151003951258561031e+00	1.502042779296474784e+01	-1.124566797010162844e+01	1.759887100896077072e+01
3.157283664131563139e+00	1.509351990430616652e+01	-1.135732881816658058e+01	1.776504399239616205e+01
3.163569317183839935e+00	1.509669205165791261e+01	-1.125509497354225630e+01	1.778846475362614044e+01
3.169851661717792091e+00	1.516511603375284523e+01	-1.135550004431911297e+01	1.796993248929767617e+01
3.176137704316093657e+00	1.522599750015974962e+01	-1.142640648857836005e+01	1.809213184025850296e+01
3.182420924828643916e+00	1.523558115625338516e+01	-1.136686876644411370e+01	1.815870476787315724e+01
3.188702811875577581e+00	1.527202902823820452e+01	-1.138849241293290149e+01	1.814921864252354666e+01
3.194990520008989865e+00	1.531804276195979497e+01	-1.136119484855760575e+01	1.824229637753440159e+01
3.201275324656983834e+00	1.534063554517630301e+01	-1.137285304886508719e+01	1.829194378608418248e+01
3.207551352179861759e+00	1.544864631676942146e+01	-1.151869483682335904e+01	1.857349479586368801e+01
3.213835216737041645e+00	1.545043064625064666e+01	-1.143558350108650679e+01	1.857794452520273154e+01
3.220122579819103770e+00	1.538042175211968043e+01	-1.122314587826644861e+01	1.807374611253914765e+01
3.226406606618656525e+00	1.520392808157130560e+01	-1.069950332017963568e+01	1.704942723488059997e+01
3.232687390085645429e+00	1.507749330050383563e+01	-1.034158973456123931e+01	1.618822054095277352e+01
3.238969121280456331e+00	1.496200395524235560e+01	-1.008629961898411409e+01	1.546857985121670964e+01
3.245254751548589667e+00	1.482757443234738304e+01	-9.747500764030574416e+00	1.455998773630520660e+01
3.251534499036136783e+00	1.476882902187036528e+01	-9.538234660003659826e+00	1.396402344361333547e+01
3.257817780791052442e+00	1.469520218796974653e+01	-9.355262256114501795e+00	1.331905017743602748e+01
3.264102164154097263e+00	1.462054952288604071e+01	-9.148022739954143390e+00	1.272961794236320721e+01
3.270384152138468892e+00	1.455855096939385795e+01	-8.966002404612245513e+00	1.210545301906000049e+01
3.276669427476867735e+00	1.451517497669807888e+01	-8.841251340233146294e+00	1.161573474398077366e+01
3.282954688864507808e+00	1.445981933991113699e+01	-8.708229508302574473e+00	1.104008456804236360e+01
3.289237200334947264e+00	1.437724490470070648e+01	-8.466318092187330890e+00	1.039757161128951068e+01
3.295519587088236779e+00	1.431336422968357347e+01	-8.267766418598219147e+00	9.805767504483567265e+00
3.301805977329951958e+00	1.429519860377538087e+01	-8.157888175518769103e+00	9.407905689410485550e+00
3.308087486222440088e+00	1.424602878252967741e+01	-8.088486826698161991e+00	8.884271277117656851e+00
3.314367630234227313e+00	1.422139322147824991e+01	-7.946216250058616204e+00	8.420298100679682207e+00
3.320651909732194262e+00	1.415549213209399682e+01	-7.777776544352612120e+00	7.874567642226710795e+00
3.326931260376857047e+00	1.413935384005164053e+01	-7.698192921079492379e+00	7.434053007852179817e+00
3.333216512447217728e+00	1.410629860339560082e+01	-7.622566165676382788e+00	7.059823407289170127e+00
3.339504489419978128e+00	1.408612196333181110e+01	-7.507274021452746027e+00	6.544771714802167573e+00
3.345786804809928405e+00	1.404234132929388146e+01	-7.403022747986702790e+00	6.207288369975205278e+00
3.352071130016277767e+00	1.401222105381365779e+01	-7.307924198159160944e+00	5.706365149982930873e+00
3.358351496304225581e+00	1.398496084156923658e+01	-7.216831238048663444e+00	5.275405165004744212e+00
3.364630591073392019e+00	1.395451282838772045e+01	-7.089715747035043591e+00	4.825240426962455587e+00
3.370916305215045483e+00	1.395762588085529998e+01	-7.084052220583764381e+00	4.487333021717756942e+00
3.377197952029413752e+00	1.391103869697966644e+01	-6.927300068966059321e+00	4.051933983706536679e+00
3.383483063818085501e+00	1.393293859511982369e+01	-6.930433021371344537e+00	3.713074752295251191e+00
3.389769992424469969e+00	1.390197783496255290e+01	-6.835860536601600757e+00	3.234420851314649958e+00
3.396051330885982100e+00	1.387931514722238724e+01	-6.723159203941444062e+00	2.887159703394894361e+00
3.402330879139463971e+00	1.387531780207772059e+01	-6.715817931536220975e+00	2.543030655108520222e+00
3.408610488352048495e+00	1.384774967725438088e+01	-6.602749158274996866e+00	2.164817765654268644e+00
3.414897837696641236e+00	1.386480680370891427e+01	-6.606205564887952519e+00	1.815774638111061101e+00
3.421180484052105619e+00	1.382994174452930203e+01	-6.574523200666065215e+00	1.504310540026769338e+00
3.427461639653846870e+00	1.379328623618058813e+01	-6.418354474741179594e+00	9.906188808920344258e-01
3.433749159643459059e+00	1.377781704695517639e+01	-6.368664063872526704e+00	7.143601515421031944e-01
3.440032646656798310e+00	1.376270538267834631e+01	-6.258269336007533212e+00	2.988678099388832887e-01
3.446313366033385339e+00	1.378691850980196953e+01	-6.272078418047223991e+00	3.004062751049757160e-02
3.452600135384134905e+00	1.376391410488946043e+01	-6.187438882034884458e+00	-3.643407529208493312e-01
3.458883152815406703e+00	1.376053638013348390e+01	-6.167250813486258920e+00	-6.695309240372181447e-01
3.465163834403715448e+00	1.377788045445381471e+01	-6.085770893565983997e+00	-9.153456753342118501e-01
3.471449329786229221e+00	1.374495417019513965e+01	-6.028692114473902741e+00	-1.386164050944807880e+00
3.477734476754053894e+00	1.375588181276039457e+01	-6.021563141715034817e+00	-1.587251527886435865e+00
3.484019652467224226e+00	1.373263157644288768e+01	-5.942521511075237406e+00	-2.023971261450281833e+00
3.490297019369712928e+00	1.375388568757536234e+01	-5.942660657116695333e+00	-2.193575272760319717e+00
3.496582486484379970e+00	1.373306207926923506e+01	-5.871958983062489423e+00	-2.552893115756518672e+00
3.502868048046865024e+00	1.373482533278875195e+01	-5.772564504923817452e+00	-2.915616094579028594e+00
3.509144649545451244e+00	1.373337357957065308e+01	-5.776610460836677063e+00	-3.192995660956387205e+00
3.515428082003116295e+00	1.369955522759495814e+01	-5.659034478000646295e+00	-3.553244774070151379e+00
3.521711031624695565e+00	1.371752074175010172e+01	-5.675594553117468521e+00	-3.726577251414044500e+00
3.527991850954735664e+00	1.371840734833618747e+01	-5.589046500144019269e+00	-4.124811931214242833e+00
3.534275545726699885e+00	1.372082809668304115e+01	-5.606220154419103707e+00	-4.417749626443313815e+00
3.540562632020772149e+00	1.373932089371292165e+01	-5.570512772209773367e+00	-4.688778951682119889e+00
3.546844410757220789e+00	1.373244514760918200e+01	-5.493732759142361921e+00	-4.994628895264580315e+00
3.553131386753758836e+00	1.375339190873249429e+01	-5.549014458881351253e+00	-5.175702501397460686e+00
3.559419203211965144e+00	1.371251341878032548e+01	-5.335672947342314565e+00	-5.676026136439038972e+00
3.565697971577579839e+00	1.374112419763508974e+01	-5.386965088744709362e+00	-5.861718032390889732e+00
3.571979559134798254e+00	1.376457887763911003e+01	-5.407371098900376261e+00	-6.021202967838156006e+00
3.578265774595833726e+00	1.374924514243153517e+01	-5.304543428132351579e+00	-6.438009269812205559e+00
3.584548309769353125e+00	1.374279571592085070e+01	-5.265455632365305227e+00	-6.683963462015815260e+00
3.590826843920031486e+00	1.373597615090161916e+01	-5.161210064752040694e+00	-7.021792571288220763e+00
3.597107306745233934e+00	1.377601694215528205e+01	-5.210450078404578633e+00	-7.209612761496436484e+00
3.603392831792229245e+00	1.378044342201923733e+01	-5.164744088720080839e+00	-7.494863579186326064e+00
3.609673209822572559e+00	1.375327950865496263e+01	-5.109559807989681346e+00	-7.808679385196498401e+00
3.615955412133016189e+00	1.379214561430756980e+01	-5.140832442948588543e+00	-7.986501015631112033e+00
3.622241607772384686e+00	1.378245554878248846e+01	-5.053745325553895107e+00	-8.301342976872746249e+00
3.628520252736676444e+00	1.378116501545905237e+01	-4.981672581054621851e+00	-8.577882572218408441e+00
3.634804827569451113e+00	1.379729296531869132e+01	-5.024998155283400436e+00	-8.770058114253631132e+00
3.641094981788862928e+00	1.383472157555582527e+01	-5.008729154123112259e+00	-9.017298094794673702e+00
3.647383514928639325e+00	1.382389635409345274e+01	-4.874480281452980179e+00	-9.405670448131187911e+00
3.653663283927725658e+00	1.385877454978319712e+01	-4.978242243679988022e+00	-9.537279532117727499e+00
3.659943504072155296e+00	1.384363061097408476e+01	-4.874279042617549074e+00	-9.836866696944552402e+00
3.666232000281138603e+00	1.385569874664825285e+01	-4.840479476592821406e+00	-1.011235875121457717e+01
3.672514211678317597e+00	1.385790208689602210e+01	-4.819599731879960380e+00	-1.031967809695312432e+01
3.678794154686042539e+00	1.387316343700426913e+01	-4.804367609917085780e+00	-1.054054683646623758e+01
3.685078621861909820e+00	1.391873065641566498e+01	-4.808501640378972652e+00	-1.079728214112497398e+01
3.691359210097977961e+00	1.389287635347567473e+01	-4.773060982935875884e+00	-1.103395497801573022e+01
3.697642368173791105e+00	1.388286320575345911e+01	-4.680382103901890467e+00	-1.132303552457348239e+01
3.703925796735277665e+00	1.392708750965034170e+01	-4.675484451705642641e+00	-1.150742980881539346e+01
3.710208240364660348e+00	1.395406249970177370e+01	-4.670130295293780875e+00	-1.185953999511728263e+01
3.716494593122387169e+00	1.394116066843738899e+01	-4.628268752528509999e+00	-1.201273696885796483e+01
3.722775386659595398e+00	1.398342887329627793e+01	-4.592777950315849900e+00	-1.229576157350540555e+01
3.729058392883481510e+00	1.397839173031967341e+01	-4.594163702496596891e+00	-1.242970433553227316e+01
3.735339748210807720e+00	1.404651820126111161e+01	-4.604708900631270474e+00	-1.271680379896181279e+01
3.741620776392969638e+00	1.400413804002300644e+01	-4.442809421719859486e+00	-1.307570657234457911e+01
3.747904795418762980e+00	1.406248379232400758e+01	-4.551392334693467490e+00	-1.320050348005864116e+01
3.754190633281219380e+00	1.406963893322960146e+01	-4.491269616008974452e+00	-1.348438431048802144e+01
3.760478208018912749e+00	1.408468248785642807e+01	-4.467628966141170110e+00	-1.367970770648270218e+01
3.766755538573464346e+00	1.410311627737820395e+01	-4.519880218376592040e+00	-1.378087420991290379e+01
3.773032090135151506e+00	1.410273977892960673e+01	-4.399814581917480538e+00	-1.417758097648357385e+01
3.779322553012896879e+00	1.417029059212262432e+01	-4.412147997897537088e+00	-1.432754954350209076e+01
3.785609109731308930e+00	1.415477271211042520e+01	-4.313929953888524516e+00	-1.468994610366689813e+01
3.791889825936295200e+00	1.417489656968370859e+01	-4.415863057808364189e+00	-1.474695842163763082e+01
3.798174822702435893e+00	1.420192558170559316e+01	-4.314081884488484064e+00	-1.510041796876804199e+01
3.804458658753491651e+00	1.417057278246699070e+01	-4.233930012535489951e+00	-1.536779369508509596e+01
3.810738438095723435e+00	1.426607168280407123e+01	-4.324000963284660770e+00	-1.547203215410071131e+01
3.817018850285747167e+00	1.425033343162650112e+01	-4.225167569988115268e+00	-1.577888206475287625e+01
3.823305314209427763e+00	1.432093571151673217e+01	-4.290661477913385369e+00	-1.591926887237616839e+01
3.829591295197792178e+00	1.430589049718969008e+01	-4.204079062608087725e+00	-1.622094875241527490e+01
3.835872296070849341e+00	1.430820639322215371e+01	-4.104791552058662418e+00	-1.655234218882582198e+01
3.842156279590906109e+00	1.439841068691902670e+01	-4.254218379812646944e+00	-1.656454886669357407e+01
3.848441511099312429e+00	1.436965013758159770e+01	-4.105915827035511612e+00	-1.692130997017820349e+01
3.854723334376886079e+00	1.443175194678878448e+01	-4.155650713511796823e+00	-1.713901778502147266e+01
3.861004740704794713e+00	1.443601273984845612e+01	-4.126059028254255523e+00	-1.729492759918147016e+01
3.867284336650660848e+00	1.442198696872213048e+01	-4.023789544374144711e+00	-1.754234584619666393e+01
3.873567367678779849e+00	1.449649728402510895e+01	-4.119926597560734649e+00	-1.766021384936227534e+01
3.879850662830422792e+00	1.448110725216344186e+01	-4.004496442533652001e+00	-1.800339329998179849e+01
3.886137063198143338e+00	1.454094679639523768e+01	-4.060000327933937392e+00	-1.813098487922023949e+01
3.892419463049126005e+00	1.456955753770426654e+01	-3.963279722372644365e+00	-1.849496816239410890e+01
3.898703740328622658e+00	1.458208355386162758e+01	-4.026279495949403930e+00	-1.859378318933456242e+01
3.904991458788179326e+00	1.461257312645427930e+01	-4.036440704865361440e+00	-1.872598308933143585e+01
3.911270842222104083e+00	1.464518314400382692e+01	-3.931718062769158362e+00	-1.909258914282187547e+01
3.917549806479573071e+00	1.470377089970387452e+01	-4.006188476062508386e+00	-1.920876721251864438e+01
3.923836006203090587e+00	1.468923365195208497e+01	-3.885683991558146477e+00	-1.955524700354815693e+01
3.930121452497870926e+00	1.476244225636298424e+01	-3.993466863648828191e+00	-1.960173713841962595e+01
3.936398172858230460e+00	1.478154503417124133e+01	-3.906230878366764969e+00	-1.993185762728140986e+01
3.942683040425962293e+00	1.479079634392049059e+01	-3.828155277193030948e+00	-2.021163868344830306e+01
3.948974759704379611e+00	1.487670226768357651e+01	-3.899805691571738731e+00	-2.031022193418776567e+01
3.955259227995065352e+00	1.486439915178461213e+01	-3.819447379919431729e+00	-2.063955268214208516e+01
3.961537174921395454e+00	1.491978744707013860e+01	-3.854715016642463521e+00	-2.077085725955157969e+01
3.967820217617139544e+00	1.492450721731783858e+01	-3.793848954359288594e+00	-2.101724964711535293e+01
3.974105559832568968e+00	1.499733594214345089e+01	-3.821753547814720431e+00	-2.126624171321056522e+01
3.980384727931198352e+00	1.500588040351585484e+01	-3.756193947428660529e+00	-2.145652362538183056e+01
3.986664590839849698e+00	1.503023529031059446e+01	-3.705263701436817492e+00	-2.177352060154924729e+01
3.992949619150675034e+00	1.509609316007830060e+01	-3.787684174820138860e+00	-2.183436213028189243e+01
3.999235075769965952e+00	1.510065467346430168e+01	-3.699479638945776472e+00	-2.218045433501732688e+01
4.005515715515433506e+00	1.515584222699075667e+01	-3.671218127302490419e+00	-2.242744532478821995e+01
4.011798434346478537e+00	1.521879356871349032e+01	-3.669880469158911751e+00	-2.264494452479015507e+01
4.018083716245132386e+00	1.523817074987112363e+01	-3.612092923987685555e+00	-2.292763996596139009e+01
4.024365700052603856e+00	1.530224157947480101e+01	-3.689229437716272653e+00	-2.300164850006787631e+01
4.030643960839860540e+00	1.531617964117151232e+01	-3.617084559712835823e+00	-2.335581690701405932e+01
4.036928708926215137e+00	1.535094862850719188e+01	-3.615044045804749917e+00	-2.352614353502238487e+01
4.043218157412017177e+00	1.537863204820961549e+01	-3.570620798032685617e+00	-2.373687019307372736e+01
4.049503019487663558e+00	1.547421527728456958e+01	-3.568846232291772669e+00	-2.409141782971865453e+01
4.055781898960511000e+00	1.547063449757110831e+01	-3.586421105346937477e+00	-2.411320771406713348e+01
4.062060795621602161e+00	1.549959484555225764e+01	-3.537448767690314799e+00	-2.448673479913076179e+01
4.068347865354716042e+00	1.560759807718811487e+01	-3.649520586014021184e+00	-2.452096382462950785e+01
4.074631027173265529e+00	1.565537017856954982e+01	-3.524654340174033340e+00	-2.496838523423294376e+01
4.080910837526078971e+00	1.567109883741859022e+01	-3.514847225784682117e+00	-2.512903152232308202e+01
4.087201203341442657e+00	1.571625253291880320e+01	-3.515051552760749320e+00	-2.537247589031066042e+01
4.093486818591942189e+00	1.577499630960094379e+01	-3.496234639162598690e+00	-2.562529858727807408e+01
4.099764387336505500e+00	1.583007648985538474e+01	-3.497438894235687545e+00	-2.576205175334614950e+01
4.106049166937662420e+00	1.584028220684752952e+01	-3.446385943278776676e+00	-2.611045656560733619e+01
4.112334559041358695e+00	1.592478620336035533e+01	-3.470630281999526279e+00	-2.627205114462555358e+01
4.118618926059533614e+00	1.596657537040179342e+01	-3.452246053636474965e+00	-2.650135155087305350e+01
4.124898942031112625e+00	1.598847449706055635e+01	-3.451006615641918351e+00	-2.671984366321445492e+01
4.131175432561665417e+00	1.604670889251300281e+01	-3.380140268421159000e+00	-2.707525716161458362e+01
4.137461563786142271e+00	1.609629300246515626e+01	-3.391302279558945809e+00	-2.729143692917654107e+01
4.143746006210170307e+00	1.617632760455378360e+01	-3.430480244041714588e+00	-2.741294314820844136e+01
4.150029800482964326e+00	1.619353085321654007e+01	-3.370521490364410511e+00	-2.770276162416253385e+01
4.156313390684649001e+00	1.627170588784471050e+01	-3.339097214786139745e+00	-2.804693057712663773e+01
4.162596105843763716e+00	1.632765706870813815e+01	-3.369237011967214368e+00	-2.821333699416607033e+01
4.168881843141768684e+00	1.633277682996730107e+01	-3.313063501954117474e+00	-2.850014902881338941e+01
4.175162111073220217e+00	1.643654318002935355e+01	-3.367623611461454392e+00	-2.865745364659264638e+01
4.181448573417560155e+00	1.647808391975445375e+01	-3.332013949440501666e+00	-2.902260928855337596e+01
4.187738782464171194e+00	1.655161014377971540e+01	-3.327102878086507953e+00	-2.920756775193012800e+01
4.194017437180169061e+00	1.656514690522909916e+01	-3.237874043982389427e+00	-2.951142025913751965e+01
4.200293572701767175e+00	1.664019212642002188e+01	-3.243123792197748489e+00	-2.987441608521312375e+01
4.206580195481546269e+00	1.670919474375775593e+01	-3.315024256368679367e+00	-2.987915092605286915e+01
4.212860644652220543e+00	1.669239364374734080e+01	-3.160648298751290941e+00	-3.034496684613245421e+01
4.219138153430114002e+00	1.683174568359812895e+01	-3.257861366421534122e+00	-3.046425033520542058e+01
4.225426162098283811e+00	1.684324286726628728e+01	-3.128245479517095529e+00	-3.091695307607839993e+01
4.231713506719782636e+00	1.692939997134408614e+01	-3.188300207484778603e+00	-3.108208816501487703e+01
4.237990056577191744e+00	1.702700671743256322e+01	-3.149300841636147652e+00	-3.148407461389257023e+01
4.244267783646744618e+00	1.700303547673279425e+01	-3.050365226264070362e+00	-3.180011489881244557e+01
4.250560660182562955e+00	1.711127653443064744e+01	-3.136169488368980129e+00	-3.188992572871585196e+01
4.256847734842668096e+00	1.708404995999454457e+01	-2.946956052102224444e+00	-3.238799218187195805e+01
4.263127100734456221e+00	1.724029524968739224e+01	-3.051307918209100745e+00	-3.261317881175254740e+01
4.269406860432507500e+00	1.729433621223687823e+01	-3.031279099738953597e+00	-3.287445907781999921e+01
4.275691671482192646e+00	1.728233377607293164e+01	-2.956166050665867129e+00	-3.320702488957381604e+01
4.281972414189518794e+00	1.740798184279436356e+01	-2.983861017053320630e+00	-3.345571556507205457e+01
4.288253516806755705e+00	1.741343295967563876e+01	-2.858890438318021143e+00	-3.391023144589999561e+01
4.294540520160492925e+00	1.753177765896786866e+01	-3.027529094922574160e+00	-3.390009918044393089e+01
4.300825742921731809e+00	1.754553885840886451e+01	-2.846548161430346724e+00	-3.441760082892717065e+01
4.307109835491901961e+00	1.763806799940565284e+01	-2.894709399930325944e+00	-3.469646352215298890e+01
4.313390926478413157e+00	1.778188239643283453e+01	-2.917273565981840289e+00	-3.502447370228724566e+01
4.319667979480563247e+00	1.769383859492043598e+01	-2.817910479561616555e+00	-3.536441593786570792e+01
4.325952598143786076e+00	1.788005383208534482e+01	-2.955513992382174493e+00	-3.541871245813850066e+01
4.332241647035422361e+00	1.785948224398188344e+01	-2.758657392649117135e+00	-3.599923419684549231e+01
4.338524445619096781e+00	1.793220243533296809e+01	-2.776943011787264215e+00	-3.626034956901054329e+01
4.344809348131129845e+00	1.803645703604214745e+01	-2.822514166060918761e+00	-3.654037095538328117e+01
4.351090699193166600e+00	1.799397373865244631e+01	-2.691112477883130349e+00	-3.689943035538133387e+01
4.357369710808320029e+00	1.814760209381222822e+01	-2.737408594459588507e+00	-3.720919038231790665e+01
4.363659348967174445e+00	1.814577990539570962e+01	-2.607602583442274913e+00	-3.772201307642497881e+01
4.369947418280990981e+00	1.825538615713313106e+01	-2.647601018426761321e+00	-3.793312105501610887e+01
4.376226569265827315e+00	1.829326819362924184e+01	-2.616149989646788576e+00	-3.829033806539298013e+01
4.382499356631129217e+00	1.829082490682005968e+01	-2.502626930368642366e+00	-3.872532073795527907e+01
4.388784975178015024e+00	1.844634852600441732e+01	-2.475232206572521854e+00	-3.918755748112604920e+01
4.395068696309480494e+00	1.842364477472292350e+01	-2.355037801045835710e+00	-3.967601376072347108e+01
4.401347962382031298e+00	1.854816728090078115e+01	-2.504223112772258730e+00	-3.972091255105632257e+01
4.407628405096517099e+00	1.856319644320765150e+01	-2.376705397353903404e+00	-4.024202331779365238e+01
4.413915862185140426e+00	1.861837809287584022e+01	-2.320131759868326426e+00	-4.065920760572258530e+01
4.420203163534264235e+00	1.866786098973381769e+01	-2.323366307018762011e+00	-4.091429718212028632e+01
4.426480311003382795e+00	1.866966667241797850e+01	-2.023770404933164624e+00	-4.192148560158790360e+01
4.432765973643649104e+00	1.892176495943302683e+01	-2.326535853524143604e+00	-4.179268423747789285e+01
4.439053392023870614e+00	1.871624610022378832e+01	-1.947852328290919477e+00	-4.255085596432434158e+01
4.445336141335588742e+00	1.892583846039327256e+01	-2.211423652838587106e+00	-4.255987280078078072e+01
4.451617241414883352e+00	1.883596878957220255e+01	-1.938197172533460133e+00	-4.316551505420589052e+01
4.457901500730311106e+00	1.891564261467773989e+01	-1.895521919884962214e+00	-4.378794492402189320e+01
4.464189501093017043e+00	1.899340779385760669e+01	-1.891409743382419517e+00	-4.404588368586453839e+01
4.470470197548729985e+00	1.892358766368235479e+01	-1.643251726327531692e+00	-4.492290309341271382e+01
4.476748044268524573e+00	1.909087967370575356e+01	-1.931037577614396650e+00	-4.466776527812180575e+01
4.483035990164653484e+00	1.896186635363683592e+01	-1.552598564660498726e+00	-4.561218452124729339e+01
4.489323331650528104e+00	1.903836748437152693e+01	-1.589847081647238536e+00	-4.591882435597054268e+01
4.495599111667934800e+00	1.901833366205931952e+01	-1.385425000644743720e+00	-4.661835169631501685e+01
4.501870922878794090e+00	1.900889581345857238e+01	-1.239798255863732157e+00	-4.730790768085403641e+01
4.508155162877705457e+00	1.913960387219085391e+01	-1.340655804931012440e+00	-4.754484479064469582e+01
4.514446451153479423e+00	1.901114644171836687e+01	-9.902102167947933742e-01	-4.837912529410554185e+01
4.520723894043856994e+00	1.905586947812258103e+01	-1.096868375430615439e+00	-4.853949787677865402e+01
4.527003782460155890e+00	1.893949527162456903e+01	-8.428692413712147724e-01	-4.931548147377206703e+01
4.533293086610313161e+00	1.898703171890560171e+01	-7.569515261024156727e-01	-4.990965315673273750e+01
4.539578989864040182e+00	1.892340567138867158e+01	-6.280112646198314774e-01	-5.042066403753167947e+01
4.545857164866476730e+00	1.890212051195274157e+01	-4.535238429500783597e-01	-5.122147513044296829e+01
4.552138955546025656e+00	1.878715856883342994e+01	-2.815838980274027459e-01	-5.165276457175156111e+01
4.558432046889146605e+00	1.878670825724639926e+01	-2.361799999049419008e-01	-5.213573340533716305e+01
4.564713463378488711e+00	1.885476267483256763e+01	-2.926001610649786588e-01	-5.258581582906135310e+01
4.570987274133244682e+00	1.886382559778558132e+01	-1.886874127962087921e-01	-5.310337676820518027e+01
4.577274818151045643e+00	1.885473246961755578e+01	-1.128767084792726971e-01	-5.351386903486508118e+01
4.583563263889338657e+00	1.888027098109219537e+01	-1.361444386793641548e-01	-5.382537584963932886e+01
4.589844917004465508e+00	1.897297177633419096e+01	-1.548010702034044450e-01	-5.432570408872452106e+01
4.596126259982004747e+00	1.899550324098652254e+01	-7.464873879436538517e-02	-5.483476654306427633e+01
4.602409075598298926e+00	1.904188447982398813e+01	-5.030044642690644635e-02	-5.524484718786224846e+01
4.608696634867644804e+00	1.912192744073619366e+01	-6.235136169176728332e-02	-5.570475723451428252e+01
4.614977646498861219e+00	1.915554177613114462e+01	-6.907104316873943772e-02	-5.603826301952468469e+01
4.621258953029527383e+00	1.911128698305819285e+01	-2.601765006899752972e-02	-5.619521650514485600e+01
4.627547993978874175e+00	1.926755032794410738e+01	2.306514450961582099e-02	-5.697389520546128239e+01
4.633830152730579854e+00	1.926979987209926293e+01	1.090890500277606930e-02	-5.719627838712207080e+01
4.640104005367354567e+00	1.932788717513685484e+01	-2.977370148244920522e-02	-5.747503147638741439e+01
4.646382060386754276e+00	1.940015467554635009e+01	1.287242393937324892e-03	-5.802348730277680033e+01
4.652674213731970987e+00	1.947123246917609762e+01	-8.737754227201853519e-02	-5.831792417591434230e+01
4.658958291796220230e+00	1.956389605184101299e+01	-2.369252948070946219e-02	-5.881733372805826576e+01
4.665233615070169648e+00	1.959340352346324821e+01	-1.136120876678366892e-02	-5.918133782536121146e+01
4.671520675710307380e+00	1.965021120268369614e+01	-1.359662169711693160e-02	-5.958134086478688118e+01
4.677814351732177300e+00	1.968557228276588944e+01	-5.763597061379869407e-02	-5.980444530849741369e+01
4.684093699744638073e+00	1.972486420653825334e+01	-2.422524639408504127e-02	-6.017494682919633675e+01
4.690368661472568590e+00	1.984090084046720293e+01	-2.265525395677264395e-02	-6.070783486367869131e+01
4.696663270746453733e+00	1.986168711632750217e+01	-2.750188651867813486e-02	-6.097162532221681630e+01
4.702945459248681459e+00	2.001885679178572630e+01	-2.438849470062129723e-03	-6.165408976234495952e+01
4.709209170841929470e+00	2.009729605302248601e+01	-8.150101945870202869e-02	-6.195497031565052026e+01
4.715491634753063543e+00	2.021148097165390567e+01	-2.521702072532527872e-02	-6.254875061755554100e+01
4.721784316284933780e+00	2.019281285045584085e+01	-5.468153118354143055e-02	-6.263696722638999859e+01
4.728063062331094635e+00	2.035395478139350089e+01	-3.732034576673496501e-02	-6.333095300671125472e+01
4.734337423381671073e+00	2.045996363458245426e+01	2.835443631261865341e-02	-6.392009632910564676e+01
4.740627024094544062e+00	2.045594749439183602e+01	-1.912509542345612948e-02	-6.404899505286110184e+01
4.746914995664547554e+00	2.054733469294997761e+01	1.374011104002862381e-02	-6.452962179157873379e+01
4.753194740071086777e+00	2.066202885447413706e+01	5.317468950984499676e-02	-6.507559219090344982e+01
4.759478891864783456e+00	2.078444504377875290e+01	-6.223726926131294829e-02	-6.548589913872862667e+01
4.765762396877359031e+00	2.083265644937397454e+01	-1.521881607548758279e-02	-6.587472234628137358e+01
4.772049481246195768e+00	2.087643566537721185e+01	9.371979021916138075e-03	-6.616771287079997421e+01
4.778335091022592351e+00	2.100159543262598305e+01	-6.111900554357341253e-03	-6.670285477714878652e+01
4.784610831402393849e+00	2.110510342456891664e+01	-3.848753752175849280e-02	-6.712165592123709246e+01
4.790907306208476157e+00	2.127855966339959082e+01	-3.531617210819494156e-04	-6.787368443319667222e+01
4.797204047706418173e+00	2.128641870268173264e+01	4.387322230261252870e-02	-6.808449106388971472e+01
4.803470827697504220e+00	2.141914037927213954e+01	1.536230347604480330e-03	-6.860308930927803317e+01
4.809748850577324042e+00	2.150882191462770976e+01	-3.390548862494767446e-02	-6.902522374573749175e+01
4.816045316586602176e+00	2.152421008816204662e+01	-1.304733572049970695e-02	-6.922261820591002390e+01
4.822329240673497885e+00	2.154117190830060835e+01	-3.862543805597116325e-02	-6.936398238389247695e+01
4.828596758226470165e+00	2.176072018099203120e+01	-1.865516732219114904e-02	-7.025788491327693919e+01
4.834890332961369275e+00	2.193809911144580482e+01	-9.668132157881663760e-03	-7.097338492821845080e+01
4.841191655056394261e+00	2.196685767439463888e+01	2.818327822621378986e-02	-7.123827593681490100e+01
4.847460407468000554e+00	2.222261024969861154e+01	4.684883504453152270e-02	-7.223822736162972546e+01
4.853732128521334843e+00	2.222371902828949075e+01	4.423141528166795594e-02	-7.233331245046954905e+01
4.860029138783373170e+00	2.230760252223367246e+01	8.486322100539438196e-02	-7.283965729209323570e+01
4.866314601732018019e+00	2.252758471553642039e+01	2.516458169372132181e-02	-7.360215684472915143e+01
4.872587026269203925e+00	2.257050616658600006e+01	-3.814703704078758334e-02	-7.373268228476682395e+01
4.878874221748241702e+00	2.282018910440684323e+01	-1.897811144973888392e-02	-7.472648897359000841e+01
4.885171078138658807e+00	2.286309657900157433e+01	3.443308900976587567e-02	-7.508166070838821327e+01
4.891450629931857641e+00	2.293914524200323513e+01	2.749145497564973659e-02	-7.540601038030095538e+01
4.897716482750221978e+00	2.311725513174193480e+01	2.959594246654602412e-02	-7.609706947175659764e+01
4.904002834596266069e+00	2.306077373430010979e+01	4.456758718731738261e-02	-7.609174511548377495e+01
4.910295858205786068e+00	2.331015458768585802e+01	-2.127365837066624160e-02	-7.692243125846906082e+01
4.916575188115905881e+00	2.345986349551477446e+01	-5.460704664899376781e-02	-7.748980366010310661e+01
4.922847946197084212e+00	2.365807607986072369e+01	-5.925026253150138256e-02	-7.825349944259087920e+01
4.929131667457151700e+00	2.370347476836908029e+01	-4.240406343086818020e-02	-7.856295989640769051e+01
4.935434460144239033e+00	2.385207901885358339e+01	-2.003503706425958930e-02	-7.913384075153980746e+01
4.941718513303545279e+00	2.403288937518581392e+01	1.769930882395127913e-02	-7.990667528716224410e+01
4.947978624761803168e+00	2.419273416608855598e+01	5.255884141562774253e-02	-8.062402005898042034e+01
4.954274999209829389e+00	2.421611468545232881e+01	5.634972091313163005e-03	-8.072297635595721488e+01
4.960571094729937514e+00	2.436833825025276212e+01	2.133368424269742325e-02	-8.135861980886795664e+01
4.966823207626954506e+00	2.469390323711063218e+01	6.313664584101212618e-02	-8.260830747570346944e+01
4.973097418390337587e+00	2.473642522990736126e+01	5.588247050922188520e-03	-8.276254626569352979e+01
4.979415129936382023e+00	2.485788472999810850e+01	-3.819059779127716853e-02	-8.326192142353535530e+01
4.985702082330368157e+00	2.516127468622018171e+01	4.671377612526188272e-02	-8.445432524333212143e+01
4.991949985828016523e+00	2.513786519936850539e+01	-2.325990130413186155e-02	-8.438009298034961603e+01
4.998241586316924057e+00	2.530349854296294509e+01	3.688329010495429439e-02	-8.513670074450624270e+01
5.004556635606089543e+00	2.559472165062429383e+01	1.864093771865458354e-02	-8.616635882742333763e+01
5.010828655701208945e+00	2.574630247153518425e+01	3.194247880540422579e-02	-8.677148617538856001e+01
5.017077229702536556e+00	2.579266321146542396e+01	2.386144379942577859e-02	-8.698726297021433140e+01
5.023374414758113637e+00	2.600633982696687951e+01	1.754932136179121471e-02	-8.784126235865385013e+01
5.029688873569548413e+00	2.624151421817830965e+01	4.255024996075591065e-02	-8.874950247696486372e+01
5.035958413584124216e+00	2.646400680391600702e+01	3.948262488686750393e-02	-8.955645031373941833e+01
5.042232667658486989e+00	2.673866443283652217e+01	-6.963260041144609292e-05	-9.055272886586988079e+01
5.048528755870775875e+00	2.678982799961230299e+01	1.834249715243907106e-02	-9.085458407968036454e+01
5.054821121427484520e+00	2.704045048537740570e+01	3.148984313890088732e-02	-9.175728882016638011e+01
5.061069509814582368e+00	2.718113960085360503e+01	4.449209359471487102e-02	-9.233426198839954679e+01
5.067347812754101177e+00	2.743307650212527804e+01	-9.748865525427623246e-02	-9.314102639612127632e+01
5.073675050630431116e+00	2.748965300827749303e+01	-8.826683272003434111e-02	-9.341448842793353435e+01
5.079945928388977627e+00	2.788233306861625138e+01	4.446337822587186767e-02	-9.499117063111641812e+01
5.086192992546071601e+00	2.779460317863540553e+01	5.816333297698566412e-02	-9.476227586372496603e+01
5.092484128970163226e+00	2.823739663397878630e+01	-2.768147836150572361e-02	-9.629678618745899144e+01
5.098802924706086870e+00	2.848546808697246391e+01	-4.571260579030667764e-02	-9.717926120597552142e+01
5.105078217426394005e+00	2.843620787633907199e+01	3.379401903949821873e-02	-9.717860815688361242e+01
5.111325076574067872e+00	2.877819287068957976e+01	9.879484588615858320e-03	-9.838079885654470047e+01
5.117628358851224135e+00	2.887238065131925069e+01	6.381209771825875447e-03	-9.880580628627369322e+01
5.123935939383525984e+00	2.931264164350114143e+01	3.577825080792656348e-02	-1.004271051957438203e+02
5.130199176325612065e+00	2.942417761648301422e+01	-1.190059748149427110e-01	-1.006432547711574728e+02
5.136469985878846956e+00	2.969473986849990510e+01	2.017872687772039042e-02	-1.018538940807970192e+02
5.142797788696348071e+00	2.996794523680339850e+01	-2.537490160606058719e-03	-1.028393589391274645e+02
5.149090378043822192e+00	3.035634541472231263e+01	-6.853616339224559428e-02	-1.041473876872396147e+02
5.155289879840074363e+00	3.046993114722751628e+01	8.801906626376970744e-02	-1.047466436711092683e+02
5.161564521234301317e+00	3.073832036968193293e+01	2.692119298264696731e-02	-1.057362061719159385e+02
5.167916673496016244e+00	3.105684450474749880e+01	-2.968373435606263405e-02	-1.068084703430052969e+02
5.174205974602950064e+00	3.132925111815130848e+01	-1.458964810390806811e-02	-1.078081819860962725e+02
5.180434820793812456e+00	3.128035050543953943e+01	3.664968326802767185e-02	-1.077740535454782957e+02
5.186729096569634656e+00	3.156199251841311337e+01	-2.679890337298004507e-02	-1.087699167427885243e+02
5.193058481037780894e+00	3.203597540387839615e+01	-4.647878674718491400e-03	-1.104838450228130142e+02
5.199319511444338460e+00	3.248419377355038051e+01	-9.488747333309014570e-03	-1.120579802772876405e+02
5.205574295584361799e+00	3.270692849806876978e+01	-7.132604982212489841e-02	-1.128213558337622828e+02
5.211894977074066126e+00	3.296248285148019619e+01	-6.789604556648856648e-02	-1.137983298999988193e+02
5.218201708336958511e+00	3.306305888283432637e+01	-1.303005565448317991e-02	-1.142431886703838728e+02
5.224411911780083351e+00	3.383053997032529736e+01	6.386036956164523049e-02	-1.170245726361034855e+02
5.230677632666463239e+00	3.380269976044396429e+01	-1.650228148510712520e-02	-1.169303284442275981e+02
5.237056729559757429e+00	3.398283401694893513e+01	-2.913331673073310535e-02	-1.175944871868857007e+02
5.243336785035660697e+00	3.475976394045062534e+01	7.865765215824012391e-02	-1.204440099634715722e+02
5.249493476178225038e+00	3.453072586825216206e+01	-4.733153115918120601e-02	-1.195425751949520645e+02
5.255787017738318134e+00	3.503077659386469378e+01	-1.133435063023202106e-02	-1.214307544950197979e+02
5.262205327426889845e+00	3.528403508565931190e+01	6.898216435380483125e-02	-1.224225424519869136e+02
5.268477758348532269e+00	3.551189047998876447e+01	3.222605109157495457e-03	-1.231867753201510425e+02
5.274632213654732560e+00	3.593335499390298793e+01	1.485177031157172978e-01	-1.248303524086947931e+02
5.280950543314659740e+00	3.615173814340387537e+01	3.578110983534241174e-02	-1.255527663324433405e+02
5.287327645024750389e+00	3.675757198262248693e+01	7.105266459899924059e-02	-1.277297050752657981e+02
5.293582359180156516e+00	3.738950812214175556e+01	3.667923033731789600e-02	-1.299083775063582209e+02
5.299789992649893478e+00	3.768344331066366237e+01	2.187069045308244128e-02	-1.309842200792513722e+02
5.306111460381987222e+00	3.779461049881614088e+01	4.200685098550520184e-03	-1.314094007446964554e+02
5.312452717892129250e+00	3.886008778075651549e+01	-8.701857281820971415e-03	-1.351240538744530397e+02
5.318650122853046724e+00	3.884215220667211810e+01	8.553615166058072330e-03	-1.351058300720771399e+02
5.324923043129819789e+00	3.865518203165709821e+01	1.625857215653168800e-03	-1.345347779669570798e+02
5.331330237158205421e+00	3.931763964813787027e+01	3.169305649872081188e-02	-1.369052600791755196e+02
5.337586726886338617e+00	4.003234629649830367e+01	-6.516060378296968138e-03	-1.393775431736059147e+02
5.343685192440848830e+00	4.010294945206931772e+01	3.175791238901463226e-02	-1.396901480047785640e+02
5.350070659715249199e+00	4.051951633486570614e+01	-2.779772939289876579e-02	-1.411745532242636045e+02
5.356556762554878226e+00	4.132311697544455598e+01	-4.360492971007978030e-02	-1.439951873780121900e+02
5.362691868684501095e+00	4.133418581011611792e+01	3.662486012668470653e-02	-1.441062684728267413e+02
5.368769208912516966e+00	4.163184246871276173e+01	7.433159412128501065e-02	-1.452234268680391551e+02
5.375270137997677722e+00	4.298590376912189015e+01	-2.902826835472459288e-02	-1.499213526603519995e+02
5.381769983045385786e+00	4.269596697217508563e+01	-6.064514603450080893e-02	-1.488923093102930864e+02
5.387701030372958222e+00	4.283822196555341577e+01	8.621611606221871171e-02	-1.495444075410179607e+02
5.393786668001271600e+00	4.443328718885857143e+01	8.222770454337914592e-02	-1.551515465874034589e+02
5.400446161099396569e+00	4.487020260272056760e+01	-3.480088417922803240e-02	-1.566239956255972174e+02
5.406957063684501463e+00	4.494707694591983937e+01	4.571799448745890448e-02	-1.569901251258944797e+02
5.412655672453426270e+00	4.653467981582110724e+01	-1.764664456962904138e-03	-1.624490235417407860e+02
5.418821279260546575e+00	4.583481108973685281e+01	1.935833402566818073e-02	-1.601143288308845740e+02
5.425690594366304076e+00	4.704766399782543829e+01	-5.133347453103200009e-02	-1.643206194583530930e+02
5.432217487502165376e+00	4.685118212020117312e+01	3.780935287341828741e-03	-1.637215804527470482e+02
5.437649811577258241e+00	4.838942984404435776e+01	-8.535130448586784185e-03	-1.690356444559925251e+02
5.443914404015878006e+00	4.864511399022014615e+01	-7.631690402229353298e-02	-1.699443697962017268e+02
5.450953501686320202e+00	4.934543826738663341e+01	-6.005404377517044312e-02	-1.724413855319594973e+02
5.457483690405861232e+00	4.961967752563333534e+01	-5.822237554695168342e-03	-1.734811520141274173e+02
5.462715250135157241e+00	4.907345518161234565e+01	5.318893551619331000e-02	-1.716005342845871553e+02
5.469033575551323523e+00	4.968418300745311456e+01	-6.692870299518023950e-04	-1.737347409246968368e+02
5.476177730420278778e+00	5.008950665454454310e+01	3.591946053187621349e-03	-1.751856739492435509e+02
5.482708935702562236e+00	5.259456598475404832e+01	-4.762460996766394727e-02	-1.839189341308047858e+02
5.487722405008360838e+00	5.319306966751792487e+01	7.748191257981684732e-02	-1.861188286161188330e+02
5.494194284996126498e+00	5.319705206171902745e+01	9.332904533175120920e-02	-1.861907574748314573e+02
5.501391471009256406e+00	5.307881503554676073e+01	3.608359739903797131e-02	-1.857311188815520495e+02
5.507128202673079009e+00	5.028594708141044833e+01	1.926797829318599442e-02	-1.759596283008397961e+02
5.512278020050448646e+00	5.209029184841847382e+01	-5.014924392333062336e-02	-1.822042981957603445e+02
5.519395563377015534e+00	5.689669363466666852e+01	4.309736917217160679e-02	-1.991353831100949208e+02
5.526598678609708770e+00	5.800447508174795530e+01	-4.053155927009646081e-02	-2.029377993750574376e+02
5.532162682462509196e+00	5.498385038440913775e+01	2.502405964033146968e-02	-1.924429606278530116e+02
5.537397124017139127e+00	5.649322999203938878e+01	2.658219976029956369e-02	-1.977331003270424503e+02
5.544582756485218589e+00	5.410876930760173309e+01	5.442781454110107164e-02	-1.894231632811779775e+02
5.551739327507637434e+00	6.272091832908665054e+01	1.494397840064488336e-01	-2.196658215099994038e+02
5.557493306674907707e+00	6.383727916714428119e+01	-2.011533529524928837e-02	-2.234047246009315586e+02
5.562281709102816940e+00	4.371889623385897039e+01	2.157901018534950574e-02	-1.530360489841659160e+02
5.569272720323164449e+00	6.457036904867970861e+01	-1.973989038994666823e-01	-2.257975865034923970e+02
