8.899641224696953554e-03	1.054727752526177028e+03	8.335343622896900797e+02	-2.172131466604274010e+03
1.507912216506557788e-02	1.865354216547272472e+03	1.779267089505072363e+03	1.507126945496280257e+02
2.144790186456836667e-02	2.274812239579930974e+03	1.609489758254694152e+03	-5.751519200504056926e+02
2.783660776489276650e-02	2.354672202061823100e+03	1.915193092728914962e+03	-7.728213356906516083e+02
3.435099785803411021e-02	2.671196455197733485e+03	2.582261464671036720e+03	4.134873180756593456e+02
4.047886761425745911e-02	2.586884603984177829e+03	3.026833848578724428e+03	5.163071950027372026e+01
4.676716683575679601e-02	2.230074726196876782e+03	2.126841131637239414e+03	2.245465873836764104e+02
5.308225101765951665e-02	2.089409905025487660e+03	2.060227697112179612e+03	-5.952748540656769194e+01
5.945362440940590160e-02	2.050010198108603618e+03	1.845017579813493739e+03	-2.987355286674032868e+02
6.576224814588792211e-02	2.014744596338196970e+03	1.988192694688379333e+03	2.596422235685393503e+02
7.196632906698736953e-02	1.884410428994890708e+03	1.780878830497259969e+03	2.128190920208970169e+02
7.827860915688347743e-02	1.657463588042011679e+03	1.357412854076951589e+03	1.713247951101893705e+02
8.470398945834539672e-02	1.665608792148051407e+03	1.588497313617340296e+03	9.342065410021997707e+01
9.096854620527369817e-02	1.439431344522813106e+03	1.304805448512651310e+03	1.294849928436493514e+01
9.720789776830213169e-02	1.497305376835631478e+03	1.503390522344878491e+03	4.599981758346102367e+01
1.034763038959366499e-01	1.343308444397411449e+03	1.280230816652664316e+03	2.212807077663210293e+02
1.097576444254559219e-01	1.256444222701442186e+03	1.163279764059435365e+03	-5.598706011580765107e+01
1.160543084780093354e-01	1.250493075841344307e+03	1.275109316483085649e+03	2.377631844827411101e+02
1.223669666537485351e-01	1.111711383709462780e+03	1.040463559093151616e+03	3.957765423842030827e+01
1.286817263090294094e-01	1.063947020056219571e+03	9.166081550262922519e+02	1.244667355858607607e+02
1.349500801664080818e-01	1.037844872463256934e+03	9.838318650404687560e+02	1.768531662579588044e+02
1.411949558842147678e-01	9.974852552466509223e+02	8.544386260470666912e+02	4.443111492272505103e+01
1.475133575747468451e-01	9.549228928194253285e+02	9.093542834704310280e+02	1.184021841298450823e+02
1.537865074252268427e-01	8.965266856298247831e+02	8.256364875357708115e+02	1.144264279596538643e+02
1.600657544051110326e-01	8.536536884653794459e+02	7.543843496181735873e+02	9.478163646024611921e+01
1.663991168687080635e-01	8.077007187330732449e+02	6.904858648946469657e+02	1.162143798805257973e+02
1.727195645776442856e-01	7.553247583365316586e+02	6.149628936995845834e+02	1.839276647038643020e+01
1.789765213377084718e-01	7.068923480911953448e+02	6.155870820988401420e+02	1.282756304941020744e+02
1.852353690647852158e-01	6.604319949509206253e+02	5.609070646647478497e+02	7.768473330918877195e+01
1.914806787341157279e-01	6.300865175391536468e+02	5.426374639045862978e+02	1.017222483971784328e+02
1.977889868651535599e-01	6.106678220119995331e+02	4.743687741610996795e+02	3.739948518008822731e+01
2.040937735447724277e-01	5.774680723753092479e+02	4.710253576319181548e+02	7.270277989344572234e+01
2.103939302609846018e-01	5.603267444405568085e+02	4.495826681801142399e+02	4.579656885658339149e+01
2.166909709822301688e-01	5.429279040327764960e+02	4.341977897892637657e+02	1.117133490953701092e+01
2.229700281216152047e-01	5.160317018843749111e+02	4.215818436276674106e+02	4.996629803661080160e+01
2.292620027086341994e-01	5.090775234715567308e+02	3.986032647321595164e+02	4.078686171067037236e+01
2.355141508366812297e-01	4.769686046724277730e+02	3.630717747597155380e+02	3.096467094795377406e+01
2.417910583817859116e-01	4.509679427515566204e+02	3.430261881728846447e+02	7.460885687759981977e+01
2.480856539439619257e-01	4.332211108414233536e+02	3.363484568693552319e+02	6.882006190871912565e+01
2.543492256872954549e-01	4.171277317351309648e+02	3.230358301406581063e+02	7.154755029103219499e+01
2.606334251884805386e-01	3.987773906799652650e+02	2.916542856750292572e+02	5.642259443474191016e+01
2.669257370896960802e-01	3.822145675255485457e+02	2.901976759046694383e+02	5.470176972934358162e+01
2.732423343141155980e-01	3.646742708676471807e+02	2.649056398212023851e+02	4.454594517255963382e+01
2.795529680084415936e-01	3.564986651349973386e+02	2.585681852728376953e+02	4.301104333241126199e+01
2.858366292314493129e-01	3.464958279228142715e+02	2.430314269535721792e+02	5.157027767466013302e+01
2.920876271394311496e-01	3.360814052706489292e+02	2.288969721867524356e+02	5.425759673089667956e+01
2.983449844439822751e-01	3.233162475267602645e+02	2.189865176921752266e+02	4.499111596791347267e+01
3.046382639407197446e-01	3.153569092368996962e+02	2.264904736552223028e+02	4.425133318564404306e+01
3.109279127003197196e-01	3.002279794867865235e+02	2.118029677078829991e+02	4.126860913811061948e+01
3.172168171618398036e-01	2.880721254456772726e+02	2.014543142683461099e+02	7.831649964624769211e+01
3.235187567944423082e-01	2.819049527325471445e+02	1.819421852974285230e+02	4.045881352494922822e+01
3.298168217550395687e-01	2.709329689786463291e+02	1.729219104808343559e+02	4.440171044335943407e+01
3.361176429457156667e-01	2.593154592067752446e+02	1.628013642564029055e+02	4.167241581759873270e+01
3.423700375709273769e-01	2.522019570713174801e+02	1.651158210546267071e+02	3.582969011680707894e+01
3.486478192666269682e-01	2.432682068593327642e+02	1.541445803065323901e+02	3.623928718935778193e+01
3.549411614411318028e-01	2.358465250528995796e+02	1.434090936159703062e+02	4.057893975436030587e+01
3.611916935421040642e-01	2.274057274947323037e+02	1.363969051962603203e+02	3.605654364755125840e+01
3.674767089563572564e-01	2.192006235113651655e+02	1.258977720180808717e+02	3.404939624434981482e+01
3.737647795277591056e-01	2.156662646021396483e+02	1.302336510754037704e+02	3.774535853866915858e+01
3.800654031475132477e-01	2.078536607907051632e+02	1.166186641773384167e+02	2.749021643689571803e+01
3.863539861259823738e-01	2.010643950066522621e+02	1.142197838163032344e+02	3.820576664117757559e+01
3.926140181364449755e-01	1.942354004078730725e+02	1.055043020527857180e+02	3.780891734735401855e+01
3.989264500321934581e-01	1.897298799911756930e+02	1.026334908559561967e+02	3.724069517990466238e+01
4.052073244576828714e-01	1.831684223571498649e+02	9.856199063724102416e+01	3.240061111281102058e+01
4.114916477570477182e-01	1.775184031541753882e+02	9.361054096727207252e+01	3.246724680853844092e+01
4.177814272116491257e-01	1.726128135543918916e+02	8.884735030312084803e+01	3.386188308353795406e+01
4.240400648725131116e-01	1.683514409682621817e+02	8.425318214450710741e+01	3.526385311975283088e+01
4.303425690270192283e-01	1.634847542750338789e+02	7.967029342396517677e+01	3.791144941349435271e+01
4.366358560255625965e-01	1.588015980850266828e+02	7.627429389974810192e+01	2.965152086722535429e+01
4.428996183220763605e-01	1.542949706782343640e+02	6.852725383734100717e+01	3.151109930319108088e+01
4.491634418529859563e-01	1.487361837771993294e+02	6.879483293957606804e+01	2.554481528843329841e+01
4.554414146254732731e-01	1.464442049218826867e+02	6.677406864074887949e+01	3.330556848803244208e+01
4.617634470301058558e-01	1.419237708196787082e+02	6.184534436314996952e+01	2.987666885436316733e+01
4.680644242023710433e-01	1.383412103079502344e+02	5.862332465450080576e+01	3.423407905044217614e+01
4.743485242764365895e-01	1.342153643814442603e+02	5.619226540836694284e+01	2.930326238881602308e+01
4.806356136815400082e-01	1.299433710736018099e+02	5.314800157915114198e+01	3.164230615221537946e+01
4.869019258388697646e-01	1.269657127594821873e+02	5.110306427747540425e+01	3.040781195298809791e+01
4.931697099599955947e-01	1.245697385874338465e+02	4.893591614386332367e+01	2.567051407262958662e+01
4.994506747144535908e-01	1.225302703080743498e+02	4.772923789145102091e+01	3.147847538391856403e+01
5.057159051335421429e-01	1.174596314419425909e+02	4.586400117722985925e+01	3.280769757059103853e+01
5.119923996268095356e-01	1.148199521207530722e+02	4.110167339140860321e+01	3.022095627142637042e+01
5.183126097768406826e-01	1.119832340705217177e+02	3.923439759242022262e+01	3.038772373094301216e+01
5.246089638029100000e-01	1.096236951630573913e+02	3.635088716756128235e+01	2.559685040682424173e+01
5.308757308483337267e-01	1.059598623595270368e+02	3.237706628685412369e+01	2.566883961408155912e+01
5.371573527946726934e-01	1.037101497555223517e+02	3.318888119061323749e+01	2.879055708861902474e+01
5.434579563783791256e-01	1.009866410179794656e+02	3.371656297290217452e+01	2.924403563748193235e+01
5.497430652392217842e-01	9.818551446588880083e+01	2.969001762856754567e+01	2.828690337539137190e+01
5.559937427501778773e-01	9.584530989281162761e+01	2.871015391885460133e+01	2.826753331768706801e+01
5.622854676609657654e-01	9.367077870728166999e+01	2.465696857156106248e+01	2.570262510108712561e+01
5.686011537227265711e-01	9.131671324261584743e+01	2.512589620504951782e+01	2.646006010479763049e+01
5.748804589422079614e-01	8.970521773629630502e+01	2.314416287589532928e+01	2.860297690889958133e+01
5.811550210340560296e-01	8.768689311114019347e+01	2.230290545393761192e+01	2.871582459768614726e+01
5.874394496660968468e-01	8.565371514919631579e+01	1.980535024892490270e+01	2.840923743013917502e+01
5.937176220296899176e-01	8.333753869022679339e+01	1.837296346747368858e+01	2.579012727801170612e+01
5.999971954793682505e-01	8.100029209418006815e+01	1.679039998820821822e+01	2.410384654308617058e+01
6.062679115124277596e-01	8.017425476763622783e+01	1.570236087881907316e+01	2.639924810792027898e+01
6.125469576444534381e-01	7.781286108845257843e+01	1.292091646719038067e+01	2.428435193474383169e+01
6.188477733041515272e-01	7.661070231395528651e+01	1.432986746241612863e+01	2.468443966828192515e+01
6.251310567437898813e-01	7.448900458854627971e+01	1.334305350577765026e+01	2.562376929966300665e+01
6.314027450383210560e-01	7.319747298785347311e+01	1.071473061555230011e+01	2.486732541324900581e+01
6.377003562732055375e-01	7.174790293991411261e+01	9.852942378385614930e+00	2.432039663464299295e+01
6.439857783314556494e-01	6.992812439696211868e+01	8.793961439673296354e+00	2.414209249867650087e+01
6.502685417166111925e-01	6.788389517899720715e+01	8.687582222559891321e+00	2.470739090064403598e+01
6.565586117699038216e-01	6.666806568904512176e+01	7.188925788424975316e+00	2.394631024012385723e+01
6.628369282359254377e-01	6.536755070433146386e+01	6.815779848735910917e+00	2.253208534907896166e+01
6.691185444962194362e-01	6.409076260096506417e+01	4.762814788063764126e+00	2.372795537798191745e+01
6.754070198575605755e-01	6.255449924724313604e+01	4.934139990402930387e+00	2.363971571743172007e+01
6.816835514593204692e-01	6.125980911596811751e+01	4.605492394674588930e+00	2.493956851554162313e+01
6.879592533861698112e-01	5.987564978089875467e+01	3.881741479328842281e+00	2.366328102308764159e+01
6.942344317039531587e-01	5.934135537156063833e+01	2.736923197251793116e+00	2.375216033212859656e+01
7.005175402434737908e-01	5.787703792266762548e+01	1.592624696748157431e+00	2.276601901533165417e+01
7.068124956608716758e-01	5.668028960443239583e+01	1.345475887687830108e+00	2.262902930465834217e+01
7.131019009674921527e-01	5.572205820350170313e+01	7.490663628121131401e-01	2.292675447953480372e+01
7.193918251171427247e-01	5.439768041394179221e+01	6.268751318974018494e-01	2.333310117236641901e+01
7.256833807598113140e-01	5.347947722200886034e+01	1.105207215507331836e-01	2.289181701425083304e+01
7.319652682709349989e-01	5.211573673090057923e+01	-1.474895392311431852e+00	2.121716270015224381e+01
7.382507990484923344e-01	5.124092028948471267e+01	-1.264941994807429415e+00	2.180911838417385340e+01
7.445265842115937893e-01	5.021054320364086720e+01	-1.542424734095618755e+00	2.147144239393798060e+01
7.507871101942712455e-01	4.916362512104306859e+01	-3.126974370627718880e+00	2.223950209341143136e+01
7.570758465316046459e-01	4.877360167764920362e+01	-1.809266298448479526e+00	2.164093963513305141e+01
7.633641233600957365e-01	4.729156918944745058e+01	-3.500511121343943266e+00	2.007973212005801145e+01
7.696462959862266917e-01	4.673519805379299896e+01	-3.095604855632545949e+00	2.106977238172532552e+01
7.759394865175414102e-01	4.597377719154241760e+01	-4.039025243023893097e+00	2.143986206342291467e+01
7.822329141989586843e-01	4.459046107532560654e+01	-3.894463097252401695e+00	2.053673204288189069e+01
7.885314936520240181e-01	4.420755993205296619e+01	-5.030831806203119427e+00	2.097776943329943222e+01
7.947896566979522071e-01	4.330868601778592364e+01	-4.538185997730824539e+00	2.068207489026757173e+01
8.010491096592354809e-01	4.261248914251296327e+01	-4.191767277251377877e+00	1.995945519954384650e+01
8.073364061727361651e-01	4.192835977482376109e+01	-4.440372097577540700e+00	1.956298493503557268e+01
8.136229488373866170e-01	4.112831899945567926e+01	-5.187883206607271980e+00	2.065148997135843345e+01
8.199152998961036776e-01	4.067295857603947695e+01	-5.909853181508527342e+00	2.139699106279221041e+01
8.261952636392789762e-01	3.966027678164741133e+01	-6.084858288607685850e+00	1.959133959255616375e+01
8.324897070080405914e-01	3.908987899112092634e+01	-6.084030535967727360e+00	2.110838261069198651e+01
8.387959309210778480e-01	3.814195957041125951e+01	-6.395130107893892024e+00	1.926242003663156765e+01
8.450634639703045181e-01	3.767948235836324500e+01	-6.389986568570812153e+00	1.956268349071262236e+01
8.513282867562648182e-01	3.711160165062994309e+01	-6.747966059519355575e+00	1.908715784362135892e+01
8.576198263902009566e-01	3.650037869983804484e+01	-7.214295804016554570e+00	1.978790876211352767e+01
8.639058477062415697e-01	3.602529522127216666e+01	-7.572806187170479042e+00	1.987211687107401303e+01
8.701838745487597837e-01	3.525274083843333273e+01	-6.609282439482739413e+00	1.923819764858060211e+01
8.764641096075268534e-01	3.490368058064586165e+01	-7.306700778368599991e+00	1.954655343547268131e+01
8.827503873399735745e-01	3.411441816298322038e+01	-7.397013516752131146e+00	1.886389301544562258e+01
8.890332768393869323e-01	3.370736845609604870e+01	-7.502872855493398774e+00	1.930701278382879238e+01
8.953084247113127780e-01	3.309827138944547897e+01	-7.903673587084260710e+00	1.914132581266341759e+01
9.015956521667095602e-01	3.256101850499634054e+01	-7.765272711246231196e+00	1.878190648637762905e+01
9.078833328094829680e-01	3.202762458572187398e+01	-7.893014865427271154e+00	1.834369059785251110e+01
9.141744106319863450e-01	3.158341766791692251e+01	-8.099176969311269403e+00	1.881861671350226572e+01
9.204630817717615043e-01	3.120987724326177215e+01	-8.531475000843812495e+00	1.866180102850224642e+01
9.267434415264711456e-01	3.044510490648448808e+01	-8.167318188897406017e+00	1.856753286900269728e+01
9.330324197354928906e-01	3.018439398465818968e+01	-8.444088158687787171e+00	1.871412823541945158e+01
9.393265785573878812e-01	2.960869815298990204e+01	-8.312131365437499753e+00	1.763249635550657501e+01
9.455974810398196650e-01	2.929768227458421492e+01	-8.374713227997807152e+00	1.811824466347069773e+01
9.518660018545171964e-01	2.867860491193330930e+01	-8.221916585779261766e+00	1.796871199479861403e+01
9.581413255531838757e-01	2.843665545774554460e+01	-8.605898326078815330e+00	1.815058309241204881e+01
9.644350945109106954e-01	2.799372176380775912e+01	-8.781949315065485706e+00	1.794050468821988886e+01
9.707355633568249820e-01	2.759662244569097567e+01	-8.760182270127350179e+00	1.782893352847020552e+01
9.770080768450029041e-01	2.719951068398285088e+01	-8.626616222844118553e+00	1.763924719591428669e+01
9.832823325363413414e-01	2.677496724248623394e+01	-8.569581131221443826e+00	1.728632405554830953e+01
9.895569691966674686e-01	2.648063539556331136e+01	-8.901746807480773072e+00	1.754468272123570571e+01
9.958456301921106979e-01	2.604581441939037845e+01	-8.639536663965737162e+00	1.757537665767956625e+01
1.002136210743837408e+00	2.573971890003436158e+01	-8.630868539758356661e+00	1.757792676382691255e+01
1.008404825335135424e+00	2.552845395996657984e+01	-9.130459270912085756e+00	1.764971807006520166e+01
1.014694149836243398e+00	2.509020023971812208e+01	-8.727697639181409173e+00	1.742938596563585207e+01
1.020992555437297167e+00	2.482859935378886362e+01	-9.181203429267238647e+00	1.747525729675082928e+01
1.027273980437394485e+00	2.439315050371649107e+01	-8.725301920505499353e+00	1.714731951610977845e+01
1.033559181896017254e+00	2.393009677159129112e+01	-8.631317801493530339e+00	1.696770443338681744e+01
1.039847557392594934e+00	2.376353293965814117e+01	-8.870356566360166894e+00	1.683843842717109496e+01
1.046126974943305088e+00	2.343700358669901007e+01	-8.937573954739800541e+00	1.674111947011602908e+01
1.052403436811028659e+00	2.317804869269658141e+01	-8.647409322861069114e+00	1.676691729692937116e+01
1.058680704651608684e+00	2.289535592214121351e+01	-8.626897478059124325e+00	1.677061255087214775e+01
1.064964333065789193e+00	2.258627467473005268e+01	-8.561480460691454297e+00	1.667266791800539849e+01
1.071256777440835473e+00	2.223201045689501854e+01	-8.553881128260869104e+00	1.631178654958255336e+01
1.077544048801078125e+00	2.197690176717232902e+01	-8.223255854449851299e+00	1.636345710597365155e+01
1.083824820188043603e+00	2.180453882216524519e+01	-8.562864982611358755e+00	1.634584031695739625e+01
1.090108023942816695e+00	2.159603182446450731e+01	-8.354978654604376942e+00	1.698768342480588700e+01
1.096389665956643222e+00	2.117462763924446989e+01	-8.380808745735011556e+00	1.627306808160497908e+01
1.102681132058841440e+00	2.097156409176862368e+01	-8.416153255189330551e+00	1.602833098594978978e+01
1.108963047594879958e+00	2.081613132073322348e+01	-8.407200103500940713e+00	1.613983135848908290e+01
1.115225428463759272e+00	2.056881970080392819e+01	-8.345306798280823557e+00	1.608250570547970426e+01
1.121502127614767863e+00	2.030932159314107466e+01	-8.522670968967334559e+00	1.604478240365425279e+01
1.127792573824792033e+00	2.006974026548953915e+01	-8.360112935272693946e+00	1.611689676359441847e+01
1.134089552668382961e+00	1.981158594130551265e+01	-8.327967833411946685e+00	1.588020421356406686e+01
1.140364049650405942e+00	1.952851283726565512e+01	-8.115991051782598831e+00	1.572288195138066591e+01
1.146639180320979445e+00	1.947213554294104298e+01	-8.142862115739285755e+00	1.613636355552447199e+01
1.152942412991649901e+00	1.915571544900073420e+01	-7.872073218325597033e+00	1.568272693695849185e+01
1.159228906751078814e+00	1.896027323167616530e+01	-7.881928956005998188e+00	1.562397753824950541e+01
1.165508721887268173e+00	1.884998534170260598e+01	-8.130094792572622353e+00	1.576986444305426538e+01
1.171793076256210320e+00	1.860987116501899052e+01	-7.876754073930890776e+00	1.570388441690529113e+01
1.178087436369658958e+00	1.830740827252002134e+01	-7.794425339130743424e+00	1.566504030206740161e+01
1.184367654251526902e+00	1.816888007423872864e+01	-7.753179904367144104e+00	1.552580756802379192e+01
1.190634642299266632e+00	1.794965925417000818e+01	-7.643276415272218571e+00	1.541132089256930726e+01
1.196912208834400859e+00	1.786813149945564660e+01	-7.487050462676418938e+00	1.535881947731643038e+01
1.203201577354146234e+00	1.766466085120270080e+01	-7.512110743379560418e+00	1.527023603829894860e+01
1.209486844441705733e+00	1.754976744206913253e+01	-7.612260177069981815e+00	1.556733772631473656e+01
1.215763902074809888e+00	1.727069137466990512e+01	-7.460277935323837539e+00	1.501142530487972593e+01
1.222049755171146668e+00	1.714672679168205249e+01	-7.392409395500532554e+00	1.501954371856237636e+01
1.228340616621486969e+00	1.698848650459839149e+01	-7.138351277993308486e+00	1.507320448562057891e+01
1.234632986576932767e+00	1.674080353280909250e+01	-7.133565818400340319e+00	1.502922857808320956e+01
1.240902247176856488e+00	1.668042019165572398e+01	-7.246169168271570094e+00	1.512482370409653321e+01
1.247174839144687519e+00	1.647838128459144613e+01	-7.136033187022738922e+00	1.482301550560567627e+01
1.253465459933442272e+00	1.635260637289222885e+01	-7.024944807345938180e+00	1.492597635123540911e+01
1.259749951892178421e+00	1.625676013342318882e+01	-7.042873757087852127e+00	1.477311044107374727e+01
1.266032143127253873e+00	1.603019367628788316e+01	-6.918478016581270928e+00	1.470853486210897820e+01
1.272316288472006507e+00	1.588363498040956578e+01	-6.851860654270130802e+00	1.462426366276509171e+01
1.278604155058621350e+00	1.578569544025432592e+01	-6.834721652151346305e+00	1.460877278147730074e+01
1.284886588933593865e+00	1.560444560502536859e+01	-6.801420114704200159e+00	1.449753827139963747e+01
1.291175420066583257e+00	1.547832842798926833e+01	-6.790493118818959672e+00	1.448246074581707887e+01
1.297465726373772332e+00	1.536032607381841686e+01	-6.715394127968485449e+00	1.440612919849260010e+01
1.303741827011944299e+00	1.519869750313141843e+01	-6.385342949928414669e+00	1.431906949305800403e+01
1.310017322922761851e+00	1.518651064348349422e+01	-6.551177708417922574e+00	1.455768659983509217e+01
1.316301447662886703e+00	1.498070099648469089e+01	-6.417773309746636734e+00	1.430576789936499083e+01
1.322586760363303249e+00	1.494484250122862434e+01	-6.480384793576096314e+00	1.429361781571878431e+01
1.328865492452874664e+00	1.479919249266721692e+01	-6.301446875999104691e+00	1.422690755878807245e+01
1.335144804954555564e+00	1.466813296941190892e+01	-6.260155523544399969e+00	1.436133199990399056e+01
1.341440516272275119e+00	1.462153722069898265e+01	-6.289043937088143466e+00	1.434343525524357688e+01
1.347730868417094552e+00	1.440946463113645493e+01	-6.042602582004272804e+00	1.416228663756919737e+01
1.354001589994877630e+00	1.435376302520547753e+01	-6.203540771868024883e+00	1.424466501059531964e+01
1.360282609297778444e+00	1.418576916527531218e+01	-6.051835434237488265e+00	1.414551648660668981e+01
1.366565686457597906e+00	1.414960308009107770e+01	-5.939552888819457088e+00	1.416887026628684154e+01
1.372851498482432708e+00	1.403379790124400905e+01	-5.982932496792815691e+00	1.399777698007799032e+01
1.379135372929401804e+00	1.394777354170984474e+01	-5.897628464873291954e+00	1.388727841962589693e+01
1.385409567149057164e+00	1.388670675450919667e+01	-5.945151011211851078e+00	1.390933096793227719e+01
1.391698641219299315e+00	1.373880456331450794e+01	-5.862330263955813692e+00	1.371500652656996166e+01
1.397984451439470810e+00	1.370434592103979199e+01	-5.890295839644448250e+00	1.396659649684697868e+01
1.404267883409181961e+00	1.353114366675109892e+01	-5.673907535651983025e+00	1.354885284981209104e+01
1.410554779484869181e+00	1.343274758539681280e+01	-5.559528144778340675e+00	1.357614502582959126e+01
1.416837833547465397e+00	1.339600453056732476e+01	-5.532191455616916720e+00	1.372796004960152594e+01
1.423118177187137068e+00	1.330057967390949969e+01	-5.530163599352939663e+00	1.363240022577327792e+01
1.429397801164240089e+00	1.323474957049925749e+01	-5.464251976537702227e+00	1.364374816571558569e+01
1.435686921822787232e+00	1.313172888615186373e+01	-5.393077387067656048e+00	1.358369037436935400e+01
1.441977121769299597e+00	1.307900989551029092e+01	-5.354150057421239062e+00	1.355084984109472757e+01
1.448253667853332427e+00	1.303620429754857568e+01	-5.408474216462860973e+00	1.372288907606958652e+01
1.454532348972172651e+00	1.285073459824433328e+01	-5.167250969262228821e+00	1.324579346744929254e+01
1.460819319151879903e+00	1.284247052176972659e+01	-5.279992586107238317e+00	1.330885222530854506e+01
1.467110364402026468e+00	1.276940240640779045e+01	-5.198619787957148297e+00	1.332457103413101329e+01
1.473392908948962132e+00	1.268286601670527247e+01	-5.218003205717690385e+00	1.343060004740124747e+01
1.479669965243598950e+00	1.260062655042330704e+01	-5.067842489797477867e+00	1.323003829208155580e+01
1.485956144602843532e+00	1.254017721043180167e+01	-5.021519951399706194e+00	1.322631492852160129e+01
1.492233610763115115e+00	1.248579070736970742e+01	-5.070210430753942177e+00	1.314626031908058401e+01
1.498502470379980078e+00	1.241663902598222080e+01	-4.966436055098473190e+00	1.319416998709755440e+01
1.504785752051182701e+00	1.240277563829340401e+01	-4.968584955943258663e+00	1.314684132938607419e+01
1.511075991894575976e+00	1.225163873660375380e+01	-4.875233600407776535e+00	1.292636806652642179e+01
1.517361634985162189e+00	1.225799342408411619e+01	-5.053371639477941990e+00	1.306501421082659320e+01
1.523648570969130533e+00	1.220884619310913166e+01	-4.957721371114966580e+00	1.309995013509275807e+01
1.529938035715892264e+00	1.213321553266531261e+01	-4.757609790433313890e+00	1.291064146500237264e+01
1.536230176913891965e+00	1.205197374754559725e+01	-4.831347305450610641e+00	1.288934493175076135e+01
1.542510718779388279e+00	1.198460938429365008e+01	-4.822017989621050660e+00	1.281937196845218097e+01
1.548783963082980275e+00	1.198807405376435042e+01	-4.824367656367678059e+00	1.298576013125384598e+01
1.555073069779651318e+00	1.191539097357811272e+01	-4.738646658376984178e+00	1.282088573984140112e+01
1.561357324927233892e+00	1.184117415907485871e+01	-4.680690567699683946e+00	1.271823774730106926e+01
1.567629121053141006e+00	1.180485368131958523e+01	-4.715047336781482024e+00	1.270135413894618281e+01
1.573913697404382583e+00	1.176374915009989408e+01	-4.724668108255700716e+00	1.267979341939655846e+01
1.580203545230874029e+00	1.173514947853290025e+01	-4.695338481294573540e+00	1.266998511407389039e+01
1.586485393434537983e+00	1.166320435753658025e+01	-4.583145398725913644e+00	1.265715919178915705e+01
1.592760014263005841e+00	1.160612703408560620e+01	-4.681796646472968781e+00	1.261278299216036025e+01
1.599046436394670812e+00	1.155537795257543543e+01	-4.491060865604294960e+00	1.256327281967159060e+01
1.605342136637478934e+00	1.156608279015183349e+01	-4.625004999739176448e+00	1.267289322608960411e+01
1.611619860919608627e+00	1.148470857899962994e+01	-4.574753536624752037e+00	1.249898058407184109e+01
1.617897597081673799e+00	1.144423465696937470e+01	-4.465140740723867019e+00	1.245119522112356414e+01
1.624183235481122756e+00	1.140524069033065580e+01	-4.461266598027130215e+00	1.236678748762893676e+01
1.630464598531913722e+00	1.136111513279723262e+01	-4.551722688435088315e+00	1.240402967402195245e+01
1.636748985747638274e+00	1.137158220813356380e+01	-4.422419982976928843e+00	1.245092629666236661e+01
1.643030923698886259e+00	1.129812225215561128e+01	-4.495337476568894708e+00	1.236535479022644601e+01
1.649309176648513064e+00	1.127772294426854138e+01	-4.451920023595481446e+00	1.242090846678621752e+01
1.655593633940351861e+00	1.120477395915698438e+01	-4.408006080143247907e+00	1.213172089768257855e+01
1.661879571405086464e+00	1.119253042871095261e+01	-4.446896571640940543e+00	1.216694118144612879e+01
1.668169361685170271e+00	1.117776808752535445e+01	-4.446095279317380466e+00	1.221573872614278322e+01
1.674450151530487485e+00	1.116826142686550227e+01	-4.501703912605865554e+00	1.228808885436369636e+01
1.680722718978495900e+00	1.108691298626326294e+01	-4.417088350285959919e+00	1.221377001301332044e+01
1.687013891340952476e+00	1.102870133187052737e+01	-4.307978949237578625e+00	1.208435439902617325e+01
1.693308984907921033e+00	1.104733745068433137e+01	-4.428371909318689070e+00	1.216650256617859860e+01
1.699582147428448486e+00	1.098587761447725342e+01	-4.312149020172792113e+00	1.207651983923964778e+01
1.705863747055134105e+00	1.096882215386459336e+01	-4.362982259779720984e+00	1.203658757860628725e+01
1.712154434283889470e+00	1.095030840744411726e+01	-4.353251917493343726e+00	1.194290376735216164e+01
1.718438381579399321e+00	1.090797153382501961e+01	-4.326562037823393325e+00	1.187474830781688517e+01
1.724721264464063930e+00	1.092056223352362920e+01	-4.347014312900119748e+00	1.205363111376120244e+01
1.730997441276920679e+00	1.087338304612748452e+01	-4.398163910988756697e+00	1.186155502194165123e+01
1.737287073528269499e+00	1.086154628943904221e+01	-4.353344544751639233e+00	1.191779012996218157e+01
1.743567991878527401e+00	1.079723175974136851e+01	-4.266060056950871981e+00	1.182949420835961796e+01
1.749840680212231048e+00	1.076665358772876502e+01	-4.286279457798054082e+00	1.178380862702790566e+01
1.756128549091961144e+00	1.079915330150813446e+01	-4.408290146085934502e+00	1.177905048183798087e+01
1.762413535324792502e+00	1.076049540144258465e+01	-4.367335690655563596e+00	1.168542439728002158e+01
1.768696187669963837e+00	1.074165063774782958e+01	-4.421932222249920663e+00	1.178213557118042942e+01
1.774979359379055266e+00	1.073054568814008647e+01	-4.322657648016166476e+00	1.167359917502439792e+01
1.781265555576432957e+00	1.073003668748499173e+01	-4.413704315807716938e+00	1.169015751561037852e+01
1.787549427830244619e+00	1.067616967434195807e+01	-4.362234760216937346e+00	1.166096872643863946e+01
1.793834120011633004e+00	1.068956617906503404e+01	-4.396713437180423512e+00	1.157675441246534653e+01
1.800115051552487300e+00	1.066242994532593968e+01	-4.447996327184444709e+00	1.160463550235809294e+01
1.806393904854530330e+00	1.062679979162355792e+01	-4.419899903817833930e+00	1.153916518993828433e+01
1.812674089667083432e+00	1.062587566064926392e+01	-4.359377173723392396e+00	1.145468131009253909e+01
1.818956920109354058e+00	1.057529719615754438e+01	-4.345871982916940546e+00	1.140069146899980446e+01
1.825244164118212220e+00	1.060802083910934357e+01	-4.435537289732691235e+00	1.156829400690756415e+01
1.831527256642196955e+00	1.057427839787393253e+01	-4.426775613224402939e+00	1.143985574602594291e+01
1.837811294935716599e+00	1.057146147113865631e+01	-4.357293032769874230e+00	1.145643936367199345e+01
1.844100717411196744e+00	1.053074392820733962e+01	-4.458961899323809597e+00	1.137094372689590571e+01
1.850384816792487230e+00	1.054799500454215178e+01	-4.452448606309082457e+00	1.136374469978628632e+01
1.856666059735203822e+00	1.049706077546258598e+01	-4.352694158993380746e+00	1.127746807799622353e+01
1.862947728675613979e+00	1.051997155295107689e+01	-4.504926836282605151e+00	1.135051184890025056e+01
1.869229324466858078e+00	1.051145498219507957e+01	-4.506503140851457978e+00	1.129021859620326218e+01
1.875517616802973686e+00	1.048754066716289479e+01	-4.456612792911426091e+00	1.125345682500769939e+01
1.881800769033795229e+00	1.046735443008942923e+01	-4.427525018992315431e+00	1.113226538351048234e+01
1.888078863416442710e+00	1.047992857758147522e+01	-4.472041191743265642e+00	1.124318131645927288e+01
1.894353975182237582e+00	1.044802047353057972e+01	-4.447615427999878968e+00	1.113386272745132821e+01
1.900642716154182565e+00	1.045990591128064828e+01	-4.495335459905077435e+00	1.116468553977337663e+01
1.906933494748685121e+00	1.046629802783591145e+01	-4.566656469952530273e+00	1.118282057007487040e+01
1.913207568676573933e+00	1.045640852137179344e+01	-4.546428431685714422e+00	1.107365500306927331e+01
1.919490884732178992e+00	1.044890452266073488e+01	-4.640326171735813965e+00	1.113423350262407752e+01
1.925776855684274480e+00	1.041154477666620082e+01	-4.532278401796231648e+00	1.109210326622331522e+01
1.932064452961978152e+00	1.042524176673126135e+01	-4.664754807168497663e+00	1.105054739162095956e+01
1.938342610030488800e+00	1.039737452576611076e+01	-4.586140140685021294e+00	1.107453775876856916e+01
1.944618341543410178e+00	1.043317505362383990e+01	-4.599200160423862371e+00	1.108910138201753881e+01
1.950906260203513876e+00	1.039258418478501866e+01	-4.565804079878565958e+00	1.099709198505439467e+01
1.957194556613796488e+00	1.039410369421037039e+01	-4.602748318560254681e+00	1.099305668055935925e+01
1.963479614559011432e+00	1.038007834447828159e+01	-4.664243969600737394e+00	1.088310163436119460e+01
1.969760361532916226e+00	1.042791808482424543e+01	-4.740670228644649598e+00	1.106557153180996877e+01
1.976048367034604736e+00	1.038626131225345972e+01	-4.665173014074385449e+00	1.088495024579085424e+01
1.982337990217652335e+00	1.037833837325174713e+01	-4.715717373008978086e+00	1.092832349140194559e+01
1.988617489259562721e+00	1.036828349797212745e+01	-4.698253817542318522e+00	1.085580469406941617e+01
1.994896320665194178e+00	1.038889788561481353e+01	-4.753607115307292297e+00	1.087719828287402102e+01
2.001179596222827151e+00	1.038781736453072924e+01	-4.747458485137435069e+00	1.083408576610271545e+01
2.007459756923499761e+00	1.036433509633490502e+01	-4.726852923260692840e+00	1.079668442625819935e+01
2.013737397779169935e+00	1.039751097695526028e+01	-4.715576082346440323e+00	1.079744292540822492e+01
2.020017234677497164e+00	1.036225441832072391e+01	-4.758608135817538276e+00	1.069287562900021449e+01
2.026310251015072783e+00	1.034996156573202697e+01	-4.751163903366676600e+00	1.070738835143063739e+01
2.032600542948020284e+00	1.036592289414885038e+01	-4.804872850167503096e+00	1.070584524183832542e+01
2.038873863192099289e+00	1.036773987551375775e+01	-4.819053515946480459e+00	1.069817808177230489e+01
2.045154087821675404e+00	1.032846206069584483e+01	-4.734020718913575898e+00	1.059305515293665678e+01
2.051444704514288730e+00	1.035650870892777853e+01	-4.802611170080723468e+00	1.060258930680197409e+01
2.057730430280644729e+00	1.035917590158126167e+01	-4.896583946780027397e+00	1.069541729154168053e+01
2.064013940455224461e+00	1.037157892765076639e+01	-4.893588431898544755e+00	1.063988508073538952e+01
2.070299891179459895e+00	1.032724298846557254e+01	-4.811303416356658147e+00	1.047166667717635136e+01
2.076589719964883951e+00	1.033241284219703360e+01	-4.892450126372683172e+00	1.048765655355595960e+01
2.082865483794470673e+00	1.036280045762512536e+01	-4.866571846184658767e+00	1.048470861521115971e+01
2.089134494859368640e+00	1.033988987070521404e+01	-4.823138568155025396e+00	1.045959577475401581e+01
2.095424211360070288e+00	1.035170287002333467e+01	-4.918995049312903767e+00	1.056130418225890111e+01
2.101707116664804254e+00	1.036934643917468790e+01	-4.907630267570839422e+00	1.047173894601625577e+01
2.107986473933564309e+00	1.037050384740039100e+01	-4.966379346468421829e+00	1.051345959588451073e+01
2.114271806543862375e+00	1.032846410182909302e+01	-4.917069207087716443e+00	1.032981629522010358e+01
2.120552717288892275e+00	1.037468082972174344e+01	-5.000006150648311554e+00	1.037026708001823749e+01
2.126836933207161717e+00	1.036335366835919736e+01	-4.925776959044871006e+00	1.038743444982052466e+01
2.133122044791171845e+00	1.036401226761516803e+01	-5.048320494480391218e+00	1.040472398198326154e+01
2.139411711910842673e+00	1.033584210962322736e+01	-4.994175325428418688e+00	1.031312933530124099e+01
2.145697076775292089e+00	1.035549439451529352e+01	-5.024536593502376469e+00	1.029139165988379290e+01
2.151973548606471276e+00	1.038057886057666579e+01	-5.112005281633634546e+00	1.039254338210873918e+01
2.158259913555724108e+00	1.035347038649380025e+01	-5.005041882269262388e+00	1.018267030441169751e+01
2.164545396699105506e+00	1.037910550308504298e+01	-5.011145479258667379e+00	1.029257946405591362e+01
2.170830700377734068e+00	1.039392621741511391e+01	-5.075838481421918402e+00	1.023268206938591973e+01
2.177114138849150393e+00	1.034872208320658693e+01	-5.034691175276369002e+00	1.019950068795479936e+01
2.183387647576827018e+00	1.034029407288036495e+01	-5.014631763189655089e+00	1.006420320121518941e+01
2.189670273687676971e+00	1.038359506841662672e+01	-5.035861147049407016e+00	1.016742013357948160e+01
2.195960147934207463e+00	1.034241755051123945e+01	-5.054518375566789068e+00	1.003002601685208894e+01
2.202242556317716371e+00	1.036873355529720442e+01	-5.073897016699625340e+00	1.009092493645469446e+01
2.208521655981037668e+00	1.038444621679465918e+01	-5.141624035846683149e+00	1.014235350954071357e+01
2.214804637081333016e+00	1.038618132711865449e+01	-5.114817170695364013e+00	1.008166966725182867e+01
2.221092583349425276e+00	1.040219419238130705e+01	-5.138364889116108891e+00	1.009283365378744612e+01
2.227372893591468728e+00	1.039804820788900663e+01	-5.090073754412889784e+00	9.956172127146940554e+00
2.233657161144248171e+00	1.039728036406711986e+01	-5.163289603194320065e+00	1.001902899766762900e+01
2.239943485394438660e+00	1.039964732075110554e+01	-5.094495674642770311e+00	9.953246199200815880e+00
2.246224175264620815e+00	1.039454970033253112e+01	-5.149599302669494172e+00	9.995502342515679928e+00
2.252506378421252009e+00	1.040800909134145691e+01	-5.157767888648471910e+00	9.967330693693996935e+00
2.258783417054270437e+00	1.040597387846771404e+01	-5.195255429917547296e+00	9.971731454721689758e+00
2.265069077371457684e+00	1.037848962852297774e+01	-5.142612383805344578e+00	9.815796861256670169e+00
2.271350377044131452e+00	1.041052816064839170e+01	-5.087501528336251688e+00	9.963954315697147734e+00
2.277633995145353918e+00	1.042747068672162492e+01	-5.122744543280364660e+00	9.838854417446391665e+00
2.283922419579920149e+00	1.039658884407645978e+01	-5.156385142352488238e+00	9.824991799922534241e+00
2.290202874392252674e+00	1.040691648764973465e+01	-5.177165810775477439e+00	9.847575616367699070e+00
2.296490779970905560e+00	1.044013018579204477e+01	-5.193590667763944069e+00	9.857870217841064431e+00
2.302771769934229162e+00	1.043542739221178728e+01	-5.188071081767451354e+00	9.823634904099344922e+00
2.309051364164305564e+00	1.044874721570836762e+01	-5.173189100624434822e+00	9.739834953941578277e+00
2.315338502539088239e+00	1.043098777712213732e+01	-5.122755379215553795e+00	9.673415353066019406e+00
2.321627336503874428e+00	1.042749804793650803e+01	-5.136162504582498123e+00	9.728130815239588003e+00
2.327911878297218795e+00	1.043040786751090288e+01	-5.229313609466768931e+00	9.664278250571806339e+00
2.334186238580297168e+00	1.042326569831341310e+01	-5.135590412805919769e+00	9.583262653548489496e+00
2.340467971862688401e+00	1.043321410581244990e+01	-5.184982817573874136e+00	9.565176477066302141e+00
2.346756940970738725e+00	1.044149301611486713e+01	-5.198833134584482707e+00	9.650048108181668027e+00
2.353044444556199988e+00	1.042450418360361475e+01	-5.127824363553224352e+00	9.579763853045417221e+00
2.359327653314069906e+00	1.045601149064948210e+01	-5.155390204404289634e+00	9.540658060672564389e+00
2.365603048789861607e+00	1.044178064910769876e+01	-5.192818159541598533e+00	9.459584132548643609e+00
2.371885911737665165e+00	1.044209631158460283e+01	-5.150704529006363330e+00	9.435322090509796311e+00
2.378173303594019572e+00	1.043379956451104285e+01	-5.124688637449129835e+00	9.408936805820966143e+00
2.384454016539381271e+00	1.048285379324614652e+01	-5.150732822972241998e+00	9.489498537205287576e+00
2.390736447344785187e+00	1.043395058818662768e+01	-5.113031224408283393e+00	9.350194262833005254e+00
2.397014133897952259e+00	1.043326703126165356e+01	-5.109008068923896140e+00	9.360868568259919087e+00
2.403295490074321972e+00	1.044443290833709526e+01	-5.047487929582149313e+00	9.307152665922659551e+00
2.409585049672506862e+00	1.047817461932450733e+01	-5.134358814227002910e+00	9.405369885819602871e+00
2.415871703165322071e+00	1.047048868770082919e+01	-5.184805288639237730e+00	9.280841844914428762e+00
2.422160652369088840e+00	1.050151157833064808e+01	-5.122400340514406736e+00	9.305207188280974151e+00
2.428440167222748691e+00	1.048395651567915010e+01	-5.150268003270073613e+00	9.300667358220815473e+00
2.434717472383889803e+00	1.046936230848345417e+01	-5.074143321838967324e+00	9.165268165956959479e+00
2.441002456202044257e+00	1.049232194888647562e+01	-5.143341447943359235e+00	9.297672782580761464e+00
2.447289980304530488e+00	1.048592162165452457e+01	-5.123937258698044062e+00	9.173767446121905422e+00
2.453571844729242279e+00	1.049725852310942287e+01	-5.132193760602628885e+00	9.200770047881599467e+00
2.459852705114058846e+00	1.050443521497111909e+01	-5.092201529362490042e+00	9.173555046367875221e+00
2.466139233225018934e+00	1.048682458611465762e+01	-5.079522010936208254e+00	9.177981764768130546e+00
2.472421963421291391e+00	1.048828111388259998e+01	-5.048226031812902193e+00	9.062903480789355370e+00
2.478698519174224568e+00	1.049081254743455105e+01	-5.110609098930599892e+00	9.105541449120538644e+00
2.484980841400355800e+00	1.050001423072947482e+01	-5.050187889147709441e+00	9.053720373728907589e+00
2.491269319409339822e+00	1.049416959488203815e+01	-5.055781574076712914e+00	9.009133496257291540e+00
2.497548505139029373e+00	1.051850895519463158e+01	-5.073044686909533141e+00	9.048978412299389262e+00
2.503831667172610853e+00	1.053257175415791558e+01	-5.036910721172692007e+00	9.055446788209648545e+00
2.510117938323931153e+00	1.054635513451199813e+01	-5.041183539051683482e+00	8.969295714162367261e+00
2.516400733681277480e+00	1.052713095899017581e+01	-5.056059490610251395e+00	8.990326574052865283e+00
2.522688226833368130e+00	1.052015872003432051e+01	-4.979037036640572289e+00	8.883478091185061487e+00
2.528971695852665569e+00	1.055857580624690684e+01	-5.048212614206811111e+00	8.999324467488825974e+00
2.535252039407670299e+00	1.054449402424588556e+01	-5.006255106434257307e+00	8.854957245484108341e+00
2.541537514142774512e+00	1.055549901153497672e+01	-4.988792328966052736e+00	8.889328538990540096e+00
2.547823008847572179e+00	1.052270045017103151e+01	-4.948081483427827720e+00	8.785386909905829711e+00
2.554100666580690238e+00	1.057413143095806163e+01	-4.976126745498254955e+00	8.870701193934742435e+00
2.560376788884177301e+00	1.054375195093590811e+01	-4.927913865640766389e+00	8.767707128123046090e+00
2.566667521601497359e+00	1.055509747696956069e+01	-4.923934825869955567e+00	8.757268864349351034e+00
2.572955062237090473e+00	1.056952355659523590e+01	-4.960594789726566312e+00	8.811763621363414956e+00
2.579233771797999175e+00	1.055733001565992701e+01	-4.897387028577370849e+00	8.749021190888814914e+00
2.585520164300948220e+00	1.056277722367880934e+01	-4.853805539057895579e+00	8.652691428449932332e+00
2.591805130332431872e+00	1.057962817640712494e+01	-4.883719708377447510e+00	8.725772488333461752e+00
2.598084074692260881e+00	1.059003796667364483e+01	-4.918324769745932024e+00	8.731589668432441442e+00
2.604360404197643586e+00	1.056055891824256676e+01	-4.882824584150478486e+00	8.596806907242340756e+00
2.610647185140439142e+00	1.057758461013024309e+01	-4.903606528284188748e+00	8.633226208124803236e+00
2.616931864059273138e+00	1.062019792369403959e+01	-4.913754765344528153e+00	8.688430183416345542e+00
2.623206107911065565e+00	1.059664801363458864e+01	-4.846598658668484383e+00	8.727818941842311773e+00
2.629491626543270844e+00	1.060074480565966937e+01	-4.838270386300084880e+00	8.598440863779876153e+00
2.635778507982642349e+00	1.060383675986708596e+01	-4.857958805752445208e+00	8.555968497573109843e+00
2.642061039325260818e+00	1.063635895630440054e+01	-4.846584659936248762e+00	8.605552539711197824e+00
2.648343840729305843e+00	1.063078540052159404e+01	-4.866468561016696448e+00	8.604757568273013746e+00
2.654631838974855551e+00	1.063607117545885572e+01	-4.815249520140112871e+00	8.555704214224395088e+00
2.660919001246303761e+00	1.065927265667583157e+01	-4.792871715527421195e+00	8.540152728183562303e+00
2.667198525130066056e+00	1.065455108491015146e+01	-4.780456620862116424e+00	8.587937158518744951e+00
2.673484307038032526e+00	1.065984437914015892e+01	-4.768533309775096818e+00	8.565077625481979595e+00
2.679773388053849459e+00	1.066442895710317096e+01	-4.750488325913624799e+00	8.471963207700030196e+00
2.686058217632288692e+00	1.068213513445591190e+01	-4.772600136609594479e+00	8.470247404599854590e+00
2.692338738200057868e+00	1.069640808357596740e+01	-4.711166513613015638e+00	8.598897738244273725e+00
2.698618022887226964e+00	1.068661645300524299e+01	-4.713752621434783130e+00	8.465414253096977149e+00
2.704895450708277860e+00	1.070772047334872745e+01	-4.717281536897508509e+00	8.450359378439241453e+00
2.711175674923682166e+00	1.071491680960265747e+01	-4.758568224109391842e+00	8.495298630138394813e+00
2.717459832966957922e+00	1.070484726416663435e+01	-4.648207656357786988e+00	8.433707454851832708e+00
2.723745731959044569e+00	1.071424355891799429e+01	-4.662600942134226933e+00	8.419169777826491341e+00
2.730038414850594730e+00	1.072007789455543403e+01	-4.649136008134936660e+00	8.419453123962410857e+00
2.736317989800789441e+00	1.073866403258245761e+01	-4.668720830295238322e+00	8.392605706615858807e+00
2.742591858549239703e+00	1.074700499529296671e+01	-4.656289559577963644e+00	8.440540646190617835e+00
2.748879749010778362e+00	1.075199434168957957e+01	-4.613043325174176701e+00	8.391408516208796797e+00
2.755163403825859447e+00	1.076543279863741098e+01	-4.585541416830901440e+00	8.437856195301538520e+00
2.761446955625852073e+00	1.078754191107493732e+01	-4.638102304758795924e+00	8.423016305385857549e+00
2.767732088935374701e+00	1.078319424833378548e+01	-4.551682902077654802e+00	8.384781300538943327e+00
2.774015452421743966e+00	1.079354101825412116e+01	-4.597985416712386808e+00	8.378177851118470798e+00
2.780298635700591436e+00	1.079423897695694556e+01	-4.542070226428371882e+00	8.422087452324845458e+00
2.786577474762241380e+00	1.083203074371255603e+01	-4.564817760536253211e+00	8.379235792836041696e+00
2.792857983210164541e+00	1.083816776207157417e+01	-4.540538936316711016e+00	8.387725069068560302e+00
2.799143790920211483e+00	1.081082306731009801e+01	-4.490574280553736308e+00	8.328283539530749735e+00
2.805430058399325244e+00	1.085260931975077625e+01	-4.473925664246992895e+00	8.420658521767872884e+00
2.811715058209780072e+00	1.087403443811406234e+01	-4.532954516231221476e+00	8.405460307424281297e+00
2.817989272498773623e+00	1.088279862021047251e+01	-4.522709253295198017e+00	8.433178747684312526e+00
2.824269171595737760e+00	1.086584902368880634e+01	-4.494730595280769236e+00	8.326719647414295267e+00
2.830563016441804081e+00	1.090524603680367477e+01	-4.475634543161597811e+00	8.397807503518631478e+00
2.836848750951622034e+00	1.092626814970338245e+01	-4.483504563406941479e+00	8.424883188591783423e+00
2.843130027866129783e+00	1.093027008961243496e+01	-4.496652713408979096e+00	8.422019782467840443e+00
2.849413896912404986e+00	1.095251941379466665e+01	-4.476862634085072123e+00	8.518606399491824632e+00
2.855697464522425566e+00	1.096323266656946593e+01	-4.438741791843956896e+00	8.454152665014413870e+00
2.861978799810683594e+00	1.098752911449694203e+01	-4.444738363176548468e+00	8.474682004574278338e+00
2.868262469415629567e+00	1.099207390806400397e+01	-4.436374986913488527e+00	8.418279964568753826e+00
2.874547359206753860e+00	1.100370469855199040e+01	-4.439883283909611400e+00	8.486725937567969780e+00
2.880831111471525041e+00	1.102028327280935649e+01	-4.411419293409187148e+00	8.415083045848062326e+00
2.887113216972382546e+00	1.104470176020937622e+01	-4.441724452709534532e+00	8.468200010878671691e+00
2.893394504725182781e+00	1.105378963806667159e+01	-4.382921975902968725e+00	8.458722379059269159e+00
2.899673662137033592e+00	1.107780682830684427e+01	-4.379121357834053541e+00	8.531102662305553253e+00
2.905953958587380814e+00	1.109848546037596506e+01	-4.415041939145652350e+00	8.522171554575088237e+00
2.912241118105161064e+00	1.110638578838042356e+01	-4.344341998522490478e+00	8.519100378163544818e+00
2.918525996366671205e+00	1.113595070775502727e+01	-4.375131474399436726e+00	8.595823092169029067e+00
2.924809035425688819e+00	1.112770630838672759e+01	-4.329398251191455493e+00	8.533657502857039390e+00
2.931095916293684933e+00	1.114621164631222072e+01	-4.347933576559743329e+00	8.552438345584263857e+00
2.937378182606774413e+00	1.119116064689713674e+01	-4.359024533258401668e+00	8.594733469110932944e+00
2.943659980254369923e+00	1.119349599874013457e+01	-4.311288795350419534e+00	8.615515024951408307e+00
2.949946454403890250e+00	1.121027133621972816e+01	-4.308342247877795295e+00	8.635438375821287593e+00
2.956227653702202307e+00	1.125428034716063941e+01	-4.338177116185532256e+00	8.704718809528632306e+00
2.962510478867462993e+00	1.124808037669314764e+01	-4.305098098711974686e+00	8.699656285204481421e+00
2.968796535179442309e+00	1.128642720051179182e+01	-4.337687911084991299e+00	8.757793710955457556e+00
2.975077657376874907e+00	1.131772691931610275e+01	-4.354251395532005020e+00	8.781570515062901094e+00
2.981359866759223376e+00	1.132122967232995769e+01	-4.311814275814535691e+00	8.767774017742175019e+00
2.987646761575656562e+00	1.133366967076911713e+01	-4.284000236329961631e+00	8.811629189309680754e+00
2.993929038370399365e+00	1.137289825332159587e+01	-4.293194188006516754e+00	8.804417912971944205e+00
3.000206214840962726e+00	1.138825303187072535e+01	-4.284474600706723812e+00	8.829470917877101144e+00
3.006486172402415669e+00	1.143395847071898963e+01	-4.349208832108199196e+00	8.914692529933066822e+00
3.012769812211594456e+00	1.143488973487095528e+01	-4.289241111473779178e+00	8.940176745013213022e+00
3.019053144326170113e+00	1.146334220336930265e+01	-4.279146873798844730e+00	8.946596002228808686e+00
3.025337405144251424e+00	1.149001731298231377e+01	-4.259987969394563478e+00	8.903736577434537836e+00
3.031623734799107961e+00	1.153282211103312527e+01	-4.326829074395448060e+00	9.069788696406250850e+00
3.037908962055872575e+00	1.155678058121734431e+01	-4.338782096684073331e+00	9.143711866551651468e+00
3.044195067146031608e+00	1.156209659640145659e+01	-4.292118451415185554e+00	9.146166009973583755e+00
3.050475543482170426e+00	1.160180970274260126e+01	-4.288711098669296895e+00	9.126075428649233601e+00
3.056754954538277502e+00	1.163105600453402033e+01	-4.304240547505890468e+00	9.226502899011684633e+00
3.063040539557494668e+00	1.165592177241013161e+01	-4.296131906879282703e+00	9.258988919080605839e+00
3.069323699454357346e+00	1.170051325477586346e+01	-4.260934269927207474e+00	9.329641762327327115e+00
3.075610692642898769e+00	1.172019749870541183e+01	-4.293040095814952828e+00	9.301366133685876392e+00
3.081893798009918584e+00	1.175252693936681325e+01	-4.296908688398134224e+00	9.399475863749781723e+00
3.088174549548037717e+00	1.179317396195892798e+01	-4.281140423779119963e+00	9.401559641128866218e+00
3.094458635632868493e+00	1.181803317323754676e+01	-4.260900787729366535e+00	9.489013167453665076e+00
3.100743982931558840e+00	1.182993658817771099e+01	-4.234305500330943772e+00	9.527282189455307915e+00
3.107028111748448396e+00	1.187368564540935978e+01	-4.328428512169613995e+00	9.584847389068634982e+00
3.113309299655494300e+00	1.191576702804978716e+01	-4.302730008786311622e+00	9.618560362908622707e+00
3.119590662867241626e+00	1.194220376119757709e+01	-4.279978620993451166e+00	9.660615227620533929e+00
3.125874006820172912e+00	1.199706180505489961e+01	-4.314091080413488655e+00	9.769729402473197766e+00
3.132159251154602586e+00	1.202677471557953126e+01	-4.322761536431385387e+00	9.817563680174387741e+00
3.138439172765940643e+00	1.205527707787837244e+01	-4.318875752363081411e+00	9.884480895681813095e+00
3.144723867719826593e+00	1.209952122845318812e+01	-4.339539389620981069e+00	9.880791147318802814e+00
3.151003951258561031e+00	1.212538766007358504e+01	-4.314132802000489875e+00	9.965931521709533669e+00
3.157283664131563139e+00	1.217999073123437093e+01	-4.370502506775098439e+00	1.007931430322377331e+01
3.163569317183839935e+00	1.219738989472831214e+01	-4.297839212952086818e+00	1.005749822097938662e+01
3.169851661717792091e+00	1.226206314804331043e+01	-4.353577462034787793e+00	1.019061500941934817e+01
3.176137704316093657e+00	1.229351712627207505e+01	-4.339471457345125849e+00	1.028813562296693540e+01
3.182420924828643916e+00	1.232829174400981920e+01	-4.338574475415348353e+00	1.038109758400639571e+01
3.188702811875577581e+00	1.238386248742955686e+01	-4.408864484223348867e+00	1.044307189227658839e+01
3.194990520008989865e+00	1.242682207183047893e+01	-4.397936176744711823e+00	1.049066234740156389e+01
3.201275324656983834e+00	1.246683517482981252e+01	-4.420732849233100836e+00	1.058235035667737556e+01
3.207551352179861759e+00	1.248927381483038523e+01	-4.400869289354821134e+00	1.056311795446852564e+01
3.213835216737041645e+00	1.256072234645073848e+01	-4.460401194326639285e+00	1.076157141707538045e+01
3.220122579819103770e+00	1.256122598054197148e+01	-4.365042799547810048e+00	1.042067814837446882e+01
3.226406606618656525e+00	1.242590278700248696e+01	-4.043609137073349125e+00	9.659019417962005249e+00
3.232687390085645429e+00	1.235152466112417891e+01	-3.818492701900598529e+00	8.886996258427553030e+00
3.238969121280456331e+00	1.228406217211311180e+01	-3.612284917861636302e+00	8.363108141081779578e+00
3.245254751548589667e+00	1.221925761223383233e+01	-3.469080602002398095e+00	7.656842969084716621e+00
3.251534499036136783e+00	1.214538329868218369e+01	-3.288917976833530155e+00	7.017682611127792569e+00
3.257817780791052442e+00	1.209821006151589984e+01	-3.060499055725050432e+00	6.495504902358927524e+00
3.264102164154097263e+00	1.205643365390963595e+01	-2.992071937157012584e+00	5.934215325841493360e+00
3.270384152138468892e+00	1.201603299497572230e+01	-2.883134864579946388e+00	5.440045362618652902e+00
3.276669427476867735e+00	1.197304938139420827e+01	-2.772469572398188031e+00	4.884484797140872914e+00
3.282954688864507808e+00	1.192975484253099516e+01	-2.656544480479050563e+00	4.413085350166842780e+00
3.289237200334947264e+00	1.191190508325233743e+01	-2.551792474131916677e+00	3.903602293729933059e+00
3.295519587088236779e+00	1.187180494617528836e+01	-2.472384437070341168e+00	3.490915336612790298e+00
3.301805977329951958e+00	1.186235660989647656e+01	-2.373298892937071081e+00	3.032853054790155323e+00
3.308087486222440088e+00	1.182611321968636808e+01	-2.317797377730439035e+00	2.590182250791507101e+00
3.314367630234227313e+00	1.179618100965153715e+01	-2.222152351113411584e+00	2.114018811065546455e+00
3.320651909732194262e+00	1.179457213193770571e+01	-2.158715202595061999e+00	1.763296150515765159e+00
3.326931260376857047e+00	1.177622863119988494e+01	-2.142418773882356575e+00	1.296732516501842847e+00
3.333216512447217728e+00	1.174456312830984217e+01	-2.005235975206634436e+00	8.797827273434789541e-01
3.339504489419978128e+00	1.177393389825533987e+01	-1.994738453932701105e+00	5.592070739556522785e-01
3.345786804809928405e+00	1.175738230087829805e+01	-1.923628248933027862e+00	1.560915524247854791e-01
3.352071130016277767e+00	1.173837408879419542e+01	-1.904971487553419385e+00	-1.905641951855883420e-01
3.358351496304225581e+00	1.171808921377686019e+01	-1.869023459162608702e+00	-5.793493692284455987e-01
3.364630591073392019e+00	1.170753527094509039e+01	-1.797839373048924827e+00	-9.429686479634731278e-01
3.370916305215045483e+00	1.171795417408813478e+01	-1.752203966895748533e+00	-1.338285288204586587e+00
3.377197952029413752e+00	1.169968306161997162e+01	-1.717149233079106496e+00	-1.650893764206867509e+00
3.383483063818085501e+00	1.169699320549953470e+01	-1.696483085603793795e+00	-2.019651711283263040e+00
3.389769992424469969e+00	1.169754346520897315e+01	-1.606903486927884650e+00	-2.354925294713314354e+00
3.396051330885982100e+00	1.169163812102681099e+01	-1.628431675781661037e+00	-2.689353326458366222e+00
3.402330879139463971e+00	1.170991821343394257e+01	-1.595525387983942833e+00	-2.989374211876816734e+00
3.408610488352048495e+00	1.172408531529693398e+01	-1.575728212693933150e+00	-3.310868525316826627e+00
3.414897837696641236e+00	1.173108550880587408e+01	-1.568760531443733841e+00	-3.636524431030635718e+00
3.421180484052105619e+00	1.172458881042480883e+01	-1.545456316414557829e+00	-3.958589483121168762e+00
3.427461639653846870e+00	1.171040967979196523e+01	-1.505624261309086442e+00	-4.366578189358330420e+00
3.433749159643459059e+00	1.173727782460007596e+01	-1.518186209217032623e+00	-4.543198240388228726e+00
3.440032646656798310e+00	1.174151053614221851e+01	-1.490372147897061517e+00	-4.885681925023188654e+00
3.446313366033385339e+00	1.174128249914304334e+01	-1.478331358578472754e+00	-5.133049247764875922e+00
3.452600135384134905e+00	1.173014524103124678e+01	-1.461551227004370235e+00	-5.487010170897295147e+00
3.458883152815406703e+00	1.176187757713543114e+01	-1.416808155063556507e+00	-5.821423807663777872e+00
3.465163834403715448e+00	1.177692361925434561e+01	-1.419977438454711027e+00	-6.024447367909328221e+00
3.471449329786229221e+00	1.176111114155148130e+01	-1.412876141058809765e+00	-6.323676058043151471e+00
3.477734476754053894e+00	1.176245114802935099e+01	-1.408272934054549452e+00	-6.611176798707227853e+00
3.484019652467224226e+00	1.178947202958509344e+01	-1.373588974485303593e+00	-6.938995172768750663e+00
3.490297019369712928e+00	1.181953800586429182e+01	-1.433865301779030821e+00	-7.154084471295252712e+00
3.496582486484379970e+00	1.182819021633004475e+01	-1.383304596047823409e+00	-7.454691929132803985e+00
3.502868048046865024e+00	1.183632669631919043e+01	-1.326247139485451587e+00	-7.710429026346639070e+00
3.509144649545451244e+00	1.183001072097368400e+01	-1.358836576172094412e+00	-7.982215840632870929e+00
3.515428082003116295e+00	1.186716611314456671e+01	-1.365184884027170975e+00	-8.232791668926081385e+00
3.521711031624695565e+00	1.187024567196013081e+01	-1.334007068369161608e+00	-8.525542329643725381e+00
3.527991850954735664e+00	1.188339636452160697e+01	-1.307854883701309756e+00	-8.826367107325017614e+00
3.534275545726699885e+00	1.188902042943330528e+01	-1.334285481612888180e+00	-9.034985590036910708e+00
3.540562632020772149e+00	1.190297493489405234e+01	-1.348113200368818543e+00	-9.276019327648905133e+00
3.546844410757220789e+00	1.193402954600741772e+01	-1.331796562703954967e+00	-9.558292880992912188e+00
3.553131386753758836e+00	1.195791487084912852e+01	-1.301162973288668256e+00	-9.780269715623539639e+00
3.559419203211965144e+00	1.195950919738952045e+01	-1.279728247166335597e+00	-1.006152942526954064e+01
3.565697971577579839e+00	1.197224532872521330e+01	-1.228191798916753452e+00	-1.031504045808207159e+01
3.571979559134798254e+00	1.200774371012938069e+01	-1.307185110102902392e+00	-1.052239918602876223e+01
3.578265774595833726e+00	1.202104139182030984e+01	-1.275411293497853871e+00	-1.082818590252619195e+01
3.584548309769353125e+00	1.203531046187086240e+01	-1.271665736764172827e+00	-1.103081034249316694e+01
3.590826843920031486e+00	1.202625523756866777e+01	-1.246497270089273801e+00	-1.130581125376267160e+01
3.597107306745233934e+00	1.207466591682648627e+01	-1.276264468519551221e+00	-1.152236923552054826e+01
3.603392831792229245e+00	1.209179235450198675e+01	-1.227372350358504782e+00	-1.172135334284926778e+01
3.609673209822572559e+00	1.209969377220084041e+01	-1.232288442817754071e+00	-1.199442324767453805e+01
3.615955412133016189e+00	1.212641055011898494e+01	-1.251915294302743398e+00	-1.218902234025990161e+01
3.622241607772384686e+00	1.215701464902613615e+01	-1.297625259962313482e+00	-1.244267946381114776e+01
3.628520252736676444e+00	1.218312589813085545e+01	-1.254200375982833959e+00	-1.266472402534355801e+01
3.634804827569451113e+00	1.219487649100601168e+01	-1.244291327747075293e+00	-1.290490003448848455e+01
3.641094981788862928e+00	1.221218211348824134e+01	-1.243059525689189870e+00	-1.314041324913617359e+01
3.647383514928639325e+00	1.222593585499202007e+01	-1.238101213902028874e+00	-1.335474979108101223e+01
3.653663283927725658e+00	1.226454873824164515e+01	-1.236359692329444204e+00	-1.361624941984133841e+01
3.659943504072155296e+00	1.227588415411669942e+01	-1.284784715782227416e+00	-1.378913032948456774e+01
3.666232000281138603e+00	1.228581029265656177e+01	-1.255017716049822818e+00	-1.401316090244576884e+01
3.672514211678317597e+00	1.231336805695930892e+01	-1.235738983225599608e+00	-1.424636491637798308e+01
3.678794154686042539e+00	1.234743812888398118e+01	-1.216138175806251276e+00	-1.447489296968639039e+01
3.685078621861909820e+00	1.237036210598936137e+01	-1.202477915878458203e+00	-1.473536696198371132e+01
3.691359210097977961e+00	1.238684647157070451e+01	-1.270858058186275619e+00	-1.485297084787282529e+01
3.697642368173791105e+00	1.242814715288600880e+01	-1.239922201682775782e+00	-1.511800118234279466e+01
3.703925796735277665e+00	1.240223829057818783e+01	-1.248101025326423086e+00	-1.522251951131290681e+01
3.710208240364660348e+00	1.247256487601850417e+01	-1.264944809867655007e+00	-1.554273460952779473e+01
3.716494593122387169e+00	1.248866631814644634e+01	-1.213071000256210397e+00	-1.574675963564333259e+01
3.722775386659595398e+00	1.251746237705670239e+01	-1.227459153298634531e+00	-1.596947016465053970e+01
3.729058392883481510e+00	1.254146268000937781e+01	-1.222372374753258217e+00	-1.622095658219866010e+01
3.735339748210807720e+00	1.258020914380311694e+01	-1.240447325125520805e+00	-1.638198425879704345e+01
3.741620776392969638e+00	1.260167603592618413e+01	-1.225576151399263791e+00	-1.659719246051550101e+01
3.747904795418762980e+00	1.263288175401264546e+01	-1.233291160676093012e+00	-1.679782003863533646e+01
3.754190633281219380e+00	1.264042850243491145e+01	-1.220683688258901611e+00	-1.702270558195078820e+01
3.760478208018912749e+00	1.266547869127173165e+01	-1.227331213057922144e+00	-1.720422382752908419e+01
3.766755538573464346e+00	1.269952992777016654e+01	-1.231628091117450863e+00	-1.739550636934552585e+01
3.773032090135151506e+00	1.273290066419651367e+01	-1.234998759174216865e+00	-1.762015804927783691e+01
3.779322553012896879e+00	1.277404628589922808e+01	-1.204646727602784351e+00	-1.782745931593435174e+01
3.785609109731308930e+00	1.279720090206184935e+01	-1.221128347901140332e+00	-1.807721242284863550e+01
3.791889825936295200e+00	1.280764152962765579e+01	-1.251531524238286952e+00	-1.815937585891265726e+01
3.798174822702435893e+00	1.287224323382817026e+01	-1.243833687662843301e+00	-1.844461653344302121e+01
3.804458658753491651e+00	1.289468111922834481e+01	-1.226988327749162888e+00	-1.870621598486433257e+01
3.810738438095723435e+00	1.291940578536861217e+01	-1.241921631344530486e+00	-1.884002181073705984e+01
3.817018850285747167e+00	1.295407243085788984e+01	-1.226117962756846369e+00	-1.908264889160780697e+01
3.823305314209427763e+00	1.297077128574147409e+01	-1.219348646899256039e+00	-1.927778052164277156e+01
3.829591295197792178e+00	1.300721124920374194e+01	-1.255713439397156961e+00	-1.938102265504306132e+01
3.835872296070849341e+00	1.301982927119654221e+01	-1.204246825697285583e+00	-1.968765477899881589e+01
3.842156279590906109e+00	1.308133191239438631e+01	-1.232439748474184471e+00	-1.986443194551813818e+01
3.848441511099312429e+00	1.309338051834258465e+01	-1.150390002879833284e+00	-2.014539269940206268e+01
3.854723334376886079e+00	1.313194916428393100e+01	-1.251406528363564030e+00	-2.020137258406652947e+01
3.861004740704794713e+00	1.317627997189115518e+01	-1.208698621666242978e+00	-2.046049838059420622e+01
3.867284336650660848e+00	1.320344392110753873e+01	-1.179603984233933645e+00	-2.076114490935862733e+01
3.873567367678779849e+00	1.326266607039593914e+01	-1.166110411356489074e+00	-2.094996682692283940e+01
3.879850662830422792e+00	1.325305579736220629e+01	-1.140998381388914629e+00	-2.118510923288693348e+01
3.886137063198143338e+00	1.330714512256584570e+01	-1.198569296876402124e+00	-2.133040465288223331e+01
3.892419463049126005e+00	1.337203227107178449e+01	-1.207618270733646026e+00	-2.154324681844555300e+01
3.898703740328622658e+00	1.336486065949350710e+01	-1.192412846132718807e+00	-2.173987265251957268e+01
3.904991458788179326e+00	1.340917947724916992e+01	-1.185695249775637672e+00	-2.192709506251344465e+01
3.911270842222104083e+00	1.345057421190185920e+01	-1.160815018511369257e+00	-2.215521658812044947e+01
3.917549806479573071e+00	1.348880695840494326e+01	-1.209129323017864355e+00	-2.227765591871381545e+01
3.923836006203090587e+00	1.351657150186432510e+01	-1.218279343997656028e+00	-2.250225085110143652e+01
3.930121452497870926e+00	1.356308499187311689e+01	-1.196958505313959975e+00	-2.268603969995934477e+01
3.936398172858230460e+00	1.361424782194733574e+01	-1.162743857286574700e+00	-2.295248395185031853e+01
3.942683040425962293e+00	1.363713602424112459e+01	-1.160489491780037463e+00	-2.315797478766403472e+01
3.948974759704379611e+00	1.370357662126243881e+01	-1.178854671995586134e+00	-2.334687474628565695e+01
3.955259227995065352e+00	1.370112580022111537e+01	-1.147386036168901891e+00	-2.359838711667478250e+01
3.961537174921395454e+00	1.379785432223689945e+01	-1.264109683680740615e+00	-2.367461193764541605e+01
3.967820217617139544e+00	1.379340810908435166e+01	-1.204015263205214126e+00	-2.393737539878637932e+01
3.974105559832568968e+00	1.384486447167738277e+01	-1.172100781677489545e+00	-2.414829090369538989e+01
3.980384727931198352e+00	1.389277569846630200e+01	-1.207523613143972385e+00	-2.433509951558189499e+01
3.986664590839849698e+00	1.392669361358052349e+01	-1.118947814959495801e+00	-2.469540966924777337e+01
3.992949619150675034e+00	1.397480387601490825e+01	-1.219153628411958845e+00	-2.469712015131607430e+01
3.999235075769965952e+00	1.402524620294023805e+01	-1.176541614988967588e+00	-2.500304003467372738e+01
4.005515715515433506e+00	1.406224442852300349e+01	-1.143797586996599058e+00	-2.523239208859376603e+01
4.011798434346478537e+00	1.412065290350244062e+01	-1.155737724531571864e+00	-2.544571548977526376e+01
4.018083716245132386e+00	1.412600659445634221e+01	-1.120523292214273159e+00	-2.566921158553272519e+01
4.024365700052603856e+00	1.419544606160143374e+01	-1.104209156729552888e+00	-2.589147502635269404e+01
4.030643960839860540e+00	1.420970735343002822e+01	-1.091326645798673223e+00	-2.607077589804943329e+01
4.036928708926215137e+00	1.427996408080758783e+01	-1.144646583967782405e+00	-2.622027419234008860e+01
4.043218157412017177e+00	1.433391003232049243e+01	-1.103984764528257223e+00	-2.652577671771787493e+01
4.049503019487663558e+00	1.436542321501086761e+01	-1.110034660007695795e+00	-2.668137404634491361e+01
4.055781898960511000e+00	1.442816110856572642e+01	-1.101082565704351257e+00	-2.696598394537551258e+01
4.062060795621602161e+00	1.447494383197624579e+01	-1.113873039568938017e+00	-2.720357617240340886e+01
4.068347865354716042e+00	1.453054322409383126e+01	-1.135185078613834664e+00	-2.730095471285902420e+01
4.074631027173265529e+00	1.457423578922638896e+01	-1.105985245198216393e+00	-2.756842883072301831e+01
4.080910837526078971e+00	1.460450795670399771e+01	-1.114435092107756597e+00	-2.774228545276172753e+01
4.087201203341442657e+00	1.466930475727433603e+01	-1.110604248469328148e+00	-2.798782993219867876e+01
4.093486818591942189e+00	1.471846287348831162e+01	-1.101034006925532438e+00	-2.830800821156324076e+01
4.099764387336505500e+00	1.477702951398071640e+01	-1.127989512562197261e+00	-2.839117161011927237e+01
4.106049166937662420e+00	1.483585022131101283e+01	-1.133589332499060021e+00	-2.871205441402218383e+01
4.112334559041358695e+00	1.484333442165585559e+01	-1.064384179817284837e+00	-2.890001611166104922e+01
4.118618926059533614e+00	1.493056723092902516e+01	-1.104994649568539433e+00	-2.912924533764408963e+01
4.124898942031112625e+00	1.500003898496157007e+01	-1.122465690059775811e+00	-2.933489820863124464e+01
4.131175432561665417e+00	1.504578359612945881e+01	-1.079755594587608725e+00	-2.961120152265695538e+01
4.137461563786142271e+00	1.505810148231249812e+01	-1.069050286732833976e+00	-2.978694195612167661e+01
4.143746006210170307e+00	1.516775717304918025e+01	-1.042201742478269910e+00	-3.012985262309561918e+01
4.150029800482964326e+00	1.520783171782970378e+01	-1.093181537913892942e+00	-3.028076852425181542e+01
4.156313390684649001e+00	1.526157999823988831e+01	-1.072748314203129771e+00	-3.051628449121741227e+01
4.162596105843763716e+00	1.529138672350181594e+01	-1.078012039068284800e+00	-3.070678066076113311e+01
4.168881843141768684e+00	1.538008946423176759e+01	-1.063384512368131141e+00	-3.104963253426439707e+01
4.175162111073220217e+00	1.544469526480437516e+01	-1.066688287588896777e+00	-3.124950312381973561e+01
4.181448573417560155e+00	1.551157713073320288e+01	-1.041196213944376892e+00	-3.160183906188959213e+01
4.187738782464171194e+00	1.556176114792464915e+01	-1.054803109952273887e+00	-3.174956238127520791e+01
4.194017437180169061e+00	1.561131573449081777e+01	-9.879457271000403606e-01	-3.208658712748683683e+01
4.200293572701767175e+00	1.565777814343027430e+01	-1.035503804705923736e+00	-3.222742338511298499e+01
4.206580195481546269e+00	1.574753187264162513e+01	-1.016985458288045097e+00	-3.254965346801932924e+01
4.212860644652220543e+00	1.578440648477745789e+01	-1.015709302343244191e+00	-3.280079934984418344e+01
4.219138153430114002e+00	1.583760418942409842e+01	-9.919808431528303050e-01	-3.294159252819081729e+01
4.225426162098283811e+00	1.588739444493100272e+01	-9.719903425527312013e-01	-3.329418737042169596e+01
4.231713506719782636e+00	1.597548270160827322e+01	-1.026714702176249272e+00	-3.351454741208516452e+01
4.237990056577191744e+00	1.605413372050703913e+01	-9.805228373050209889e-01	-3.382053708078385768e+01
4.244267783646744618e+00	1.609401076253026730e+01	-9.680971871321374378e-01	-3.413687185368166155e+01
4.250560660182562955e+00	1.617531198206352983e+01	-9.913953210656989423e-01	-3.430240975505326873e+01
4.256847734842668096e+00	1.622951763296293493e+01	-9.835667156221494789e-01	-3.461521624326972102e+01
4.263127100734456221e+00	1.630767262871765766e+01	-9.377860692057229386e-01	-3.494418429707823037e+01
4.269406860432507500e+00	1.637557272151460808e+01	-9.779688873234372304e-01	-3.513386166396112742e+01
4.275691671482192646e+00	1.642137156031471079e+01	-9.011178025745800735e-01	-3.553593296788598366e+01
4.281972414189518794e+00	1.651928242407177194e+01	-9.541305087613083380e-01	-3.569451717546189684e+01
4.288253516806755705e+00	1.655007023759360152e+01	-9.082670301534979673e-01	-3.605328507295468654e+01
4.294540520160492925e+00	1.662856773209743366e+01	-9.016624281490321913e-01	-3.629028800464070770e+01
4.300825742921731809e+00	1.670199207701842425e+01	-8.930188659672937401e-01	-3.663817848237329144e+01
4.307109835491901961e+00	1.677451171322858769e+01	-8.775773055213934581e-01	-3.697088296993203471e+01
4.313390926478413157e+00	1.685478892306238308e+01	-8.549902187167472967e-01	-3.726031939800378012e+01
4.319667979480563247e+00	1.690286960813885386e+01	-8.537989160257209997e-01	-3.761498460465561777e+01
4.325952598143786076e+00	1.699114285250885814e+01	-8.898360794481143810e-01	-3.771602682693605857e+01
4.332241647035422361e+00	1.703836687234361236e+01	-8.142104376045447012e-01	-3.822585217626660636e+01
4.338524445619096781e+00	1.712519912138683864e+01	-8.736465498679836239e-01	-3.845488621298505194e+01
4.344809348131129845e+00	1.715374424060890490e+01	-8.886485403201261901e-01	-3.864966477099313380e+01
4.351090699193166600e+00	1.717347869446523845e+01	-7.832506021223242243e-01	-3.902304609361951293e+01
4.357369710808320029e+00	1.734062989563010149e+01	-7.763750781679303881e-01	-3.946818986651024375e+01
4.363659348967174445e+00	1.732469640525609478e+01	-7.977111469149706924e-01	-3.963057249593610720e+01
4.369947418280990981e+00	1.744633582707650632e+01	-7.990768614293329852e-01	-4.000778071204585018e+01
4.376226569265827315e+00	1.754656957767862480e+01	-7.523455982818938459e-01	-4.048345696371098512e+01
4.382499356631129217e+00	1.753246702184569727e+01	-8.085985722595216973e-01	-4.054723887714437325e+01
4.388784975178015024e+00	1.761900408182031441e+01	-8.495598727715825138e-01	-4.084460069548944006e+01
4.395068696309480494e+00	1.765920111829238692e+01	-6.712587163488082931e-01	-4.148259727526270524e+01
4.401347962382031298e+00	1.784191330357222682e+01	-7.545660249192769342e-01	-4.176290061693316602e+01
4.407628405096517099e+00	1.780149956184483884e+01	-6.618380898554648839e-01	-4.208169342542885971e+01
4.413915862185140426e+00	1.788124690182208099e+01	-6.816156108518443002e-01	-4.242210755411146295e+01
4.420203163534264235e+00	1.794489061011925557e+01	-6.777590213676060182e-01	-4.268057941949815870e+01
4.426480311003382795e+00	1.798754793132184560e+01	-5.921513525547407175e-01	-4.330727669598535101e+01
4.432765973643649104e+00	1.813366312209244668e+01	-6.129350061064741118e-01	-4.358318817814488000e+01
4.439053392023870614e+00	1.811099977313308074e+01	-5.177559724698368449e-01	-4.411544050547222184e+01
4.445336141335588742e+00	1.820430364057855144e+01	-5.428974501314588474e-01	-4.432816777395384378e+01
4.451617241414883352e+00	1.820388959878848212e+01	-5.207457950843611405e-01	-4.465978025223548542e+01
4.457901500730311106e+00	1.826751629956116574e+01	-5.674456821635679438e-01	-4.510250337934924403e+01
4.464189501093017043e+00	1.834931753599659388e+01	-5.338240790895952825e-01	-4.540511363773941866e+01
4.470470197548729985e+00	1.831289355214345704e+01	-4.058073326875375475e-01	-4.599071958269961868e+01
4.476748044268524573e+00	1.852454082487327014e+01	-4.299716544578309763e-01	-4.645122499114644654e+01
4.483035990164653484e+00	1.841265285415711972e+01	-3.978680696044164522e-01	-4.673745122015374420e+01
4.489323331650528104e+00	1.855882372453083207e+01	-4.160342109661179788e-01	-4.719418850711424795e+01
4.495599111667934800e+00	1.853334807096156922e+01	-3.398164337881506292e-01	-4.758287926106191179e+01
4.501870922878794090e+00	1.852272017206657040e+01	-2.331327852004810852e-01	-4.815023888162841814e+01
4.508155162877705457e+00	1.860935582729901583e+01	-3.187555634830766538e-01	-4.838968318024439697e+01
4.514446451153479423e+00	1.856163996522317561e+01	-1.713529731059663941e-01	-4.897289840351984225e+01
4.520723894043856994e+00	1.860128496472717430e+01	-1.982735391154087923e-01	-4.927304212556380492e+01
4.527003782460155890e+00	1.858332586437549239e+01	-1.332781513608941315e-01	-4.978323538392578484e+01
4.533293086610313161e+00	1.856574259143880568e+01	-1.111910781446308061e-01	-5.016688878685012298e+01
4.539578989864040182e+00	1.863222081339801051e+01	-4.364214531044182527e-02	-5.080254219079046862e+01
4.545857164866476730e+00	1.857095097772615588e+01	-5.441335230302314641e-02	-5.111985346955794540e+01
4.552138955546025656e+00	1.859419686095438351e+01	9.371013494160782692e-03	-5.170459711592092589e+01
4.558432046889146605e+00	1.856381916259755016e+01	6.260404365109567548e-02	-5.210572048713640214e+01
4.564713463378488711e+00	1.863923467391281363e+01	1.192972351403192577e-01	-5.265829003234340888e+01
4.570987274133244682e+00	1.866371337042848566e+01	1.198088434780446715e-01	-5.313642916412009498e+01
4.577274818151045643e+00	1.861511474693164558e+01	3.726496142776913878e-02	-5.311856608008476854e+01
4.583563263889338657e+00	1.868244530373723222e+01	1.203461275601005048e-01	-5.373422958549217299e+01
4.589844917004465508e+00	1.873514413630420350e+01	1.240571712794289044e-01	-5.412627274373998176e+01
4.596126259982004747e+00	1.880591486967874104e+01	1.295611275524901629e-01	-5.460750864447718556e+01
4.602409075598298926e+00	1.887809404527939705e+01	6.690435121609793201e-02	-5.500374455322800316e+01
4.608696634867644804e+00	1.893220562437430843e+01	8.584650248741151901e-02	-5.541581839401577980e+01
4.614977646498861219e+00	1.894963474116596558e+01	1.237266960067007621e-01	-5.577095751052821271e+01
4.621258953029527383e+00	1.901633373352965251e+01	8.917882604573407201e-02	-5.613074651771006529e+01
4.627547993978874175e+00	1.904624644309324566e+01	1.324201171482289885e-01	-5.652991682355570902e+01
4.633830152730579854e+00	1.913989757745275000e+01	7.975001917725788037e-02	-5.697250911109015448e+01
4.640104005367354567e+00	1.917992890062630806e+01	3.842297502528136538e-02	-5.715471380923883515e+01
4.646382060386754276e+00	1.922242005253199437e+01	8.996821730679471774e-02	-5.762695757319941237e+01
4.652674213731970987e+00	1.928341316960662866e+01	1.458924217814613067e-01	-5.813651806786618437e+01
4.658958291796220230e+00	1.938902256296799465e+01	9.100104912641859833e-02	-5.853065048894535494e+01
4.665233615070169648e+00	1.942948030232167511e+01	7.564705162500368063e-02	-5.884657881420233849e+01
4.671520675710307380e+00	1.944106447421488681e+01	6.638493280991754342e-02	-5.907498891853099821e+01
4.677814351732177300e+00	1.955970292081561723e+01	1.448323746119719035e-01	-5.972414159398076094e+01
4.684093699744638073e+00	1.961430360896872926e+01	5.037437563289821896e-02	-5.994401738181844053e+01
4.690368661472568590e+00	1.966076642419679388e+01	6.859255236207363604e-02	-6.030056587512204658e+01
4.696663270746453733e+00	1.976858717070604854e+01	-1.167739447226735566e-03	-6.072983681878312723e+01
4.702945459248681459e+00	1.983830240700144998e+01	6.720158913970733505e-02	-6.121825544183703727e+01
4.709209170841929470e+00	1.989756301390853466e+01	2.329616625394984389e-02	-6.149053395839383995e+01
4.715491634753063543e+00	1.998807438092367406e+01	7.276467970888098047e-02	-6.200926018488521407e+01
4.721784316284933780e+00	2.009191046150499815e+01	6.136053353121536519e-02	-6.248844878875219422e+01
4.728063062331094635e+00	2.015127368256344553e+01	4.753253231865465361e-02	-6.286355147431336832e+01
4.734337423381671073e+00	2.030240721353430899e+01	1.102411700257395905e-01	-6.352186605060306590e+01
4.740627024094544062e+00	2.024069699442594583e+01	5.399994296086210038e-02	-6.348768573451987862e+01
4.746914995664547554e+00	2.037364325779192953e+01	8.228935978600637746e-02	-6.405516493394327426e+01
4.753194740071086777e+00	2.040535829891551955e+01	1.048517505077895401e-01	-6.432367525716715306e+01
4.759478891864783456e+00	2.061127096899527089e+01	8.878734740828501948e-02	-6.514136644174624280e+01
4.765762396877359031e+00	2.068569790856269464e+01	6.094377345375695532e-02	-6.548482878704334098e+01
4.772049481246195768e+00	2.077903728694768759e+01	4.316053227228615341e-02	-6.591909762828699115e+01
4.778335091022592351e+00	2.081329187289088622e+01	7.491303101484388105e-03	-6.612284440269128538e+01
4.784610831402393849e+00	2.095161357668689917e+01	2.134448836806407054e-02	-6.674664115181194290e+01
4.790907306208476157e+00	2.101910993282596607e+01	5.893008410593651020e-02	-6.716552749499061292e+01
4.797204047706418173e+00	2.113964768762698299e+01	-6.324866657709406854e-04	-6.758107917623699734e+01
4.803470827697504220e+00	2.123083382380734818e+01	3.589236663758110096e-02	-6.806250556041462119e+01
4.809748850577324042e+00	2.130424255942770984e+01	6.994311092831907717e-02	-6.851646989305720581e+01
4.816045316586602176e+00	2.141301832171257047e+01	2.594264003918777400e-02	-6.890469101111976613e+01
4.822329240673497885e+00	2.159674296274667427e+01	4.451848637744973414e-02	-6.966979842238283993e+01
4.828596758226470165e+00	2.159892438919956348e+01	6.511399540847552514e-02	-6.983143712302234007e+01
4.834890332961369275e+00	2.169918123462104731e+01	-6.878888678927322885e-03	-7.021300997612522110e+01
4.841191655056394261e+00	2.177835558059219068e+01	9.047269464748035339e-03	-7.063643279721378576e+01
4.847460407468000554e+00	2.191721571882830588e+01	8.260153998677387255e-02	-7.126403884943687217e+01
4.853732128521334843e+00	2.213271658255798613e+01	2.540455201353840689e-02	-7.202660177783971562e+01
4.860029138783373170e+00	2.211361842673320055e+01	-1.412992426876886511e-02	-7.209647189786849708e+01
4.866314601732018019e+00	2.231349701216636561e+01	9.064192330568983380e-02	-7.298427612883367033e+01
4.872587026269203925e+00	2.256892249982042742e+01	4.034877123757264934e-03	-7.377065460750181103e+01
4.878874221748241702e+00	2.266311730743707287e+01	1.688583761295353591e-02	-7.428342689751299588e+01
4.885171078138658807e+00	2.271579814112619999e+01	5.398929331639983759e-02	-7.464116222024378544e+01
4.891450629931857641e+00	2.281640816914302405e+01	4.753436616177843244e-02	-7.503665134450683638e+01
4.897716482750221978e+00	2.278544968670702531e+01	4.220592390182512088e-02	-7.503186953932831216e+01
4.904002834596266069e+00	2.315689349420568988e+01	5.810242582163613334e-02	-7.640579426543486363e+01
4.910295858205786068e+00	2.320779373482406172e+01	-8.093947496258682706e-02	-7.653404172895361057e+01
4.916575188115905881e+00	2.333403590608371303e+01	2.658594334614903382e-02	-7.716392195511269847e+01
4.922847946197084212e+00	2.351382195213070858e+01	-3.490300537561354804e-02	-7.783379161128297596e+01
4.929131667457151700e+00	2.360516107544114561e+01	8.520511763877004763e-02	-7.839120402296755685e+01
4.935434460144239033e+00	2.370415708036121671e+01	-2.188370691626940340e-02	-7.867094007624133667e+01
4.941718513303545279e+00	2.382802385913267784e+01	-2.904129754143389142e-02	-7.916640433435453872e+01
4.947978624761803168e+00	2.401603074242758140e+01	4.859709430730135837e-02	-8.004072604848501271e+01
4.954274999209829389e+00	2.412569596538116201e+01	8.952857513066079034e-03	-8.041218479550184384e+01
4.960571094729937514e+00	2.421014977806526502e+01	4.922019788347338498e-02	-8.083877925601152015e+01
4.966823207626954506e+00	2.442427030426122414e+01	8.209257445269303732e-02	-8.171463629257256400e+01
4.973097418390337587e+00	2.455150570693677992e+01	2.956496441345771858e-02	-8.219052087317430733e+01
4.979415129936382023e+00	2.469810437130294289e+01	3.654669631486674730e-02	-8.279479284135560135e+01
4.985702082330368157e+00	2.482755917931876866e+01	2.428554418269648441e-04	-8.325638233622382245e+01
4.991949985828016523e+00	2.510413698129893589e+01	4.831836348531925313e-02	-8.434655840035998153e+01
4.998241586316924057e+00	2.529493760278712244e+01	3.130972935236558952e-02	-8.506651261013941223e+01
5.004556635606089543e+00	2.529572432706912011e+01	6.015218225643761962e-02	-8.519018909589821931e+01
5.010828655701208945e+00	2.567930776808189108e+01	1.725889885340942120e-02	-8.653021934024451411e+01
5.017077229702536556e+00	2.579790306426935587e+01	1.562311047347465613e-02	-8.699986190210154291e+01
5.023374414758113637e+00	2.580176708867042379e+01	4.904906348991666665e-02	-8.717063999146242281e+01
5.029688873569548413e+00	2.625864200211907828e+01	6.870633615681341622e-02	-8.882042196477041784e+01
5.035958413584124216e+00	2.629021685124104835e+01	-1.847207650060082819e-03	-8.890434010353324368e+01
5.042232667658486989e+00	2.627406012220866671e+01	-2.233747012541814278e-02	-8.897685048264465024e+01
5.048528755870775875e+00	2.671112687795181984e+01	1.226674772798540779e-02	-9.057919443712333418e+01
5.054821121427484520e+00	2.676910456758094981e+01	-2.165980744044478448e-02	-9.077896903804834494e+01
5.061069509814582368e+00	2.697203957457226764e+01	4.425568174265929328e-02	-9.163130634178169487e+01
5.067347812754101177e+00	2.717229913454049850e+01	-1.020502915357658288e-02	-9.235715773652867711e+01
5.073675050630431116e+00	2.740487652208242153e+01	-5.486552563192469839e-02	-9.316648102490157157e+01
5.079945928388977627e+00	2.757308389841474039e+01	1.787395897877198936e-02	-9.390437393824511503e+01
5.086192992546071601e+00	2.780045841246913341e+01	-2.008517754955950474e-02	-9.469785511684469270e+01
5.092484128970163226e+00	2.805237357861460623e+01	-2.052981115107599050e-02	-9.569145601197517692e+01
5.098802924706086870e+00	2.820368265273907582e+01	-1.064445822319977503e-01	-9.614923292815230127e+01
5.105078217426394005e+00	2.837611703578712152e+01	4.380767485843239939e-02	-9.697341430650101302e+01
5.111325076574067872e+00	2.857009611735054477e+01	-1.995472566668314845e-04	-9.765886354532408120e+01
5.117628358851224135e+00	2.881701224070043565e+01	7.076510887985991427e-02	-9.867877871473083928e+01
5.123935939383525984e+00	2.920970799569223431e+01	-7.726788524916122780e-02	-9.993304969034862495e+01
5.130199176325612065e+00	2.943153128743622560e+01	-2.611653043352659201e-02	-1.007745110101050727e+02
5.136469985878846956e+00	2.989948043946932899e+01	-2.022058903685080081e-02	-1.025226693795093382e+02
5.142797788696348071e+00	2.990982882210641591e+01	4.881148816906626803e-02	-1.026877624638597695e+02
5.149090378043822192e+00	3.007950321217021283e+01	2.928075641741914939e-02	-1.033139150934253081e+02
5.155289879840074363e+00	2.999598227883868873e+01	-4.875481638606402740e-02	-1.029993859510883283e+02
5.161564521234301317e+00	3.069802912719062604e+01	-5.200719296828586191e-02	-1.055373888399586377e+02
5.167916673496016244e+00	3.058330473204815902e+01	7.081878240706744598e-02	-1.052997442241429837e+02
5.174205974602950064e+00	3.105275163865416488e+01	1.461790635811708976e-02	-1.068951015528109707e+02
5.180434820793812456e+00	3.136936924089912537e+01	-8.098615548052070720e-03	-1.080235383445533159e+02
5.186729096569634656e+00	3.155773560593560845e+01	8.875565437843910624e-03	-1.087725160146737124e+02
5.193058481037780894e+00	3.176273228074644095e+01	3.758570479183007129e-02	-1.095818438236224210e+02
5.199319511444338460e+00	3.227161025414758910e+01	-7.223195880091117134e-03	-1.113249571512840106e+02
5.205574295584361799e+00	3.249069947895718258e+01	1.133355819421026645e-02	-1.121614199432574992e+02
5.211894977074066126e+00	3.269195825456850457e+01	-6.006792547050803649e-02	-1.128686011429765870e+02
5.218201708336958511e+00	3.284061977405480093e+01	-5.356724283088139943e-02	-1.134271080640493636e+02
5.224411911780083351e+00	3.326376041877865219e+01	4.878148678512394393e-02	-1.150474132957791369e+02
5.230677632666463239e+00	3.344986865799280196e+01	4.525260625768620648e-02	-1.157708920186689454e+02
5.237056729559757429e+00	3.414693897155275693e+01	4.652907761906038137e-02	-1.182413241902172416e+02
5.243336785035660697e+00	3.424693085271350412e+01	3.512635577225762390e-02	-1.186072911239050427e+02
5.249493476178225038e+00	3.473469720891434775e+01	-5.781444394946007488e-03	-1.202750875250666240e+02
5.255787017738318134e+00	3.462433835100413404e+01	-7.123569596488911471e-02	-1.199490826372640839e+02
5.262205327426889845e+00	3.531387937724120718e+01	-1.421647974328036669e-02	-1.224279485014712066e+02
5.268477758348532269e+00	3.576599411441053888e+01	2.768771016897449838e-02	-1.240764894925265054e+02
5.274632213654732560e+00	3.601559271050713562e+01	2.094322162536276302e-02	-1.249724625179362931e+02
5.280950543314659740e+00	3.617404553925748445e+01	1.291647410360055037e-01	-1.257347735253563883e+02
5.287327645024750389e+00	3.676723770858539808e+01	-3.771654881220769251e-02	-1.276504780292675747e+02
5.293582359180156516e+00	3.694962728303860189e+01	8.103548141151147022e-02	-1.284331773373455690e+02
5.299789992649893478e+00	3.707466403196955440e+01	8.677684741289097559e-03	-1.288670801101100380e+02
5.306111460381987222e+00	3.787744257348590793e+01	-3.170825584643455989e-03	-1.317014913643617149e+02
5.312452717892129250e+00	3.793185836456358828e+01	9.550380973863740325e-03	-1.319133166221944578e+02
5.318650122853046724e+00	3.874941641740660714e+01	5.912111108637564671e-02	-1.348447468882006319e+02
5.324923043129819789e+00	3.865439453450370877e+01	-1.373522312912779132e-02	-1.345251071254317878e+02
5.331330237158205421e+00	3.941393846420857017e+01	9.461075828332131399e-02	-1.373173100979927597e+02
5.337586726886338617e+00	3.927514871547492703e+01	-6.493452068685477696e-02	-1.366792114110559169e+02
5.343685192440848830e+00	4.019398787167405374e+01	7.106432518449631863e-02	-1.400466644026579388e+02
5.350070659715249199e+00	4.087720385111352783e+01	-6.232829455661411527e-02	-1.423909220382077478e+02
5.356556762554878226e+00	4.087470389362380985e+01	-7.244276307053089392e-02	-1.423883216718214157e+02
5.362691868684501095e+00	4.176745455469094992e+01	4.045219954356450709e-02	-1.456243966885936914e+02
5.368769208912516966e+00	4.201642534837647958e+01	-5.508366397552284577e-05	-1.464863475558756818e+02
5.375270137997677722e+00	4.194508563015682512e+01	6.256673308654408378e-03	-1.463207588543272095e+02
5.381769983045385786e+00	4.277975752836373857e+01	2.705739188165674422e-02	-1.492802856717219413e+02
5.387701030372958222e+00	4.270785185595623545e+01	-5.257890722749646896e-04	-1.489928298294295246e+02
5.393786668001271600e+00	4.385972516820470446e+01	-1.012928456754666647e-02	-1.530601979647976805e+02
5.400446161099396569e+00	4.522144736511357621e+01	-3.968291619117209762e-02	-1.578350898525113735e+02
5.406957063684501463e+00	4.583710927241084221e+01	-1.669091417935872346e-02	-1.600352275202315013e+02
5.412655672453426270e+00	4.503295408017383750e+01	-6.314849034688341245e-02	-1.571466236159792516e+02
5.418821279260546575e+00	4.502388676706564752e+01	4.940932057057370597e-02	-1.573133956600302383e+02
5.425690594366304076e+00	4.626551775916679787e+01	9.435389244128083996e-02	-1.617356631523844896e+02
5.432217487502165376e+00	4.757876473046660237e+01	2.443086874441482981e-02	-1.662816947020893394e+02
5.437649811577258241e+00	4.748938398680048323e+01	4.825062373879297761e-02	-1.659525524754374430e+02
5.443914404015878006e+00	4.812678578963912202e+01	-5.386118683695999623e-03	-1.682051159336516832e+02
5.450953501686320202e+00	4.847943184054901167e+01	1.175817003981924624e-01	-1.695969915760470030e+02
5.457483690405861232e+00	4.877099902199855563e+01	-8.121082288535893048e-03	-1.705153843314507469e+02
5.462715250135157241e+00	4.935572611506582774e+01	9.566349203868773632e-02	-1.726311488095648485e+02
5.469033575551323523e+00	4.911532122865079231e+01	-1.402452910351087607e-02	-1.717346079524102151e+02
5.476177730420278778e+00	5.091325928726692496e+01	-1.126863889604297897e-01	-1.779468984661604622e+02
5.482708935702562236e+00	5.068547396214216150e+01	-2.525509567098263575e-02	-1.772622016601239920e+02
5.487722405008360838e+00	5.179029864711945663e+01	-9.081131682834520796e-03	-1.811245275225318778e+02
5.494194284996126498e+00	5.447179349903090895e+01	2.369440273317557563e-02	-1.905832870971649982e+02
5.501391471009256406e+00	5.409253316900220909e+01	-7.062701994774323033e-02	-1.891694292050597141e+02
5.507128202673079009e+00	5.343449720677176629e+01	4.836531900053447214e-02	-1.870081807886408853e+02
5.512278020050448646e+00	5.422813202933134846e+01	5.256680630308815938e-02	-1.897916753235673184e+02
5.519395563377015534e+00	5.410923729271166138e+01	-9.880888854148972555e-02	-1.892392729136084881e+02
5.526598678609708770e+00	5.476205354132996916e+01	3.126089880975768676e-02	-1.916637094318903394e+02
5.532162682462509196e+00	5.961539068739241287e+01	2.166324529315154790e-01	-2.088445182104058517e+02
5.537397124017139127e+00	6.527688614014188317e+01	-8.477029553345441157e-03	-2.284378078923295163e+02
5.544582756485218589e+00	6.030394689062890023e+01	8.100655040053558742e-02	-2.111321737905275882e+02
5.551739327507637434e+00	6.322262800804687544e+01	-5.630959596510698960e-03	-2.212660711551966983e+02
5.557493306674907707e+00	7.139991573056258289e+01	-5.535685039931806384e-03	-2.498891285630146228e+02
5.562281709102816940e+00	6.032700787027458489e+01	-1.671857796567516041e-01	-2.109735929200962232e+02
5.569272720323164449e+00	8.478282555435228574e+01	1.746364765399846253e-01	-2.969138154761527630e+02
