8.899641224696953554e-03	1.020275334754037317e+03	5.477835981931756351e+02	-2.705517920070785294e+03
1.507912216506557788e-02	1.925708486032179280e+03	2.351800875669287507e+03	8.707149446442613225e+02
2.144790186456836667e-02	2.313969960922738665e+03	1.495536848197717291e+03	-2.504923322920254577e+03
2.783660776489276650e-02	2.432056435605404658e+03	2.421225273627464503e+03	-5.080143437734004692e+02
3.435099785803411021e-02	2.665829721223689376e+03	2.260089107572767716e+03	-9.944132824662334542e+02
4.047886761425745911e-02	2.399338327268085777e+03	1.929604272001539812e+03	2.226434001724132372e+02
4.676716683575679601e-02	2.319775624682061334e+03	2.722754674473887462e+03	3.540919705038289180e+02
5.308225101765951665e-02	1.983628506058609446e+03	1.363305547518907588e+03	-2.902196570751497688e+02
5.945362440940590160e-02	2.021819493038229666e+03	1.685687365191437948e+03	-5.037794944041279877e+01
6.576224814588792211e-02	2.015451639665889388e+03	2.014251955640921324e+03	1.486910523764682779e+01
7.196632906698736953e-02	1.886755089708584364e+03	1.757325810155062527e+03	3.793840233928532513e+01
7.827860915688347743e-02	1.706764403055524326e+03	1.639228315412744223e+03	-1.165841645101756683e+02
8.470398945834539672e-02	1.664801892335356342e+03	1.613367375552512613e+03	3.773166475093634062e+02
9.096854620527369817e-02	1.459958567884039439e+03	1.503934938084141095e+03	4.299348406656824295e+02
9.720789776830213169e-02	1.447609997856694235e+03	1.214243382661791202e+03	1.513205345526704946e+02
1.034763038959366499e-01	1.354552123111861420e+03	1.357006513342591461e+03	2.171831049965311422e+02
1.097576444254559219e-01	1.238536859705683355e+03	1.062979055386224445e+03	6.185139158973421303e+01
1.160543084780093354e-01	1.197897271266440612e+03	8.988341560528527907e+02	4.691897278588191966e+01
1.223669666537485351e-01	1.117034054897895885e+03	1.102877885814116098e+03	2.078577810363950960e+02
1.286817263090294094e-01	1.073093359335925243e+03	9.584246613689427932e+02	2.019373595866656146e+01
1.349500801664080818e-01	1.030898015986575047e+03	9.285820602269044457e+02	1.782371550366717372e+02
1.411949558842147678e-01	1.005638269200961304e+03	8.838274782253949979e+02	1.149064755881147590e+02
1.475133575747468451e-01	9.351222417674292728e+02	7.978741902898780154e+02	1.423012404985570925e+02
1.537865074252268427e-01	8.904758374361363167e+02	7.410576839795340902e+02	-2.147169618026055105e+01
1.600657544051110326e-01	8.457960956792483103e+02	6.998756573605347739e+02	6.656949070886246034e+01
1.663991168687080635e-01	7.986154549612606388e+02	6.583903483659140647e+02	8.344162347969901816e+01
1.727195645776442856e-01	7.561452051009163142e+02	6.585632553333231272e+02	8.426548778878542123e+01
1.789765213377084718e-01	7.117499936384655257e+02	6.232308534112370353e+02	1.081753177874391554e+02
1.852353690647852158e-01	6.581949600145043178e+02	5.558272357420670460e+02	8.502689855978773892e+01
1.914806787341157279e-01	6.272543262851060035e+02	5.025468525090815888e+02	9.085565473960750182e+01
1.977889868651535599e-01	6.141936685405564731e+02	5.072778923454199003e+02	2.228890001498168161e+01
2.040937735447724277e-01	5.814534434222442769e+02	4.869957267120080928e+02	7.554249272057968767e+01
2.103939302609846018e-01	5.579841040484544692e+02	4.564781143777968282e+02	6.282909176167962073e+01
2.166909709822301688e-01	5.447376904827058297e+02	4.287176182309996193e+02	2.239430351397568231e+01
2.229700281216152047e-01	5.130257109481607358e+02	3.931289456740003061e+02	3.669609339712242502e+01
2.292620027086341994e-01	5.119441417473847764e+02	4.317950176461758360e+02	9.507249522052262591e+01
2.355141508366812297e-01	4.767735245636354193e+02	3.717189982350462287e+02	7.361810960988034935e+01
2.417910583817859116e-01	4.532690563637154355e+02	3.590475544408589599e+02	6.188299646232601248e+01
2.480856539439619257e-01	4.279109813702472138e+02	3.206847245772758583e+02	4.974884761854720949e+01
2.543492256872954549e-01	4.111378845128299986e+02	2.949712015527514950e+02	5.048568622746893908e+01
2.606334251884805386e-01	4.006295329504100664e+02	3.013719147622242645e+02	3.877105355944068066e+01
2.669257370896960802e-01	3.763898709496700121e+02	2.733470621730432413e+02	3.148742363718330139e+01
2.732423343141155980e-01	3.678166043546506216e+02	2.841893577803033963e+02	6.533107586854981719e+01
2.795529680084415936e-01	3.560867554264739852e+02	2.541630430367425504e+02	4.546657077027200700e+01
2.858366292314493129e-01	3.480770378239046750e+02	2.466860118901817884e+02	4.422675786876438764e+01
2.920876271394311496e-01	3.395845658159099685e+02	2.545642027198829567e+02	4.708802689084517823e+01
2.983449844439822751e-01	3.227735318121761452e+02	2.203844488430378306e+02	4.736651173388007408e+01
3.046382639407197446e-01	3.149771394655404038e+02	2.174800731253222352e+02	5.418227461371220954e+01
3.109279127003197196e-01	2.985915653237864831e+02	1.914741944403871514e+02	4.329938741360820131e+01
3.172168171618398036e-01	2.896628400939744097e+02	2.001145713709026950e+02	4.606776418834618880e+01
3.235187567944423082e-01	2.835848911848125340e+02	1.930845448365618608e+02	3.676031209508932562e+01
3.298168217550395687e-01	2.696123802263484208e+02	1.745324032078781613e+02	3.275633751104540181e+01
3.361176429457156667e-01	2.585718193167065238e+02	1.608766564845972766e+02	3.257391502185328847e+01
3.423700375709273769e-01	2.516424024687713086e+02	1.631596025665976413e+02	2.879935753611579585e+01
3.486478192666269682e-01	2.412250164146841200e+02	1.472912106567349895e+02	3.919381681119177330e+01
3.549411614411318028e-01	2.355670120760160842e+02	1.417099270287016566e+02	3.020495155054500458e+01
3.611916935421040642e-01	2.290812075771464720e+02	1.406686288175533264e+02	4.174176505122861869e+01
3.674767089563572564e-01	2.194152973611472532e+02	1.317289390372348805e+02	3.208812482634028385e+01
3.737647795277591056e-01	2.133228210176547179e+02	1.253363806336404735e+02	3.685692384237982111e+01
3.800654031475132477e-01	2.085813501274413682e+02	1.246245264902193384e+02	3.125781862762388030e+01
3.863539861259823738e-01	1.997492879050277850e+02	1.136945490448457576e+02	3.819409272555873969e+01
3.926140181364449755e-01	1.951536543560184214e+02	1.088308734007099190e+02	4.084429534735544109e+01
3.989264500321934581e-01	1.896335827966901775e+02	1.058600029444533135e+02	3.416699108147960118e+01
4.052073244576828714e-01	1.836206612429963343e+02	9.931608769667769820e+01	3.018630010259983720e+01
4.114916477570477182e-01	1.779527891421042227e+02	9.375369546498666296e+01	3.211935388292015858e+01
4.177814272116491257e-01	1.724530928635462033e+02	8.853184305588715119e+01	3.330818103859570556e+01
4.240400648725131116e-01	1.683926231881463309e+02	8.770894638608478999e+01	3.124065612851056528e+01
4.303425690270192283e-01	1.634195284416274490e+02	8.393493420874131061e+01	4.147386036631625927e+01
4.366358560255625965e-01	1.592145960036374674e+02	8.104654314477741650e+01	3.362586239400374666e+01
4.428996183220763605e-01	1.548527120395123973e+02	7.649933452898062569e+01	3.296768872192745903e+01
4.491634418529859563e-01	1.496166511039125169e+02	6.849916661789632144e+01	2.408996193151952170e+01
4.554414146254732731e-01	1.454845664465664470e+02	6.385027491543226574e+01	3.031365863464486665e+01
4.617634470301058558e-01	1.425245335886147870e+02	6.792330585923276942e+01	3.327281276434826651e+01
4.680644242023710433e-01	1.377116386558561771e+02	6.025214385940358852e+01	3.504165907348653519e+01
4.743485242764365895e-01	1.339366147017930473e+02	5.712794323340607150e+01	2.930509452176499607e+01
4.806356136815400082e-01	1.309757079399073518e+02	5.327826299172560454e+01	2.775659010249778547e+01
4.869019258388697646e-01	1.264382929953895882e+02	5.391475495782509597e+01	3.104462687875952298e+01
4.931697099599955947e-01	1.238804969260058755e+02	4.842726661671543553e+01	2.777328915616403293e+01
4.994506747144535908e-01	1.208556450216297975e+02	4.567758551651336774e+01	2.642184453826457968e+01
5.057159051335421429e-01	1.169237430298266389e+02	4.084809580534385276e+01	2.918045427350276810e+01
5.119923996268095356e-01	1.149021930076585107e+02	4.325912446262687894e+01	3.004647399669851282e+01
5.183126097768406826e-01	1.113022139929849033e+02	3.946074003711667899e+01	2.942596040867444529e+01
5.246089638029100000e-01	1.099957658642832286e+02	3.717615256704956295e+01	2.824774634309505217e+01
5.308757308483337267e-01	1.059187858857782771e+02	3.585189699545484387e+01	2.804264919389144239e+01
5.371573527946726934e-01	1.039056418355195888e+02	3.183598906857087840e+01	2.735852836443272551e+01
5.434579563783791256e-01	1.007965303572248956e+02	3.036855918109250041e+01	2.763882939437239372e+01
5.497430652392217842e-01	9.821393034155622104e+01	2.839868255076877901e+01	2.710765781062391611e+01
5.559937427501778773e-01	9.550103110994901101e+01	2.609240017490960639e+01	2.789861160212174340e+01
5.622854676609657654e-01	9.390509253275040180e+01	2.799547783611799545e+01	2.636965895069128507e+01
5.686011537227265711e-01	9.163339546413065761e+01	2.354279236965853528e+01	2.580096634750310258e+01
5.748804589422079614e-01	8.945894527415994446e+01	2.259874582126361631e+01	2.854727176269337008e+01
5.811550210340560296e-01	8.735392892215038785e+01	2.057514478450307038e+01	2.686660020923678260e+01
5.874394496660968468e-01	8.517151826322482577e+01	2.167765564359250163e+01	2.858024561105476025e+01
5.937176220296899176e-01	8.311034472598043976e+01	1.820428144538067627e+01	2.735185191210524991e+01
5.999971954793682505e-01	8.131359935636422165e+01	1.652490133228494429e+01	2.485074639287678622e+01
6.062679115124277596e-01	7.984954027115541919e+01	1.565217497414285397e+01	2.573016461404540323e+01
6.125469576444534381e-01	7.771262227721462068e+01	1.548893143379530279e+01	2.527552920303255846e+01
6.188477733041515272e-01	7.617585720422553663e+01	1.284822950706285383e+01	2.311365638795330568e+01
6.251310567437898813e-01	7.462009874826844680e+01	1.271176963280327499e+01	2.596805416792777876e+01
6.314027450383210560e-01	7.245584300919090026e+01	1.093530897290969683e+01	2.323567469659935014e+01
6.377003562732055375e-01	7.146890678465156554e+01	9.471218133301448461e+00	2.386646779540463115e+01
6.439857783314556494e-01	6.994524210177677048e+01	8.817320423914338789e+00	2.502470182052046610e+01
6.502685417166111925e-01	6.823715850629248791e+01	8.441563612242898529e+00	2.429435123423620624e+01
6.565586117699038216e-01	6.685878143357011538e+01	7.353694310117153243e+00	2.221203052671119238e+01
6.628369282359254377e-01	6.562789978489377063e+01	7.123715409299940404e+00	2.416672477406472552e+01
6.691185444962194362e-01	6.399035189508353483e+01	5.915348731809227267e+00	2.259121971914909111e+01
6.754070198575605755e-01	6.293156078309023371e+01	5.473353125238880068e+00	2.408784985949208490e+01
6.816835514593204692e-01	6.163236190910695456e+01	4.541517046445682659e+00	2.236621413417323367e+01
6.879592533861698112e-01	5.986214913823908290e+01	3.908277117703987003e+00	2.202349085417858632e+01
6.942344317039531587e-01	5.880024181633631741e+01	2.786832913151094271e+00	2.268921376707581672e+01
7.005175402434737908e-01	5.795470842668392919e+01	2.269012101237670720e+00	2.380968445765602937e+01
7.068124956608716758e-01	5.655489147177875253e+01	1.858807066051814116e+00	2.216589739989678876e+01
7.131019009674921527e-01	5.544425663237040425e+01	1.455348370049487805e+00	2.210890018477325825e+01
7.193918251171427247e-01	5.434902594627363470e+01	1.453026888732155131e-01	2.064960719569322833e+01
7.256833807598113140e-01	5.312621162974776468e+01	1.992020541662490596e-01	2.314093493657066603e+01
7.319652682709349989e-01	5.234646808013697239e+01	-8.228228144984903736e-01	2.166240789949063483e+01
7.382507990484923344e-01	5.107585114035385487e+01	-6.383300502953508371e-01	2.185555905806140231e+01
7.445265842115937893e-01	5.037653138761177019e+01	-1.273843933602445855e+00	2.219084696799642487e+01
7.507871101942712455e-01	4.928845090204137591e+01	-1.048940587794250590e+00	2.146195852082404087e+01
7.570758465316046459e-01	4.828023967941074091e+01	-3.069372788696353549e+00	2.057450872099715511e+01
7.633641233600957365e-01	4.738434009059523078e+01	-2.435775269287719258e+00	2.143262962425899332e+01
7.696462959862266917e-01	4.671694632320130580e+01	-2.860867108237560963e+00	2.127769670852309858e+01
7.759394865175414102e-01	4.609585456060734288e+01	-4.099550421606656947e+00	2.167472974865619051e+01
7.822329141989586843e-01	4.497198051260404839e+01	-3.867699781013867799e+00	2.104262605268315411e+01
7.885314936520240181e-01	4.426028559413582997e+01	-4.544963895141957977e+00	2.057312873269782472e+01
7.947896566979522071e-01	4.327884861021877327e+01	-4.284129980884745059e+00	2.066127026490097052e+01
8.010491096592354809e-01	4.248494317718599689e+01	-4.670158669112961292e+00	1.990596833348302042e+01
8.073364061727361651e-01	4.171542425803469456e+01	-5.304945570578458280e+00	1.997215939184940936e+01
8.136229488373866170e-01	4.083835449969913611e+01	-5.282323760506291599e+00	1.988858445988937262e+01
8.199152998961036776e-01	4.061816412155225464e+01	-4.976478787538149540e+00	2.040441618276259561e+01
8.261952636392789762e-01	3.963265761284592514e+01	-6.308351381436252403e+00	1.960297282227335813e+01
8.324897070080405914e-01	3.909688243879861602e+01	-6.285596968551156571e+00	2.004789399311576759e+01
8.387959309210778480e-01	3.813184424197118005e+01	-6.181640359079767499e+00	1.967018579035804748e+01
8.450634639703045181e-01	3.767539498139301912e+01	-5.891419051005123642e+00	1.959550155093234025e+01
8.513282867562648182e-01	3.705001797742578162e+01	-7.034277150669673517e+00	1.950009971441065915e+01
8.576198263902009566e-01	3.636724235004144390e+01	-6.709387394344168420e+00	1.954474526823426217e+01
8.639058477062415697e-01	3.611843074829993583e+01	-7.100082606486162184e+00	1.946205467377865261e+01
8.701838745487597837e-01	3.518926100850901406e+01	-7.433545653447463764e+00	1.919292164881344931e+01
8.764641096075268534e-01	3.462404022393209857e+01	-7.331506781221873048e+00	1.887445026641911028e+01
8.827503873399735745e-01	3.412829082638975109e+01	-7.898988223427420685e+00	1.904459529713998833e+01
8.890332768393869323e-01	3.360631708852401545e+01	-7.763627851441810890e+00	1.928895243277013094e+01
8.953084247113127780e-01	3.289151219814616667e+01	-7.646114563594063718e+00	1.832295810561743110e+01
9.015956521667095602e-01	3.246706835941376568e+01	-7.524848773535660840e+00	1.843592804289241727e+01
9.078833328094829680e-01	3.203495968089723789e+01	-7.685740875628370716e+00	1.912429668886252188e+01
9.141744106319863450e-01	3.150338618265682911e+01	-7.987524133605790944e+00	1.795148019912484472e+01
9.204630817717615043e-01	3.108814375522416640e+01	-7.996567384620351326e+00	1.855190481790902979e+01
9.267434415264711456e-01	3.063251484223917487e+01	-7.764674356950049372e+00	1.800125894093718415e+01
9.330324197354928906e-01	3.007115865397609511e+01	-7.979953227061787224e+00	1.840232153497240120e+01
9.393265785573878812e-01	2.944800490523543957e+01	-7.870480957675412448e+00	1.754646726265179524e+01
9.455974810398196650e-01	2.945063440662340781e+01	-8.622875895668299151e+00	1.854748966611223793e+01
9.518660018545171964e-01	2.880355892298034703e+01	-8.826874516810963911e+00	1.815539914596900672e+01
9.581413255531838757e-01	2.833712386066873634e+01	-8.470087250068720763e+00	1.782220662098110253e+01
9.644350945109106954e-01	2.796165887889586443e+01	-8.296614006400224284e+00	1.793793057968060722e+01
9.707355633568249820e-01	2.756604475016537492e+01	-8.417421464386988461e+00	1.777613256800349006e+01
9.770080768450029041e-01	2.708953468375563389e+01	-8.432852491206494605e+00	1.712494894500559894e+01
9.832823325363413414e-01	2.675208949379024759e+01	-8.325340642676081870e+00	1.738706521324536780e+01
9.895569691966674686e-01	2.646869987477854380e+01	-8.469423248475456134e+00	1.774487757275720057e+01
9.958456301921106979e-01	2.598954716526491282e+01	-8.512838578323716376e+00	1.706688602901552443e+01
1.002136210743837408e+00	2.574526891612934065e+01	-8.603363370129141430e+00	1.743321118077044929e+01
1.008404825335135424e+00	2.535342432685840919e+01	-8.601102758771437706e+00	1.749013221335734514e+01
1.014694149836243398e+00	2.506655535650057232e+01	-8.575039405117863112e+00	1.735003367275759700e+01
1.020992555437297167e+00	2.466536828255355829e+01	-8.558843499978225466e+00	1.686891227474588106e+01
1.027273980437394485e+00	2.425579953583059023e+01	-8.420742975109980932e+00	1.683865989148924314e+01
1.033559181896017254e+00	2.402651323989179488e+01	-8.651269483605467769e+00	1.689809244469949334e+01
1.039847557392594934e+00	2.364908453973494673e+01	-8.677851092448797488e+00	1.684667776234030967e+01
1.046126974943305088e+00	2.335935164281721654e+01	-8.496051449146385437e+00	1.662415076565399730e+01
1.052403436811028659e+00	2.317664924182287578e+01	-8.782291478968655696e+00	1.683845720940472290e+01
1.058680704651608684e+00	2.275785738153549786e+01	-8.502988668684871243e+00	1.642173761897860373e+01
1.064964333065789193e+00	2.254619773185117282e+01	-8.547149187143519455e+00	1.632101542322984500e+01
1.071256777440835473e+00	2.220096787018777107e+01	-8.469551987222388334e+00	1.652737660411213838e+01
1.077544048801078125e+00	2.202680081111166643e+01	-8.455273625360563372e+00	1.644483703877111580e+01
1.083824820188043603e+00	2.175911368826169934e+01	-8.518095025516796426e+00	1.644888170480452771e+01
1.090108023942816695e+00	2.141784333082989988e+01	-8.442681718263784774e+00	1.644875992610680626e+01
1.096389665956643222e+00	2.118097871349887384e+01	-8.439948373969556883e+00	1.616077320153024743e+01
1.102681132058841440e+00	2.094240412675164364e+01	-8.463760338730155652e+00	1.611167447794920093e+01
1.108963047594879958e+00	2.080071702106262066e+01	-8.055982822370765462e+00	1.598520861622254507e+01
1.115225428463759272e+00	2.040641002064161569e+01	-8.307958936234983938e+00	1.594354322528355716e+01
1.121502127614767863e+00	2.024434285259352606e+01	-8.222149301674116728e+00	1.603920040812612768e+01
1.127792573824792033e+00	1.992256443302554558e+01	-8.122490694193475136e+00	1.571438738980890193e+01
1.134089552668382961e+00	1.986979974855935893e+01	-8.264624006762870678e+00	1.607148411562866741e+01
1.140364049650405942e+00	1.968451970891715419e+01	-8.145078543188269293e+00	1.577443153395127773e+01
1.146639180320979445e+00	1.939684902109748776e+01	-8.357037555234887449e+00	1.591266775855186744e+01
1.152942412991649901e+00	1.915487980346219388e+01	-8.030452956941289244e+00	1.582749759114358135e+01
1.159228906751078814e+00	1.897808788911120814e+01	-8.003400521668107004e+00	1.565676281162772376e+01
1.165508721887268173e+00	1.876482314510104743e+01	-7.962530156303883722e+00	1.579374496277118212e+01
1.171793076256210320e+00	1.852451467622545067e+01	-7.707139289353504452e+00	1.534814951751469536e+01
1.178087436369658958e+00	1.834954522156703405e+01	-7.748702936756589388e+00	1.553007675529484111e+01
1.184367654251526902e+00	1.812931631580858749e+01	-7.618139698509401647e+00	1.547570480508432667e+01
1.190634642299266632e+00	1.792241211347880991e+01	-7.515997188604339740e+00	1.510121965410403178e+01
1.196912208834400859e+00	1.785622589426665030e+01	-7.605258172204165668e+00	1.530795923276314596e+01
1.203201577354146234e+00	1.752203990019333446e+01	-7.444213364119664611e+00	1.501385900804767637e+01
1.209486844441705733e+00	1.742957291991218582e+01	-7.416165357589258988e+00	1.501452349636882033e+01
1.215763902074809888e+00	1.731139771734325450e+01	-7.488340558656589430e+00	1.525646684471365511e+01
1.222049755171146668e+00	1.704880715573862915e+01	-7.263567179887036040e+00	1.469624696125264762e+01
1.228340616621486969e+00	1.691990347309354803e+01	-7.227440323257527943e+00	1.502146184462112011e+01
1.234632986576932767e+00	1.679113141266372011e+01	-7.263365719750437322e+00	1.496670078907035872e+01
1.240902247176856488e+00	1.664528751919498362e+01	-7.155131609099229628e+00	1.511383346011489337e+01
1.247174839144687519e+00	1.644998455561411177e+01	-6.968413056253718985e+00	1.477177880877355776e+01
1.253465459933442272e+00	1.626633416082443162e+01	-7.026782330563229095e+00	1.472595276777171946e+01
1.259749951892178421e+00	1.611913468263135130e+01	-6.830483157741265465e+00	1.465528155676008559e+01
1.266032143127253873e+00	1.608452773937345270e+01	-6.960010640050509956e+00	1.478549249432157353e+01
1.272316288472006507e+00	1.590972959633935346e+01	-6.888586455607482506e+00	1.446066771582607480e+01
1.278604155058621350e+00	1.569968877988079470e+01	-6.717039579380241321e+00	1.439982106825318731e+01
1.284886588933593865e+00	1.561578896403077721e+01	-6.858570470928433416e+00	1.464340010819440252e+01
1.291175420066583257e+00	1.550740260826038863e+01	-6.693174249522479968e+00	1.440265639767491379e+01
1.297465726373772332e+00	1.535362037924703138e+01	-6.466641196878645914e+00	1.446324186345764140e+01
1.303741827011944299e+00	1.523563605660890374e+01	-6.529516539104444739e+00	1.433367792691709397e+01
1.310017322922761851e+00	1.515121786139018667e+01	-6.429238664162455485e+00	1.449825861658962722e+01
1.316301447662886703e+00	1.498450432817014999e+01	-6.392552409312419748e+00	1.426700189388981954e+01
1.322586760363303249e+00	1.487022235474954357e+01	-6.438100625420043244e+00	1.429511050856908128e+01
1.328865492452874664e+00	1.475351347952632253e+01	-6.288164589838975083e+00	1.405980476807189206e+01
1.335144804954555564e+00	1.471861452139408932e+01	-6.410261052598468012e+00	1.447852308697992108e+01
1.341440516272275119e+00	1.453644953572333165e+01	-6.225364462839539925e+00	1.429808677912495796e+01
1.347730868417094552e+00	1.437254569502680290e+01	-6.002977467794603506e+00	1.409673117004530241e+01
1.354001589994877630e+00	1.434018897370251544e+01	-6.066184197265554801e+00	1.395224232401755415e+01
1.360282609297778444e+00	1.418322848095895061e+01	-5.912359351222248982e+00	1.394458696646994866e+01
1.366565686457597906e+00	1.407175744728410116e+01	-5.950874705172130241e+00	1.378667918415196780e+01
1.372851498482432708e+00	1.397779273922831322e+01	-5.948178103306630327e+00	1.386951837286625100e+01
1.379135372929401804e+00	1.389967661119883502e+01	-5.898151976404853336e+00	1.383815271565323890e+01
1.385409567149057164e+00	1.386724793052549565e+01	-5.909137780941293272e+00	1.389253195539113683e+01
1.391698641219299315e+00	1.371273392644007139e+01	-5.661325319600958750e+00	1.372233544410926598e+01
1.397984451439470810e+00	1.358890275401124192e+01	-5.589433362657469040e+00	1.367395071788462779e+01
1.404267883409181961e+00	1.348792587017201861e+01	-5.636082188204085242e+00	1.372013817414242176e+01
1.410554779484869181e+00	1.341175704585267603e+01	-5.427633506866988533e+00	1.353369523392214901e+01
1.416837833547465397e+00	1.335733605260654855e+01	-5.559930119911922652e+00	1.357629662044274355e+01
1.423118177187137068e+00	1.332777993086632939e+01	-5.606984430703108480e+00	1.369531311640274218e+01
1.429397801164240089e+00	1.318365014433694427e+01	-5.469210274662059668e+00	1.337139935671414115e+01
1.435686921822787232e+00	1.312206542714958779e+01	-5.324604537721144837e+00	1.362019990338779785e+01
1.441977121769299597e+00	1.303280394129206421e+01	-5.274639474721879218e+00	1.338305760842640346e+01
1.448253667853332427e+00	1.293841461281251171e+01	-5.334807756855608929e+00	1.348625581103642190e+01
1.454532348972172651e+00	1.288959093988142257e+01	-5.315302896997501136e+00	1.335667970468015398e+01
1.460819319151879903e+00	1.281368570568393395e+01	-5.201102692487675760e+00	1.330899520656666013e+01
1.467110364402026468e+00	1.273064147639636268e+01	-5.222424253197444521e+00	1.325696206279371836e+01
1.473392908948962132e+00	1.264521006319953500e+01	-5.026352568883612371e+00	1.315204509837635172e+01
1.479669965243598950e+00	1.259468025781576550e+01	-5.023213130017924577e+00	1.324499909035890965e+01
1.485956144602843532e+00	1.253641773314481611e+01	-5.177065839916822121e+00	1.317278015068158403e+01
1.492233610763115115e+00	1.249081944796173893e+01	-5.103617760869522790e+00	1.314009185517612543e+01
1.498502470379980078e+00	1.238774804810410757e+01	-5.009340756925939608e+00	1.316128616164074749e+01
1.504785752051182701e+00	1.237323824280228379e+01	-4.951734026004786848e+00	1.313073710472743727e+01
1.511075991894575976e+00	1.226417942013799411e+01	-4.885681314070475345e+00	1.300389103430191895e+01
1.517361634985162189e+00	1.220867287465253348e+01	-4.915465089401552135e+00	1.296994635198170442e+01
1.523648570969130533e+00	1.220000108961364482e+01	-4.832209178531686966e+00	1.301482836759610073e+01
1.529938035715892264e+00	1.211962268407272170e+01	-4.857941668069730490e+00	1.298255331533672852e+01
1.536230176913891965e+00	1.206544663523508376e+01	-4.734444108022403341e+00	1.299990542769687174e+01
1.542510718779388279e+00	1.199281091762741802e+01	-4.682325638146787483e+00	1.288256647496048046e+01
1.548783963082980275e+00	1.199066890540829000e+01	-4.831366913326681001e+00	1.288488425894803946e+01
1.555073069779651318e+00	1.184374194967427307e+01	-4.694764018595790844e+00	1.259961301031760073e+01
1.561357324927233892e+00	1.182007914659660130e+01	-4.694686487522157670e+00	1.267806374833993566e+01
1.567629121053141006e+00	1.180948802781781026e+01	-4.636803172040004029e+00	1.267854173009046370e+01
1.573913697404382583e+00	1.177728930094340321e+01	-4.631294804510269536e+00	1.272087438659012371e+01
1.580203545230874029e+00	1.167607856877603467e+01	-4.687485056729068233e+00	1.256265554324283329e+01
1.586485393434537983e+00	1.164301840003316713e+01	-4.566063441434294212e+00	1.269835333978822334e+01
1.592760014263005841e+00	1.158955070592512726e+01	-4.549616523637871168e+00	1.248973879496024075e+01
1.599046436394670812e+00	1.154668491077084447e+01	-4.615562344178522736e+00	1.251126379988268589e+01
1.605342136637478934e+00	1.150153271486026973e+01	-4.544759306703069157e+00	1.254856736828462793e+01
1.611619860919608627e+00	1.150910949289644947e+01	-4.531874266964764253e+00	1.255656186251850848e+01
1.617897597081673799e+00	1.141407536472969220e+01	-4.468144445614471216e+00	1.234641931939987636e+01
1.624183235481122756e+00	1.139206089772281771e+01	-4.531248268006001112e+00	1.232471088597427311e+01
1.630464598531913722e+00	1.132292120445884187e+01	-4.463867583903502911e+00	1.227804495300562238e+01
1.636748985747638274e+00	1.131641466862380518e+01	-4.480759710479174984e+00	1.236638841932843391e+01
1.643030923698886259e+00	1.126421358499906589e+01	-4.411636121484085571e+00	1.223532752093493414e+01
1.649309176648513064e+00	1.124805856346847577e+01	-4.428163285502336066e+00	1.235200816255328071e+01
1.655593633940351861e+00	1.120368507033410843e+01	-4.423087904165032391e+00	1.226570012188111924e+01
1.661879571405086464e+00	1.120835535117030801e+01	-4.379281402261066880e+00	1.230301926491426912e+01
1.668169361685170271e+00	1.118231744739679279e+01	-4.411696496382813137e+00	1.218498625534972923e+01
1.674450151530487485e+00	1.110914076106502435e+01	-4.417361969777727992e+00	1.222612577130668043e+01
1.680722718978495900e+00	1.107106128450330473e+01	-4.403910998322356107e+00	1.201947803228562073e+01
1.687013891340952476e+00	1.102410691629655837e+01	-4.289353401331280402e+00	1.214213192369012795e+01
1.693308984907921033e+00	1.103714084653815419e+01	-4.404257474433619812e+00	1.210073564485502473e+01
1.699582147428448486e+00	1.099890567492965943e+01	-4.370619959253726705e+00	1.203829780370104707e+01
1.705863747055134105e+00	1.098726416145149187e+01	-4.394608407620602897e+00	1.203974029168073479e+01
1.712154434283889470e+00	1.094049368371002551e+01	-4.306782945021116582e+00	1.199927981564833424e+01
1.718438381579399321e+00	1.091199786125300442e+01	-4.374511674538025474e+00	1.190086521512322371e+01
1.724721264464063930e+00	1.088882914408891089e+01	-4.337297626766787317e+00	1.189143120184332858e+01
1.730997441276920679e+00	1.086841872681366716e+01	-4.336217957889325625e+00	1.186832062132690169e+01
1.737287073528269499e+00	1.085470296448802863e+01	-4.310145007169933429e+00	1.185283107652584711e+01
1.743567991878527401e+00	1.085056899813080911e+01	-4.405557596506171514e+00	1.195198937406531847e+01
1.749840680212231048e+00	1.077386810657614191e+01	-4.309701745387957139e+00	1.178824939113533965e+01
1.756128549091961144e+00	1.076873646086946046e+01	-4.305092564704546376e+00	1.174020472406048121e+01
1.762413535324792502e+00	1.073454999727463921e+01	-4.308493687395638538e+00	1.167512820761367109e+01
1.768696187669963837e+00	1.072878425180035045e+01	-4.253217860678118356e+00	1.171867981806922465e+01
1.774979359379055266e+00	1.072641757623509662e+01	-4.343709806002902241e+00	1.171526283117785461e+01
1.781265555576432957e+00	1.069513131690360730e+01	-4.303529328594814629e+00	1.171482229359248706e+01
1.787549427830244619e+00	1.068768666095808584e+01	-4.332832905084202046e+00	1.158605943531676097e+01
1.793834120011633004e+00	1.069353078500588339e+01	-4.397474722725975838e+00	1.156948554590124090e+01
1.800115051552487300e+00	1.066431289140180994e+01	-4.449415538867210529e+00	1.170249562589162728e+01
1.806393904854530330e+00	1.061975430069481341e+01	-4.368691151935215622e+00	1.149883301135469615e+01
1.812674089667083432e+00	1.061991891075273919e+01	-4.342830902507354374e+00	1.152803845920401749e+01
1.818956920109354058e+00	1.057711047484723821e+01	-4.406507897454149614e+00	1.146475111397895219e+01
1.825244164118212220e+00	1.056442373367232790e+01	-4.346918675317990477e+00	1.142183859809864366e+01
1.831527256642196955e+00	1.057132353772375133e+01	-4.429341345741685032e+00	1.135052860735017433e+01
1.837811294935716599e+00	1.057523660898162632e+01	-4.445568870340792955e+00	1.145607357878655286e+01
1.844100717411196744e+00	1.056104805416207881e+01	-4.496121971307449172e+00	1.141408530373250763e+01
1.850384816792487230e+00	1.054822665460042685e+01	-4.422624021524066862e+00	1.144949099232127310e+01
1.856666059735203822e+00	1.051633610639109762e+01	-4.386684003097925277e+00	1.130140476902032987e+01
1.862947728675613979e+00	1.050000531973332230e+01	-4.386716459709082194e+00	1.129202803874851568e+01
1.869229324466858078e+00	1.048450961039971752e+01	-4.416346028741219065e+00	1.129754344285142409e+01
1.875517616802973686e+00	1.049632790886228406e+01	-4.449767970297894060e+00	1.124359021876421671e+01
1.881800769033795229e+00	1.046491514616523233e+01	-4.435126271110719998e+00	1.106074866125107548e+01
1.888078863416442710e+00	1.048381474489362830e+01	-4.448172068996350426e+00	1.121934425789126344e+01
1.894353975182237582e+00	1.045941799218324952e+01	-4.494875349169165979e+00	1.124013832952730318e+01
1.900642716154182565e+00	1.044195583120078297e+01	-4.478024408020409908e+00	1.106568358013250375e+01
1.906933494748685121e+00	1.043136872025363893e+01	-4.560417855863875936e+00	1.109141185111801597e+01
1.913207568676573933e+00	1.044130833759917287e+01	-4.604109123863294961e+00	1.116896875401473643e+01
1.919490884732178992e+00	1.041157381551630579e+01	-4.541564180560467179e+00	1.107162612948227931e+01
1.925776855684274480e+00	1.043454220782408370e+01	-4.618723811642621691e+00	1.112713228673404053e+01
1.932064452961978152e+00	1.044316447722509267e+01	-4.631636870695587049e+00	1.113955158978754234e+01
1.938342610030488800e+00	1.039945298526298068e+01	-4.528331773105374047e+00	1.103453527410314905e+01
1.944618341543410178e+00	1.042920958150744681e+01	-4.619660804061557435e+00	1.098823643768374758e+01
1.950906260203513876e+00	1.039503467799649705e+01	-4.550365374892141546e+00	1.091150837332120105e+01
1.957194556613796488e+00	1.038727697999316923e+01	-4.610217245066756675e+00	1.101041012644274808e+01
1.963479614559011432e+00	1.040450584460388939e+01	-4.690803759100635517e+00	1.091072466707530708e+01
1.969760361532916226e+00	1.039741784876871655e+01	-4.675665432376295172e+00	1.094356455737667666e+01
1.976048367034604736e+00	1.038051166473668552e+01	-4.653439660761311103e+00	1.082607687396812679e+01
1.982337990217652335e+00	1.038588683321412631e+01	-4.645832319652169140e+00	1.088828266771097297e+01
1.988617489259562721e+00	1.037823501469785015e+01	-4.669026118931497216e+00	1.087257767230409655e+01
1.994896320665194178e+00	1.034540206693096032e+01	-4.683906695978195422e+00	1.083503346425518998e+01
2.001179596222827151e+00	1.037349867305104567e+01	-4.673927672741179151e+00	1.078077436622305285e+01
2.007459756923499761e+00	1.036542711277924589e+01	-4.740784116549202842e+00	1.078089786513499249e+01
2.013737397779169935e+00	1.035299852864594250e+01	-4.708298507721827342e+00	1.074542338517537488e+01
2.020017234677497164e+00	1.032301578276386955e+01	-4.681785471107680507e+00	1.062301022478551005e+01
2.026310251015072783e+00	1.035234158048131903e+01	-4.763653886042136243e+00	1.075314235380951189e+01
2.032600542948020284e+00	1.034812830459207689e+01	-4.772738164191766330e+00	1.061898556944548133e+01
2.038873863192099289e+00	1.039090935977811014e+01	-4.836156302356184433e+00	1.074202299460688437e+01
2.045154087821675404e+00	1.033140559144199955e+01	-4.743914811963743539e+00	1.058347068203474706e+01
2.051444704514288730e+00	1.035038503876485727e+01	-4.773117112308738363e+00	1.064424507260186381e+01
2.057730430280644729e+00	1.035977544865939137e+01	-4.840984716023417178e+00	1.064766046847584136e+01
2.064013940455224461e+00	1.035995984521028213e+01	-4.807885655399727121e+00	1.061288554098185521e+01
2.070299891179459895e+00	1.033691389783235159e+01	-4.876406330661251509e+00	1.052563487021366306e+01
2.076589719964883951e+00	1.036193307138001529e+01	-4.793969768876920057e+00	1.053873986040106203e+01
2.082865483794470673e+00	1.035475060285727267e+01	-4.874721786022634618e+00	1.055409211691302573e+01
2.089134494859368640e+00	1.036744533067931684e+01	-4.848411566977834042e+00	1.048681961833162291e+01
2.095424211360070288e+00	1.035476202689446268e+01	-4.882448537812101641e+00	1.040618046914223171e+01
2.101707116664804254e+00	1.034035377200489947e+01	-4.904421257033218851e+00	1.046048856243656822e+01
2.107986473933564309e+00	1.036875483885762250e+01	-4.913904302211833830e+00	1.046324885318751008e+01
2.114271806543862375e+00	1.033218168080542476e+01	-4.946927142774115715e+00	1.036475760862853868e+01
2.120552717288892275e+00	1.035848959751382203e+01	-4.950093410305557384e+00	1.036659636246857552e+01
2.126836933207161717e+00	1.034789767277985995e+01	-4.920240858515666282e+00	1.029126918369610877e+01
2.133122044791171845e+00	1.035808904238403194e+01	-4.940338544728270165e+00	1.036155040202429767e+01
2.139411711910842673e+00	1.036090290749325504e+01	-4.960779962911215257e+00	1.033306337085637239e+01
2.145697076775292089e+00	1.036224207658948515e+01	-5.015380393439758500e+00	1.031981030006751787e+01
2.151973548606471276e+00	1.036612819346852632e+01	-4.959951086917318896e+00	1.027743341548823075e+01
2.158259913555724108e+00	1.035071859954384621e+01	-5.002339111221592027e+00	1.020782446423077694e+01
2.164545396699105506e+00	1.039556609064128878e+01	-5.067569060859944408e+00	1.029965075771147731e+01
2.170830700377734068e+00	1.037178244824218432e+01	-5.023909848665057964e+00	1.014324542946433461e+01
2.177114138849150393e+00	1.036275316797790325e+01	-5.046440333921385246e+00	1.012314116474372305e+01
2.183387647576827018e+00	1.032752947522941689e+01	-4.975079771993319966e+00	1.004978027340656510e+01
2.189670273687676971e+00	1.038726254368040358e+01	-5.037592319959629528e+00	1.018072655485467415e+01
2.195960147934207463e+00	1.036531423314892919e+01	-5.064632323831852467e+00	1.006111714911128097e+01
2.202242556317716371e+00	1.036427981498898454e+01	-5.004487535346408222e+00	1.002655495220746928e+01
2.208521655981037668e+00	1.038953222073692118e+01	-5.103296101283618214e+00	1.007195451893072224e+01
2.214804637081333016e+00	1.037287263272819793e+01	-5.047579023632682294e+00	1.007512792722567951e+01
2.221092583349425276e+00	1.037005047420831261e+01	-5.146202895951052625e+00	1.007769656206226827e+01
2.227372893591468728e+00	1.040404097647984472e+01	-5.121164150316377395e+00	1.005443881201940926e+01
2.233657161144248171e+00	1.038738717230039832e+01	-5.083818832712617031e+00	1.000987964521513796e+01
2.239943485394438660e+00	1.036987340385448952e+01	-5.062180215996201049e+00	9.880496988905978384e+00
2.246224175264620815e+00	1.039109500894921467e+01	-5.089936181066063270e+00	9.943455906250690646e+00
2.252506378421252009e+00	1.037578477910031083e+01	-5.079042420499845889e+00	9.862416852317279492e+00
2.258783417054270437e+00	1.040878941018750758e+01	-5.110223107277185761e+00	9.985452066798449877e+00
2.265069077371457684e+00	1.040208635514459345e+01	-5.127994397402699356e+00	9.848360064657391888e+00
2.271350377044131452e+00	1.040287633899391651e+01	-5.147312002372518513e+00	9.863950447321151671e+00
2.277633995145353918e+00	1.040029714462666632e+01	-5.105437700061815853e+00	9.797641603732396121e+00
2.283922419579920149e+00	1.041905532715455962e+01	-5.136244335736574129e+00	9.839253891004950958e+00
2.290202874392252674e+00	1.040349045894962643e+01	-5.117932149108601614e+00	9.763457814576160132e+00
2.296490779970905560e+00	1.040668342794809931e+01	-5.179133604617764064e+00	9.752230063913955860e+00
2.302771769934229162e+00	1.041651561467934251e+01	-5.102134792304369171e+00	9.684969992687591400e+00
2.309051364164305564e+00	1.039846605196071039e+01	-5.156773072971462923e+00	9.689869870019531817e+00
2.315338502539088239e+00	1.044934422950143826e+01	-5.210392064607992424e+00	9.784939503185261955e+00
2.321627336503874428e+00	1.041883216609994101e+01	-5.130942664621876759e+00	9.615733420729716485e+00
2.327911878297218795e+00	1.042861110966612870e+01	-5.162306533865205438e+00	9.655171287600227359e+00
2.334186238580297168e+00	1.042575116575131133e+01	-5.140701564052627681e+00	9.581780251822070937e+00
2.340467971862688401e+00	1.040633545982848140e+01	-5.089003459230853288e+00	9.499058061837313716e+00
2.346756940970738725e+00	1.043223435792458886e+01	-5.124828400247958271e+00	9.577898585875933790e+00
2.353044444556199988e+00	1.043275158969896843e+01	-5.179072023011692671e+00	9.594472296494643615e+00
2.359327653314069906e+00	1.046657664490714623e+01	-5.219553824291703670e+00	9.617405641700603525e+00
2.365603048789861607e+00	1.044425728663853548e+01	-5.143958449694193469e+00	9.469137030184825221e+00
2.371885911737665165e+00	1.042343248219157381e+01	-5.130816360300848089e+00	9.403822508648961076e+00
2.378173303594019572e+00	1.046645481646875275e+01	-5.197672109282527764e+00	9.507385854503452194e+00
2.384454016539381271e+00	1.047218018206820922e+01	-5.137762834206320406e+00	9.475404737199385252e+00
2.390736447344785187e+00	1.043247025441438147e+01	-5.033312078775155740e+00	9.302306404367559622e+00
2.397014133897952259e+00	1.045851508925268369e+01	-5.092004887991312678e+00	9.297364989789620893e+00
2.403295490074321972e+00	1.046438383957377027e+01	-5.123522726655683535e+00	9.353448556535550296e+00
2.409585049672506862e+00	1.044845960415310770e+01	-5.045347581529392222e+00	9.293581783929267814e+00
2.415871703165322071e+00	1.048630060155812416e+01	-5.115719629960667980e+00	9.280627630028018160e+00
2.422160652369088840e+00	1.047324256049065383e+01	-5.121273660386254534e+00	9.235584630051981492e+00
2.428440167222748691e+00	1.045976191800278698e+01	-5.110709771208314045e+00	9.262417144074960973e+00
2.434717472383889803e+00	1.046235552939992886e+01	-5.055083287259239277e+00	9.188132479214763393e+00
2.441002456202044257e+00	1.049244097940779952e+01	-5.097642188752885772e+00	9.244854249837612059e+00
2.447289980304530488e+00	1.048818944245345897e+01	-5.114424998079093676e+00	9.187004010575167356e+00
2.453571844729242279e+00	1.047816090814474244e+01	-5.067395941670057802e+00	9.184624024579134627e+00
2.459852705114058846e+00	1.049295315239988646e+01	-5.076594240357428234e+00	9.091195866455429098e+00
2.466139233225018934e+00	1.047928092053092719e+01	-5.066653523924538938e+00	9.068748136713379537e+00
2.472421963421291391e+00	1.047958976478146553e+01	-4.993390238662382963e+00	9.026164958057250942e+00
2.478698519174224568e+00	1.050011228682175712e+01	-5.062248222046132895e+00	9.076332511166384620e+00
2.484980841400355800e+00	1.053456242328537407e+01	-5.087035878964035085e+00	9.148258199679155211e+00
2.491269319409339822e+00	1.050530224981877225e+01	-5.036947963575217457e+00	8.991110307901729826e+00
2.497548505139029373e+00	1.049844469808068936e+01	-4.988394758859098665e+00	8.969088394431098621e+00
2.503831667172610853e+00	1.049956153353551969e+01	-5.017040900672038006e+00	8.998648248478605893e+00
2.510117938323931153e+00	1.051685602725498825e+01	-5.016757931180837460e+00	8.970290925776581048e+00
2.516400733681277480e+00	1.051201714934777343e+01	-4.951951744164707847e+00	8.940977244330808205e+00
2.522688226833368130e+00	1.054431038674901444e+01	-4.984161720962346998e+00	8.948551974790293073e+00
2.528971695852665569e+00	1.050783639261870661e+01	-4.996623272923491399e+00	8.872587991868737589e+00
2.535252039407670299e+00	1.054397585435788898e+01	-4.992913368696538789e+00	8.910341210340071427e+00
2.541537514142774512e+00	1.053171793071595808e+01	-4.981765613625097622e+00	8.830748969143343174e+00
2.547823008847572179e+00	1.052936779328794970e+01	-4.953765118995667294e+00	8.798648855436049132e+00
2.554100666580690238e+00	1.054340328249645431e+01	-4.954608387575613726e+00	8.819252440653597702e+00
2.560376788884177301e+00	1.053144040439879348e+01	-4.902044214360160801e+00	8.768217433256577209e+00
2.566667521601497359e+00	1.055765719034669914e+01	-4.964182913455839952e+00	8.790809372303518998e+00
2.572955062237090473e+00	1.055974396241308888e+01	-4.975696707226985538e+00	8.740273668490143422e+00
2.579233771797999175e+00	1.058595903350816414e+01	-4.911036558245008621e+00	8.735948309723070793e+00
2.585520164300948220e+00	1.056179446080680151e+01	-4.885676118449761240e+00	8.758000564243115349e+00
2.591805130332431872e+00	1.056438551664409786e+01	-4.892335472908269978e+00	8.647846108069387583e+00
2.598084074692260881e+00	1.057743824356430196e+01	-4.877118217766727604e+00	8.731153764604874468e+00
2.604360404197643586e+00	1.058947568091840985e+01	-4.860660703877002220e+00	8.640367640344514655e+00
2.610647185140439142e+00	1.058938496983836686e+01	-4.885187831219112375e+00	8.660040056225486893e+00
2.616931864059273138e+00	1.061412693875383439e+01	-4.915812271761191177e+00	8.599999526325207810e+00
2.623206107911065565e+00	1.059166789860533520e+01	-4.801204981062427102e+00	8.668351207242766421e+00
2.629491626543270844e+00	1.060364951809236267e+01	-4.823167008953141099e+00	8.562929589535556829e+00
2.635778507982642349e+00	1.062023381380127063e+01	-4.832116826651035701e+00	8.611508302818958072e+00
2.642061039325260818e+00	1.060431766119921804e+01	-4.756535807116137882e+00	8.557042347694112649e+00
2.648343840729305843e+00	1.063300259633417610e+01	-4.835996595025107148e+00	8.605305593298655964e+00
2.654631838974855551e+00	1.062991438381795106e+01	-4.773118710985881030e+00	8.543937439590012062e+00
2.660919001246303761e+00	1.063544860004013692e+01	-4.813654604210169552e+00	8.515401846290748367e+00
2.667198525130066056e+00	1.063238083970564318e+01	-4.761001124178288357e+00	8.528505376489228240e+00
2.673484307038032526e+00	1.066042940494091873e+01	-4.759642487258444632e+00	8.483608055889519051e+00
2.679773388053849459e+00	1.065790403019266996e+01	-4.735240653714472003e+00	8.505334626240790286e+00
2.686058217632288692e+00	1.066945300168601918e+01	-4.703250882240781472e+00	8.451713260711551712e+00
2.692338738200057868e+00	1.067006961493563999e+01	-4.721994316465437436e+00	8.504060695794018798e+00
2.698618022887226964e+00	1.069287124835733138e+01	-4.703113380468158411e+00	8.481332537348682976e+00
2.704895450708277860e+00	1.070935756377759596e+01	-4.738647688927671631e+00	8.517541768862010088e+00
2.711175674923682166e+00	1.069636325916804509e+01	-4.684504008858711543e+00	8.472943521001029765e+00
2.717459832966957922e+00	1.070051301918456588e+01	-4.658267192417723024e+00	8.453355300309484122e+00
2.723745731959044569e+00	1.072252929208310590e+01	-4.677613891332409679e+00	8.526386456774703859e+00
2.730038414850594730e+00	1.070717181934482909e+01	-4.654833769031216484e+00	8.412434950120903920e+00
2.736317989800789441e+00	1.072893035559906316e+01	-4.660900796279310754e+00	8.401193861128069429e+00
2.742591858549239703e+00	1.073406279115621764e+01	-4.607929456340784213e+00	8.392024645585495435e+00
2.748879749010778362e+00	1.075210355918433791e+01	-4.586550479847879558e+00	8.360632154167287666e+00
2.755163403825859447e+00	1.078148235499677732e+01	-4.602743172895826795e+00	8.484915479460939380e+00
2.761446955625852073e+00	1.076831272253780547e+01	-4.597957697930493026e+00	8.371703464491474733e+00
2.767732088935374701e+00	1.077218838115837585e+01	-4.579013047566780514e+00	8.373242388416391790e+00
2.774015452421743966e+00	1.077680925722352967e+01	-4.538601068925850690e+00	8.362934982764739900e+00
2.780298635700591436e+00	1.080417796011302656e+01	-4.566660704898432677e+00	8.379739498507246864e+00
2.786577474762241380e+00	1.080942940434751698e+01	-4.536803404692649977e+00	8.390042949928549376e+00
2.792857983210164541e+00	1.082853002435680700e+01	-4.518936172340857205e+00	8.406147325937421755e+00
2.799143790920211483e+00	1.083613294405631855e+01	-4.495573212440582722e+00	8.368061761318445591e+00
2.805430058399325244e+00	1.084144079590895160e+01	-4.534676368755627962e+00	8.348880682831287814e+00
2.811715058209780072e+00	1.086181302932319070e+01	-4.533233958542595587e+00	8.397880902453493945e+00
2.817989272498773623e+00	1.086842063436926864e+01	-4.508232025628243100e+00	8.415682498972795855e+00
2.824269171595737760e+00	1.087064206748609152e+01	-4.505810662941135192e+00	8.310508813716444010e+00
2.830563016441804081e+00	1.090866935400583593e+01	-4.512603766440217434e+00	8.421975631648624727e+00
2.836848750951622034e+00	1.092707026386522351e+01	-4.479728677661145575e+00	8.454354664041785483e+00
2.843130027866129783e+00	1.093153687345425418e+01	-4.484076565558297922e+00	8.372508952323286735e+00
2.849413896912404986e+00	1.095572852909483608e+01	-4.462673541357707663e+00	8.463216836863912462e+00
2.855697464522425566e+00	1.095973632641165807e+01	-4.425860136225495012e+00	8.450223281818411536e+00
2.861978799810683594e+00	1.095821773081340922e+01	-4.366979956999386125e+00	8.367311159079172000e+00
2.868262469415629567e+00	1.097460170753077335e+01	-4.438861494260812002e+00	8.367797858846859782e+00
2.874547359206753860e+00	1.100789901033906482e+01	-4.417130502540441483e+00	8.500178901239005214e+00
2.880831111471525041e+00	1.102991643616783612e+01	-4.424491658384391179e+00	8.439834774962715613e+00
2.887113216972382546e+00	1.102648426500032208e+01	-4.389627433501928522e+00	8.493261581709862895e+00
2.893394504725182781e+00	1.105874200609548375e+01	-4.417538425358746856e+00	8.504780658285090666e+00
2.899673662137033592e+00	1.106195339916513909e+01	-4.358156873780556495e+00	8.494957291306768354e+00
2.905953958587380814e+00	1.106822432781110166e+01	-4.410414642371752514e+00	8.505147849443739361e+00
2.912241118105161064e+00	1.109299009724800911e+01	-4.352860146856573742e+00	8.578040728457715147e+00
2.918525996366671205e+00	1.112412070209566650e+01	-4.340879055417143917e+00	8.517666367613841771e+00
2.924809035425688819e+00	1.114023887983327299e+01	-4.348133992214139099e+00	8.590636877504387314e+00
2.931095916293684933e+00	1.115179470419908370e+01	-4.336424938723975941e+00	8.552167784361270009e+00
2.937378182606774413e+00	1.117714009657544239e+01	-4.332540296315250394e+00	8.629808806863771053e+00
2.943659980254369923e+00	1.119508015552819380e+01	-4.340423642815030902e+00	8.595297328026372696e+00
2.949946454403890250e+00	1.122632035195316647e+01	-4.342786545993009284e+00	8.703194931271946544e+00
2.956227653702202307e+00	1.122941040272523594e+01	-4.345502885394185277e+00	8.704696346075246893e+00
2.962510478867462993e+00	1.125704160923491948e+01	-4.326894140508473541e+00	8.669688364849740481e+00
2.968796535179442309e+00	1.126965600467603501e+01	-4.282432572806829540e+00	8.667031674833221899e+00
2.975077657376874907e+00	1.131477695450071153e+01	-4.362312263585002015e+00	8.809771961189445832e+00
2.981359866759223376e+00	1.132691924116569382e+01	-4.282402131175566673e+00	8.714167646414912483e+00
2.987646761575656562e+00	1.134057113794454530e+01	-4.299310671719517529e+00	8.816465216827216622e+00
2.993929038370399365e+00	1.138514912460863648e+01	-4.287832497868997450e+00	8.846894296945194469e+00
3.000206214840962726e+00	1.138798727083246298e+01	-4.305016306300585072e+00	8.842740682220902926e+00
3.006486172402415669e+00	1.144366078920464069e+01	-4.337586947456682829e+00	8.907383539398283645e+00
3.012769812211594456e+00	1.142544948835919527e+01	-4.342123805637611689e+00	8.903245063559422690e+00
3.019053144326170113e+00	1.148192178616119108e+01	-4.316122007307609643e+00	8.986088756044097181e+00
3.025337405144251424e+00	1.148017399034200459e+01	-4.276607266874004054e+00	8.927366020559022175e+00
3.031623734799107961e+00	1.151027816064077136e+01	-4.248336471948874760e+00	9.037320488111630468e+00
3.037908962055872575e+00	1.154104919360615433e+01	-4.312009825913102112e+00	9.036571793613520143e+00
3.044195067146031608e+00	1.157877529564904151e+01	-4.293963470564454710e+00	9.127558485650013154e+00
3.050475543482170426e+00	1.158805227054330445e+01	-4.254442110521417852e+00	9.089095711379860276e+00
3.056754954538277502e+00	1.162191491923783460e+01	-4.268361781942911826e+00	9.134981895785198702e+00
3.063040539557494668e+00	1.166132940114130534e+01	-4.294395384039136232e+00	9.272076159291382069e+00
3.069323699454357346e+00	1.169069519603048590e+01	-4.294156528054004163e+00	9.293858796367755915e+00
3.075610692642898769e+00	1.172796458503942318e+01	-4.319646533138191913e+00	9.327268184426699804e+00
3.081893798009918584e+00	1.174431669956992508e+01	-4.301570001451714198e+00	9.381290660779425750e+00
3.088174549548037717e+00	1.179261442058826859e+01	-4.322550668748171177e+00	9.412126970442146856e+00
3.094458635632868493e+00	1.181132372260655927e+01	-4.291402107126611298e+00	9.465486342043311296e+00
3.100743982931558840e+00	1.183791406722883544e+01	-4.253231291264548020e+00	9.516905291252738763e+00
3.107028111748448396e+00	1.188113131919095800e+01	-4.269847880060875234e+00	9.568021838491770126e+00
3.113309299655494300e+00	1.192003487177582066e+01	-4.284905919198346069e+00	9.683206600465162239e+00
3.119590662867241626e+00	1.192763192782815196e+01	-4.271614352161653194e+00	9.636264326878972497e+00
3.125874006820172912e+00	1.198789185255412626e+01	-4.354850500593819618e+00	9.740124502382311533e+00
3.132159251154602586e+00	1.201989582987842020e+01	-4.323273947966385755e+00	9.761727393779430884e+00
3.138439172765940643e+00	1.204334091859359290e+01	-4.308725415514746082e+00	9.893672646194742626e+00
3.144723867719826593e+00	1.209978918014938643e+01	-4.358034977856346970e+00	9.954467546377294696e+00
3.151003951258561031e+00	1.215329750715777024e+01	-4.347496759831463997e+00	1.005189913991100603e+01
3.157283664131563139e+00	1.217939942143595466e+01	-4.361923302669974412e+00	1.008358974715173240e+01
3.163569317183839935e+00	1.219907141011559837e+01	-4.323106860967413034e+00	1.012499735006928425e+01
3.169851661717792091e+00	1.224697701649241566e+01	-4.392935506119199474e+00	1.019957549128058716e+01
3.176137704316093657e+00	1.228329218776502252e+01	-4.370714142932318858e+00	1.027050197118046171e+01
3.182420924828643916e+00	1.232318130058609640e+01	-4.371434956395154003e+00	1.038373692698509743e+01
3.188702811875577581e+00	1.238363989376060026e+01	-4.421508032678240774e+00	1.045728168268486691e+01
3.194990520008989865e+00	1.242686065912291760e+01	-4.395082753220781235e+00	1.052667482403979271e+01
3.201275324656983834e+00	1.244175229715335185e+01	-4.386272851559604113e+00	1.053502740661551584e+01
3.207551352179861759e+00	1.252255957240078565e+01	-4.438928778079044513e+00	1.069657849602603505e+01
3.213835216737041645e+00	1.254061125888180150e+01	-4.416644721735656809e+00	1.072925329243104819e+01
3.220122579819103770e+00	1.254709567670168191e+01	-4.318833384962076138e+00	1.041268142111370132e+01
3.226406606618656525e+00	1.245178434847921523e+01	-4.061726025207087254e+00	9.665763649381478473e+00
3.232687390085645429e+00	1.234072958682621568e+01	-3.850214870626314845e+00	8.913191292787352893e+00
3.238969121280456331e+00	1.226558929482273541e+01	-3.636039916554261175e+00	8.326453863591359195e+00
3.245254751548589667e+00	1.220316736912273647e+01	-3.429258870633589584e+00	7.666709371369402781e+00
3.251534499036136783e+00	1.214219038844813170e+01	-3.285251946781619470e+00	7.110440622027989654e+00
3.257817780791052442e+00	1.210406804918789625e+01	-3.139738796747155725e+00	6.523427612019758293e+00
3.264102164154097263e+00	1.204696534477405478e+01	-2.986397328109775984e+00	5.914137263679139167e+00
3.270384152138468892e+00	1.200963295384052820e+01	-2.868988927457078564e+00	5.432450865222071101e+00
3.276669427476867735e+00	1.197570918957095643e+01	-2.774027591351927668e+00	4.961800811777322906e+00
3.282954688864507808e+00	1.193931262580357888e+01	-2.635825404298209218e+00	4.437883472558278974e+00
3.289237200334947264e+00	1.191101468910335548e+01	-2.522086857703924156e+00	3.925648988349068169e+00
3.295519587088236779e+00	1.186477908825770911e+01	-2.487753476981513945e+00	3.439605087415289475e+00
3.301805977329951958e+00	1.185523764946063174e+01	-2.381341120347593154e+00	3.089930411540810162e+00
3.308087486222440088e+00	1.182788854425596448e+01	-2.278602571494521278e+00	2.629675796375266827e+00
3.314367630234227313e+00	1.179998651165254131e+01	-2.258493896832947101e+00	2.094060017208074775e+00
3.320651909732194262e+00	1.178894579063408088e+01	-2.166281470107872753e+00	1.709957544716770306e+00
3.326931260376857047e+00	1.178565691664942428e+01	-2.073094057671807100e+00	1.337784765010128440e+00
3.333216512447217728e+00	1.175200655614481882e+01	-2.048899528064290987e+00	9.264204518714347358e-01
3.339504489419978128e+00	1.173615408176755892e+01	-2.022043654219487507e+00	5.032095866156746089e-01
3.345786804809928405e+00	1.173459178293538052e+01	-1.906434432970818493e+00	1.658278181487800595e-01
3.352071130016277767e+00	1.173720964680560463e+01	-1.894172335241735228e+00	-2.184867621579207053e-01
3.358351496304225581e+00	1.170029792495032694e+01	-1.852569238492614678e+00	-5.677665254513067916e-01
3.364630591073392019e+00	1.171865779996427115e+01	-1.832589161202435646e+00	-9.685831427529918436e-01
3.370916305215045483e+00	1.170261918892052577e+01	-1.771642715755163744e+00	-1.289401739993713658e+00
3.377197952029413752e+00	1.169522135897980064e+01	-1.757791716499331747e+00	-1.706248825211626352e+00
3.383483063818085501e+00	1.172430718925689597e+01	-1.693511066987530622e+00	-2.037576742848840716e+00
3.389769992424469969e+00	1.169081117978295126e+01	-1.656816279214494037e+00	-2.362866030653513860e+00
3.396051330885982100e+00	1.170419286427487471e+01	-1.675175181648169476e+00	-2.634487286625413649e+00
3.402330879139463971e+00	1.169299860870947150e+01	-1.618372184123241020e+00	-3.031179920877487444e+00
3.408610488352048495e+00	1.169811006463505976e+01	-1.564068451825398887e+00	-3.384267368684203969e+00
3.414897837696641236e+00	1.171213615351253701e+01	-1.582092029692251378e+00	-3.627775663822526919e+00
3.421180484052105619e+00	1.169485448912914727e+01	-1.486716247452948725e+00	-3.968279925750638260e+00
3.427461639653846870e+00	1.171670152129799725e+01	-1.522041061986247890e+00	-4.295653375713841982e+00
3.433749159643459059e+00	1.172569091492288607e+01	-1.501417579752167386e+00	-4.587886016711406612e+00
3.440032646656798310e+00	1.171541464251717457e+01	-1.470566629510732692e+00	-4.851935334533427735e+00
3.446313366033385339e+00	1.172892813347544205e+01	-1.459670121765942907e+00	-5.189952837039093048e+00
3.452600135384134905e+00	1.173895780661842991e+01	-1.493894465829261442e+00	-5.459865916957618026e+00
3.458883152815406703e+00	1.175598356895122976e+01	-1.432484851678607951e+00	-5.774747713872545596e+00
3.465163834403715448e+00	1.175602836631752446e+01	-1.407262882311336893e+00	-6.030598646500871851e+00
3.471449329786229221e+00	1.178282429677488174e+01	-1.420438054182010745e+00	-6.331932094940333933e+00
3.477734476754053894e+00	1.176868463224657368e+01	-1.404431831877714698e+00	-6.621219648772561861e+00
3.484019652467224226e+00	1.179102110693691507e+01	-1.365589843437170270e+00	-6.941616807873754347e+00
3.490297019369712928e+00	1.182716671748366721e+01	-1.381082532584958278e+00	-7.153469880669353742e+00
3.496582486484379970e+00	1.179966747659142179e+01	-1.341548585462839949e+00	-7.510508761397589161e+00
3.502868048046865024e+00	1.182818973841464860e+01	-1.325772120491347295e+00	-7.734274550153029004e+00
3.509144649545451244e+00	1.181391381373163618e+01	-1.334866247102962422e+00	-8.022275747910034838e+00
3.515428082003116295e+00	1.186564340499336190e+01	-1.337135370398083722e+00	-8.270899976659018549e+00
3.521711031624695565e+00	1.185199275061895463e+01	-1.345920909379517472e+00	-8.476777965313461394e+00
3.527991850954735664e+00	1.187987500576696753e+01	-1.358826366089329385e+00	-8.771616775684726974e+00
3.534275545726699885e+00	1.189590404263211099e+01	-1.281657768945580367e+00	-9.084577051451262264e+00
3.540562632020772149e+00	1.190703282171474342e+01	-1.332359551404353359e+00	-9.273449752302409976e+00
3.546844410757220789e+00	1.194215427746257241e+01	-1.299416599023452967e+00	-9.590040473094951778e+00
3.553131386753758836e+00	1.194171423972607293e+01	-1.287024448698122603e+00	-9.774139621612768281e+00
3.559419203211965144e+00	1.193191463795732687e+01	-1.275501668469891658e+00	-1.010205498569557037e+01
3.565697971577579839e+00	1.197241951788421410e+01	-1.319255543876498127e+00	-1.026366940649336534e+01
3.571979559134798254e+00	1.200210683689896740e+01	-1.285947977312593693e+00	-1.053575034106116526e+01
3.578265774595833726e+00	1.201212372530423700e+01	-1.298150726709696334e+00	-1.081765526438277369e+01
3.584548309769353125e+00	1.203313491373779520e+01	-1.281557315709635603e+00	-1.093544777615955965e+01
3.590826843920031486e+00	1.205252888832233893e+01	-1.271355409587797913e+00	-1.127008189986118580e+01
3.597107306745233934e+00	1.207672352645261249e+01	-1.275614926061626520e+00	-1.151117370885081215e+01
3.603392831792229245e+00	1.208621528723360505e+01	-1.280077718857862923e+00	-1.168855180041741448e+01
3.609673209822572559e+00	1.210459623534192630e+01	-1.275558492541187805e+00	-1.196594245898039155e+01
3.615955412133016189e+00	1.213197200007531862e+01	-1.280834189390443800e+00	-1.218406630640660104e+01
3.622241607772384686e+00	1.213515712201307473e+01	-1.268383144316396871e+00	-1.243907526110325890e+01
3.628520252736676444e+00	1.216662342467872016e+01	-1.271870443544413920e+00	-1.267143603429523147e+01
3.634804827569451113e+00	1.218470512820898222e+01	-1.273860267839562521e+00	-1.291739280812270962e+01
3.641094981788862928e+00	1.219361946335593316e+01	-1.246830290566851573e+00	-1.313040685832931764e+01
3.647383514928639325e+00	1.224200037774996019e+01	-1.279500900137719777e+00	-1.335038757695834377e+01
3.653663283927725658e+00	1.225162966596403180e+01	-1.275095230676330127e+00	-1.356672573353421996e+01
3.659943504072155296e+00	1.226550321822282896e+01	-1.249665333424008651e+00	-1.378788139850047223e+01
3.666232000281138603e+00	1.229130856596139232e+01	-1.248979590885623159e+00	-1.401067256373842618e+01
3.672514211678317597e+00	1.232828680275242661e+01	-1.203153527492919705e+00	-1.430047565467484283e+01
3.678794154686042539e+00	1.235635612614324685e+01	-1.249530634027081089e+00	-1.443970170342046977e+01
3.685078621861909820e+00	1.238323834995481754e+01	-1.246203098110485685e+00	-1.469991120206890045e+01
3.691359210097977961e+00	1.240394004550830864e+01	-1.256047566523991188e+00	-1.492238093816557409e+01
3.697642368173791105e+00	1.241304180153186287e+01	-1.244693092941325130e+00	-1.510822423839644735e+01
3.703925796735277665e+00	1.242983818406221985e+01	-1.249609341246615157e+00	-1.525982849699929922e+01
3.710208240364660348e+00	1.246957450963749459e+01	-1.242406509810654036e+00	-1.552465350380478171e+01
3.716494593122387169e+00	1.248940142365919215e+01	-1.251561978515390416e+00	-1.572650468262954604e+01
3.722775386659595398e+00	1.251818795890418379e+01	-1.180692798561070678e+00	-1.598951933322220320e+01
3.729058392883481510e+00	1.253778799349119843e+01	-1.243302076593054251e+00	-1.617621972280145215e+01
3.735339748210807720e+00	1.258507530687781539e+01	-1.197274411647587522e+00	-1.640798015822744205e+01
3.741620776392969638e+00	1.260575910138400069e+01	-1.240378613725310331e+00	-1.660967735974806914e+01
3.747904795418762980e+00	1.263204286940427146e+01	-1.223200046811182329e+00	-1.680804310344340280e+01
3.754190633281219380e+00	1.264902908676024751e+01	-1.236270118608178592e+00	-1.703082805973578573e+01
3.760478208018912749e+00	1.267205154463069050e+01	-1.209943678276841350e+00	-1.725406121171333851e+01
3.766755538573464346e+00	1.269397873817057310e+01	-1.232319928004889098e+00	-1.736232448483097102e+01
3.773032090135151506e+00	1.271912725205689476e+01	-1.205738873880919826e+00	-1.764414259829447573e+01
3.779322553012896879e+00	1.276289959009053376e+01	-1.219443422498119212e+00	-1.783457687330608721e+01
3.785609109731308930e+00	1.277924124338762724e+01	-1.233600859977761033e+00	-1.806865739764084822e+01
3.791889825936295200e+00	1.281718748512922268e+01	-1.209233117120494860e+00	-1.825971940797005999e+01
3.798174822702435893e+00	1.283890780295055123e+01	-1.223482722039774595e+00	-1.843216852845009157e+01
3.804458658753491651e+00	1.286886847037972359e+01	-1.198709564566388774e+00	-1.870740265268501901e+01
3.810738438095723435e+00	1.291723590527551302e+01	-1.220545774136142292e+00	-1.884478537863440550e+01
3.817018850285747167e+00	1.295379469529835248e+01	-1.227567849636124198e+00	-1.909024159632510020e+01
3.823305314209427763e+00	1.298616827194306467e+01	-1.241106888688407794e+00	-1.930133311544984664e+01
3.829591295197792178e+00	1.301841186316677934e+01	-1.234082014555495155e+00	-1.948553208714431406e+01
3.835872296070849341e+00	1.302171773058035953e+01	-1.202622974730596761e+00	-1.971583554750504419e+01
3.842156279590906109e+00	1.308541382572103196e+01	-1.207793458969795175e+00	-1.988645309196245492e+01
3.848441511099312429e+00	1.308795497646653061e+01	-1.211610109439836824e+00	-2.010698283927144203e+01
3.854723334376886079e+00	1.315193219741073349e+01	-1.232897172861224799e+00	-2.028106991710480500e+01
3.861004740704794713e+00	1.316116630901158402e+01	-1.204043568812766862e+00	-2.046555866558342274e+01
3.867284336650660848e+00	1.320510947989094319e+01	-1.195785673198394017e+00	-2.076929484319965624e+01
3.873567367678779849e+00	1.323796675018027891e+01	-1.214546935840716380e+00	-2.088240650253912634e+01
3.879850662830422792e+00	1.327274114167208907e+01	-1.189108437152785802e+00	-2.120896200494691897e+01
3.886137063198143338e+00	1.330849264771006091e+01	-1.180374164226112299e+00	-2.129828108315473756e+01
3.892419463049126005e+00	1.336604289562518133e+01	-1.236597408291620015e+00	-2.151444934288510780e+01
3.898703740328622658e+00	1.336943318132815328e+01	-1.208543879799423459e+00	-2.167886501640665031e+01
3.904991458788179326e+00	1.338161852746480207e+01	-1.169045734148178362e+00	-2.188112680172324431e+01
3.911270842222104083e+00	1.345039373947824046e+01	-1.174519630087347277e+00	-2.212047583791916239e+01
3.917549806479573071e+00	1.348404598228411722e+01	-1.199177037490279485e+00	-2.228569367075705543e+01
3.923836006203090587e+00	1.349910303497095754e+01	-1.207689300797682108e+00	-2.245809485649718340e+01
3.930121452497870926e+00	1.356562977219109634e+01	-1.200301993452642213e+00	-2.271196023538492170e+01
3.936398172858230460e+00	1.359592160773810043e+01	-1.154615092516104724e+00	-2.296647916905017794e+01
3.942683040425962293e+00	1.361572228756372738e+01	-1.123549368273737858e+00	-2.321138515747176356e+01
3.948974759704379611e+00	1.367062373240687911e+01	-1.203909350049993332e+00	-2.322735050994419126e+01
3.955259227995065352e+00	1.371684953336838575e+01	-1.162151195744358212e+00	-2.361805190994418169e+01
3.961537174921395454e+00	1.375591312679342693e+01	-1.157965456910415414e+00	-2.374523041733135997e+01
3.967820217617139544e+00	1.381072804014167055e+01	-1.166402718993414522e+00	-2.399164081699114703e+01
3.974105559832568968e+00	1.383714551486904476e+01	-1.188334521746964079e+00	-2.414221552612260524e+01
3.980384727931198352e+00	1.386898083041998753e+01	-1.189804859498329703e+00	-2.434847485702019654e+01
3.986664590839849698e+00	1.393239573244999008e+01	-1.127039850168098933e+00	-2.461522495167103131e+01
3.992949619150675034e+00	1.397141734215952980e+01	-1.168862502449064200e+00	-2.474968136363689908e+01
3.999235075769965952e+00	1.397874785524838614e+01	-1.117215193913700277e+00	-2.496279945601041916e+01
4.005515715515433506e+00	1.404082468718018539e+01	-1.164306394809553558e+00	-2.517596601726900829e+01
4.011798434346478537e+00	1.409141543312411216e+01	-1.182587765144440750e+00	-2.533684911009867946e+01
4.018083716245132386e+00	1.413358832625721995e+01	-1.153274044113133057e+00	-2.565213848538983044e+01
4.024365700052603856e+00	1.420745483620097183e+01	-1.157362606665779614e+00	-2.579046839728023599e+01
4.030643960839860540e+00	1.422429098285732785e+01	-1.173746777216749804e+00	-2.598541834401610373e+01
4.036928708926215137e+00	1.430062628703037753e+01	-1.136584925287073444e+00	-2.627723597187311455e+01
4.043218157412017177e+00	1.434100525948729832e+01	-1.142842491190520171e+00	-2.648797418573158069e+01
4.049503019487663558e+00	1.436356916696701447e+01	-1.131762008377021234e+00	-2.669720453507150637e+01
4.055781898960511000e+00	1.443771150190353758e+01	-1.131228756540182179e+00	-2.688225629235594383e+01
4.062060795621602161e+00	1.446370083305144227e+01	-1.108307442101165607e+00	-2.714864891733863672e+01
4.068347865354716042e+00	1.450247289572375742e+01	-1.144574049165517859e+00	-2.726988571017531271e+01
4.074631027173265529e+00	1.453767339710003803e+01	-1.091892158465980422e+00	-2.754629732147756727e+01
4.080910837526078971e+00	1.460589450014214563e+01	-1.095577210726703665e+00	-2.783148460598694385e+01
4.087201203341442657e+00	1.466049395424104951e+01	-1.075328227601275444e+00	-2.806588173307857659e+01
4.093486818591942189e+00	1.471042115923845550e+01	-1.079337228416841210e+00	-2.828793750755021108e+01
4.099764387336505500e+00	1.478424315928982580e+01	-1.110521279481590406e+00	-2.848006896968908919e+01
4.106049166937662420e+00	1.479976385602133782e+01	-1.041704285536728669e+00	-2.878659171409168493e+01
4.112334559041358695e+00	1.486360112528438471e+01	-1.072520891669814791e+00	-2.892329005270546105e+01
4.118618926059533614e+00	1.491321301149181622e+01	-1.066364852728170831e+00	-2.911017394738170694e+01
4.124898942031112625e+00	1.500165011255904446e+01	-1.090947738573677661e+00	-2.940390139963821525e+01
4.131175432561665417e+00	1.505048578939870652e+01	-1.082867001733782253e+00	-2.958407673664002857e+01
4.137461563786142271e+00	1.507235343156540885e+01	-1.043613387149913807e+00	-2.982419084240823182e+01
4.143746006210170307e+00	1.515815609102429029e+01	-1.087970206084130753e+00	-3.004809456252926125e+01
4.150029800482964326e+00	1.518442394550707952e+01	-1.033250365904436974e+00	-3.033076458508857698e+01
4.156313390684649001e+00	1.525929125008873299e+01	-1.061177705448155040e+00	-3.054477267987768485e+01
4.162596105843763716e+00	1.533519265873692738e+01	-1.074782173539583274e+00	-3.082632663983543253e+01
4.168881843141768684e+00	1.537459965205663792e+01	-1.042252249629769478e+00	-3.107619967364423275e+01
4.175162111073220217e+00	1.540666946338387966e+01	-1.097941530977764701e+00	-3.113022372162710738e+01
4.181448573417560155e+00	1.548771524655180443e+01	-9.870479002195254870e-01	-3.165966328116558870e+01
4.187738782464171194e+00	1.555750617313926298e+01	-1.045375909653118551e+00	-3.175322127030514707e+01
4.194017437180169061e+00	1.562932136273133743e+01	-1.002191571093825839e+00	-3.209391124913948090e+01
4.200293572701767175e+00	1.564844977932934178e+01	-9.987210893097289155e-01	-3.230641866044154398e+01
4.206580195481546269e+00	1.569361500549543109e+01	-9.854656244372776985e-01	-3.247377160102070803e+01
4.212860644652220543e+00	1.576368689994185779e+01	-1.031282737279969997e+00	-3.272849444532907626e+01
4.219138153430114002e+00	1.587120806698153608e+01	-9.627377033561926867e-01	-3.308342261317530841e+01
4.225426162098283811e+00	1.590552058086693776e+01	-9.862200097466620186e-01	-3.332024937471175718e+01
4.231713506719782636e+00	1.597787590060999108e+01	-9.855399713961103814e-01	-3.356526318428733902e+01
4.237990056577191744e+00	1.603959304414486553e+01	-9.925746638297536784e-01	-3.377004733170398509e+01
4.244267783646744618e+00	1.607974268048877065e+01	-9.503824667709768192e-01	-3.415156416382237836e+01
4.250560660182562955e+00	1.619069753119337207e+01	-9.962789401392827537e-01	-3.430471469364982795e+01
4.256847734842668096e+00	1.624166421726865295e+01	-9.717278410341623207e-01	-3.465826799957226001e+01
4.263127100734456221e+00	1.626619752401164831e+01	-9.497935874964470448e-01	-3.481755500052545216e+01
4.269406860432507500e+00	1.637197279405929251e+01	-9.628012843840559887e-01	-3.517333214356713000e+01
4.275691671482192646e+00	1.641321897215276593e+01	-9.420693271068112384e-01	-3.546100544183597947e+01
4.281972414189518794e+00	1.647390021301535157e+01	-9.074204319860543766e-01	-3.568757066124878463e+01
4.288253516806755705e+00	1.654856640367382425e+01	-8.815889440617926676e-01	-3.609289271714806802e+01
4.294540520160492925e+00	1.660469297478150352e+01	-9.242389977054977779e-01	-3.624827832145236073e+01
4.300825742921731809e+00	1.670526727369097131e+01	-9.196949790021200499e-01	-3.659967569625402461e+01
4.307109835491901961e+00	1.674865160726746183e+01	-8.563524244411817588e-01	-3.694471837773714640e+01
4.313390926478413157e+00	1.683818173159489007e+01	-8.716997858179148517e-01	-3.719194384225731653e+01
4.319667979480563247e+00	1.687323424072456746e+01	-8.409152418718207622e-01	-3.758466993153419367e+01
4.325952598143786076e+00	1.703046427918603456e+01	-8.452990756936051842e-01	-3.792578499203845155e+01
4.332241647035422361e+00	1.703352255189847142e+01	-7.890124458170930666e-01	-3.824785771109891641e+01
4.338524445619096781e+00	1.706549428134413304e+01	-8.756129586198543313e-01	-3.827495515928334413e+01
4.344809348131129845e+00	1.716289767361380569e+01	-8.081084935425596472e-01	-3.872837739562925918e+01
4.351090699193166600e+00	1.723940564882097704e+01	-8.417219421737057727e-01	-3.911155235160605059e+01
4.357369710808320029e+00	1.734252299612070658e+01	-8.101811838571127966e-01	-3.936271066643269023e+01
4.363659348967174445e+00	1.734205454161423532e+01	-8.008338470161552314e-01	-3.972226573512779879e+01
4.369947418280990981e+00	1.748890535577100280e+01	-7.596988835063031020e-01	-4.016689486932470743e+01
4.376226569265827315e+00	1.751209352505529182e+01	-7.607972905456490409e-01	-4.032395019295397987e+01
4.382499356631129217e+00	1.754551633878544692e+01	-7.171002196964543218e-01	-4.073036867677243578e+01
4.388784975178015024e+00	1.762086184836075375e+01	-7.775838498393400355e-01	-4.090592234351757384e+01
4.395068696309480494e+00	1.761547241797343233e+01	-7.258346959274301069e-01	-4.127336003043566137e+01
4.401347962382031298e+00	1.778356100729249434e+01	-7.263480215777206039e-01	-4.165530354705579441e+01
4.407628405096517099e+00	1.778142992402251465e+01	-7.173320222967352056e-01	-4.197948733767847074e+01
4.413915862185140426e+00	1.784799385723659526e+01	-6.554109323043429969e-01	-4.237570923475419704e+01
4.420203163534264235e+00	1.798471633042288076e+01	-6.655862645144666745e-01	-4.284269884663935102e+01
4.426480311003382795e+00	1.795813990832888862e+01	-6.147945152905683885e-01	-4.323428396292128895e+01
4.432765973643649104e+00	1.810746810761024861e+01	-6.728005826328720129e-01	-4.338766335859535417e+01
4.439053392023870614e+00	1.807903076786901764e+01	-5.484247944391955620e-01	-4.395667512802265975e+01
4.445336141335588742e+00	1.818537456325822177e+01	-5.951694859587903785e-01	-4.423204197588897557e+01
4.451617241414883352e+00	1.823207880719501617e+01	-5.209931931602663768e-01	-4.470506885398691566e+01
4.457901500730311106e+00	1.829759954936298172e+01	-5.575757627295081509e-01	-4.510673567679036466e+01
4.464189501093017043e+00	1.838030006486846801e+01	-5.210524240483455083e-01	-4.548002389111786670e+01
4.470470197548729985e+00	1.834772091437782748e+01	-4.577003134461125056e-01	-4.598164279990442793e+01
4.476748044268524573e+00	1.847128686320988677e+01	-4.932269437447602267e-01	-4.620688906899833626e+01
4.483035990164653484e+00	1.839895476141986563e+01	-4.003962851265866485e-01	-4.666627758358818312e+01
4.489323331650528104e+00	1.850878057567708268e+01	-4.329421891230504360e-01	-4.700983678208971384e+01
4.495599111667934800e+00	1.849736122691036400e+01	-3.588447868159177490e-01	-4.749136356020800065e+01
4.501870922878794090e+00	1.851808973549547233e+01	-2.924324750907916770e-01	-4.804170716221938164e+01
4.508155162877705457e+00	1.860596381731228988e+01	-3.005659475663739477e-01	-4.839519849890117342e+01
4.514446451153479423e+00	1.855416450030317677e+01	-2.155433868689667076e-01	-4.888710137569704983e+01
4.520723894043856994e+00	1.861649124079021789e+01	-1.846673697462113961e-01	-4.931247510114219779e+01
4.527003782460155890e+00	1.855566406786935829e+01	-1.801774237697613412e-01	-4.964473263077250920e+01
4.533293086610313161e+00	1.860332736360193806e+01	-1.387067364634907429e-01	-5.021065302636783656e+01
4.539578989864040182e+00	1.858844575693064982e+01	-1.276300912896621009e-01	-5.060935140175009650e+01
4.545857164866476730e+00	1.864006691102962066e+01	-5.243385992576427880e-03	-5.141939385543235375e+01
4.552138955546025656e+00	1.858039660875248700e+01	1.999311198151955404e-02	-5.169520635273275388e+01
4.558432046889146605e+00	1.856471230052016708e+01	1.283201634477688369e-01	-5.220835713962896563e+01
4.564713463378488711e+00	1.862001634992299159e+01	4.559880684272388240e-02	-5.251106488520832727e+01
4.570987274133244682e+00	1.864496247559828745e+01	1.606430765043601744e-02	-5.295432399803327428e+01
4.577274818151045643e+00	1.863422552478694172e+01	1.144274675238275280e-01	-5.330612555345108206e+01
4.583563263889338657e+00	1.873731320523753396e+01	6.718047135073630660e-02	-5.383174177995429233e+01
4.589844917004465508e+00	1.882056021299854365e+01	5.818122051565616237e-02	-5.423129249436672694e+01
4.596126259982004747e+00	1.878023542350295827e+01	9.678681340189344839e-02	-5.451913981377939677e+01
4.602409075598298926e+00	1.880300360659037295e+01	6.467589170530532727e-02	-5.476968997617823476e+01
4.608696634867644804e+00	1.896190190579855539e+01	9.053197262004146484e-02	-5.548712844941104549e+01
4.614977646498861219e+00	1.896831332311230156e+01	1.175786991933403941e-01	-5.582818315787117314e+01
4.621258953029527383e+00	1.901370938855239601e+01	6.459844381169242700e-02	-5.608922958962982364e+01
4.627547993978874175e+00	1.904718415999546721e+01	1.038080630726654630e-01	-5.652233754820084499e+01
4.633830152730579854e+00	1.908344122862596492e+01	9.958495600848425722e-02	-5.683305251428231486e+01
4.640104005367354567e+00	1.920846724468091438e+01	4.932289133626199112e-02	-5.724738969719792436e+01
4.646382060386754276e+00	1.922379531922821627e+01	3.162485719540628071e-02	-5.756538784440196110e+01
4.652674213731970987e+00	1.928003952076649696e+01	7.750188549030126439e-02	-5.802557371843857936e+01
4.658958291796220230e+00	1.937934018891440147e+01	8.799163860000397408e-02	-5.846137466761076240e+01
4.665233615070169648e+00	1.942903349316054573e+01	4.892000654831520079e-02	-5.880578518990246550e+01
4.671520675710307380e+00	1.952253028760861397e+01	7.675704099609555187e-02	-5.934916951115197747e+01
4.677814351732177300e+00	1.955917788577890803e+01	8.345189490396846821e-02	-5.960384492798281997e+01
4.684093699744638073e+00	1.962736438486460955e+01	1.497192603010515273e-02	-5.995040677373840055e+01
4.690368661472568590e+00	1.975715662062052047e+01	6.489830287359533989e-02	-6.059596502479310232e+01
4.696663270746453733e+00	1.975780782697349025e+01	4.631954181600789200e-02	-6.074117249120481432e+01
4.702945459248681459e+00	1.986348078018796315e+01	1.077218380327749636e-01	-6.135792633792793538e+01
4.709209170841929470e+00	1.994945127500132642e+01	8.394912879345541035e-02	-6.174263572158972124e+01
4.715491634753063543e+00	1.998385159394267774e+01	3.278795965500829607e-02	-6.197793095534536434e+01
4.721784316284933780e+00	2.008498326125646827e+01	1.055493013929772184e-01	-6.251855034996386706e+01
4.728063062331094635e+00	2.019898182183058211e+01	1.817495619042567082e-02	-6.292340847404099691e+01
4.734337423381671073e+00	2.027612172247971856e+01	5.299216103735131939e-02	-6.337052836349081986e+01
4.740627024094544062e+00	2.027867914831323048e+01	4.073304740968864551e-02	-6.356040228268255277e+01
4.746914995664547554e+00	2.036204424869203677e+01	2.278976389738851180e-02	-6.395566688703304692e+01
4.753194740071086777e+00	2.055525132928120868e+01	6.900397014139526310e-03	-6.467231547206417019e+01
4.759478891864783456e+00	2.060688925645617076e+01	5.672740823063056326e-02	-6.511248713478288153e+01
4.765762396877359031e+00	2.062179771745854850e+01	-3.478627877692876819e-02	-6.517940336159401227e+01
4.772049481246195768e+00	2.070965318603491667e+01	2.012044968370267292e-02	-6.567343236807464280e+01
4.778335091022592351e+00	2.085552068515204027e+01	-2.764880069933966112e-03	-6.623962971426203694e+01
4.784610831402393849e+00	2.106188448014474446e+01	4.808047666874289139e-02	-6.712252983935606210e+01
4.790907306208476157e+00	2.094486716425425499e+01	3.923755267937892310e-02	-6.688531325335233646e+01
4.797204047706418173e+00	2.109450582793212448e+01	7.064394298172552156e-02	-6.751444917281136782e+01
4.803470827697504220e+00	2.127375079117774703e+01	4.125818746740834292e-02	-6.823331315918646567e+01
4.809748850577324042e+00	2.133210696953094754e+01	3.356090837770345225e-02	-6.852999578933587088e+01
4.816045316586602176e+00	2.140196157658774823e+01	2.876581221405053596e-02	-6.888550386428123318e+01
4.822329240673497885e+00	2.152064522120014445e+01	4.421488150597905481e-02	-6.941693032122110196e+01
4.828596758226470165e+00	2.164390155836575147e+01	-1.047854395887942540e-02	-6.988115734828160441e+01
4.834890332961369275e+00	2.173569914626462563e+01	9.853560404872684086e-02	-7.046563209554807372e+01
4.841191655056394261e+00	2.191294568120316200e+01	-1.306139809181159316e-02	-7.103792045584455650e+01
4.847460407468000554e+00	2.202057841931498317e+01	3.020963749518903313e-02	-7.153026867922196175e+01
4.853732128521334843e+00	2.207292926232051755e+01	1.505981333764074004e-02	-7.180834446346584343e+01
4.860029138783373170e+00	2.223777574676618585e+01	4.944380010954076143e-02	-7.256303539552295945e+01
4.866314601732018019e+00	2.220163971559242100e+01	2.734814334053990020e-02	-7.252771530412626078e+01
4.872587026269203925e+00	2.253656103410429168e+01	7.816784217702082982e-02	-7.375423832102305255e+01
4.878874221748241702e+00	2.248098051945286002e+01	2.867757957618895931e-03	-7.366878668634146266e+01
4.885171078138658807e+00	2.262883581933407484e+01	6.703744194424557379e-02	-7.437648152578240968e+01
4.891450629931857641e+00	2.288101399518784973e+01	2.399576681605930864e-02	-7.520069188373767588e+01
4.897716482750221978e+00	2.299080538459468315e+01	7.620540273082344364e-03	-7.566218056163921801e+01
4.904002834596266069e+00	2.300486844542628262e+01	6.715586092368527882e-02	-7.595066817190370045e+01
4.910295858205786068e+00	2.321372297414022512e+01	-2.363179433888275283e-02	-7.661194502698387510e+01
4.916575188115905881e+00	2.327455486531163231e+01	3.735890905625650904e-02	-7.699417531701328699e+01
4.922847946197084212e+00	2.345040087790219019e+01	5.655791005488739615e-02	-7.773585798456365126e+01
4.929131667457151700e+00	2.340730899976638923e+01	3.408746560129040371e-02	-7.767303299910183512e+01
4.935434460144239033e+00	2.379243696385123030e+01	2.840836458243678128e-02	-7.900328271764212218e+01
4.941718513303545279e+00	2.378736873183990852e+01	7.418521608268580092e-02	-7.916501925723207478e+01
4.947978624761803168e+00	2.401968050278724931e+01	2.527844079564814384e-02	-8.002263626471258817e+01
4.954274999209829389e+00	2.402838645774419390e+01	7.641399067401706546e-02	-8.019754183278315907e+01
4.960571094729937514e+00	2.417403577558818739e+01	7.201474724642069336e-02	-8.075945922397714583e+01
4.966823207626954506e+00	2.453200223827131410e+01	7.208747418027012903e-03	-8.200469593910851529e+01
4.973097418390337587e+00	2.456029080837936363e+01	3.418441201121666384e-02	-8.223908866565351161e+01
4.979415129936382023e+00	2.475745714939155562e+01	1.849454999614544640e-02	-8.297838705730818276e+01
4.985702082330368157e+00	2.504764734362634471e+01	-1.661838918066573662e-02	-8.398048675483573788e+01
4.991949985828016523e+00	2.509410602049882044e+01	-4.522790256788793151e-02	-8.421967501221872965e+01
4.998241586316924057e+00	2.532262387388503200e+01	7.645741630438910447e-03	-8.514745567658805214e+01
5.004556635606089543e+00	2.525073152265591148e+01	-4.885746492739424796e-02	-8.493916102605042795e+01
5.010828655701208945e+00	2.555006673274882445e+01	8.139802533263425233e-02	-8.618789086023491564e+01
5.017077229702536556e+00	2.579556652288090035e+01	2.623044390657064406e-02	-8.702930795898923577e+01
5.023374414758113637e+00	2.570976044015824513e+01	4.045310550184149506e-02	-8.683933352123889904e+01
5.029688873569548413e+00	2.603582088785419302e+01	7.768671813685561200e-03	-8.800680307802822711e+01
5.035958413584124216e+00	2.621377019061065994e+01	3.256200300160269623e-02	-8.870812730667255153e+01
5.042232667658486989e+00	2.623802312699945816e+01	1.579472061144709949e-02	-8.888515517479518735e+01
5.048528755870775875e+00	2.663134919224507513e+01	-8.882068983376214134e-04	-9.029143818859449766e+01
5.054821121427484520e+00	2.677443644820137791e+01	-4.724312264989599316e-03	-9.084178622491083388e+01
5.061069509814582368e+00	2.690331563811681903e+01	1.587515367772242628e-02	-9.137113073442850464e+01
5.067347812754101177e+00	2.702325160921616742e+01	1.818225768560490299e-02	-9.188053364183558358e+01
5.073675050630431116e+00	2.737079206062763959e+01	-9.717927411819553621e-03	-9.312143968374903125e+01
5.079945928388977627e+00	2.755969454332424462e+01	9.343109916099097412e-02	-9.393576004269947077e+01
5.086192992546071601e+00	2.786101544742068015e+01	5.426294897859793021e-02	-9.499322506481654216e+01
5.092484128970163226e+00	2.792683870247358513e+01	-1.330335567313724321e-02	-9.526615655228422952e+01
5.098802924706086870e+00	2.820625896582138026e+01	3.947733134701342933e-02	-9.632161433849006471e+01
5.105078217426394005e+00	2.831529876666882828e+01	1.155278247594613769e-02	-9.675043580494728701e+01
5.111325076574067872e+00	2.882032620026331315e+01	-1.846199117062994471e-02	-9.848735292337066483e+01
5.117628358851224135e+00	2.895673530825968101e+01	3.101191994966860654e-02	-9.910713460337109382e+01
5.123935939383525984e+00	2.889794351964654595e+01	-3.161608161112558490e-02	-9.891500145736189609e+01
5.130199176325612065e+00	2.945031307431204937e+01	-1.838684916377400155e-02	-1.008646590263349907e+02
5.136469985878846956e+00	2.974626490991974492e+01	-5.154317137356754369e-02	-1.019366921058241928e+02
5.142797788696348071e+00	2.980486404302845216e+01	3.033354304199066542e-02	-1.023037123159008530e+02
5.149090378043822192e+00	2.982038120812483939e+01	2.882186837359799331e-02	-1.024287670297896824e+02
5.155289879840074363e+00	3.040167977090078821e+01	3.151603031176741787e-02	-1.044826888372025167e+02
5.161564521234301317e+00	3.056379419771128170e+01	-4.087946269973971591e-02	-1.050517550721901756e+02
5.167916673496016244e+00	3.090590707026725070e+01	-1.660066515761390513e-02	-1.063033309243829336e+02
5.174205974602950064e+00	3.131207720391006433e+01	3.680181568322322266e-02	-1.078135272981936907e+02
5.180434820793812456e+00	3.128137869973638274e+01	5.117540542234984280e-02	-1.077865331011779375e+02
5.186729096569634656e+00	3.146132939950037866e+01	-2.490591278675456308e-02	-1.084175654160343640e+02
5.193058481037780894e+00	3.169329589101580424e+01	-4.225687357615112716e-02	-1.092509496657947210e+02
5.199319511444338460e+00	3.222649011121158935e+01	5.491622271106549880e-02	-1.112416793966466741e+02
5.205574295584361799e+00	3.245887416213289356e+01	1.481086369978857481e-02	-1.120595987540223746e+02
5.211894977074066126e+00	3.254623965779297379e+01	1.422446815913066881e-03	-1.124304189259623143e+02
5.218201708336958511e+00	3.294718089466321231e+01	1.202340859226380156e-02	-1.138658852118950051e+02
5.224411911780083351e+00	3.332798712859305112e+01	-1.173049838883601093e-02	-1.152034357303817131e+02
5.230677632666463239e+00	3.365783346658607655e+01	-2.547684864722488812e-02	-1.164104156140622166e+02
5.237056729559757429e+00	3.393587833394232689e+01	5.839334502885103889e-02	-1.175391444334425728e+02
5.243336785035660697e+00	3.442117663046718690e+01	5.470722278153748372e-05	-1.191873367712213678e+02
5.249493476178225038e+00	3.432089565082337401e+01	-4.031277851425794229e-02	-1.188200645621121083e+02
5.255787017738318134e+00	3.475172978225418063e+01	-3.856276566297160008e-02	-1.204255373731988357e+02
5.262205327426889845e+00	3.543499323183883121e+01	2.161828935772591373e-02	-1.228828952792036233e+02
5.268477758348532269e+00	3.568479807191309305e+01	-1.757092363799085677e-02	-1.237470720471947629e+02
5.274632213654732560e+00	3.569029807563151024e+01	-7.077198715250447580e-02	-1.237575937327924152e+02
5.280950543314659740e+00	3.630454204419546471e+01	5.104122301815281620e-02	-1.260979581195005466e+02
5.287327645024750389e+00	3.639492457849235052e+01	3.404148883171211754e-02	-1.264265458016534893e+02
5.293582359180156516e+00	3.690298448112218210e+01	-5.345456054293690369e-03	-1.281800346749005257e+02
5.299789992649893478e+00	3.714395120516304161e+01	-1.449965947416792245e-01	-1.289307133702617136e+02
5.306111460381987222e+00	3.822054918989334027e+01	-1.374444508126316730e-02	-1.328734019221207348e+02
5.312452717892129250e+00	3.851288000503868147e+01	1.939422904540924909e-03	-1.339284147484227105e+02
5.318650122853046724e+00	3.868841304007020909e+01	3.812536453882264722e-03	-1.345856262680850648e+02
5.324923043129819789e+00	3.871910559618872583e+01	1.917691853959790915e-02	-1.347805757279562897e+02
5.331330237158205421e+00	3.910662002064920273e+01	2.825294322254748997e-02	-1.361808201815201187e+02
5.337586726886338617e+00	3.995963939763355910e+01	3.551964868867765746e-02	-1.391697363136928800e+02
5.343685192440848830e+00	4.023461494644150349e+01	-1.605809885869560055e-02	-1.400980473692103487e+02
5.350070659715249199e+00	4.097688769387794849e+01	-2.764133556538507508e-02	-1.427732458521561796e+02
5.356556762554878226e+00	4.148242209378150847e+01	-3.413777074770932285e-02	-1.445428859504004890e+02
5.362691868684501095e+00	4.142534552677238935e+01	4.502295970497636329e-02	-1.444399628547138548e+02
5.368769208912516966e+00	4.133132140575894198e+01	1.464512583431245088e-02	-1.441006981408331455e+02
5.375270137997677722e+00	4.214035265182214118e+01	-1.673811362321884696e-02	-1.469789062467449128e+02
5.381769983045385786e+00	4.227992846693008744e+01	-8.720405423734702011e-02	-1.474265484477658958e+02
5.387701030372958222e+00	4.295184571117552963e+01	-4.312725699579441144e-03	-1.498476507052481281e+02
5.393786668001271600e+00	4.324831776081079937e+01	-3.934728631971969731e-02	-1.508904373230221836e+02
5.400446161099396569e+00	4.498081558982689643e+01	-7.121930727438754473e-04	-1.570426020577659756e+02
5.406957063684501463e+00	4.572216497214846243e+01	-5.276726430763100349e-03	-1.596488218935384396e+02
5.412655672453426270e+00	4.559421241735896047e+01	2.607494780528570380e-02	-1.592060150493591948e+02
5.418821279260546575e+00	4.571064189830740787e+01	5.092499012680639855e-03	-1.596645521691132501e+02
5.425690594366304076e+00	4.643077455805748599e+01	2.241524499462223610e-02	-1.622487419699557165e+02
5.432217487502165376e+00	4.702869515169010128e+01	-3.776368466179449990e-02	-1.643000786303918801e+02
5.437649811577258241e+00	4.683813557608679901e+01	6.591882458490251617e-02	-1.636927792373288923e+02
5.443914404015878006e+00	4.828166785310378373e+01	4.134361438157871382e-02	-1.687974951359503564e+02
5.450953501686320202e+00	4.751526579033085795e+01	-4.915994162421122998e-02	-1.660596422414961637e+02
5.457483690405861232e+00	5.107647208534947936e+01	1.148758750899632475e-02	-1.785873918241392460e+02
5.462715250135157241e+00	5.028403083918330907e+01	-4.031739038022727484e-02	-1.757338503700155172e+02
5.469033575551323523e+00	5.112160946860250732e+01	5.243553721183726035e-02	-1.788225833384499310e+02
5.476177730420278778e+00	5.099231617980628783e+01	1.267767446674648857e-02	-1.783533756794849694e+02
5.482708935702562236e+00	4.999338292933552452e+01	-1.482410621513136073e-01	-1.747217572949077748e+02
5.487722405008360838e+00	5.337606788872747643e+01	4.237101553976545254e-02	-1.867199693343377191e+02
5.494194284996126498e+00	5.592745414653817448e+01	-1.470650319633424671e-02	-1.956316662962508985e+02
5.501391471009256406e+00	5.318992610494994722e+01	-1.034601525226505753e-01	-1.859835462144695271e+02
5.507128202673079009e+00	5.413636447849214051e+01	-2.401465298745714821e-02	-1.893925180018858896e+02
5.512278020050448646e+00	5.586136419606981462e+01	-2.474928692339482469e-02	-1.954280181193897761e+02
5.519395563377015534e+00	5.382398346705318914e+01	-1.506100429801017215e-01	-1.881865516696693419e+02
5.526598678609708770e+00	5.537840118304337267e+01	9.882715489923010396e-03	-1.938007785669589964e+02
5.532162682462509196e+00	5.441390106130904059e+01	4.057143159813726002e-02	-1.904645358588228135e+02
5.537397124017139127e+00	6.048463419967464461e+01	8.098609813603527274e-02	-2.117561351880766836e+02
5.544582756485218589e+00	5.883619249254540762e+01	-2.192585222806247777e-02	-2.058907739452317003e+02
5.551739327507637434e+00	5.910996313931025981e+01	-4.933120552721950713e-03	-2.068720655089665854e+02
5.557493306674907707e+00	6.956294156679240359e+01	-9.746314127261419824e-02	-2.433683511088339344e+02
5.562281709102816940e+00	5.594731678890734372e+01	7.106488513345776692e-02	-1.958843987380538749e+02
5.569272720323164449e+00	1.087054926913134381e+02	4.177094690064030343e-03	-3.804726048037637156e+02
