8.899641224696953554e-03	7.661674740358727831e+03	1.426139322170832202e+03	-1.503197862371291012e+04
1.507912216506557788e-02	9.410211843097124074e+03	9.167493272039439034e+03	-9.039996277702146017e+02
2.144790186456836667e-02	9.385579395165679671e+03	6.419481596370730585e+03	4.450744678636369827e+02
2.783660776489276650e-02	1.180588904857389753e+04	1.001265569584593686e+04	4.002791044481646168e+03
3.435099785803411021e-02	7.525872001420096240e+03	3.876095882055890797e+03	-6.072166747938960043e+02
4.047886761425745911e-02	6.157564831261599466e+03	4.911709932782018768e+03	2.688050949372253854e+03
4.676716683575679601e-02	4.523998835237562162e+03	3.538130448860021261e+03	4.529659476805166918e+01
5.308225101765951665e-02	4.590077281393279918e+03	4.094065464707756746e+03	-4.212873897941519630e+01
5.945362440940590160e-02	4.314206588230972557e+03	3.450971136171624039e+03	-5.424780033198665024e+02
6.576224814588792211e-02	4.079134320974937964e+03	3.654479924999051036e+03	7.463036630726167004e+02
7.196632906698736953e-02	3.530968076845438645e+03	2.611998556192653268e+03	-2.407325646211305354e+02
7.827860915688347743e-02	3.245523595736897732e+03	2.664601601787740947e+03	3.722477435527742955e+02
8.470398945834539672e-02	3.003165375025435878e+03	2.941963268275408609e+03	5.694596504002208803e+02
9.096854620527369817e-02	2.585058850453264313e+03	2.242074606345517168e+03	3.688610410541493820e+02
9.720789776830213169e-02	2.093466249198663263e+03	1.676088823845326033e+03	2.224855498380129006e+02
1.034763038959366499e-01	2.074492365689900453e+03	1.783041152656215672e+03	2.731764570585000911e+02
1.097576444254559219e-01	1.857080525775238584e+03	1.654633990013778430e+03	-1.339490218871636102e+02
1.160543084780093354e-01	1.687951370425739697e+03	1.456080371892874837e+03	2.004396959115191521e+02
1.223669666537485351e-01	1.549180775811798185e+03	1.289054347394848719e+03	2.672825366493987786e+01
1.286817263090294094e-01	1.505730773634073785e+03	1.147842440938027039e+03	-3.521564925039216831e+01
1.349500801664080818e-01	1.381579598096250493e+03	1.107734807236575080e+03	2.102702275901112046e+02
1.411949558842147678e-01	1.282726456519708790e+03	1.189138147049360668e+03	8.149075876520664963e+01
1.475133575747468451e-01	1.198485161106877513e+03	1.020532159837641188e+03	9.014973804878873409e+01
1.537865074252268427e-01	1.119023347395133214e+03	8.742279959900509994e+02	-3.364902378651361659e+01
1.600657544051110326e-01	1.039036390591417785e+03	9.099870914930909294e+02	9.108379872066642235e+01
1.663991168687080635e-01	9.741097944338088155e+02	8.454116519568032118e+02	1.227049788177107388e+02
1.727195645776442856e-01	8.973498325397639519e+02	7.824537507545916242e+02	1.119720393251748760e+02
1.789765213377084718e-01	8.186264826239502099e+02	6.837140831201891160e+02	1.057529556283854930e+02
1.852353690647852158e-01	8.087878489834247375e+02	6.730120430059772616e+02	2.347056555486097196e+01
1.914806787341157279e-01	7.579395329745161689e+02	6.478379604236029081e+02	1.467024406695823586e+02
1.977889868651535599e-01	7.275649143563030066e+02	6.086971087073935678e+02	4.704444424364719879e+01
2.040937735447724277e-01	6.861008090640963246e+02	5.792235832629360175e+02	1.060789310487590029e+02
2.103939302609846018e-01	6.549952991883769755e+02	5.193842210872228407e+02	1.016772285670906371e+02
2.166909709822301688e-01	6.104488823432226354e+02	5.061972046563449226e+02	1.030621845875173364e+02
2.229700281216152047e-01	5.823273001478025890e+02	4.869131665039432733e+02	7.365104364174034401e+01
2.292620027086341994e-01	5.570883975874210137e+02	4.815084794204718150e+02	9.910942665427475617e+01
2.355141508366812297e-01	5.285118184788145754e+02	4.344373859145714505e+02	1.067163538369181879e+02
2.417910583817859116e-01	4.954954440186879197e+02	4.001347574087819794e+02	1.008493810832593027e+02
2.480856539439619257e-01	4.699429755610732400e+02	3.724810406807973777e+02	3.418683100062599323e+01
2.543492256872954549e-01	4.592499826489228667e+02	3.817705952083720149e+02	7.228876275579268906e+01
2.606334251884805386e-01	4.390389229338993005e+02	3.586506110914658620e+02	4.590349424226659636e+01
2.669257370896960802e-01	4.180391156855471877e+02	3.321193709277803237e+02	6.916328554937052786e+01
2.732423343141155980e-01	3.943104770486235680e+02	3.053226398202442624e+02	6.192181707392992251e+01
2.795529680084415936e-01	3.875807684349189230e+02	3.066757788953704562e+02	6.700282342006184422e+01
2.858366292314493129e-01	3.736933580467476759e+02	3.136952357173459518e+02	8.765314405560437194e+01
2.920876271394311496e-01	3.571842706221281674e+02	2.841908064521275037e+02	6.988415445917711111e+01
2.983449844439822751e-01	3.366263944411535363e+02	2.667694146629186775e+02	6.537021371816167914e+01
3.046382639407197446e-01	3.267380900409804667e+02	2.479393271160938923e+02	4.641526571662275558e+01
3.109279127003197196e-01	3.108838070929176638e+02	2.491465881270654563e+02	5.362240991830934433e+01
3.172168171618398036e-01	3.021649074999758113e+02	2.346966647369032728e+02	4.493983572253753778e+01
3.235187567944423082e-01	2.879682999214959409e+02	2.204199483585736630e+02	4.654374811865414330e+01
3.298168217550395687e-01	2.755313414955775215e+02	2.078712868515533216e+02	6.320065057497289729e+01
3.361176429457156667e-01	2.715632922849727038e+02	2.065970961789872717e+02	4.842716877699423605e+01
3.423700375709273769e-01	2.591520436065939634e+02	1.974522944644339759e+02	5.631920758994550624e+01
3.486478192666269682e-01	2.511155264670976521e+02	1.940179818365455446e+02	5.177410158853477640e+01
3.549411614411318028e-01	2.391899739443215935e+02	1.780461971548059523e+02	4.171386684342464690e+01
3.611916935421040642e-01	2.328581881444312387e+02	1.733993800461235537e+02	6.831709231670522797e+01
3.674767089563572564e-01	2.248210769653546208e+02	1.636490543961032529e+02	3.943011422499245811e+01
3.737647795277591056e-01	2.154304414537846242e+02	1.575585078415570877e+02	4.939508325267731692e+01
3.800654031475132477e-01	2.072439924201225949e+02	1.502028566895270387e+02	3.818901217440257767e+01
3.863539861259823738e-01	2.010734098415414053e+02	1.454920979264456093e+02	4.136623073716515364e+01
3.926140181364449755e-01	1.945013514440169615e+02	1.389983716462054701e+02	5.098749223410673892e+01
3.989264500321934581e-01	1.900280736215639195e+02	1.352241151818854803e+02	3.957224742446094012e+01
4.052073244576828714e-01	1.817572721623319296e+02	1.264203782059370695e+02	5.099342631858581854e+01
4.114916477570477182e-01	1.770357386232241765e+02	1.269384084790603850e+02	4.639255339634033248e+01
4.177814272116491257e-01	1.722888339362229715e+02	1.217438653962909001e+02	5.159641352097478517e+01
4.240400648725131116e-01	1.670904334752596014e+02	1.134901988420910754e+02	3.599455891843719257e+01
4.303425690270192283e-01	1.609791172639309593e+02	1.035119127021153815e+02	4.163006095039030896e+01
4.366358560255625965e-01	1.578395367287862427e+02	1.057244492083834899e+02	3.901745498217632502e+01
4.428996183220763605e-01	1.512673336579814247e+02	9.582736051225499807e+01	3.473151514268013074e+01
4.491634418529859563e-01	1.479651573574915346e+02	9.654609289254952387e+01	3.455036628055732706e+01
4.554414146254732731e-01	1.439568988616748584e+02	9.418967180153681795e+01	3.887288503951665319e+01
4.617634470301058558e-01	1.391152530606635764e+02	8.821683886500302663e+01	3.449115712166416614e+01
4.680644242023710433e-01	1.352983128439574330e+02	8.552728129466949269e+01	3.821853610564438952e+01
4.743485242764365895e-01	1.317277840625411045e+02	8.175555691514006185e+01	3.291016518251972656e+01
4.806356136815400082e-01	1.269538858721178514e+02	7.765967379503932477e+01	3.706866090143046222e+01
4.869019258388697646e-01	1.238947587313836038e+02	7.155035436263958104e+01	3.511409395917490883e+01
4.931697099599955947e-01	1.194456374918091655e+02	7.161242445319899730e+01	3.328428822473726711e+01
4.994506747144535908e-01	1.167262256398906857e+02	6.824137451091245055e+01	3.347535337385966159e+01
5.057159051335421429e-01	1.138654670011800505e+02	6.788904661829074882e+01	3.471366269985868058e+01
5.119923996268095356e-01	1.111146792328646455e+02	6.524209123559933232e+01	3.372841733022880817e+01
5.183126097768406826e-01	1.078735290824591573e+02	6.049669613676059754e+01	3.260308499844273200e+01
5.246089638029100000e-01	1.049904726404210322e+02	5.778387238346350330e+01	3.194403793156969229e+01
5.308757308483337267e-01	1.022751280612442741e+02	5.827005273251368322e+01	3.132523852245569884e+01
5.371573527946726934e-01	9.944246899152737740e+01	5.294623633902730830e+01	2.723199900903278703e+01
5.434579563783791256e-01	9.568797570293162380e+01	5.162067343935548536e+01	2.847435905616317697e+01
5.497430652392217842e-01	9.371986515372110205e+01	4.832583322029552164e+01	2.159156799514170189e+01
5.559937427501778773e-01	9.251419237431366582e+01	4.665825168922308563e+01	2.819485382377384752e+01
5.622854676609657654e-01	8.950903176479562262e+01	4.425352008525166525e+01	2.726257926834783163e+01
5.686011537227265711e-01	8.720087060014849101e+01	4.362777493069565082e+01	2.702160595093004147e+01
5.748804589422079614e-01	8.580871335466423488e+01	4.319149422884860456e+01	2.631878431823389164e+01
5.811550210340560296e-01	8.329587429031431611e+01	4.087291874729319119e+01	2.970875965889435477e+01
5.874394496660968468e-01	8.085958945707263013e+01	3.940643658188367482e+01	2.714394261042078682e+01
5.937176220296899176e-01	7.882668928908421435e+01	3.698549960358005251e+01	2.589101174443055342e+01
5.999971954793682505e-01	7.741361404130812218e+01	3.678096978747552015e+01	2.614020811365509189e+01
6.062679115124277596e-01	7.567631452084017951e+01	3.385893174841785225e+01	2.416518720089924344e+01
6.125469576444534381e-01	7.334111546287790873e+01	3.221886509894439143e+01	2.328687408134704739e+01
6.188477733041515272e-01	7.204911388927953908e+01	3.103829921897326471e+01	2.277614972777071500e+01
6.251310567437898813e-01	7.024003689185813926e+01	3.093657919715900562e+01	2.586279995334752257e+01
6.314027450383210560e-01	6.866968453987182386e+01	2.970450458412376449e+01	2.372038805428365293e+01
6.377003562732055375e-01	6.735916643212826216e+01	2.791884615310976159e+01	2.279090028554930569e+01
6.439857783314556494e-01	6.559077894966762301e+01	2.834823915237389613e+01	2.274033352634490868e+01
6.502685417166111925e-01	6.398736144149282978e+01	2.616823542513609624e+01	2.434231137833490166e+01
6.565586117699038216e-01	6.285573417209771208e+01	2.582334185729605736e+01	2.242604311687912144e+01
6.628369282359254377e-01	6.161621860426365060e+01	2.315557039383699589e+01	2.160873909203893461e+01
6.691185444962194362e-01	5.998262732113677487e+01	2.251245725140363518e+01	2.342635410094417381e+01
6.754070198575605755e-01	5.856923441122829388e+01	2.067548280679957529e+01	2.074968400467948726e+01
6.816835514593204692e-01	5.761566572715742041e+01	2.042645726611888435e+01	2.169440055402219514e+01
6.879592533861698112e-01	5.608467955558652562e+01	2.021796173185785506e+01	2.004612065480238314e+01
6.942344317039531587e-01	5.494723086353478436e+01	1.856436386752803358e+01	2.047131742087151807e+01
7.005175402434737908e-01	5.429797554206606236e+01	1.825095977623132626e+01	2.159516460535341764e+01
7.068124956608716758e-01	5.258759823235895681e+01	1.799171534556026941e+01	1.940489271267193416e+01
7.131019009674921527e-01	5.158887496958969621e+01	1.620292005144798253e+01	2.030811151057913833e+01
7.193918251171427247e-01	5.033729458868963036e+01	1.671687528795977329e+01	1.980579638359528971e+01
7.256833807598113140e-01	4.994798533258521189e+01	1.556904993098526901e+01	1.981904573068844400e+01
7.319652682709349989e-01	4.851339330329067678e+01	1.450890924617447197e+01	1.788757822977459000e+01
7.382507990484923344e-01	4.765462628565494185e+01	1.494381938214227290e+01	1.954251434828046996e+01
7.445265842115937893e-01	4.683244385477893701e+01	1.367760920695028304e+01	2.013995370726846090e+01
7.507871101942712455e-01	4.589022203381977505e+01	1.374769824421985653e+01	1.919323717423104370e+01
7.570758465316046459e-01	4.493494899611357596e+01	1.173349549001507164e+01	1.893157658125103993e+01
7.633641233600957365e-01	4.397314106280421697e+01	1.187162990283431974e+01	1.922001886087427991e+01
7.696462959862266917e-01	4.323676317520442325e+01	1.126588814522081528e+01	1.903214631581503369e+01
7.759394865175414102e-01	4.225461489114309188e+01	1.054384990032746394e+01	1.852050719725423633e+01
7.822329141989586843e-01	4.170842295386637488e+01	1.070213228056319643e+01	1.862982909287073241e+01
7.885314936520240181e-01	4.043312899926399240e+01	9.316757567334933654e+00	1.757976987821555781e+01
7.947896566979522071e-01	3.997576817953280681e+01	9.059811619135258454e+00	1.725998901295500332e+01
8.010491096592354809e-01	3.913723567055834707e+01	8.498030103447156591e+00	1.717628202555409089e+01
8.073364061727361651e-01	3.824915828179823052e+01	7.719207826331168754e+00	1.681984707649223054e+01
8.136229488373866170e-01	3.763129435350757035e+01	8.128792174990090658e+00	1.654271825509730220e+01
8.199152998961036776e-01	3.705198767526869830e+01	7.041689235785755230e+00	1.766971149863486801e+01
8.261952636392789762e-01	3.633823833262800207e+01	6.454527118885575732e+00	1.760275845368282788e+01
8.324897070080405914e-01	3.564604591778577714e+01	6.360088712459426752e+00	1.671450278254137700e+01
8.387959309210778480e-01	3.527309592677988803e+01	6.338120129639391642e+00	1.694209088602026014e+01
8.450634639703045181e-01	3.451887271512283917e+01	5.934214875414624224e+00	1.688316030179237615e+01
8.513282867562648182e-01	3.400542075557077482e+01	5.334390498168204431e+00	1.537328139008637073e+01
8.576198263902009566e-01	3.333328072192902880e+01	5.359889234544697345e+00	1.642282569287381477e+01
8.639058477062415697e-01	3.269645336112641587e+01	5.024101606458810210e+00	1.621450093551586846e+01
8.701838745487597837e-01	3.208957555876201440e+01	4.957354944475587111e+00	1.602438974945905414e+01
8.764641096075268534e-01	3.165131492984194850e+01	3.843546890213878520e+00	1.527103976817802788e+01
8.827503873399735745e-01	3.100943146151991670e+01	3.717951978253513534e+00	1.511338168093535472e+01
8.890332768393869323e-01	3.069538669987905877e+01	4.200192669057053685e+00	1.590936127461705141e+01
8.953084247113127780e-01	2.996599352196901833e+01	3.303372232641192063e+00	1.505436073970933286e+01
9.015956521667095602e-01	2.951867965938566485e+01	3.277566552827998247e+00	1.517984299893739042e+01
9.078833328094829680e-01	2.922728859202106477e+01	3.230284992120111998e+00	1.551721280713305084e+01
9.141744106319863450e-01	2.863758832786421138e+01	2.395415043578804859e+00	1.475056902673676262e+01
9.204630817717615043e-01	2.805133951538653747e+01	2.802988136702790900e+00	1.491476433171147775e+01
9.267434415264711456e-01	2.769331510065319435e+01	2.569319074245716816e+00	1.444374677990795597e+01
9.330324197354928906e-01	2.718645037627381811e+01	2.279950053026038148e+00	1.422316914501149654e+01
9.393265785573878812e-01	2.668842349719246343e+01	1.954399135433674051e+00	1.415160763976567004e+01
9.455974810398196650e-01	2.622231219876999830e+01	1.837566659339850084e+00	1.430629019621511233e+01
9.518660018545171964e-01	2.599443114686162204e+01	1.661726027976632381e+00	1.411558437800668742e+01
9.581413255531838757e-01	2.560495608477118878e+01	1.231894659260445390e+00	1.383408464197183996e+01
9.644350945109106954e-01	2.497881187980334516e+01	1.188210730257457159e+00	1.361778208255873501e+01
9.707355633568249820e-01	2.469226251905933722e+01	1.200215695830166629e+00	1.395942144849000321e+01
9.770080768450029041e-01	2.435142413852037535e+01	8.051616741946158173e-01	1.373235220704472859e+01
9.832823325363413414e-01	2.385853753110109565e+01	9.648283814228931776e-01	1.297476549621796238e+01
9.895569691966674686e-01	2.355819056966410585e+01	7.001778208199561648e-01	1.306892728160410400e+01
9.958456301921106979e-01	2.315743595689391299e+01	5.490973085958751332e-01	1.323315489686961222e+01
1.002136210743837408e+00	2.297939838775694099e+01	8.286582449517011506e-01	1.334075072595158851e+01
1.008404825335135424e+00	2.266168859435910576e+01	1.876998375887786175e-01	1.312803440442445968e+01
1.014694149836243398e+00	2.228176528756919339e+01	2.679390389138552875e-01	1.328990103271419443e+01
1.020992555437297167e+00	2.192777034175290396e+01	2.386045269235017863e-01	1.306085798167755030e+01
1.027273980437394485e+00	2.155516001045813823e+01	4.773071192245083999e-02	1.280577092851879684e+01
1.033559181896017254e+00	2.119612799054883467e+01	-2.307564171357889549e-01	1.304551149968740908e+01
1.039847557392594934e+00	2.096034859307554754e+01	4.515002651559116981e-02	1.282722555430373035e+01
1.046126974943305088e+00	2.074037403556147297e+01	-3.746464916581098148e-01	1.262926580185656711e+01
1.052403436811028659e+00	2.032302765879535045e+01	-2.382671506145363771e-01	1.252859825062366284e+01
1.058680704651608684e+00	2.016576072767185934e+01	-4.335080346487979464e-01	1.243516922896413135e+01
1.064964333065789193e+00	1.994278220783949962e+01	-2.729009283600045688e-01	1.258441117222323591e+01
1.071256777440835473e+00	1.951611625823327856e+01	-4.679935275005976392e-01	1.250095260080858672e+01
1.077544048801078125e+00	1.918780108986449306e+01	-7.415248983130098281e-01	1.202845916251359881e+01
1.083824820188043603e+00	1.914165097720618647e+01	-7.516707777963403947e-01	1.222183184172186543e+01
1.090108023942816695e+00	1.890127409696289718e+01	-6.572837124553435606e-01	1.247619100704143236e+01
1.096389665956643222e+00	1.857443865105116032e+01	-8.096815717040872773e-01	1.225905963970021517e+01
1.102681132058841440e+00	1.822435015161660488e+01	-7.998337860777426922e-01	1.219975334652212240e+01
1.108963047594879958e+00	1.803110714493732303e+01	-1.103861782811838887e+00	1.199502067689963525e+01
1.115225428463759272e+00	1.789830036990781892e+01	-9.567732493296098317e-01	1.215879607209934932e+01
1.121502127614767863e+00	1.756107351466501498e+01	-8.416243373609273437e-01	1.199747983477260149e+01
1.127792573824792033e+00	1.728026490075641419e+01	-1.206541293784978430e+00	1.153381832266363460e+01
1.134089552668382961e+00	1.711448847842682497e+01	-1.020554668924261721e+00	1.180364391730813267e+01
1.140364049650405942e+00	1.684054423847729254e+01	-9.656352422305680694e-01	1.157937560797271814e+01
1.146639180320979445e+00	1.668505778618676061e+01	-1.378386995355682876e+00	1.149010008460533250e+01
1.152942412991649901e+00	1.650918691992779586e+01	-1.244987318336763682e+00	1.143297496486943388e+01
1.159228906751078814e+00	1.632744166855296086e+01	-1.098635043040419923e+00	1.148280485667731732e+01
1.165508721887268173e+00	1.618254465496111649e+01	-1.240704015590103015e+00	1.156185905639225275e+01
1.171793076256210320e+00	1.595502799686346229e+01	-1.026025334043277892e+00	1.168767862394334678e+01
1.178087436369658958e+00	1.573342619282700028e+01	-1.159427775616719947e+00	1.128383370937910612e+01
1.184367654251526902e+00	1.551322496596570311e+01	-1.088799743989112168e+00	1.140692963947464023e+01
1.190634642299266632e+00	1.537801102328495340e+01	-1.367652288783466341e+00	1.136050632100346824e+01
1.196912208834400859e+00	1.513970943419642978e+01	-1.101652159030231060e+00	1.130658888739802315e+01
1.203201577354146234e+00	1.505623274207289697e+01	-1.201263690623656899e+00	1.118526144834882707e+01
1.209486844441705733e+00	1.484096086451920549e+01	-1.043398112628529661e+00	1.125455842363909831e+01
1.215763902074809888e+00	1.468720457315517791e+01	-1.051667086692195996e+00	1.124786047701315361e+01
1.222049755171146668e+00	1.449902984524122473e+01	-1.115541736165404307e+00	1.098167923606172280e+01
1.228340616621486969e+00	1.434829571620089439e+01	-1.024368224235307823e+00	1.115510801662948914e+01
1.234632986576932767e+00	1.427775904122312411e+01	-1.221594657616106305e+00	1.119051523183761532e+01
1.240902247176856488e+00	1.406398705502297730e+01	-1.065663653836939284e+00	1.092497707365151349e+01
1.247174839144687519e+00	1.380681848582581139e+01	-1.258101988276291161e+00	1.094224990513096429e+01
1.253465459933442272e+00	1.381149972091943390e+01	-1.189903322788151918e+00	1.117013399154424746e+01
1.259749951892178421e+00	1.363393204538573045e+01	-1.254426974096812586e+00	1.096968326753041367e+01
1.266032143127253873e+00	1.346622381238134381e+01	-1.205857414632761859e+00	1.091252713607125102e+01
1.272316288472006507e+00	1.334121690508991165e+01	-1.068752339007210006e+00	1.091019742982206786e+01
1.278604155058621350e+00	1.324933505670263756e+01	-1.128971259852756148e+00	1.088988143063665781e+01
1.284886588933593865e+00	1.312400908735844496e+01	-1.192691383954513906e+00	1.088883463458129874e+01
1.291175420066583257e+00	1.292101693152871711e+01	-1.193961927921189936e+00	1.072554109799607858e+01
1.297465726373772332e+00	1.276749859427778766e+01	-1.076713784603144042e+00	1.079057781716872988e+01
1.303741827011944299e+00	1.270822484465066537e+01	-9.790309453941143936e-01	1.073436426427812584e+01
1.310017322922761851e+00	1.262346708624798808e+01	-1.031060958420590534e+00	1.081988702715629280e+01
1.316301447662886703e+00	1.246825322664221858e+01	-8.536886110719035248e-01	1.088485971592818480e+01
1.322586760363303249e+00	1.233270350486785105e+01	-1.031971510710776752e+00	1.077690259565800979e+01
1.328865492452874664e+00	1.226135990859732772e+01	-9.188445379959672143e-01	1.088453699660339069e+01
1.335144804954555564e+00	1.214138115549669905e+01	-8.789019292428722485e-01	1.084648665105634535e+01
1.341440516272275119e+00	1.203274271851269361e+01	-8.733179065057316004e-01	1.072630478864907566e+01
1.347730868417094552e+00	1.190485323708479548e+01	-8.940698911943988358e-01	1.060781439219032052e+01
1.354001589994877630e+00	1.180746402915947257e+01	-8.633990926545176414e-01	1.070724391314010404e+01
1.360282609297778444e+00	1.172636234904292074e+01	-8.120349607031911443e-01	1.078821235712204185e+01
1.366565686457597906e+00	1.161206041412013512e+01	-8.009238347329034058e-01	1.080903151877792467e+01
1.372851498482432708e+00	1.148485813788199117e+01	-6.474246195617269217e-01	1.055764329635101895e+01
1.379135372929401804e+00	1.142176971048065326e+01	-5.918292615721554295e-01	1.076469969845027741e+01
1.385409567149057164e+00	1.136507298436400326e+01	-6.978147993454840714e-01	1.069124986512118447e+01
1.391698641219299315e+00	1.122784819300860981e+01	-5.733789016258038496e-01	1.071615707000444573e+01
1.397984451439470810e+00	1.120858335918842563e+01	-7.274764984365644782e-01	1.084333163758875962e+01
1.404267883409181961e+00	1.112169054631910470e+01	-5.926052429237785857e-01	1.079018404905563777e+01
1.410554779484869181e+00	1.101051327703345883e+01	-6.665327810718213453e-01	1.072799740101032206e+01
1.416837833547465397e+00	1.090202975185834866e+01	-5.554068988630158632e-01	1.063856870631986240e+01
1.423118177187137068e+00	1.083560544845027884e+01	-5.491560821237055912e-01	1.069669488753720010e+01
1.429397801164240089e+00	1.074514899119531997e+01	-4.587862781268561285e-01	1.056745435792362287e+01
1.435686921822787232e+00	1.067036483733052954e+01	-4.789866663932222934e-01	1.068953098775494581e+01
1.441977121769299597e+00	1.059704783689121932e+01	-3.106345148316190796e-01	1.069602930122708173e+01
1.448253667853332427e+00	1.052242929149826800e+01	-2.886219166236873579e-01	1.065447274432020741e+01
1.454532348972172651e+00	1.045377347673170298e+01	-3.131479782819946434e-01	1.080362104457524275e+01
1.460819319151879903e+00	1.038389113455198043e+01	-2.983869505880336614e-01	1.068798387458713428e+01
1.467110364402026468e+00	1.027928369504474126e+01	-2.500089984872531090e-01	1.068103472772831175e+01
1.473392908948962132e+00	1.024750039155931880e+01	-3.300748306966466150e-01	1.070841409650127751e+01
1.479669965243598950e+00	1.013863445896868498e+01	-1.433702317770689239e-01	1.078996609412735275e+01
1.485956144602843532e+00	1.013245585033124030e+01	-2.463149647719622692e-01	1.073002230830064008e+01
1.492233610763115115e+00	1.005134004032571582e+01	-2.165799144843266189e-01	1.072834982338153686e+01
1.498502470379980078e+00	9.972828511173855048e+00	-1.871037456596761628e-01	1.059902310522138080e+01
1.504785752051182701e+00	9.936923433712244957e+00	-2.123692064666300727e-01	1.062847358156551891e+01
1.511075991894575976e+00	9.846858978303645316e+00	2.538057403693247047e-02	1.063492379260181053e+01
1.517361634985162189e+00	9.828563375093002819e+00	7.604256652745081287e-03	1.076178506623384479e+01
1.523648570969130533e+00	9.734094311623154638e+00	-2.730936332541084293e-03	1.072493594260128802e+01
1.529938035715892264e+00	9.674194984333587044e+00	-2.281572649633135247e-02	1.072408724279153525e+01
1.536230176913891965e+00	9.621810512985865316e+00	9.848238835618238277e-03	1.072533765168437903e+01
1.542510718779388279e+00	9.590214882266431928e+00	6.158253479685230763e-02	1.073385568637334408e+01
1.548783963082980275e+00	9.523496788124511170e+00	8.025080389372059309e-02	1.072940225073674725e+01
1.555073069779651318e+00	9.471343477650167486e+00	2.009153099456067182e-01	1.067469474084009029e+01
1.561357324927233892e+00	9.442308807042838481e+00	1.278352389180452686e-01	1.079736777067117082e+01
1.567629121053141006e+00	9.361244536603861022e+00	2.043565229767210778e-01	1.081231084732285730e+01
1.573913697404382583e+00	9.334153184359623268e+00	2.848572889890181870e-01	1.080248729465060187e+01
1.580203545230874029e+00	9.298690124824174674e+00	1.865653862086827097e-01	1.069314435298442234e+01
1.586485393434537983e+00	9.227468034946179287e+00	2.957946911083823016e-01	1.068072521080350690e+01
1.592760014263005841e+00	9.215472622065300712e+00	2.580913380115247846e-01	1.076474672063035776e+01
1.599046436394670812e+00	9.186626844395030744e+00	3.570802971370977130e-01	1.080473061256494383e+01
1.605342136637478934e+00	9.142913863930536067e+00	3.245654313259421775e-01	1.089508526164500424e+01
1.611619860919608627e+00	9.084034899997190493e+00	2.787646303357149691e-01	1.076507147004438281e+01
1.617897597081673799e+00	9.051494233698468506e+00	3.488751735172265223e-01	1.079021322275269945e+01
1.624183235481122756e+00	9.023468512156597399e+00	3.652963514918192711e-01	1.075367585840101547e+01
1.630464598531913722e+00	9.026030294417752842e+00	4.150787795548191439e-01	1.092223021652574744e+01
1.636748985747638274e+00	8.935028077708190963e+00	4.498094466864175911e-01	1.076698030529414929e+01
1.643030923698886259e+00	8.937391427353873041e+00	3.338218287175604426e-01	1.077971692312345020e+01
1.649309176648513064e+00	8.878089704154955797e+00	4.133830494593249694e-01	1.082480606068392248e+01
1.655593633940351861e+00	8.828769188510909416e+00	3.657842094322830140e-01	1.067825485837374622e+01
1.661879571405086464e+00	8.812837220093935997e+00	3.675100933570529804e-01	1.088045361883753515e+01
1.668169361685170271e+00	8.802185629497197183e+00	4.627492274922040960e-01	1.090684128180213364e+01
1.674450151530487485e+00	8.776218613835755633e+00	4.638861617057686848e-01	1.091755027352922269e+01
1.680722718978495900e+00	8.738336065423675691e+00	5.135570126063949692e-01	1.084044220548642201e+01
1.687013891340952476e+00	8.714080997635338832e+00	5.344544985425108141e-01	1.083161197642792928e+01
1.693308984907921033e+00	8.684779465444089297e+00	5.362516367628319403e-01	1.088735969394320868e+01
1.699582147428448486e+00	8.644679294612762632e+00	4.931311381398648108e-01	1.082907971536008063e+01
1.705863747055134105e+00	8.613078506079148156e+00	4.952206508953705399e-01	1.081309178773246060e+01
1.712154434283889470e+00	8.623884408439202787e+00	5.563812796938799599e-01	1.104282428345783273e+01
1.718438381579399321e+00	8.558701999023151430e+00	4.782107469214791906e-01	1.077753922289336153e+01
1.724721264464063930e+00	8.564282113830492094e+00	4.968696909244609827e-01	1.093368703334280490e+01
1.730997441276920679e+00	8.524219262178355905e+00	5.326923541418248087e-01	1.084766298252556815e+01
1.737287073528269499e+00	8.502558292088913561e+00	5.862574910068050205e-01	1.095396044449891981e+01
1.743567991878527401e+00	8.493946955379049868e+00	5.770328943804157174e-01	1.090277462710120027e+01
1.749840680212231048e+00	8.476772009774119709e+00	5.021344470076566369e-01	1.092155620508085434e+01
1.756128549091961144e+00	8.482756659015057821e+00	5.227429665630275446e-01	1.101168361702529097e+01
1.762413535324792502e+00	8.446838072117921925e+00	4.580836680346841439e-01	1.082181930632810030e+01
1.768696187669963837e+00	8.438618618090993451e+00	5.218959360274997294e-01	1.092548797544789707e+01
1.774979359379055266e+00	8.438206571246826826e+00	4.700346849704931662e-01	1.096034963170584753e+01
1.781265555576432957e+00	8.394905783072228900e+00	5.046129212333374525e-01	1.089428080608768390e+01
1.787549427830244619e+00	8.430925003271498852e+00	4.542650385620670139e-01	1.105424189164785709e+01
1.793834120011633004e+00	8.368524345103507400e+00	5.028443659099000040e-01	1.092925914454652947e+01
1.800115051552487300e+00	8.379792735441762730e+00	4.320756818792342857e-01	1.096426313193572355e+01
1.806393904854530330e+00	8.329479203387689878e+00	5.571551435964243737e-01	1.093703857864761630e+01
1.812674089667083432e+00	8.309800168821395161e+00	4.967292458315391013e-01	1.088425152531722517e+01
1.818956920109354058e+00	8.316672580131907466e+00	4.678066954871933913e-01	1.097221064369695753e+01
1.825244164118212220e+00	8.365408022194657178e+00	3.494070796695712966e-01	1.112767220835313431e+01
1.831527256642196955e+00	8.293036834371109833e+00	4.794577999122189294e-01	1.094664431470485866e+01
1.837811294935716599e+00	8.314065319416588551e+00	3.434773398820270551e-01	1.098302181070931915e+01
1.844100717411196744e+00	8.299429607103402162e+00	3.293709859813984120e-01	1.099874123922350222e+01
1.850384816792487230e+00	8.299074635843926018e+00	3.028175166686004061e-01	1.104303174227152340e+01
1.856666059735203822e+00	8.258827532500637503e+00	3.165718700714498235e-01	1.091403738631950482e+01
1.862947728675613979e+00	8.282710271085820253e+00	3.536310865119631774e-01	1.108492454827519502e+01
1.869229324466858078e+00	8.284654375292920037e+00	3.085491275938160860e-01	1.107692814127757330e+01
1.875517616802973686e+00	8.254111813531251229e+00	3.288826717638177466e-01	1.104070390925995149e+01
1.881800769033795229e+00	8.273019116930882433e+00	2.653428158540052095e-01	1.102265103078176089e+01
1.888078863416442710e+00	8.240607355620445773e+00	1.631019792687750380e-01	1.094449840740334423e+01
1.894353975182237582e+00	8.258199129738077460e+00	1.864425866738140813e-01	1.103105445289417652e+01
1.900642716154182565e+00	8.256380097939558738e+00	1.489818560952929916e-01	1.101882635830653356e+01
1.906933494748685121e+00	8.253818255989191499e+00	8.110052903529293977e-02	1.098426700758751196e+01
1.913207568676573933e+00	8.245953732716213125e+00	1.324116108799244240e-01	1.097810484236696205e+01
1.919490884732178992e+00	8.272516803236321437e+00	9.124596060641464168e-02	1.114927842338269492e+01
1.925776855684274480e+00	8.253616559593378810e+00	5.907672583900551444e-02	1.101621174415430104e+01
1.932064452961978152e+00	8.264801715407644522e+00	-9.333458166433151321e-03	1.105033670196974249e+01
1.938342610030488800e+00	8.272004406468607129e+00	-1.097932571041893360e-02	1.113732577796337075e+01
1.944618341543410178e+00	8.268264139192469386e+00	7.495363916107630406e-03	1.103672487933728519e+01
1.950906260203513876e+00	8.273784019364375908e+00	-1.069739589077397246e-01	1.113345439814221471e+01
1.957194556613796488e+00	8.263489126521246675e+00	-9.407369281604370526e-02	1.105770924622304285e+01
1.963479614559011432e+00	8.268629527451993866e+00	-1.126747460342211460e-01	1.106112770473735907e+01
1.969760361532916226e+00	8.280315904058616283e+00	-1.874120525144879756e-01	1.112635578821688398e+01
1.976048367034604736e+00	8.276090799957069422e+00	-2.036321947625106543e-01	1.104886637934901117e+01
1.982337990217652335e+00	8.279380674725725697e+00	-2.289960536805044078e-01	1.104114473393079798e+01
1.988617489259562721e+00	8.287612196744976956e+00	-2.989042842530337252e-01	1.110298348636351662e+01
1.994896320665194178e+00	8.286251935693883297e+00	-4.068855345671797963e-01	1.108303333959285730e+01
2.001179596222827151e+00	8.298090961426803247e+00	-3.486407580009426299e-01	1.106812338632572157e+01
2.007459756923499761e+00	8.288392661663577243e+00	-3.523622304481027201e-01	1.097894004119375388e+01
2.013737397779169935e+00	8.301886846850809576e+00	-4.777427117439120297e-01	1.106247391065793373e+01
2.020017234677497164e+00	8.297666240960067441e+00	-4.876397483223403051e-01	1.099286623969438104e+01
2.026310251015072783e+00	8.346400674198013903e+00	-4.937710561472994919e-01	1.115115794841551988e+01
2.032600542948020284e+00	8.342868460524259788e+00	-5.900994910503561952e-01	1.110156120652935385e+01
2.038873863192099289e+00	8.339592100886976667e+00	-6.234053766072860103e-01	1.098803061294035999e+01
2.045154087821675404e+00	8.348967630597513789e+00	-6.341473819174736626e-01	1.109601074779012819e+01
2.051444704514288730e+00	8.392974404579684133e+00	-6.900697831424541517e-01	1.119260249506466209e+01
2.057730430280644729e+00	8.391704180691426984e+00	-7.039250935908497597e-01	1.116071401899927729e+01
2.064013940455224461e+00	8.404396372030500828e+00	-8.249521378868353017e-01	1.110137130082290469e+01
2.070299891179459895e+00	8.370116597611954035e+00	-8.415439127025310384e-01	1.097212716531866228e+01
2.076589719964883951e+00	8.405421394128259394e+00	-8.489574517723085245e-01	1.108625850182767891e+01
2.082865483794470673e+00	8.435834849572243499e+00	-9.211800160535377202e-01	1.110048271226708394e+01
2.089134494859368640e+00	8.448271697760072030e+00	-9.117009740089335734e-01	1.113172577215871684e+01
2.095424211360070288e+00	8.462452528057477608e+00	-1.008452562815533859e+00	1.114670947490971820e+01
2.101707116664804254e+00	8.474038985572782678e+00	-1.041738072756132061e+00	1.114416268516801978e+01
2.107986473933564309e+00	8.484640142024455045e+00	-1.094196336261381353e+00	1.111175330614784862e+01
2.114271806543862375e+00	8.469594446184322223e+00	-1.173246313762680959e+00	1.103167816699603776e+01
2.120552717288892275e+00	8.500081229454957921e+00	-1.133186003762435501e+00	1.108234192984112809e+01
2.126836933207161717e+00	8.503051927638596297e+00	-1.157118611632031335e+00	1.105663957470400760e+01
2.133122044791171845e+00	8.525443153524982165e+00	-1.307248817898714277e+00	1.112634478838734431e+01
2.139411711910842673e+00	8.537048308230987814e+00	-1.274420762934192819e+00	1.105842894865050496e+01
2.145697076775292089e+00	8.544600974111533631e+00	-1.350162094999164175e+00	1.102736006349240938e+01
2.151973548606471276e+00	8.573854319511243105e+00	-1.464148354102862148e+00	1.110279897554445405e+01
2.158259913555724108e+00	8.609079734609560219e+00	-1.451181675891202172e+00	1.109705286857962037e+01
2.164545396699105506e+00	8.611447367782741225e+00	-1.476838155877214342e+00	1.116486115812081792e+01
2.170830700377734068e+00	8.599688611018295958e+00	-1.572120595878209626e+00	1.102876251519332840e+01
2.177114138849150393e+00	8.646352275327902959e+00	-1.617298191149800335e+00	1.109739923491947877e+01
2.183387647576827018e+00	8.669657474159023991e+00	-1.628947458811006888e+00	1.117023605769137262e+01
2.189670273687676971e+00	8.647930803749677153e+00	-1.623614500111597359e+00	1.110506651521552079e+01
2.195960147934207463e+00	8.673387835085982545e+00	-1.671582700987878534e+00	1.108626132189050573e+01
2.202242556317716371e+00	8.710511491334882450e+00	-1.742292929511537025e+00	1.106494146686815760e+01
2.208521655981037668e+00	8.709106697640057959e+00	-1.792777281916562604e+00	1.107170349995698366e+01
2.214804637081333016e+00	8.731026508347168757e+00	-1.812392343461348254e+00	1.111114154581112246e+01
2.221092583349425276e+00	8.769174698472397722e+00	-1.926551647195364092e+00	1.120715307067087529e+01
2.227372893591468728e+00	8.791288686970695210e+00	-1.949982923527189271e+00	1.112981890096098780e+01
2.233657161144248171e+00	8.802062224204719953e+00	-1.990709165047320983e+00	1.112150727604242029e+01
2.239943485394438660e+00	8.817458345304135747e+00	-2.070554672998807799e+00	1.116948879918972537e+01
2.246224175264620815e+00	8.832524209833660933e+00	-2.078863499341641052e+00	1.115935781175647712e+01
2.252506378421252009e+00	8.861388353792589712e+00	-2.214369486903470463e+00	1.114168020924422642e+01
2.258783417054270437e+00	8.869506483477781700e+00	-2.168892316624001282e+00	1.113450296047543375e+01
2.265069077371457684e+00	8.863338041007851942e+00	-2.286399236176436478e+00	1.098668970798286182e+01
2.271350377044131452e+00	8.906693676529156889e+00	-2.337554374927571565e+00	1.110194879816413760e+01
2.277633995145353918e+00	8.906060065147849869e+00	-2.291702440803040197e+00	1.103067569836618489e+01
2.283922419579920149e+00	8.943814915607774196e+00	-2.371708016785135431e+00	1.107400481891913735e+01
2.290202874392252674e+00	8.946211825770410186e+00	-2.367005158204540827e+00	1.102636243585775944e+01
2.296490779970905560e+00	8.978901962483151422e+00	-2.421921813563467474e+00	1.113027638550732235e+01
2.302771769934229162e+00	8.995774382992413720e+00	-2.488861870023910683e+00	1.111006910632271882e+01
2.309051364164305564e+00	9.001176134048190391e+00	-2.514144882300728412e+00	1.100634452918832373e+01
2.315338502539088239e+00	9.049533724371745080e+00	-2.627768841135954325e+00	1.106880009911226104e+01
2.321627336503874428e+00	9.043118642179958755e+00	-2.578437395533868415e+00	1.106072404389121466e+01
2.327911878297218795e+00	9.082095794447106130e+00	-2.630141167448140305e+00	1.107633549749267665e+01
2.334186238580297168e+00	9.076008187845422626e+00	-2.678254673946855124e+00	1.099933207045019756e+01
2.340467971862688401e+00	9.069182010941862160e+00	-2.635850928558370665e+00	1.088450612260562878e+01
2.346756940970738725e+00	9.120887719810381711e+00	-2.714178583492065755e+00	1.101921444905111613e+01
2.353044444556199988e+00	9.143950928795982591e+00	-2.827824427357053416e+00	1.096621310976272312e+01
2.359327653314069906e+00	9.151739197544918270e+00	-2.817699137171585377e+00	1.095032988149990061e+01
2.365603048789861607e+00	9.183955848594015592e+00	-2.857614005064571749e+00	1.104582422252709861e+01
2.371885911737665165e+00	9.180118250578365391e+00	-2.855912817521501168e+00	1.091265519137103013e+01
2.378173303594019572e+00	9.199717695851814980e+00	-2.906781478180089806e+00	1.094090304419196436e+01
2.384454016539381271e+00	9.214312518974995925e+00	-2.949620840213033279e+00	1.094210813212194466e+01
2.390736447344785187e+00	9.233039634486287284e+00	-3.012702007053948527e+00	1.091182021110359557e+01
2.397014133897952259e+00	9.271496877877975606e+00	-3.126014920511714923e+00	1.088569107236477684e+01
2.403295490074321972e+00	9.265352018989496230e+00	-3.040080937119663318e+00	1.084013688956741106e+01
2.409585049672506862e+00	9.294842752451229373e+00	-3.026368131992370980e+00	1.092393714083500456e+01
2.415871703165322071e+00	9.322284069516177496e+00	-3.126858818624954406e+00	1.082362236348476081e+01
2.422160652369088840e+00	9.364853951508013807e+00	-3.187190658199453797e+00	1.096861079943284700e+01
2.428440167222748691e+00	9.376307727824725546e+00	-3.201571575618852528e+00	1.092478518942323795e+01
2.434717472383889803e+00	9.348933648351650305e+00	-3.121576502462150238e+00	1.080149770213133031e+01
2.441002456202044257e+00	9.393967048149761467e+00	-3.260423345530728767e+00	1.079935570178650828e+01
2.447289980304530488e+00	9.418386195221259527e+00	-3.265548144908535289e+00	1.083928749661049551e+01
2.453571844729242279e+00	9.437548442207031485e+00	-3.323861251653310589e+00	1.077563378013691597e+01
2.459852705114058846e+00	9.443223165111952255e+00	-3.342056248339357882e+00	1.072385073025503921e+01
2.466139233225018934e+00	9.469951995218167440e+00	-3.370996168926402525e+00	1.076367466067380008e+01
2.472421963421291391e+00	9.491931339628767006e+00	-3.390853763908405316e+00	1.076721917372638337e+01
2.478698519174224568e+00	9.505087957215023309e+00	-3.437294801971251701e+00	1.076865211756313911e+01
2.484980841400355800e+00	9.530341074014389235e+00	-3.455066995444597833e+00	1.071110436390643450e+01
2.491269319409339822e+00	9.526547404356785265e+00	-3.423436417831072553e+00	1.064389151411153378e+01
2.497548505139029373e+00	9.562057627341230770e+00	-3.508549781719808358e+00	1.069201396301339990e+01
2.503831667172610853e+00	9.576269855336757786e+00	-3.469660108423955336e+00	1.070710501382350444e+01
2.510117938323931153e+00	9.588983315494218118e+00	-3.515357646870445496e+00	1.062663649879721106e+01
2.516400733681277480e+00	9.612745879361940027e+00	-3.546544517490588078e+00	1.066008761230173363e+01
2.522688226833368130e+00	9.619857826691653457e+00	-3.556573218453295659e+00	1.050437919996834424e+01
2.528971695852665569e+00	9.669553285107324925e+00	-3.625203632344684568e+00	1.067673149355716333e+01
2.535252039407670299e+00	9.646457361735942371e+00	-3.592948869445201421e+00	1.047188495403378816e+01
2.541537514142774512e+00	9.681437411690009043e+00	-3.618918427320240827e+00	1.051593420135666790e+01
2.547823008847572179e+00	9.694277622329694921e+00	-3.645373144613959226e+00	1.051698233519851300e+01
2.554100666580690238e+00	9.717054246193553624e+00	-3.687544988156144399e+00	1.050966587528198559e+01
2.560376788884177301e+00	9.730204985312893129e+00	-3.667424258763552380e+00	1.047854608623195460e+01
2.566667521601497359e+00	9.759284625655324064e+00	-3.754259634288585445e+00	1.045455122664887426e+01
2.572955062237090473e+00	9.761811418489690695e+00	-3.772971128302785360e+00	1.040681519481806916e+01
2.579233771797999175e+00	9.791671727043988582e+00	-3.781948468274740627e+00	1.043750626002665527e+01
2.585520164300948220e+00	9.804889912223369919e+00	-3.779188712741369915e+00	1.048187874634280981e+01
2.591805130332431872e+00	9.814846246806011365e+00	-3.738866497296327029e+00	1.040841626959578292e+01
2.598084074692260881e+00	9.818249905565505031e+00	-3.743060916295330109e+00	1.033539216268111893e+01
2.604360404197643586e+00	9.868178408306990335e+00	-3.793235498555130647e+00	1.046459691813235438e+01
2.610647185140439142e+00	9.881744328601394400e+00	-3.797303479436738183e+00	1.029719943840868090e+01
2.616931864059273138e+00	9.867142000472613361e+00	-3.781689171841891461e+00	1.019607722331013555e+01
2.623206107911065565e+00	9.916690625045751162e+00	-3.818408231965459976e+00	1.027190636604051832e+01
2.629491626543270844e+00	9.935360023060177070e+00	-3.855882110294368115e+00	1.028236832504706477e+01
2.635778507982642349e+00	9.926120388265390559e+00	-3.797230459912516398e+00	1.024111664043834935e+01
2.642061039325260818e+00	9.941550500707005966e+00	-3.823375000073256924e+00	1.018107854291798375e+01
2.648343840729305843e+00	9.980807197309639278e+00	-3.909726035904838692e+00	1.024440690818039812e+01
2.654631838974855551e+00	9.985472813966829619e+00	-3.882440011629243681e+00	1.018300555638704985e+01
2.660919001246303761e+00	1.001815112703493149e+01	-3.887541034323827027e+00	1.016697943206262522e+01
2.667198525130066056e+00	1.002416969627793542e+01	-3.921149204092102547e+00	1.009927562927361144e+01
2.673484307038032526e+00	1.006563213095464704e+01	-3.936853506550331172e+00	1.020241366192786536e+01
2.679773388053849459e+00	1.006710840215377623e+01	-3.953641986992459501e+00	1.012033530441686935e+01
2.686058217632288692e+00	1.008798372193624182e+01	-3.936941136982770484e+00	1.007902931600299645e+01
2.692338738200057868e+00	1.011833312932692586e+01	-3.996575284661667116e+00	1.017933992831090251e+01
2.698618022887226964e+00	1.012267942432531243e+01	-3.915071403543409545e+00	1.008010404873429522e+01
2.704895450708277860e+00	1.013965909192699222e+01	-3.931952263400688707e+00	1.004580186888228432e+01
2.711175674923682166e+00	1.016338142213171558e+01	-3.993317841014973446e+00	1.010717752820393933e+01
2.717459832966957922e+00	1.018626189569584284e+01	-3.972408465547649037e+00	1.006802761407188918e+01
2.723745731959044569e+00	1.018180294794788487e+01	-3.949449833913625696e+00	9.972652993278403599e+00
2.730038414850594730e+00	1.020727653021962134e+01	-3.948252182974676838e+00	9.958936450757903458e+00
2.736317989800789441e+00	1.023403389730709989e+01	-3.995570675897483603e+00	1.002727572813890156e+01
2.742591858549239703e+00	1.025589847635687768e+01	-4.009344974324210220e+00	9.976712252890353128e+00
2.748879749010778362e+00	1.024133206272007257e+01	-3.922251924983470417e+00	9.896865092466226699e+00
2.755163403825859447e+00	1.029138397491077406e+01	-4.036362894182254024e+00	9.971628651897761486e+00
2.761446955625852073e+00	1.030924396789650466e+01	-4.009875237503312206e+00	9.952493976184051405e+00
2.767732088935374701e+00	1.032493315859166927e+01	-4.059395187974507380e+00	9.949349874329699972e+00
2.774015452421743966e+00	1.034656194262644568e+01	-4.005849352327946811e+00	9.960429462891120522e+00
2.780298635700591436e+00	1.035828283335237998e+01	-4.047053710945909266e+00	9.930244074071870486e+00
2.786577474762241380e+00	1.040070376031359345e+01	-4.058526021725232802e+00	1.001941682688658730e+01
2.792857983210164541e+00	1.038069654868685809e+01	-4.001574304101734647e+00	9.821736898051630860e+00
2.799143790920211483e+00	1.040052054253847125e+01	-4.015515415589945292e+00	9.809752346112601273e+00
2.805430058399325244e+00	1.045343057184500779e+01	-4.062145512161217553e+00	9.941162038582938010e+00
2.811715058209780072e+00	1.044737750031221957e+01	-4.052949650181476571e+00	9.860711215870145097e+00
2.817989272498773623e+00	1.048312810440693887e+01	-4.087560724978306581e+00	9.932161169309775772e+00
2.824269171595737760e+00	1.048700646583439777e+01	-3.987610960842859598e+00	9.802345706104050649e+00
2.830563016441804081e+00	1.052526058258578878e+01	-4.039683477007361745e+00	9.862850046949942495e+00
2.836848750951622034e+00	1.057411473688640591e+01	-4.137657929534690915e+00	9.991245954510958427e+00
2.843130027866129783e+00	1.056825891924044214e+01	-4.053182735050788743e+00	9.843392947101877510e+00
2.849413896912404986e+00	1.058034436363510622e+01	-4.023030264722036620e+00	9.895520133546602537e+00
2.855697464522425566e+00	1.061702111348757782e+01	-4.071336347046487170e+00	9.825493334584759708e+00
2.861978799810683594e+00	1.063015364746980929e+01	-4.062550516531566736e+00	9.910649305118255370e+00
2.868262469415629567e+00	1.065042036932922720e+01	-4.070263076846726946e+00	9.886489625969225870e+00
2.874547359206753860e+00	1.069735836980804855e+01	-4.063029255216520141e+00	9.959572770088794158e+00
2.880831111471525041e+00	1.069658351867688140e+01	-4.054500932724074858e+00	9.905300807811704189e+00
2.887113216972382546e+00	1.073358875719032035e+01	-4.105262635446679020e+00	9.927457514020115781e+00
2.893394504725182781e+00	1.076032209781222804e+01	-4.079275933705980961e+00	9.921190276052925583e+00
2.899673662137033592e+00	1.078172787123725129e+01	-4.082699054203059674e+00	9.917754019993950010e+00
2.905953958587380814e+00	1.079747582405604156e+01	-4.062549094780918857e+00	9.953533944024474778e+00
2.912241118105161064e+00	1.083936150827922873e+01	-4.150389060920093520e+00	9.997908018293763632e+00
2.918525996366671205e+00	1.085490350316302433e+01	-4.135570056976160203e+00	9.912277288458389179e+00
2.924809035425688819e+00	1.088049124370195564e+01	-4.112701800228009574e+00	9.947803628998265424e+00
2.931095916293684933e+00	1.090760519344384072e+01	-4.128765320475098477e+00	9.916689397379343518e+00
2.937378182606774413e+00	1.091648752452355353e+01	-4.096448132791041807e+00	9.946513546790141547e+00
2.943659980254369923e+00	1.095661620583627105e+01	-4.127066538869837764e+00	9.952221479789990610e+00
2.949946454403890250e+00	1.099960074556187095e+01	-4.166117708165205435e+00	1.001558356707146658e+01
2.956227653702202307e+00	1.102340142463714479e+01	-4.118750419574798372e+00	1.003254726043724254e+01
2.962510478867462993e+00	1.104011436025007953e+01	-4.131972451465905749e+00	1.005936544826513135e+01
2.968796535179442309e+00	1.108359233660173082e+01	-4.193937256882674269e+00	1.004690963567517770e+01
2.975077657376874907e+00	1.110217260204413314e+01	-4.173355117341889020e+00	1.007873231468101771e+01
2.981359866759223376e+00	1.112087602810923492e+01	-4.138371964793914337e+00	1.005837976163498304e+01
2.987646761575656562e+00	1.117581598649762498e+01	-4.201814294468935174e+00	1.022941981455230476e+01
2.993929038370399365e+00	1.118570819724511445e+01	-4.168561041986792226e+00	1.015886685781083365e+01
3.000206214840962726e+00	1.121239425630898801e+01	-4.168826572035872147e+00	1.015900072274911814e+01
3.006486172402415669e+00	1.124247079642038827e+01	-4.215078242655102336e+00	1.016527672378482094e+01
3.012769812211594456e+00	1.127618093096191920e+01	-4.165308373245411921e+00	1.027884282126188253e+01
3.019053144326170113e+00	1.131284703880020714e+01	-4.216941419021477344e+00	1.027391581818397093e+01
3.025337405144251424e+00	1.133281068367084110e+01	-4.187828411621293156e+00	1.024859932220962477e+01
3.031623734799107961e+00	1.137566348983529174e+01	-4.177224434415272469e+00	1.032414625902947414e+01
3.037908962055872575e+00	1.141101459156045372e+01	-4.218975069440249470e+00	1.039746036599704127e+01
3.044195067146031608e+00	1.143603859229589403e+01	-4.285432896837433780e+00	1.045247515896569013e+01
3.050475543482170426e+00	1.149705033769979323e+01	-4.240693620238211281e+00	1.046810832916052192e+01
3.056754954538277502e+00	1.150882714818136421e+01	-4.234874916831752323e+00	1.052805399715122725e+01
3.063040539557494668e+00	1.153816657930540757e+01	-4.269129177420705190e+00	1.052502011138114568e+01
3.069323699454357346e+00	1.157343289685256771e+01	-4.283960081400492115e+00	1.058475848404460784e+01
3.075610692642898769e+00	1.162168929028980635e+01	-4.273871296177100376e+00	1.063773194569544955e+01
3.081893798009918584e+00	1.167213170336448158e+01	-4.290938048555724471e+00	1.068795885174192684e+01
3.088174549548037717e+00	1.169236841650997505e+01	-4.286545805618617422e+00	1.069485897339631109e+01
3.094458635632868493e+00	1.174282857313948902e+01	-4.330569864661455881e+00	1.080404933829663250e+01
3.100743982931558840e+00	1.177408331981270173e+01	-4.313520852228555746e+00	1.078133597730696636e+01
3.107028111748448396e+00	1.180741607948121974e+01	-4.354735466629639618e+00	1.084678353629206704e+01
3.113309299655494300e+00	1.186573972708490565e+01	-4.375803140929112267e+00	1.092488246122727524e+01
3.119590662867241626e+00	1.188074092780732016e+01	-4.348290643209774764e+00	1.096751826118010698e+01
3.125874006820172912e+00	1.193677169070405775e+01	-4.431746690397670996e+00	1.106097824356141501e+01
3.132159251154602586e+00	1.196775674580257309e+01	-4.412658748350817284e+00	1.110141645119585974e+01
3.138439172765940643e+00	1.202683851703147688e+01	-4.428271838235838587e+00	1.120465756609686991e+01
3.144723867719826593e+00	1.205847199001249415e+01	-4.419540275282087372e+00	1.120253199025444424e+01
3.151003951258561031e+00	1.211680103181375578e+01	-4.472767047066733781e+00	1.138492038855883415e+01
3.157283664131563139e+00	1.215314528855825671e+01	-4.451586744037915544e+00	1.135432004879413270e+01
3.163569317183839935e+00	1.219284479265439813e+01	-4.440639168726645991e+00	1.143601741665763427e+01
3.169851661717792091e+00	1.225842141047413669e+01	-4.466827064992945573e+00	1.152663225025275295e+01
3.176137704316093657e+00	1.227058663661336091e+01	-4.468583086611183752e+00	1.153177004213310930e+01
3.182420924828643916e+00	1.235935796272980447e+01	-4.536481739941343072e+00	1.169812436934234690e+01
3.188702811875577581e+00	1.238106479437194984e+01	-4.546394547707430789e+00	1.171287579941014734e+01
3.194990520008989865e+00	1.242878444716840036e+01	-4.523306471113587968e+00	1.183072901089801832e+01
3.201275324656983834e+00	1.249575644674612818e+01	-4.567031700413770601e+00	1.194027730973200896e+01
3.207551352179861759e+00	1.256219318566177989e+01	-4.625135131665558674e+00	1.202900829289009366e+01
3.213835216737041645e+00	1.259570411105813470e+01	-4.599684658694446426e+00	1.208959545021545701e+01
3.220122579819103770e+00	1.255404632629658046e+01	-4.483376336202320900e+00	1.165821144384354646e+01
3.226406606618656525e+00	1.240265520307627511e+01	-4.081813478144965757e+00	1.073881006420194772e+01
3.232687390085645429e+00	1.227174076106473422e+01	-3.788838346689482162e+00	9.828596969008389195e+00
3.238969121280456331e+00	1.212509486137762238e+01	-3.367650853521173993e+00	8.927398900844123020e+00
3.245254751548589667e+00	1.200654165105002136e+01	-3.097035815210452014e+00	8.107981395684157988e+00
3.251534499036136783e+00	1.193224783304625447e+01	-2.896688680937489657e+00	7.366951910539202508e+00
3.257817780791052442e+00	1.182255887007162798e+01	-2.646329434347879594e+00	6.732900719604589135e+00
3.264102164154097263e+00	1.172987002262892275e+01	-2.511871403041316952e+00	6.054142950504234122e+00
3.270384152138468892e+00	1.166276774253563886e+01	-2.299541086194158090e+00	5.371929370535511339e+00
3.276669427476867735e+00	1.159687820247878598e+01	-2.076671179660631861e+00	4.807032504036664378e+00
3.282954688864507808e+00	1.153303613023649099e+01	-1.982012435235905867e+00	4.196747356131549367e+00
3.289237200334947264e+00	1.147397981290135149e+01	-1.783318474180719981e+00	3.640145444537599584e+00
3.295519587088236779e+00	1.142120101494023388e+01	-1.633604922100330814e+00	3.078838667330207723e+00
3.301805977329951958e+00	1.138250359858567684e+01	-1.571801536686435741e+00	2.630819102917636432e+00
3.308087486222440088e+00	1.133327018033085132e+01	-1.445309281646931066e+00	2.081246363292032164e+00
3.314367630234227313e+00	1.128548051089041948e+01	-1.333414824051447845e+00	1.511249585177396160e+00
3.320651909732194262e+00	1.124545794872723370e+01	-1.238964204255697421e+00	1.171492008647824878e+00
3.326931260376857047e+00	1.123994064180409858e+01	-1.170158467120442802e+00	6.354590616743163167e-01
3.333216512447217728e+00	1.122074187409557666e+01	-1.090956629956511215e+00	3.092369586640210111e-01
3.339504489419978128e+00	1.119350732330345188e+01	-1.008026373701264466e+00	-1.642648716274606180e-01
3.345786804809928405e+00	1.118512910740999189e+01	-9.959562437952712566e-01	-5.567323175567111537e-01
3.352071130016277767e+00	1.114809226715422952e+01	-8.971967112588792315e-01	-1.005751269469246312e+00
3.358351496304225581e+00	1.114114138435542856e+01	-8.220010032224841501e-01	-1.383689728674027508e+00
3.364630591073392019e+00	1.112516986656844509e+01	-8.137531174921802668e-01	-1.773016156372469343e+00
3.370916305215045483e+00	1.112327655062722798e+01	-7.630557865947308338e-01	-2.078917650384094262e+00
3.377197952029413752e+00	1.110813752949603916e+01	-7.057777756978089734e-01	-2.480079254078818352e+00
3.383483063818085501e+00	1.111240895890720104e+01	-6.475835933088729401e-01	-2.804886816139066763e+00
3.389769992424469969e+00	1.110621659131746419e+01	-6.989811833064898394e-01	-3.137574102004091703e+00
3.396051330885982100e+00	1.109089691320685489e+01	-5.969835092057332870e-01	-3.485730137472337731e+00
3.402330879139463971e+00	1.109255007749065136e+01	-6.075962185278674932e-01	-3.778933478525084766e+00
3.408610488352048495e+00	1.109468972346692972e+01	-5.625965746522462174e-01	-4.121123709008496228e+00
3.414897837696641236e+00	1.111322478211902620e+01	-5.582744657919808118e-01	-4.455104572878506808e+00
3.421180484052105619e+00	1.111894453284509865e+01	-5.605321529119939861e-01	-4.743485881320776087e+00
3.427461639653846870e+00	1.113056008007270137e+01	-5.763343738177456599e-01	-5.026472121826641271e+00
3.433749159643459059e+00	1.113759955270858626e+01	-5.387797881877808281e-01	-5.333942772790997822e+00
3.440032646656798310e+00	1.113473054230528625e+01	-5.248810813088053973e-01	-5.660096210691071050e+00
3.446313366033385339e+00	1.117551666065906346e+01	-5.369322119245579783e-01	-5.913373049181830154e+00
3.452600135384134905e+00	1.116665485848933059e+01	-4.868112899735046462e-01	-6.219107981990871892e+00
3.458883152815406703e+00	1.118030690955082385e+01	-5.036387963849271454e-01	-6.485517508650761265e+00
3.465163834403715448e+00	1.119062351883229489e+01	-5.031675725218646145e-01	-6.766042634425248892e+00
3.471449329786229221e+00	1.120838643943806900e+01	-4.611182319472957314e-01	-7.073774770239292131e+00
3.477734476754053894e+00	1.122707746329115963e+01	-4.899959792951429915e-01	-7.307939109588808435e+00
3.484019652467224226e+00	1.121324785008374469e+01	-4.967166741901797300e-01	-7.624955543046318063e+00
3.490297019369712928e+00	1.126279151796740052e+01	-5.201577467464713056e-01	-7.837429405805736771e+00
3.496582486484379970e+00	1.126936300484359421e+01	-4.682203629279799162e-01	-8.102783258665189337e+00
3.502868048046865024e+00	1.129162986422801218e+01	-5.242874353430380108e-01	-8.370115104246320215e+00
3.509144649545451244e+00	1.130700917774070291e+01	-5.643907050534004988e-01	-8.562709050843231751e+00
3.515428082003116295e+00	1.131529387198771097e+01	-5.172318592812922278e-01	-8.855646984240951980e+00
3.521711031624695565e+00	1.135344431433309431e+01	-5.489563072798617771e-01	-9.063802881719823290e+00
3.527991850954735664e+00	1.137639583327565340e+01	-5.224062573083296801e-01	-9.420480154636020842e+00
3.534275545726699885e+00	1.139622486843569682e+01	-5.867388359189444902e-01	-9.581381258531511236e+00
3.540562632020772149e+00	1.144011663471750317e+01	-5.433628402371724064e-01	-9.871075554654739292e+00
3.546844410757220789e+00	1.146207720791925055e+01	-5.774871856404713011e-01	-1.008181082821364605e+01
3.553131386753758836e+00	1.148528114382243359e+01	-5.947595792375860446e-01	-1.028055949463578145e+01
3.559419203211965144e+00	1.147574760513450265e+01	-5.730716262260530103e-01	-1.057913761814332076e+01
3.565697971577579839e+00	1.151783103389543328e+01	-5.761835732581291891e-01	-1.081196534418135613e+01
3.571979559134798254e+00	1.155065092808630212e+01	-6.170495150054791100e-01	-1.097454425132457700e+01
3.578265774595833726e+00	1.155824367158872690e+01	-6.141833289938036788e-01	-1.123157490904617184e+01
3.584548309769353125e+00	1.160493375671698146e+01	-6.279739420751414558e-01	-1.142820952907189991e+01
3.590826843920031486e+00	1.160860363538851026e+01	-6.347272807422406071e-01	-1.163449957881572061e+01
3.597107306745233934e+00	1.167600268302709843e+01	-6.531509254089686856e-01	-1.190720781168145415e+01
3.603392831792229245e+00	1.168322123481931030e+01	-6.664032814920870518e-01	-1.212392832379302732e+01
3.609673209822572559e+00	1.170271138450086568e+01	-6.877526086203926692e-01	-1.230116439740889689e+01
3.615955412133016189e+00	1.171443478823302087e+01	-7.090244563881819007e-01	-1.248835355875848840e+01
3.622241607772384686e+00	1.175367374281170108e+01	-6.914510815934873378e-01	-1.276130714503498353e+01
3.628520252736676444e+00	1.178249023185464495e+01	-7.694899455895404250e-01	-1.290567949798879432e+01
3.634804827569451113e+00	1.181353022085574622e+01	-7.472005791114606499e-01	-1.318205807196237345e+01
3.641094981788862928e+00	1.184500739179288686e+01	-7.625664687120372598e-01	-1.334407886721853664e+01
3.647383514928639325e+00	1.188656981603873675e+01	-7.669978536823609527e-01	-1.355308431591295992e+01
3.653663283927725658e+00	1.191376556024099287e+01	-7.731576187926141319e-01	-1.378781374864126086e+01
3.659943504072155296e+00	1.195164153422538611e+01	-8.102387814921900855e-01	-1.395590164640398889e+01
3.666232000281138603e+00	1.198465248328415100e+01	-8.085022848529556105e-01	-1.419799275463602051e+01
3.672514211678317597e+00	1.202015099098204054e+01	-8.016321243872490676e-01	-1.445376427010509879e+01
3.678794154686042539e+00	1.202693930898863073e+01	-8.407644773698235152e-01	-1.456718076403418927e+01
3.685078621861909820e+00	1.207114383638375976e+01	-8.887946218005496890e-01	-1.478370566766960792e+01
3.691359210097977961e+00	1.210076361928534716e+01	-8.764911962721972927e-01	-1.496403843951232382e+01
3.697642368173791105e+00	1.213721527531232169e+01	-8.473674408629400245e-01	-1.524628531097581963e+01
3.703925796735277665e+00	1.217807062906221560e+01	-9.073031331811977074e-01	-1.535724143734120339e+01
3.710208240364660348e+00	1.221263442106997132e+01	-9.496719088299907519e-01	-1.558968291634192482e+01
3.716494593122387169e+00	1.225542361257783597e+01	-9.223671549567324934e-01	-1.581273001267346601e+01
3.722775386659595398e+00	1.225816172535953719e+01	-9.195864426452949880e-01	-1.597827574807129913e+01
3.729058392883481510e+00	1.230384537677203127e+01	-9.731509916989228293e-01	-1.616626030016912097e+01
3.735339748210807720e+00	1.233121502816514514e+01	-9.848466155574980840e-01	-1.634140307213084853e+01
3.741620776392969638e+00	1.235814170611502938e+01	-9.653611679733242745e-01	-1.656619881698459196e+01
3.747904795418762980e+00	1.239901489836141124e+01	-9.786694840643085369e-01	-1.675516410736482698e+01
3.754190633281219380e+00	1.244449529737563864e+01	-9.981700217755282711e-01	-1.695216501560130951e+01
3.760478208018912749e+00	1.247376643206014180e+01	-1.012033267589248497e+00	-1.716610541235763421e+01
3.766755538573464346e+00	1.250973589742004144e+01	-1.010335843542020218e+00	-1.738101372661918731e+01
3.773032090135151506e+00	1.256305539316977082e+01	-1.033201320592350925e+00	-1.757975672797671862e+01
3.779322553012896879e+00	1.259282512751362226e+01	-1.034408019152044611e+00	-1.776791042857874103e+01
3.785609109731308930e+00	1.262455094892123242e+01	-1.080084322111031003e+00	-1.792870255282169012e+01
3.791889825936295200e+00	1.268855120729688757e+01	-1.065284716663064790e+00	-1.812321313991095906e+01
3.798174822702435893e+00	1.270370834631767032e+01	-1.091839859010453884e+00	-1.831766752394888087e+01
3.804458658753491651e+00	1.274561835534099963e+01	-1.076855973982306036e+00	-1.859292897990385995e+01
3.810738438095723435e+00	1.277223006552823215e+01	-1.134729031601244387e+00	-1.869600598509153855e+01
3.817018850285747167e+00	1.280161137444220820e+01	-1.100194019516439248e+00	-1.894167677285219753e+01
3.823305314209427763e+00	1.285404632834871563e+01	-1.162915335942612538e+00	-1.901757244393107626e+01
3.829591295197792178e+00	1.289758770581864589e+01	-1.156514712723424321e+00	-1.929747639210777876e+01
3.835872296070849341e+00	1.292048060432814260e+01	-1.162511638388113333e+00	-1.945933780310936001e+01
3.842156279590906109e+00	1.298068038923172018e+01	-1.213310697695792140e+00	-1.962756021435235709e+01
3.848441511099312429e+00	1.297498657896373153e+01	-1.170635003587694900e+00	-1.984060441867930180e+01
3.854723334376886079e+00	1.304025601187843897e+01	-1.179280825057595683e+00	-2.002113618203162204e+01
3.861004740704794713e+00	1.308859770713355530e+01	-1.212498167342745958e+00	-2.020967890503399289e+01
3.867284336650660848e+00	1.310212073051850368e+01	-1.183739291190934795e+00	-2.041571983475871832e+01
3.873567367678779849e+00	1.314317136890507243e+01	-1.213329517040359296e+00	-2.055549114280864487e+01
3.879850662830422792e+00	1.317227930733875851e+01	-1.200260278175859785e+00	-2.081977464740554851e+01
3.886137063198143338e+00	1.324312648518657376e+01	-1.257512869941373568e+00	-2.090578161345893449e+01
3.892419463049126005e+00	1.328035664947557848e+01	-1.249200457020791744e+00	-2.117515167783235697e+01
3.898703740328622658e+00	1.332606961344764152e+01	-1.267878436870891745e+00	-2.135826227399681443e+01
3.904991458788179326e+00	1.339128218919805491e+01	-1.255022281670048034e+00	-2.164235618657495053e+01
3.911270842222104083e+00	1.342404604001030144e+01	-1.263187561176335238e+00	-2.179954829846635533e+01
3.917549806479573071e+00	1.346039918225094922e+01	-1.279057388606662515e+00	-2.194886741395550445e+01
3.923836006203090587e+00	1.347972003866831869e+01	-1.292451100953495580e+00	-2.212822460352717613e+01
3.930121452497870926e+00	1.352680892168767635e+01	-1.309156897208653803e+00	-2.229597246197107197e+01
3.936398172858230460e+00	1.356886699263056961e+01	-1.290291031350539797e+00	-2.253514504850073052e+01
3.942683040425962293e+00	1.362234491264992897e+01	-1.280053979561582400e+00	-2.273217061447297027e+01
3.948974759704379611e+00	1.367762037196783886e+01	-1.322161703904413343e+00	-2.295361342360713763e+01
3.955259227995065352e+00	1.373570359323047896e+01	-1.315044314077781662e+00	-2.320124037997542388e+01
3.961537174921395454e+00	1.377131146502892101e+01	-1.327807148916937185e+00	-2.329379458106056688e+01
3.967820217617139544e+00	1.378314006805020853e+01	-1.305723322791533914e+00	-2.355175456269032708e+01
3.974105559832568968e+00	1.385310363524968480e+01	-1.297387613400341921e+00	-2.376867201973148980e+01
3.980384727931198352e+00	1.391011953882587449e+01	-1.329777484868872817e+00	-2.398274887346124018e+01
3.986664590839849698e+00	1.393030445863755951e+01	-1.303871553023391749e+00	-2.417403663777675860e+01
3.992949619150675034e+00	1.399782237722641121e+01	-1.370956647054651922e+00	-2.429495439364355036e+01
3.999235075769965952e+00	1.404435528670139632e+01	-1.303745242563566498e+00	-2.464793315191116463e+01
4.005515715515433506e+00	1.408548062724476324e+01	-1.334981545921349211e+00	-2.476069533473909345e+01
4.011798434346478537e+00	1.413613838246330801e+01	-1.301050965824954497e+00	-2.503008964164382633e+01
4.018083716245132386e+00	1.419450747192113305e+01	-1.336043218420375656e+00	-2.522463274251678200e+01
4.024365700052603856e+00	1.424097316459326379e+01	-1.398262231386373511e+00	-2.531154753112480549e+01
4.030643960839860540e+00	1.426179430619574617e+01	-1.317422567376990594e+00	-2.566974065413442219e+01
4.036928708926215137e+00	1.436384847137586007e+01	-1.364423317840436356e+00	-2.582472418828367822e+01
4.043218157412017177e+00	1.441366312425774332e+01	-1.386932498589044105e+00	-2.602339268322264942e+01
4.049503019487663558e+00	1.443992682844566566e+01	-1.358132705418917840e+00	-2.626599628848816792e+01
4.055781898960511000e+00	1.450223106668610917e+01	-1.369878996418305794e+00	-2.645078398652930929e+01
4.062060795621602161e+00	1.451558198738110406e+01	-1.361834919605059202e+00	-2.667030424601409777e+01
4.068347865354716042e+00	1.462043227311176885e+01	-1.374761813015247247e+00	-2.690435554317144806e+01
4.074631027173265529e+00	1.462663694021668803e+01	-1.397000618881690137e+00	-2.703160621595140256e+01
4.080910837526078971e+00	1.470195836783778098e+01	-1.361008091545782284e+00	-2.734456107016297466e+01
4.087201203341442657e+00	1.475802500359849390e+01	-1.365306943856457345e+00	-2.756150172464991144e+01
4.093486818591942189e+00	1.476358682347382789e+01	-1.390928770241702805e+00	-2.766913281999097762e+01
4.099764387336505500e+00	1.486922336001129707e+01	-1.393549925405861645e+00	-2.794597745773973330e+01
4.106049166937662420e+00	1.490270886274714357e+01	-1.325417337188938616e+00	-2.830135019787867279e+01
4.112334559041358695e+00	1.497762411926212245e+01	-1.404628420170946912e+00	-2.836642716972799505e+01
4.118618926059533614e+00	1.504548295251302825e+01	-1.396547262802206646e+00	-2.866151512214013763e+01
4.124898942031112625e+00	1.504260142897785002e+01	-1.383068974670725204e+00	-2.880986424205531904e+01
4.131175432561665417e+00	1.511478050754045022e+01	-1.394882145702129650e+00	-2.906392068944385443e+01
4.137461563786142271e+00	1.516483520497662774e+01	-1.306627974030106776e+00	-2.944929193849724669e+01
4.143746006210170307e+00	1.525276682780250326e+01	-1.392241408223626742e+00	-2.954837329444418614e+01
4.150029800482964326e+00	1.531731069011717317e+01	-1.355038502164989556e+00	-2.985863491540100512e+01
4.156313390684649001e+00	1.536011959245442426e+01	-1.368694294928408661e+00	-3.007562254313785033e+01
4.162596105843763716e+00	1.543813275714829025e+01	-1.375624175506002800e+00	-3.031735317258703688e+01
4.168881843141768684e+00	1.547203293448846928e+01	-1.344079897096673859e+00	-3.058774062736590338e+01
4.175162111073220217e+00	1.556260826817480591e+01	-1.402917139604853203e+00	-3.070855226020504247e+01
4.181448573417560155e+00	1.558829907253767111e+01	-1.352057136129217962e+00	-3.104439848097706189e+01
4.187738782464171194e+00	1.566069736639711429e+01	-1.417871007725871380e+00	-3.115576810161049792e+01
4.194017437180169061e+00	1.572356055742169367e+01	-1.319059777642338949e+00	-3.157141356302447477e+01
4.200293572701767175e+00	1.574684207519177370e+01	-1.285200048062232092e+00	-3.186169685632540904e+01
4.206580195481546269e+00	1.586261597960203495e+01	-1.414610968291300619e+00	-3.194082554792816353e+01
4.212860644652220543e+00	1.587410754243191668e+01	-1.309079808328106109e+00	-3.232587295280322337e+01
4.219138153430114002e+00	1.601140628811211286e+01	-1.378792481097916856e+00	-3.251816509615682804e+01
4.225426162098283811e+00	1.601011872489197430e+01	-1.275641073068885634e+00	-3.288908186644618326e+01
4.231713506719782636e+00	1.608574614514569490e+01	-1.304561065680577725e+00	-3.311884810124916356e+01
4.237990056577191744e+00	1.613907812741305747e+01	-1.313544647019745382e+00	-3.328516067986536342e+01
4.244267783646744618e+00	1.619911554377589269e+01	-1.246518522720760247e+00	-3.373015754654460352e+01
4.250560660182562955e+00	1.631679754904597601e+01	-1.344167105516120175e+00	-3.385159579938299146e+01
4.256847734842668096e+00	1.636987455179436068e+01	-1.304844799105910225e+00	-3.419148367239291986e+01
4.263127100734456221e+00	1.642187255452617123e+01	-1.325247723877842176e+00	-3.433732059536712455e+01
4.269406860432507500e+00	1.645697444351738881e+01	-1.301689717396275814e+00	-3.464142863706457121e+01
4.275691671482192646e+00	1.651232596681146347e+01	-1.260820422838876631e+00	-3.496428026077266793e+01
4.281972414189518794e+00	1.663809121840151306e+01	-1.254209586729339465e+00	-3.534525465863189453e+01
4.288253516806755705e+00	1.666920279257364612e+01	-1.256181918787198315e+00	-3.558360128676049783e+01
4.294540520160492925e+00	1.677701969985478314e+01	-1.252380196318872096e+00	-3.588980033200279252e+01
4.300825742921731809e+00	1.681825334956404916e+01	-1.223824874598440804e+00	-3.620835147759339634e+01
4.307109835491901961e+00	1.686562202458773641e+01	-1.195497091092760700e+00	-3.654910499330382123e+01
4.313390926478413157e+00	1.700652425220353692e+01	-1.251880479048543826e+00	-3.676561581542756585e+01
4.319667979480563247e+00	1.697676884211623616e+01	-1.167147210512725630e+00	-3.712853553018779706e+01
4.325952598143786076e+00	1.709743714859849462e+01	-1.290946406407313285e+00	-3.719063331747960888e+01
4.332241647035422361e+00	1.717421866125039998e+01	-1.142920545485466066e+00	-3.779488477861605844e+01
4.338524445619096781e+00	1.725395306328877254e+01	-1.168907235078526563e+00	-3.805095437199292974e+01
4.344809348131129845e+00	1.727513109483827236e+01	-1.182101303981230922e+00	-3.827697787197561041e+01
4.351090699193166600e+00	1.731971548184393228e+01	-1.069527675979669024e+00	-3.876598599082419838e+01
4.357369710808320029e+00	1.743000039125935530e+01	-1.148328900490202864e+00	-3.889502019036796554e+01
4.363659348967174445e+00	1.747363159978735325e+01	-1.107565903688846998e+00	-3.934143078643742797e+01
4.369947418280990981e+00	1.756405767853772204e+01	-1.028846811993638033e+00	-3.980249603440155681e+01
4.376226569265827315e+00	1.764822636382625731e+01	-1.092573176765586851e+00	-3.999574853082489767e+01
4.382499356631129217e+00	1.762392063111769147e+01	-1.090566873139118265e+00	-4.014776395424424749e+01
4.388784975178015024e+00	1.775298948676249822e+01	-1.025301328554755420e+00	-4.067249323469042110e+01
4.395068696309480494e+00	1.775773903068372306e+01	-1.029381788585684854e+00	-4.104442949925186213e+01
4.401347962382031298e+00	1.790091588483178242e+01	-1.030932889991887036e+00	-4.128347881691519206e+01
4.407628405096517099e+00	1.790312210107964574e+01	-1.029799247308936794e+00	-4.159208562174190149e+01
4.413915862185140426e+00	1.802057217725841554e+01	-9.710080988065191709e-01	-4.217638814653398782e+01
4.420203163534264235e+00	1.802248294712051546e+01	-9.474648504889450207e-01	-4.238356300861963888e+01
4.426480311003382795e+00	1.806250176015551290e+01	-8.726514150585684693e-01	-4.294178840140060061e+01
4.432765973643649104e+00	1.819752117484418719e+01	-1.013452298010389718e+00	-4.295110504109349847e+01
4.439053392023870614e+00	1.816678572157685423e+01	-9.188207362676563683e-01	-4.348808924717457103e+01
4.445336141335588742e+00	1.832302673563961903e+01	-9.227277308016037516e-01	-4.386680035449079185e+01
4.451617241414883352e+00	1.833328411917081624e+01	-8.648398071690692746e-01	-4.437274063464136731e+01
4.457901500730311106e+00	1.835978634992087422e+01	-7.042423844526523036e-01	-4.496674259796517958e+01
4.464189501093017043e+00	1.842439980968489976e+01	-7.596215077955722483e-01	-4.509012616113253102e+01
4.470470197548729985e+00	1.845732139758495904e+01	-6.792332758914743085e-01	-4.579403890700351809e+01
4.476748044268524573e+00	1.853437247920945197e+01	-7.743690811073489222e-01	-4.579797337530868617e+01
4.483035990164653484e+00	1.849013132522219038e+01	-6.761826884376075375e-01	-4.641677271450853226e+01
4.489323331650528104e+00	1.857683332015761835e+01	-6.486034142414398573e-01	-4.681287652172254354e+01
4.495599111667934800e+00	1.859347121001421854e+01	-5.573305270547488366e-01	-4.734364517534870487e+01
4.501870922878794090e+00	1.860154055319801714e+01	-5.057737864093467817e-01	-4.788048074474707505e+01
4.508155162877705457e+00	1.869880764873377998e+01	-4.814022225594072335e-01	-4.832829011616676951e+01
4.514446451153479423e+00	1.869444421936781353e+01	-5.053630889142803895e-01	-4.875163468007787770e+01
4.520723894043856994e+00	1.867768167911271249e+01	-4.465791433772557939e-01	-4.900923845171200099e+01
4.527003782460155890e+00	1.857257139764465848e+01	-3.359788138130797575e-01	-4.944501373043186021e+01
4.533293086610313161e+00	1.868949333330495932e+01	-3.152830102997310480e-01	-5.017942529193123136e+01
4.539578989864040182e+00	1.858485926305082359e+01	-3.055834435183810704e-01	-5.028077729078945879e+01
4.545857164866476730e+00	1.857958399252887460e+01	-1.909353279374263745e-01	-5.094478007676032405e+01
4.552138955546025656e+00	1.860226607964509782e+01	-1.676813639103532094e-01	-5.146180083131069694e+01
4.558432046889146605e+00	1.865317818463319810e+01	-9.763525048454091415e-02	-5.215932859937594657e+01
4.564713463378488711e+00	1.860226636890381968e+01	-5.156585411822216247e-02	-5.240378773950972402e+01
4.570987274133244682e+00	1.859675658030324286e+01	-7.870237469443085165e-02	-5.269569831616512801e+01
4.577274818151045643e+00	1.868710563307196537e+01	-9.469239348483873830e-02	-5.321698719986538606e+01
4.583563263889338657e+00	1.873491161785363346e+01	-4.860290344986444716e-02	-5.372991866858700405e+01
4.589844917004465508e+00	1.883365674688531399e+01	-4.581266149357047374e-02	-5.424256362525368047e+01
4.596126259982004747e+00	1.878706389868091975e+01	-2.118632605054615592e-02	-5.441440181501440776e+01
4.602409075598298926e+00	1.888000648545126836e+01	-3.619087499673498409e-02	-5.495223538046592182e+01
4.608696634867644804e+00	1.890793815858688376e+01	-1.100062663095954102e-01	-5.509152148284735517e+01
4.614977646498861219e+00	1.893558131095078068e+01	-4.780060037767726484e-03	-5.565351868356687248e+01
4.621258953029527383e+00	1.894234852171254602e+01	8.998797933191082787e-03	-5.586764318382198979e+01
4.627547993978874175e+00	1.907375891280707236e+01	-5.516137115394979112e-02	-5.641614680172732221e+01
4.633830152730579854e+00	1.914397678731026531e+01	1.892522176245610074e-02	-5.695565672745696872e+01
4.640104005367354567e+00	1.921761685634667316e+01	-8.218741563312667586e-02	-5.718586121929078558e+01
4.646382060386754276e+00	1.931089277212409527e+01	-4.070782202207627598e-02	-5.778765461859343588e+01
4.652674213731970987e+00	1.934246655447950047e+01	-2.598548908133678503e-02	-5.810805550166399769e+01
4.658958291796220230e+00	1.937466951590011277e+01	-1.760696187924302991e-02	-5.833814464372886022e+01
4.665233615070169648e+00	1.946137580945593726e+01	5.531733575437295519e-02	-5.897938788509239316e+01
4.671520675710307380e+00	1.947423757356989427e+01	-1.721468063952198702e-02	-5.909699769483006548e+01
4.677814351732177300e+00	1.962494463582224213e+01	-4.278974607790136941e-02	-5.969315431437159702e+01
4.684093699744638073e+00	1.961890470183985613e+01	-6.044896768487104805e-02	-5.985529320644128148e+01
4.690368661472568590e+00	1.978616193471872364e+01	-5.374012848483635668e-02	-6.060734858324538266e+01
4.696663270746453733e+00	1.977915855682692126e+01	-1.711843681235591247e-02	-6.078143493765215055e+01
4.702945459248681459e+00	1.986373904607615870e+01	-3.124298249775198100e-02	-6.119303195482137170e+01
4.709209170841929470e+00	1.984341168385709864e+01	-2.782199076449644315e-02	-6.128400782047332029e+01
4.715491634753063543e+00	2.007937234081050448e+01	-4.045596712145782536e-02	-6.217916846925341190e+01
4.721784316284933780e+00	2.018527460002003693e+01	-1.591026281311351889e-02	-6.273874305808905660e+01
4.728063062331094635e+00	2.016561759376076424e+01	-6.283839885744409159e-02	-6.276855782582131837e+01
4.734337423381671073e+00	2.042768533092940686e+01	-1.074755370003904892e-01	-6.368812130453606812e+01
4.740627024094544062e+00	2.038066435364402906e+01	-4.648426116177786088e-02	-6.382178282898801314e+01
4.746914995664547554e+00	2.041948146957895105e+01	-1.803617359948310461e-02	-6.410358711657578112e+01
4.753194740071086777e+00	2.056810295013121959e+01	-8.218664847162122922e-02	-6.463702291538963607e+01
4.759478891864783456e+00	2.077139146124108393e+01	-3.057028264957546010e-02	-6.548706530578004958e+01
4.765762396877359031e+00	2.070659852576883964e+01	-4.960882411789552249e-02	-6.546114539101108676e+01
4.772049481246195768e+00	2.080083019512536069e+01	-6.769430041589981351e-02	-6.582202688978885874e+01
4.778335091022592351e+00	2.097209655693774266e+01	-9.316781014987467191e-02	-6.650240085694660763e+01
4.784610831402393849e+00	2.098839570168113156e+01	-9.167102854348795071e-02	-6.676811151243965980e+01
4.790907306208476157e+00	2.112773222176834764e+01	3.469716332800568646e-03	-6.743292337884454923e+01
4.797204047706418173e+00	2.120576233709325464e+01	-1.178008833769724900e-01	-6.765329558078239813e+01
4.803470827697504220e+00	2.130435322997795566e+01	-4.382131203850492956e-02	-6.821658903773784743e+01
4.809748850577324042e+00	2.144438330593231257e+01	-4.449722061429115666e-02	-6.879504607799583482e+01
4.816045316586602176e+00	2.149143213612398995e+01	-1.697322540901411922e-02	-6.911476880729840389e+01
4.822329240673497885e+00	2.160740229340895979e+01	-6.609123070146090406e-02	-6.957803757474772510e+01
4.828596758226470165e+00	2.183255282131189645e+01	-6.526378134438336198e-02	-7.041470315114177936e+01
4.834890332961369275e+00	2.188188050564340870e+01	3.498280292917490056e-03	-7.083432876222536834e+01
4.841191655056394261e+00	2.192360696746418469e+01	-4.532138059896513582e-02	-7.103549885451705848e+01
4.847460407468000554e+00	2.203901167979142883e+01	-4.963795866272816687e-02	-7.152775536332958950e+01
4.853732128521334843e+00	2.211054546150199940e+01	-4.707694395497320078e-02	-7.186595173962287220e+01
4.860029138783373170e+00	2.238671892905100336e+01	-1.796301042669485801e-02	-7.298801993136797250e+01
4.866314601732018019e+00	2.253755258911126091e+01	-1.072949640095934021e-01	-7.347285787049804640e+01
4.872587026269203925e+00	2.256727818189043688e+01	-5.414820151903128320e-02	-7.369006420751907172e+01
4.878874221748241702e+00	2.261242575346202344e+01	-1.465129650498102169e-02	-7.407195571604728457e+01
4.885171078138658807e+00	2.276667774480197792e+01	-2.715234433207031409e-02	-7.468926957287470714e+01
4.891450629931857641e+00	2.297758089269225934e+01	-4.246369646324996139e-02	-7.545421382274996347e+01
4.897716482750221978e+00	2.314244119542924949e+01	-5.042976460745267342e-02	-7.610042429714461321e+01
4.904002834596266069e+00	2.307073497915096283e+01	-6.560692223488551189e-02	-7.597773746373177062e+01
4.910295858205786068e+00	2.333935313061321537e+01	-1.315653679154541456e-01	-7.692218213342954414e+01
4.916575188115905881e+00	2.346359041153829850e+01	-5.969640855537337171e-03	-7.757094316236430132e+01
4.922847946197084212e+00	2.343145133069734243e+01	-9.532680762342027325e-02	-7.747746435435514911e+01
4.929131667457151700e+00	2.373337434882902031e+01	-7.070164488332858488e-02	-7.863647770851883934e+01
4.935434460144239033e+00	2.381080766105722901e+01	-1.403257312134747747e-01	-7.887237687332772396e+01
4.941718513303545279e+00	2.390865076537696865e+01	-8.795897276825560829e-02	-7.937349510388889939e+01
4.947978624761803168e+00	2.412090299450059661e+01	-3.981657426166343959e-03	-8.030830393736468409e+01
4.954274999209829389e+00	2.427035797696360930e+01	-2.350478305077047594e-02	-8.088050876910943998e+01
4.960571094729937514e+00	2.433963678837597655e+01	1.184004198367938181e-02	-8.123953739547889086e+01
4.966823207626954506e+00	2.457630497446793783e+01	-5.544685631221287631e-02	-8.207482716731311712e+01
4.973097418390337587e+00	2.468012770651303356e+01	-5.557588745304479355e-02	-8.253363497407691796e+01
4.979415129936382023e+00	2.487277931104831907e+01	-9.851197026935071266e-02	-8.322923931398028685e+01
4.985702082330368157e+00	2.494101725439172412e+01	-9.285293744406278305e-02	-8.353662771147743626e+01
4.991949985828016523e+00	2.526728500644643560e+01	-3.627310692097368561e-02	-8.477530292949573720e+01
4.998241586316924057e+00	2.529035459292197885e+01	-3.426833929060336265e-02	-8.496860708844549492e+01
5.004556635606089543e+00	2.557789965291931367e+01	-2.958133485382038325e-02	-8.604646482050439715e+01
5.010828655701208945e+00	2.566345625254411544e+01	-4.280638027324022710e-02	-8.641490521088368837e+01
5.017077229702536556e+00	2.578445172004665764e+01	-4.815785550938531806e-02	-8.689476001518528392e+01
5.023374414758113637e+00	2.611900308294979212e+01	-4.351827156199922914e-02	-8.813068636547033918e+01
5.029688873569548413e+00	2.617202333897695965e+01	-1.933301543702072717e-02	-8.843002183213751266e+01
5.035958413584124216e+00	2.639495768012483978e+01	3.435764732902481938e-02	-8.930277870304632870e+01
5.042232667658486989e+00	2.649194236524163060e+01	-7.306490305408076813e-02	-8.964865648468529002e+01
5.048528755870775875e+00	2.652117800616126786e+01	-2.159411378571624018e-02	-8.988649391355357920e+01
5.054821121427484520e+00	2.682039162711671665e+01	-8.582567300377584585e-02	-9.086331138324349865e+01
5.061069509814582368e+00	2.736719466273685342e+01	-5.289145708714635546e-02	-9.286797871894847844e+01
5.067347812754101177e+00	2.724679208903949856e+01	-1.015602727723988047e-01	-9.250122289557748445e+01
5.073675050630431116e+00	2.749739535278551017e+01	3.115606583624590600e-02	-9.359201483427298740e+01
5.079945928388977627e+00	2.784236644895540991e+01	-3.875045084254398475e-02	-9.474586936243667878e+01
5.086192992546071601e+00	2.798888398213837192e+01	5.294987347820559812e-03	-9.536339173613916387e+01
5.092484128970163226e+00	2.803033631970119899e+01	-9.117504737203706300e-03	-9.560930200986970817e+01
5.098802924706086870e+00	2.830412048249102241e+01	7.275651440449180940e-02	-9.668930623844195793e+01
5.105078217426394005e+00	2.860084653959773249e+01	-5.163468921690782948e-02	-9.764069826495878601e+01
5.111325076574067872e+00	2.882517280466098342e+01	-2.739816720368504384e-03	-9.853010425293842900e+01
5.117628358851224135e+00	2.905988554463001705e+01	3.086965565821475285e-03	-9.942190678386853619e+01
5.123935939383525984e+00	2.922498035139753014e+01	1.938600278468873006e-02	-1.000823566022391304e+02
5.130199176325612065e+00	2.944632077266423309e+01	5.706403245528661287e-03	-1.008701603007365435e+02
5.136469985878846956e+00	2.981110106844653274e+01	-7.773903370603438279e-02	-1.021460800503876385e+02
5.142797788696348071e+00	2.989836876285175293e+01	-4.588744103304723959e-02	-1.025363833946296097e+02
5.149090378043822192e+00	3.018892424714788447e+01	-3.938950106281394886e-02	-1.036113575768482207e+02
5.155289879840074363e+00	3.060792578137139941e+01	-2.442920583499951989e-02	-1.051182216797937059e+02
5.161564521234301317e+00	3.068118039002609265e+01	-6.786769997767717888e-02	-1.054272771856719686e+02
5.167916673496016244e+00	3.087551168637122956e+01	6.704412432781245434e-02	-1.062976979333236187e+02
5.174205974602950064e+00	3.144031716343825877e+01	-4.457968166356918865e-02	-1.081575124641046841e+02
5.180434820793812456e+00	3.139645325085019678e+01	7.013285243206290875e-02	-1.082042524369034453e+02
5.186729096569634656e+00	3.172994005362306424e+01	5.029735350032474295e-02	-1.094342907726316838e+02
5.193058481037780894e+00	3.224280930776339460e+01	-3.798880677764748803e-02	-1.111384963626430817e+02
5.199319511444338460e+00	3.227311855324972356e+01	9.149125869930789523e-02	-1.114316674131882081e+02
5.205574295584361799e+00	3.249014102570469475e+01	-1.110946879505274624e-03	-1.121557403975135685e+02
5.211894977074066126e+00	3.285859267123681349e+01	-6.221908504700064679e-02	-1.134444297247745936e+02
5.218201708336958511e+00	3.311267551842261980e+01	-8.797997758168545068e-02	-1.143318077822763854e+02
5.224411911780083351e+00	3.377598540101625701e+01	-7.200950657548577105e-02	-1.166841268474745732e+02
5.230677632666463239e+00	3.387488179806956623e+01	2.502634474444089333e-02	-1.172266969339885776e+02
5.237056729559757429e+00	3.437856067926495029e+01	-8.607945721360082958e-02	-1.188939761242478426e+02
5.243336785035660697e+00	3.456193123239945209e+01	-6.641792845129436407e-02	-1.195865401334337008e+02
5.249493476178225038e+00	3.433080677953456927e+01	-5.786582783718001444e-02	-1.188226722531041446e+02
5.255787017738318134e+00	3.498776110848782395e+01	-9.958211444488804936e-03	-1.212727050830333866e+02
5.262205327426889845e+00	3.507401074774837468e+01	-8.103724969330960634e-03	-1.216076870921410773e+02
5.268477758348532269e+00	3.563519848979444760e+01	8.985141337445021886e-03	-1.236008516045651930e+02
5.274632213654732560e+00	3.611702841393928054e+01	7.348238596518337322e-03	-1.253145881391347416e+02
5.280950543314659740e+00	3.622369139945345040e+01	-1.884299819378819699e-02	-1.257425100779203433e+02
5.287327645024750389e+00	3.695939090126918103e+01	3.645771728650985116e-02	-1.283997222712137898e+02
5.293582359180156516e+00	3.736467001276814415e+01	3.516765648038934489e-02	-1.298129862042509615e+02
5.299789992649893478e+00	3.753532811534537927e+01	-3.719816172849629149e-02	-1.304314532487817075e+02
5.306111460381987222e+00	3.759413601709211861e+01	-7.323363554894082340e-03	-1.307071426718202360e+02
5.312452717892129250e+00	3.783648302768558125e+01	-8.352884120655139355e-02	-1.314835222170321174e+02
5.318650122853046724e+00	3.829706667273718068e+01	5.033351376019810919e-02	-1.332614759741526314e+02
5.324923043129819789e+00	3.868853004171192111e+01	-2.437066466746314226e-03	-1.346595247272622373e+02
5.331330237158205421e+00	3.936749233989543484e+01	4.860670895731749458e-02	-1.370954090517335260e+02
5.337586726886338617e+00	3.935926893226632473e+01	-2.908593808613640572e-02	-1.370171592141192036e+02
5.343685192440848830e+00	3.956247098728627520e+01	-2.111144826367647095e-02	-1.377465252691854118e+02
5.350070659715249199e+00	4.070153231154486662e+01	-7.661427042110215135e-02	-1.417552672998365324e+02
5.356556762554878226e+00	4.078115222778892957e+01	8.406008689094406072e-03	-1.421427541468009963e+02
5.362691868684501095e+00	4.079521374140907852e+01	6.660124943966633237e-02	-1.422608549482953890e+02
5.368769208912516966e+00	4.211255456862558333e+01	5.176052946361478502e-02	-1.468835096748647402e+02
5.375270137997677722e+00	4.191715467705445519e+01	-1.501315589845510501e-01	-1.460571281590071919e+02
5.381769983045385786e+00	4.316846858306055879e+01	1.594757087714360547e-02	-1.506362342260528351e+02
5.387701030372958222e+00	4.334806830875458417e+01	-1.105549316580172262e-02	-1.512063773312342505e+02
5.393786668001271600e+00	4.421574666625951977e+01	3.250298580974586137e-03	-1.543166679277248647e+02
5.400446161099396569e+00	4.350352704619449895e+01	8.564318545465143123e-03	-1.518903639302366742e+02
5.406957063684501463e+00	4.480464928653472612e+01	3.974246328771285225e-02	-1.564821564921216179e+02
5.412655672453426270e+00	4.497481025167147095e+01	1.228660213736681821e-02	-1.570274885928392905e+02
5.418821279260546575e+00	4.602664590913599341e+01	9.709592917765343112e-02	-1.608696722947907745e+02
5.425690594366304076e+00	4.655087252777371987e+01	-7.707340287919994815e-02	-1.625546424367305747e+02
5.432217487502165376e+00	4.799117562169958262e+01	-5.024807609492894928e-02	-1.676443198428827941e+02
5.437649811577258241e+00	4.767425087119255522e+01	3.320907898379792111e-02	-1.665768848793653376e+02
5.443914404015878006e+00	4.756796339106205096e+01	-1.072573155474229600e-01	-1.661479841958211807e+02
5.450953501686320202e+00	4.919444979774707605e+01	-3.153357372291846344e-02	-1.719442814585830490e+02
5.457483690405861232e+00	4.922972374142543828e+01	5.110954520760997016e-02	-1.721829799853876750e+02
5.462715250135157241e+00	4.974142542604262474e+01	-7.278075141489156498e-03	-1.738602531732414320e+02
5.469033575551323523e+00	4.946940267084419673e+01	-3.783979943312282268e-02	-1.729427897724939100e+02
5.476177730420278778e+00	5.038733113210953007e+01	2.189336322043862124e-03	-1.762229836242936756e+02
5.482708935702562236e+00	5.140628713917819681e+01	1.745566861150030236e-02	-1.798367977029292035e+02
5.487722405008360838e+00	5.113839628180767960e+01	-4.851389256667183736e-02	-1.788050884644308667e+02
5.494194284996126498e+00	5.230640806062697834e+01	1.420693156617926093e-03	-1.829753484078561598e+02
5.501391471009256406e+00	5.494674020927330815e+01	1.258470359279586191e-02	-1.922442514886102742e+02
5.507128202673079009e+00	5.578473379959302747e+01	-1.587702607242273134e-01	-1.950210543522394744e+02
5.512278020050448646e+00	5.618751702466788345e+01	-2.541257423292336143e-02	-1.965673628530624342e+02
5.519395563377015534e+00	5.628990850371737764e+01	-1.715653874024649361e-01	-1.967939525779744088e+02
5.526598678609708770e+00	5.365814752769191642e+01	6.497566616585020993e-02	-1.878379861376295707e+02
5.532162682462509196e+00	5.979075969606050478e+01	-9.579294620100091417e-02	-2.091430273078997857e+02
5.537397124017139127e+00	5.820835859303868887e+01	-3.550323850407943044e-02	-2.036742142763092716e+02
5.544582756485218589e+00	5.871499263471827135e+01	3.406915672239134441e-02	-2.055246218382507095e+02
5.551739327507637434e+00	5.950759797180005961e+01	-7.341512634394553594e-02	-2.081963352149349760e+02
5.557493306674907707e+00	5.519077589983215404e+01	5.678839372894045612e-02	-1.932189089461715810e+02
5.562281709102816940e+00	6.117060493142422217e+01	-1.177124434939702535e-01	-2.139752447921687519e+02
5.569272720323164449e+00	1.040599543211153701e+02	1.171754805138797290e-01	-3.643262510078587866e+02
