8.899641224696953554e-03	8.001446108761256255e+03	2.814179136314940934e+03	-1.998940705373258970e+04
1.507912216506557788e-02	1.020677938801630989e+04	1.400451855293767949e+04	-1.105873354184325535e+03
2.144790186456836667e-02	1.042458212853848272e+04	1.314753417599780005e+04	4.408586291274452378e+03
2.783660776489276650e-02	1.232200899099194976e+04	1.277479812525602938e+04	-2.123511195438583854e+03
3.435099785803411021e-02	8.609956631558903609e+03	1.107212080934008191e+04	1.534439427239271481e+03
4.047886761425745911e-02	6.209046360860772438e+03	5.028344352765719123e+03	4.192457766462415520e+02
4.676716683575679601e-02	4.689119151109227460e+03	4.269690457322387374e+03	-8.804031668617400328e+02
5.308225101765951665e-02	4.514977629433528818e+03	3.551556401719018595e+03	5.281373628174745818e+02
5.945362440940590160e-02	4.327348722701699444e+03	3.682617209766576707e+03	1.288079071386157466e+02
6.576224814588792211e-02	4.056663000366455435e+03	3.666559907098556778e+03	1.436091681526298544e+03
7.196632906698736953e-02	3.684726185917180828e+03	3.661684373877438702e+03	-4.297976217444273743e+02
7.827860915688347743e-02	3.279659250344138854e+03	2.857644511230153967e+03	-4.353606576086665569e+01
8.470398945834539672e-02	2.983636994541368040e+03	2.804126539530399441e+03	4.453163795889768721e+02
9.096854620527369817e-02	2.579800200737810883e+03	2.287659449385355856e+03	2.893437178121901638e+02
9.720789776830213169e-02	2.131035018044572098e+03	1.921726263361554174e+03	3.136836105272712985e+02
1.034763038959366499e-01	2.111695617222484543e+03	2.067719288556032552e+03	4.056641446996140985e+02
1.097576444254559219e-01	1.847261460498927590e+03	1.618597306943459444e+03	3.122659731758725243e+01
1.160543084780093354e-01	1.711307949082463892e+03	1.521036779772090085e+03	1.649526426017169740e+02
1.223669666537485351e-01	1.559516401023167646e+03	1.491325574439700404e+03	3.083871664827054815e+02
1.286817263090294094e-01	1.538935513036346038e+03	1.443570879423650695e+03	1.131123273516657264e+02
1.349500801664080818e-01	1.414657952347724859e+03	1.265741186234808083e+03	1.961405459843204540e+02
1.411949558842147678e-01	1.273682248900113564e+03	1.092456891549733427e+03	8.835374221979020604e+01
1.475133575747468451e-01	1.224106749574815467e+03	1.168306224892295404e+03	2.828702612863909280e+02
1.537865074252268427e-01	1.138851460135032312e+03	9.996155526476333080e+02	1.136313483930296542e+02
1.600657544051110326e-01	1.029189200421702026e+03	9.002189222804179281e+02	1.963512900714668774e+02
1.663991168687080635e-01	9.663855616246701175e+02	8.222394436620401166e+02	1.917265737133160428e+02
1.727195645776442856e-01	8.812617208034108671e+02	6.944273813504549935e+02	4.695049898409465783e+01
1.789765213377084718e-01	8.331149071657687273e+02	7.422246580454353762e+02	1.439239983375737495e+02
1.852353690647852158e-01	8.184217259130265347e+02	7.227076081367944198e+02	1.343081441394904232e+02
1.914806787341157279e-01	7.595180258502681454e+02	6.909385736787105543e+02	1.280025168739757646e+02
1.977889868651535599e-01	7.205935164326422182e+02	5.934328216787641850e+02	3.049002619193154473e+01
2.040937735447724277e-01	6.944029679505466675e+02	6.204648199667406061e+02	1.426092005738140358e+02
2.103939302609846018e-01	6.611987550617769784e+02	5.696352466939612214e+02	1.158378949812342000e+02
2.166909709822301688e-01	6.171798765369180728e+02	5.440866805051244910e+02	1.083690205339270847e+02
2.229700281216152047e-01	5.881886200829258087e+02	4.987966954361343710e+02	7.115103816363330225e+01
2.292620027086341994e-01	5.551378344498677961e+02	4.719693626270550908e+02	1.002614024187527093e+02
2.355141508366812297e-01	5.325169991745882498e+02	4.766037801678731398e+02	1.145376400005746120e+02
2.417910583817859116e-01	4.945397915823464814e+02	4.183362310664088000e+02	9.258732694382493378e+01
2.480856539439619257e-01	4.749053550824999093e+02	4.035389683589681340e+02	5.462521674157967766e+01
2.543492256872954549e-01	4.596701785423268802e+02	3.774065022219531897e+02	8.034204342507869967e+01
2.606334251884805386e-01	4.467172774104078030e+02	3.787935992983005349e+02	4.667946133485374816e+01
2.669257370896960802e-01	4.159836428158806712e+02	3.331606814043665281e+02	6.371086990035906439e+01
2.732423343141155980e-01	3.981918747645581789e+02	3.234104007372449701e+02	9.080931617854933791e+01
2.795529680084415936e-01	3.896738544176824917e+02	3.123168122651066483e+02	4.817570124640435836e+01
2.858366292314493129e-01	3.704043282017132697e+02	2.940299074657621077e+02	7.384583598407830607e+01
2.920876271394311496e-01	3.554574041939345079e+02	2.910226336430252445e+02	1.054396509522593988e+02
2.983449844439822751e-01	3.390396843390701065e+02	2.857212716032223625e+02	8.153755320916327776e+01
3.046382639407197446e-01	3.288099966102444114e+02	2.627381882470488677e+02	6.223517531605247655e+01
3.109279127003197196e-01	3.116749574346405325e+02	2.351032026925688001e+02	4.731181021791072538e+01
3.172168171618398036e-01	3.014060928930491627e+02	2.255235889543030225e+02	6.206072140153754191e+01
3.235187567944423082e-01	2.883756102992349497e+02	2.259083709609715527e+02	7.212541122605263411e+01
3.298168217550395687e-01	2.791103089817437990e+02	2.233202657624468088e+02	6.787090550058897520e+01
3.361176429457156667e-01	2.687252174439136638e+02	1.978802136114663881e+02	3.676610069637723655e+01
3.423700375709273769e-01	2.602769555591496555e+02	1.980476590487542694e+02	5.878136963073589527e+01
3.486478192666269682e-01	2.548220818340876122e+02	2.011110288378512223e+02	7.283720393647801927e+01
3.549411614411318028e-01	2.416423961317036060e+02	1.782162182465208105e+02	4.307358207429484764e+01
3.611916935421040642e-01	2.356063726514656480e+02	1.838384316450286349e+02	7.345421232271388590e+01
3.674767089563572564e-01	2.254538869009291204e+02	1.710577108112339886e+02	5.356490167817131720e+01
3.737647795277591056e-01	2.169086541631365890e+02	1.619608758830488284e+02	4.977421634883905455e+01
3.800654031475132477e-01	2.078224711103444804e+02	1.456853818001770549e+02	3.973699368525878128e+01
3.863539861259823738e-01	1.992078741652941005e+02	1.424980579171176487e+02	4.296696514887993601e+01
3.926140181364449755e-01	1.950296020881516768e+02	1.357752820349274145e+02	4.885290980966924224e+01
3.989264500321934581e-01	1.907147170018948827e+02	1.375697798579706159e+02	5.261907328213523272e+01
4.052073244576828714e-01	1.808953234447718330e+02	1.204840884262634404e+02	4.275220552481216174e+01
4.114916477570477182e-01	1.764367992304379698e+02	1.213578516137540788e+02	3.189705932623785500e+01
4.177814272116491257e-01	1.716735949375184305e+02	1.116780386494640851e+02	4.700966822899103903e+01
4.240400648725131116e-01	1.670321114567620953e+02	1.123491650956541150e+02	4.126589966507342666e+01
4.303425690270192283e-01	1.631224657168329486e+02	1.119710409349709863e+02	4.302704813582089827e+01
4.366358560255625965e-01	1.579077643707897209e+02	1.081258759970210832e+02	4.536517282829238695e+01
4.428996183220763605e-01	1.517438946328634870e+02	9.775077518232936313e+01	3.548410766635637259e+01
4.491634418529859563e-01	1.481883979555209123e+02	9.789676913317249785e+01	3.883648026313507273e+01
4.554414146254732731e-01	1.436884675024459739e+02	9.115123765767863517e+01	4.054601192708201296e+01
4.617634470301058558e-01	1.382559177903543457e+02	8.749340675964720049e+01	3.924847696833256805e+01
4.680644242023710433e-01	1.358145357049810968e+02	8.559080292592838646e+01	4.193536873635845552e+01
4.743485242764365895e-01	1.312924726668480560e+02	8.073097461942239761e+01	3.382014503592488808e+01
4.806356136815400082e-01	1.285793267815140837e+02	7.988756734522381464e+01	3.958501076616698100e+01
4.869019258388697646e-01	1.249010830777002923e+02	7.759949306359752086e+01	3.980968209298750793e+01
4.931697099599955947e-01	1.206084860943541628e+02	7.582290412178230099e+01	3.468783768403334733e+01
4.994506747144535908e-01	1.163259700724107972e+02	6.907975687601934567e+01	3.078860456838698667e+01
5.057159051335421429e-01	1.131634593433772267e+02	6.640424430118054033e+01	3.273407911910464207e+01
5.119923996268095356e-01	1.114928808028515874e+02	6.561153679836560570e+01	3.259331014861124487e+01
5.183126097768406826e-01	1.081782677880525796e+02	6.249701051330186630e+01	3.104579917461048666e+01
5.246089638029100000e-01	1.051115220047365710e+02	5.849722269501864247e+01	3.059358353098324912e+01
5.308757308483337267e-01	1.029338817417186078e+02	5.861665547376385632e+01	2.885046385416789505e+01
5.371573527946726934e-01	9.944653023839205730e+01	5.521560853682719738e+01	3.027252322990082334e+01
5.434579563783791256e-01	9.677216120531282684e+01	5.182336077994635559e+01	2.981517367527399998e+01
5.497430652392217842e-01	9.515120739494493307e+01	5.060677648614882429e+01	2.900624454971315913e+01
5.559937427501778773e-01	9.209815212260942019e+01	4.651108630379051334e+01	2.984822601692497912e+01
5.622854676609657654e-01	8.995710209711964467e+01	4.725782399973215320e+01	2.834443769824463288e+01
5.686011537227265711e-01	8.811010577077618677e+01	4.373521465605114855e+01	2.655672553855966811e+01
5.748804589422079614e-01	8.636632604696251292e+01	4.548295278215594806e+01	3.164226850318041784e+01
5.811550210340560296e-01	8.332414896571337692e+01	4.148724934459770708e+01	2.844002642060960540e+01
5.874394496660968468e-01	8.116961815236598454e+01	3.897510121086308033e+01	2.701358512624542740e+01
5.937176220296899176e-01	7.908445229574608959e+01	3.918994240397022111e+01	2.589269509418716098e+01
5.999971954793682505e-01	7.737056506410031886e+01	3.623028273218243100e+01	2.733820443184805171e+01
6.062679115124277596e-01	7.584593963919328985e+01	3.470499999760412635e+01	2.552161982573651855e+01
6.125469576444534381e-01	7.390883152948194379e+01	3.384672801900313033e+01	2.588971323428548743e+01
6.188477733041515272e-01	7.218346169616687291e+01	3.109559302224829480e+01	2.404439768393005750e+01
6.251310567437898813e-01	7.033867584610284496e+01	3.102763868954097504e+01	2.502513082043973114e+01
6.314027450383210560e-01	6.925717321186243680e+01	2.918134069777986994e+01	2.533983697336163488e+01
6.377003562732055375e-01	6.781815991260904752e+01	2.867169407184971774e+01	2.438805456670768379e+01
6.439857783314556494e-01	6.600955567445674887e+01	2.680209635084946029e+01	2.346314682310528354e+01
6.502685417166111925e-01	6.507565934521727513e+01	2.762864497519714746e+01	2.497272678862502104e+01
6.565586117699038216e-01	6.302017897489501763e+01	2.448121431600947062e+01	2.256699394582381757e+01
6.628369282359254377e-01	6.181609947866814281e+01	2.470679361478098457e+01	2.324673105166850107e+01
6.691185444962194362e-01	6.007373589826550386e+01	2.407126631543689044e+01	2.343305578325582061e+01
6.754070198575605755e-01	5.897550138258072394e+01	2.116001099320927281e+01	2.331169590197384167e+01
6.816835514593204692e-01	5.792922825569088019e+01	2.090079739781205959e+01	2.203852475915729769e+01
6.879592533861698112e-01	5.617744890914098477e+01	1.973657267953294436e+01	2.130636048704619867e+01
6.942344317039531587e-01	5.534398943647860136e+01	1.949596401086449760e+01	2.185341027432271233e+01
7.005175402434737908e-01	5.400779445823538794e+01	1.850564982619810905e+01	2.101158614225580479e+01
7.068124956608716758e-01	5.281637238861893735e+01	1.774453345968207429e+01	2.151032720978028934e+01
7.131019009674921527e-01	5.219594572421856782e+01	1.657251676889602621e+01	2.039060903931969193e+01
7.193918251171427247e-01	5.072673212307704915e+01	1.630105240784624243e+01	2.083519642239653180e+01
7.256833807598113140e-01	5.006796118831673681e+01	1.527654718254079391e+01	2.176946829055730248e+01
7.319652682709349989e-01	4.873286601825436293e+01	1.428715490784196440e+01	1.869413086099858035e+01
7.382507990484923344e-01	4.772661613085757182e+01	1.396076293053274675e+01	2.005707793438898534e+01
7.445265842115937893e-01	4.685509309646509735e+01	1.302138118000084077e+01	1.986002807204012299e+01
7.507871101942712455e-01	4.550246339934728468e+01	1.284192527976234999e+01	1.972348550774258058e+01
7.570758465316046459e-01	4.485085450277171759e+01	1.134251863023766660e+01	1.818517612722328991e+01
7.633641233600957365e-01	4.394597659598766626e+01	1.186610210542333377e+01	1.857631326459200949e+01
7.696462959862266917e-01	4.326174755346915646e+01	1.127026328725082216e+01	1.949315556598928367e+01
7.759394865175414102e-01	4.245603723577736588e+01	1.066914977209869875e+01	1.782151617688484890e+01
7.822329141989586843e-01	4.161132859224309044e+01	1.031241696504697281e+01	1.855667412575075303e+01
7.885314936520240181e-01	4.072574005321104806e+01	9.948874893233581318e+00	1.816320377234978878e+01
7.947896566979522071e-01	3.993531559014319043e+01	8.933328629457742309e+00	1.778735375085566872e+01
8.010491096592354809e-01	3.904629396710139844e+01	8.259368986907739796e+00	1.771887221846869309e+01
8.073364061727361651e-01	3.862820722267164797e+01	7.799323814824927759e+00	1.721336846486749650e+01
8.136229488373866170e-01	3.770425928578882235e+01	7.685922449374088750e+00	1.708427971589682315e+01
8.199152998961036776e-01	3.720348017512366567e+01	7.698313696842457254e+00	1.782712092668711534e+01
8.261952636392789762e-01	3.652287460179391587e+01	7.138260461114472655e+00	1.701944919358877684e+01
8.324897070080405914e-01	3.577078297473217106e+01	6.766449029062982845e+00	1.772161596699968200e+01
8.387959309210778480e-01	3.514965859767963963e+01	6.476600964916413794e+00	1.696822724458870013e+01
8.450634639703045181e-01	3.445027395236881773e+01	6.043123750921431281e+00	1.673219283603000207e+01
8.513282867562648182e-01	3.392372561752897298e+01	5.336730547264216362e+00	1.626722811136047042e+01
8.576198263902009566e-01	3.346629620785920167e+01	5.656599479973645650e+00	1.663073051489107357e+01
8.639058477062415697e-01	3.288533525793074119e+01	4.652146242866739279e+00	1.605352867762038471e+01
8.701838745487597837e-01	3.237757514656808411e+01	4.499227163306888322e+00	1.611864740272534036e+01
8.764641096075268534e-01	3.173772273393872823e+01	4.228230063060972377e+00	1.654307996590041441e+01
8.827503873399735745e-01	3.112102323181780505e+01	4.252374839190639300e+00	1.549014345152851213e+01
8.890332768393869323e-01	3.038983784820822009e+01	3.544503557652555426e+00	1.481889616390740194e+01
8.953084247113127780e-01	3.016070174417791705e+01	3.427530338077388716e+00	1.554535535530757961e+01
9.015956521667095602e-01	2.936295717197476662e+01	2.963006981569818787e+00	1.500511362451830877e+01
9.078833328094829680e-01	2.918447293394866193e+01	2.844674335583166513e+00	1.547330366628247589e+01
9.141744106319863450e-01	2.857687378336254724e+01	2.909634697244105173e+00	1.503315004488878337e+01
9.204630817717615043e-01	2.800981972296249367e+01	2.243579362024282986e+00	1.468786172999100437e+01
9.267434415264711456e-01	2.773160949757651039e+01	2.331896745654113090e+00	1.442112103605405693e+01
9.330324197354928906e-01	2.713613125837668960e+01	2.327201765255495935e+00	1.439158448986056449e+01
9.393265785573878812e-01	2.683802445068532805e+01	1.725146451263941394e+00	1.489871923983631063e+01
9.455974810398196650e-01	2.643323513841451700e+01	1.808886944855783607e+00	1.392632121074882789e+01
9.518660018545171964e-01	2.595487630321980532e+01	1.639916344971396933e+00	1.425552560435212079e+01
9.581413255531838757e-01	2.551833587121305769e+01	1.502494735417658767e+00	1.379275864992652778e+01
9.644350945109106954e-01	2.510525547959059978e+01	1.417847738683322145e+00	1.374867501673156944e+01
9.707355633568249820e-01	2.476357265382631567e+01	1.269040181057243366e+00	1.354185869219648630e+01
9.770080768450029041e-01	2.439397281614485991e+01	1.012026466671385849e+00	1.392321522309925719e+01
9.832823325363413414e-01	2.389235516635270784e+01	9.655886968213074351e-01	1.367824086399815187e+01
9.895569691966674686e-01	2.354299525251514780e+01	7.118915369280176542e-01	1.336195841671899487e+01
9.958456301921106979e-01	2.329847431589884721e+01	7.399049634377740103e-01	1.335834163098287597e+01
1.002136210743837408e+00	2.293451269831437145e+01	4.532432338169333774e-01	1.322035985073950570e+01
1.008404825335135424e+00	2.268061199146064411e+01	4.754733193898856847e-01	1.317932235798002871e+01
1.014694149836243398e+00	2.227343205784903901e+01	8.193740208062048197e-03	1.305949378426117136e+01
1.020992555437297167e+00	2.201570165301136939e+01	3.340703731061936965e-01	1.311628860309489220e+01
1.027273980437394485e+00	2.161997556987243385e+01	-1.042736907824152598e-01	1.286998345850727077e+01
1.033559181896017254e+00	2.119845034849676679e+01	2.607204614947066651e-02	1.255065245631395676e+01
1.039847557392594934e+00	2.105472029001556322e+01	-1.228602517735684768e-01	1.305546011788714544e+01
1.046126974943305088e+00	2.069888569788166066e+01	-3.067423090347408121e-01	1.292190270359126458e+01
1.052403436811028659e+00	2.039162872091121770e+01	1.203216174006174408e-02	1.252967668558200742e+01
1.058680704651608684e+00	2.011170460772303059e+01	-4.249948521974692972e-01	1.229917618985897931e+01
1.064964333065789193e+00	1.980081557285321026e+01	-3.673128985939499436e-01	1.230573178885169661e+01
1.071256777440835473e+00	1.961018334992396106e+01	-3.376502901978674087e-01	1.265391237247261635e+01
1.077544048801078125e+00	1.932176277440562018e+01	-8.049690386373016260e-01	1.223962927961451008e+01
1.083824820188043603e+00	1.909260075261919809e+01	-6.543670176194911203e-01	1.249786942925778632e+01
1.090108023942816695e+00	1.880863370851793448e+01	-8.062882516674342304e-01	1.219511002590455817e+01
1.096389665956643222e+00	1.852166156314326884e+01	-7.421088930635421077e-01	1.218587190290047850e+01
1.102681132058841440e+00	1.835257557536519712e+01	-9.278285921535288638e-01	1.218269995187182708e+01
1.108963047594879958e+00	1.811830330158498370e+01	-8.053111780795454422e-01	1.208328182374087056e+01
1.115225428463759272e+00	1.780774321422546080e+01	-8.589709895548045537e-01	1.198962446099795542e+01
1.121502127614767863e+00	1.751505223057575122e+01	-9.223489657163410627e-01	1.177760287894903790e+01
1.127792573824792033e+00	1.736997309319736971e+01	-1.101174575409162637e+00	1.205273819310574090e+01
1.134089552668382961e+00	1.710607433039087866e+01	-1.083217133094222406e+00	1.173201750557816858e+01
1.140364049650405942e+00	1.698553085204254387e+01	-1.172995356947750478e+00	1.170241381811207226e+01
1.146639180320979445e+00	1.674862889974916413e+01	-9.546103145195173889e-01	1.179267630539939660e+01
1.152942412991649901e+00	1.651361899361028662e+01	-1.021889688642450889e+00	1.149131670307392028e+01
1.159228906751078814e+00	1.629693363772581804e+01	-9.836350389932446703e-01	1.145206479878209294e+01
1.165508721887268173e+00	1.608947553189503310e+01	-1.261414227935134802e+00	1.149035326867147333e+01
1.171793076256210320e+00	1.601634175643048152e+01	-1.009216238674972121e+00	1.146616081757218630e+01
1.178087436369658958e+00	1.577765339088672825e+01	-1.155325845354167935e+00	1.133408494093793273e+01
1.184367654251526902e+00	1.561731212207198993e+01	-1.118892742557552555e+00	1.153756969761075979e+01
1.190634642299266632e+00	1.538234832133292684e+01	-1.071716227658337628e+00	1.127616112886696520e+01
1.196912208834400859e+00	1.523173481617397940e+01	-1.148574187678921277e+00	1.137576402520331342e+01
1.203201577354146234e+00	1.505377959678748567e+01	-1.334009272601752505e+00	1.132299317033354136e+01
1.209486844441705733e+00	1.489447925430317810e+01	-1.270590980067610509e+00	1.138011951013467105e+01
1.215763902074809888e+00	1.468809020565557155e+01	-1.233145514759712347e+00	1.108291250739131506e+01
1.222049755171146668e+00	1.450673660284942201e+01	-1.196581342438738149e+00	1.119295811930271078e+01
1.228340616621486969e+00	1.440917230349012002e+01	-1.191266865846098089e+00	1.119390579865702939e+01
1.234632986576932767e+00	1.423672190151648032e+01	-1.220187013774461260e+00	1.094333810695072629e+01
1.240902247176856488e+00	1.410373860314041217e+01	-1.375374332035144587e+00	1.113608856196580099e+01
1.247174839144687519e+00	1.394121179910074382e+01	-1.130328032236637803e+00	1.096011613309417854e+01
1.253465459933442272e+00	1.381099577839596471e+01	-1.225415345875615181e+00	1.114250273212773834e+01
1.259749951892178421e+00	1.365800520679339769e+01	-1.149371186030408998e+00	1.094337166828164953e+01
1.266032143127253873e+00	1.348840560539638034e+01	-1.099941677078930979e+00	1.092970308863299067e+01
1.272316288472006507e+00	1.336377991905810347e+01	-1.125407166950267657e+00	1.093403316608496034e+01
1.278604155058621350e+00	1.326381282782553050e+01	-1.196100528834076693e+00	1.100718774163936686e+01
1.284886588933593865e+00	1.313449409378841182e+01	-1.101777828425023253e+00	1.105112119265818116e+01
1.291175420066583257e+00	1.296367244694926946e+01	-8.717078949561476442e-01	1.089028488130198014e+01
1.297465726373772332e+00	1.284247221997342692e+01	-9.767570889960195402e-01	1.100405533905420619e+01
1.303741827011944299e+00	1.268783257333573289e+01	-1.052538647963399132e+00	1.079144794096051996e+01
1.310017322922761851e+00	1.266024867089473460e+01	-9.902682902130709452e-01	1.096548844849674076e+01
1.316301447662886703e+00	1.249536237896690061e+01	-9.594607369211586301e-01	1.077807012136724474e+01
1.322586760363303249e+00	1.241987251937312742e+01	-9.370133231296504661e-01	1.085292130667158261e+01
1.328865492452874664e+00	1.227129040574418006e+01	-9.413137451772728426e-01	1.081033654732018512e+01
1.335144804954555564e+00	1.214497841495690089e+01	-9.273638581391727698e-01	1.083105430634142685e+01
1.341440516272275119e+00	1.204774174092482397e+01	-8.983864763271428577e-01	1.062991241484530924e+01
1.347730868417094552e+00	1.187217591956182439e+01	-9.002927399142353071e-01	1.062838146620917001e+01
1.354001589994877630e+00	1.186355296633172429e+01	-8.365891165259319306e-01	1.073595808148448860e+01
1.360282609297778444e+00	1.171861095107769124e+01	-7.170123203819611657e-01	1.086758843365935157e+01
1.366565686457597906e+00	1.161270760883937392e+01	-7.790834440110760983e-01	1.077453157529945749e+01
1.372851498482432708e+00	1.155318948711232885e+01	-6.958982655040196752e-01	1.080258541668585792e+01
1.379135372929401804e+00	1.143850270098159072e+01	-6.704188435545787028e-01	1.080766894037989800e+01
1.385409567149057164e+00	1.135946974394557962e+01	-6.862719423702819954e-01	1.086505560339350929e+01
1.391698641219299315e+00	1.122195065468847908e+01	-6.825569200984132889e-01	1.070211857379742781e+01
1.397984451439470810e+00	1.116718394839736384e+01	-6.167883287486133348e-01	1.075247642747917709e+01
1.404267883409181961e+00	1.109395946814694334e+01	-6.581629011067022805e-01	1.078240225247407480e+01
1.410554779484869181e+00	1.100980122651177595e+01	-4.469941980090334499e-01	1.072993097346101798e+01
1.416837833547465397e+00	1.089778348387818419e+01	-4.851741782349844323e-01	1.064962085572322259e+01
1.423118177187137068e+00	1.086023282496983278e+01	-4.381479563910651853e-01	1.088972715200215191e+01
1.429397801164240089e+00	1.073700682380743920e+01	-4.591600243633067180e-01	1.061560980241657681e+01
1.435686921822787232e+00	1.069135004457865534e+01	-4.191676797875761307e-01	1.084486914318950035e+01
1.441977121769299597e+00	1.061407860243631163e+01	-4.120458918006099092e-01	1.074268022806173484e+01
1.448253667853332427e+00	1.051857512642157033e+01	-4.082925470228792597e-01	1.076487813903166391e+01
1.454532348972172651e+00	1.046260290032173046e+01	-4.189828173668529443e-01	1.067753871965426349e+01
1.460819319151879903e+00	1.042282851718443126e+01	-3.134947859608379628e-01	1.075671031217743057e+01
1.467110364402026468e+00	1.030472089210827491e+01	-2.584981140911579711e-01	1.071357878647107853e+01
1.473392908948962132e+00	1.028563905280871182e+01	-2.733738753969609525e-01	1.086498876428737326e+01
1.479669965243598950e+00	1.019494177270078339e+01	-3.010756813540063082e-01	1.074944038893100640e+01
1.485956144602843532e+00	1.015064682306882737e+01	-2.502676792436401843e-01	1.081223350828685525e+01
1.492233610763115115e+00	1.006524256001312878e+01	-1.369693048972949745e-01	1.084805814443502925e+01
1.498502470379980078e+00	1.000867584922128017e+01	-1.235367921587145340e-01	1.073858517238953247e+01
1.504785752051182701e+00	9.916324528919496117e+00	-1.605921901612603619e-01	1.063305729919408726e+01
1.511075991894575976e+00	9.858319002982192103e+00	-5.681052624292331175e-03	1.078503485178680599e+01
1.517361634985162189e+00	9.816859083425192978e+00	7.322656190803159383e-04	1.089017530640770737e+01
1.523648570969130533e+00	9.786509938104172690e+00	-1.064972898728959623e-02	1.083810916497090382e+01
1.529938035715892264e+00	9.711730600408271741e+00	1.668318811074823420e-03	1.089355780167419496e+01
1.536230176913891965e+00	9.654683608246630300e+00	5.984784606974682258e-02	1.081457125592496737e+01
1.542510718779388279e+00	9.589147683987063076e+00	9.541426178555621751e-02	1.075413117800801643e+01
1.548783963082980275e+00	9.554919190855006406e+00	8.794191396710024367e-02	1.081114979252081554e+01
1.555073069779651318e+00	9.501985133702364195e+00	1.681752161743854668e-01	1.070808565251173761e+01
1.561357324927233892e+00	9.444824364835326946e+00	1.526477813414610640e-01	1.077844235953214103e+01
1.567629121053141006e+00	9.414205126503008003e+00	2.771574329734183828e-01	1.073957394761932349e+01
1.573913697404382583e+00	9.357602710767467968e+00	2.242023315325611110e-01	1.093006509909874069e+01
1.580203545230874029e+00	9.304268629867200602e+00	2.986504615949407970e-01	1.071615545439441242e+01
1.586485393434537983e+00	9.283571836449102221e+00	2.060573255635163581e-01	1.083239847965064939e+01
1.592760014263005841e+00	9.216892091752194816e+00	3.391092094238880583e-01	1.078751709676507353e+01
1.599046436394670812e+00	9.163965480256894836e+00	3.241603680002154153e-01	1.072934797098726811e+01
1.605342136637478934e+00	9.126207131140946061e+00	3.201924835596346997e-01	1.083419343363945408e+01
1.611619860919608627e+00	9.101870311348992715e+00	2.948259842489002747e-01	1.084934762807701247e+01
1.617897597081673799e+00	9.072424947981563292e+00	4.127994334180807301e-01	1.095179304434303802e+01
1.624183235481122756e+00	9.045293562423442069e+00	4.199521048841612370e-01	1.085636578480792913e+01
1.630464598531913722e+00	8.973182923766310992e+00	4.356499940890100619e-01	1.080715829892722368e+01
1.636748985747638274e+00	8.954322894171475866e+00	3.987947583352672853e-01	1.079825708080755753e+01
1.643030923698886259e+00	8.921654505329414064e+00	4.574598913119090615e-01	1.083022584966744972e+01
1.649309176648513064e+00	8.875143871211170321e+00	3.865986652266911183e-01	1.081980212646992001e+01
1.655593633940351861e+00	8.882050531561219486e+00	4.271075170516089314e-01	1.085383231594913589e+01
1.661879571405086464e+00	8.839579516144885574e+00	5.062574826337983280e-01	1.092038636844357669e+01
1.668169361685170271e+00	8.769466129122770681e+00	4.199217351256807063e-01	1.079429370800869847e+01
1.674450151530487485e+00	8.798114846155391078e+00	4.725138426388877377e-01	1.094485695119567481e+01
1.680722718978495900e+00	8.748524925376511163e+00	5.501673572538197110e-01	1.094169362483659569e+01
1.687013891340952476e+00	8.724660022512894741e+00	5.924775492165863522e-01	1.096145531156756725e+01
1.693308984907921033e+00	8.698553576914697771e+00	4.799928583092242795e-01	1.097343107750920588e+01
1.699582147428448486e+00	8.657645078893592583e+00	5.247088493315410496e-01	1.087132058720576921e+01
1.705863747055134105e+00	8.609309732131885440e+00	5.380022267862734076e-01	1.090999699837417936e+01
1.712154434283889470e+00	8.622930510899070811e+00	4.423811317033523038e-01	1.097722519108861405e+01
1.718438381579399321e+00	8.559648616163350709e+00	5.263085673963927569e-01	1.077688002474918783e+01
1.724721264464063930e+00	8.586878220178597587e+00	4.943677673906239356e-01	1.096914113457126128e+01
1.730997441276920679e+00	8.561883835036601553e+00	5.022514921748654215e-01	1.093799980286702755e+01
1.737287073528269499e+00	8.531710000307645814e+00	5.652383252405303038e-01	1.096966908312167632e+01
1.743567991878527401e+00	8.536512386660872309e+00	5.122640860740242941e-01	1.105843467971470950e+01
1.749840680212231048e+00	8.491447396307554740e+00	5.714555509941173783e-01	1.097889352285247710e+01
1.756128549091961144e+00	8.478172409215533278e+00	4.822844607599830469e-01	1.098219465787110316e+01
1.762413535324792502e+00	8.466911785227885900e+00	5.331711709797831711e-01	1.091099842775845374e+01
1.768696187669963837e+00	8.427170754062331071e+00	5.204684168518173282e-01	1.094789897988897742e+01
1.774979359379055266e+00	8.434788668582823945e+00	4.681832175773327220e-01	1.095581717564010127e+01
1.781265555576432957e+00	8.410697736107422884e+00	5.302097913264628426e-01	1.096115736543706731e+01
1.787549427830244619e+00	8.379240664850401643e+00	4.774180357157542520e-01	1.094211939160911307e+01
1.793834120011633004e+00	8.382169043557404109e+00	4.711109988748159449e-01	1.099999979363400193e+01
1.800115051552487300e+00	8.369112736441049805e+00	5.733589105204393022e-01	1.098416620390211307e+01
1.806393904854530330e+00	8.342303327598470375e+00	4.821850399562818690e-01	1.098658532660659404e+01
1.812674089667083432e+00	8.363142855151634691e+00	5.040409456028855928e-01	1.108371922777920737e+01
1.818956920109354058e+00	8.349977319144006316e+00	4.187878931024545115e-01	1.106076706099753970e+01
1.825244164118212220e+00	8.354239112415815072e+00	4.370606786787768483e-01	1.109477255567832898e+01
1.831527256642196955e+00	8.301960738402314632e+00	3.880299155097857722e-01	1.094881446243664591e+01
1.837811294935716599e+00	8.322359959999298340e+00	3.708660420704587013e-01	1.099603914657868486e+01
1.844100717411196744e+00	8.306249752401322795e+00	3.361074806994050479e-01	1.102128014385296595e+01
1.850384816792487230e+00	8.302342373810343901e+00	3.792105913069145906e-01	1.098353675084802994e+01
1.856666059735203822e+00	8.294254956602411966e+00	4.063768456381749994e-01	1.104121821204758724e+01
1.862947728675613979e+00	8.268547314960564165e+00	2.505206822801291366e-01	1.094473653465379570e+01
1.869229324466858078e+00	8.290348782448184295e+00	2.490161765442454045e-01	1.095997778646148113e+01
1.875517616802973686e+00	8.280677447612685427e+00	2.662402726488991567e-01	1.108255672737415409e+01
1.881800769033795229e+00	8.267163321204904491e+00	2.677755278024798180e-01	1.102243491855358570e+01
1.888078863416442710e+00	8.244671400717306753e+00	1.845028201942343904e-01	1.091793543591182036e+01
1.894353975182237582e+00	8.272690202702296602e+00	1.934561877620960824e-01	1.111613455035383069e+01
1.900642716154182565e+00	8.252292486338811628e+00	1.456949651758817355e-01	1.096170171701755258e+01
1.906933494748685121e+00	8.255943562049850470e+00	1.847053322195101321e-01	1.101453092190626570e+01
1.913207568676573933e+00	8.256978040101850880e+00	1.579331999538900466e-01	1.105527782418281646e+01
1.919490884732178992e+00	8.264110403457877396e+00	1.011920215512866483e-01	1.110275036614823563e+01
1.925776855684274480e+00	8.268787340797457475e+00	5.107007849843306357e-02	1.104717291342631924e+01
1.932064452961978152e+00	8.276704116920628351e+00	-1.022670051848543950e-03	1.106690015558631934e+01
1.938342610030488800e+00	8.269671934792700796e+00	5.884200835892905435e-02	1.110077081400029897e+01
1.944618341543410178e+00	8.273503279693560586e+00	1.358152129205582597e-04	1.106862588522321111e+01
1.950906260203513876e+00	8.266169204114676816e+00	-2.822072196489134113e-02	1.102488186069899356e+01
1.957194556613796488e+00	8.293065475188978297e+00	-1.677849426589217430e-01	1.106784517550174129e+01
1.963479614559011432e+00	8.264092716717899023e+00	-1.712561851871817198e-01	1.102829920049646617e+01
1.969760361532916226e+00	8.278303037470591264e+00	-1.519767636438356662e-01	1.110391156113375466e+01
1.976048367034604736e+00	8.277013940473199938e+00	-1.994891240906374319e-01	1.102962763141694147e+01
1.982337990217652335e+00	8.293117384633491795e+00	-2.292609991882297304e-01	1.111840345555991050e+01
1.988617489259562721e+00	8.309915981088407122e+00	-3.119025975669124096e-01	1.116345066735883584e+01
1.994896320665194178e+00	8.318978269956023297e+00	-3.100805571720320342e-01	1.115659298868420279e+01
2.001179596222827151e+00	8.285667236021888371e+00	-3.436221059145574408e-01	1.100433805189980063e+01
2.007459756923499761e+00	8.312510635251088686e+00	-4.562789706507056620e-01	1.103517568461495024e+01
2.013737397779169935e+00	8.316602900011979216e+00	-4.294560375704671307e-01	1.108940098731936885e+01
2.020017234677497164e+00	8.332125924016398955e+00	-4.958345895946117965e-01	1.110315838220356355e+01
2.026310251015072783e+00	8.322338721944053219e+00	-4.463309442762907198e-01	1.103499456724205352e+01
2.032600542948020284e+00	8.342139369429439455e+00	-4.940355991359488552e-01	1.110393493970266476e+01
2.038873863192099289e+00	8.369771866573765706e+00	-5.557764504994441301e-01	1.113798243648216335e+01
2.045154087821675404e+00	8.360524332716254392e+00	-6.715352206419719083e-01	1.111155305157021367e+01
2.051444704514288730e+00	8.370761017110742941e+00	-6.987426048115651378e-01	1.117259622540929875e+01
2.057730430280644729e+00	8.385431864538340108e+00	-7.848946797401502584e-01	1.104221360442648603e+01
2.064013940455224461e+00	8.414766550806842105e+00	-8.207779122195701937e-01	1.112175920469504398e+01
2.070299891179459895e+00	8.392441744155350491e+00	-8.432752647685124447e-01	1.104648868594825473e+01
2.076589719964883951e+00	8.423518792408843936e+00	-8.164958201509588953e-01	1.118977404268934173e+01
2.082865483794470673e+00	8.432623356850990959e+00	-9.202030401341458887e-01	1.114860903169696016e+01
2.089134494859368640e+00	8.450794988080236436e+00	-9.474807366574101719e-01	1.115908058378484569e+01
2.095424211360070288e+00	8.445961047957002421e+00	-9.746283374644563180e-01	1.109495198981696440e+01
2.101707116664804254e+00	8.463046780549161596e+00	-1.061657993626464735e+00	1.115885961279928829e+01
2.107986473933564309e+00	8.473180885176439858e+00	-1.073381870766589641e+00	1.109939024353728065e+01
2.114271806543862375e+00	8.501756841208248261e+00	-1.136786528028904675e+00	1.116615811068348663e+01
2.120552717288892275e+00	8.491238761602387441e+00	-1.114002126350368771e+00	1.106043572390419172e+01
2.126836933207161717e+00	8.526594883854929918e+00	-1.284497654642724473e+00	1.111700253383328274e+01
2.133122044791171845e+00	8.549468427949038940e+00	-1.324507156086842441e+00	1.114269664756222866e+01
2.139411711910842673e+00	8.533862230755554279e+00	-1.310934732136547209e+00	1.101714488788586976e+01
2.145697076775292089e+00	8.566720443129071327e+00	-1.393506062912419852e+00	1.112155094096325314e+01
2.151973548606471276e+00	8.573577046492840026e+00	-1.428689518102170375e+00	1.113659921433737843e+01
2.158259913555724108e+00	8.608074393014831571e+00	-1.473217860035958005e+00	1.111113553356178052e+01
2.164545396699105506e+00	8.585749106126936425e+00	-1.466714809937780029e+00	1.103839326749754868e+01
2.170830700377734068e+00	8.626257360548617470e+00	-1.566475373393624304e+00	1.113811581203775880e+01
2.177114138849150393e+00	8.605325406123666809e+00	-1.548691172074413647e+00	1.102079533398453748e+01
2.183387647576827018e+00	8.673664499895663127e+00	-1.672050024332390583e+00	1.119763559082845994e+01
2.189670273687676971e+00	8.661674446154581375e+00	-1.697200711410599583e+00	1.108411213416525065e+01
2.195960147934207463e+00	8.659718950478417554e+00	-1.740351331464910833e+00	1.102141988396632044e+01
2.202242556317716371e+00	8.684621151167839059e+00	-1.742637093173321494e+00	1.100072567963734116e+01
2.208521655981037668e+00	8.757596926583570252e+00	-1.874682248250364003e+00	1.116805151106554916e+01
2.214804637081333016e+00	8.769519367491296791e+00	-1.981274140303417974e+00	1.119148655411646054e+01
2.221092583349425276e+00	8.758180543114482575e+00	-1.881139988038903699e+00	1.113482471301946575e+01
2.227372893591468728e+00	8.775937865343612643e+00	-1.962571931402240510e+00	1.108188818166691192e+01
2.233657161144248171e+00	8.802084806301467168e+00	-1.962893341763376265e+00	1.102171073868114526e+01
2.239943485394438660e+00	8.797617990619940542e+00	-2.065697564280610798e+00	1.111009906954543425e+01
2.246224175264620815e+00	8.826658053637331136e+00	-2.088590082516475821e+00	1.104193020093867617e+01
2.252506378421252009e+00	8.857343393364617512e+00	-2.147400405403062873e+00	1.107915903750391884e+01
2.258783417054270437e+00	8.873052318231971825e+00	-2.174966030612404566e+00	1.115259111415334914e+01
2.265069077371457684e+00	8.882282625743966875e+00	-2.250294765230785199e+00	1.106063659806191701e+01
2.271350377044131452e+00	8.897787125755820981e+00	-2.255804408146487638e+00	1.111114492890359351e+01
2.277633995145353918e+00	8.914564819592843747e+00	-2.375237169876739607e+00	1.103511049044655223e+01
2.283922419579920149e+00	8.936074446476888866e+00	-2.341809344877365362e+00	1.107573258608013944e+01
2.290202874392252674e+00	8.960013009661512484e+00	-2.414505136067905067e+00	1.105849655776601637e+01
2.296490779970905560e+00	8.968352798886099819e+00	-2.467751987728614260e+00	1.104222596875686691e+01
2.302771769934229162e+00	9.002944058761366719e+00	-2.570726437340384862e+00	1.109850870970261560e+01
2.309051364164305564e+00	9.013810899448355229e+00	-2.484401772266136899e+00	1.101358328660797881e+01
2.315338502539088239e+00	9.006696774399951977e+00	-2.579582867083074493e+00	1.092594677695895911e+01
2.321627336503874428e+00	9.056567992708041359e+00	-2.618063453491492165e+00	1.106109392264200153e+01
2.327911878297218795e+00	9.069136866277670350e+00	-2.649339454463908616e+00	1.100226260644081044e+01
2.334186238580297168e+00	9.071358098346705034e+00	-2.690488893928824954e+00	1.100933611394296463e+01
2.340467971862688401e+00	9.092060468809689766e+00	-2.660204373646043230e+00	1.094199806126849417e+01
2.346756940970738725e+00	9.116815676544014480e+00	-2.739448984392116149e+00	1.099219178601066282e+01
2.353044444556199988e+00	9.149530148408734576e+00	-2.802469935282232427e+00	1.099570823703231959e+01
2.359327653314069906e+00	9.158953922489530441e+00	-2.832742823153115985e+00	1.095411244206278312e+01
2.365603048789861607e+00	9.160349772441000127e+00	-2.840088409289853288e+00	1.090808689863183467e+01
2.371885911737665165e+00	9.185948497883918762e+00	-2.926150655304840420e+00	1.088850741433506109e+01
2.378173303594019572e+00	9.218522304521231447e+00	-2.943485260837946704e+00	1.099404541926772083e+01
2.384454016539381271e+00	9.211248257924365745e+00	-3.015830586021638560e+00	1.084460849610865729e+01
2.390736447344785187e+00	9.289262746900497802e+00	-3.083620032428548097e+00	1.097887516021581789e+01
2.397014133897952259e+00	9.266957581104485087e+00	-3.089717495339157960e+00	1.088624479967069192e+01
2.403295490074321972e+00	9.295902506856906555e+00	-3.100762866528368633e+00	1.091156925923337795e+01
2.409585049672506862e+00	9.336945368725041661e+00	-3.140080890412641601e+00	1.099514390459397539e+01
2.415871703165322071e+00	9.300120174519516780e+00	-3.065882615921635246e+00	1.074646217777006285e+01
2.422160652369088840e+00	9.359869746215162323e+00	-3.178378717122087416e+00	1.091806030726331578e+01
2.428440167222748691e+00	9.362658506443725770e+00	-3.262319385102124158e+00	1.086174207787111534e+01
2.434717472383889803e+00	9.392622924759873371e+00	-3.248941007748818777e+00	1.083149278336511934e+01
2.441002456202044257e+00	9.413493319655213298e+00	-3.225917433996639438e+00	1.087948431939344296e+01
2.447289980304530488e+00	9.412066303457836014e+00	-3.315519619911306393e+00	1.074426659172611842e+01
2.453571844729242279e+00	9.405860356673018785e+00	-3.317267626305802075e+00	1.077333804152648611e+01
2.459852705114058846e+00	9.446403417516320289e+00	-3.337779722892566525e+00	1.070179058568881203e+01
2.466139233225018934e+00	9.466510480330880384e+00	-3.359310631131160907e+00	1.076916631868338747e+01
2.472421963421291391e+00	9.494740524302242690e+00	-3.410958390795751249e+00	1.071683987881181821e+01
2.478698519174224568e+00	9.512291078964208779e+00	-3.427294057977987585e+00	1.070372837238473984e+01
2.484980841400355800e+00	9.527995536562125167e+00	-3.462688083377309933e+00	1.073916422102903745e+01
2.491269319409339822e+00	9.546567618194384153e+00	-3.522362248142911323e+00	1.069832768974760207e+01
2.497548505139029373e+00	9.572497479578567336e+00	-3.515476524564240535e+00	1.069510162306189294e+01
2.503831667172610853e+00	9.582947203295976379e+00	-3.472633050897895757e+00	1.068344976436024929e+01
2.510117938323931153e+00	9.585567198929600963e+00	-3.524030092409819126e+00	1.062675917447029583e+01
2.516400733681277480e+00	9.604081640828102451e+00	-3.560689788173565518e+00	1.064119606456462108e+01
2.522688226833368130e+00	9.654847394741606692e+00	-3.640796652595455374e+00	1.064521685244804239e+01
2.528971695852665569e+00	9.665655805821030455e+00	-3.655864292792142756e+00	1.058218464964153149e+01
2.535252039407670299e+00	9.648534367349300922e+00	-3.611617829471760466e+00	1.048436844672775514e+01
2.541537514142774512e+00	9.681449694781314008e+00	-3.584868837468736302e+00	1.052027393878593386e+01
2.547823008847572179e+00	9.673196524734164470e+00	-3.621089352711407638e+00	1.046601123426895263e+01
2.554100666580690238e+00	9.717355460365157072e+00	-3.650918531064424766e+00	1.051586263147579281e+01
2.560376788884177301e+00	9.715295969303182844e+00	-3.647511797654958698e+00	1.041660500653032351e+01
2.566667521601497359e+00	9.747678927272502847e+00	-3.715369737977789910e+00	1.041113306534658989e+01
2.572955062237090473e+00	9.759205911815119094e+00	-3.690191603810661025e+00	1.042508087268933714e+01
2.579233771797999175e+00	9.788593620982823040e+00	-3.754174975534285252e+00	1.042380275747777851e+01
2.585520164300948220e+00	9.820371040607895452e+00	-3.790086868442469115e+00	1.042652383770989921e+01
2.591805130332431872e+00	9.829859760846568761e+00	-3.800681170071636306e+00	1.038406377428267824e+01
2.598084074692260881e+00	9.852614964235174355e+00	-3.806950817435608148e+00	1.040967462935120302e+01
2.604360404197643586e+00	9.871837841591714735e+00	-3.853678823877717541e+00	1.036018338287448692e+01
2.610647185140439142e+00	9.878080825207478100e+00	-3.819440444535066703e+00	1.032214510625831494e+01
2.616931864059273138e+00	9.891780038064771574e+00	-3.837272238118647039e+00	1.029383407087812330e+01
2.623206107911065565e+00	9.908293745203115677e+00	-3.817158021215357522e+00	1.032038049598251384e+01
2.629491626543270844e+00	9.935883581947937415e+00	-3.878987039347394639e+00	1.027715941656164844e+01
2.635778507982642349e+00	9.944642139271127945e+00	-3.876869467021177851e+00	1.023494558437624136e+01
2.642061039325260818e+00	9.961669435555220886e+00	-3.797865976145422984e+00	1.022291323372981608e+01
2.648343840729305843e+00	9.977903372549230099e+00	-3.903411474542999748e+00	1.023219013410166234e+01
2.654631838974855551e+00	9.983434562046374694e+00	-3.883687174780412033e+00	1.013335584059116101e+01
2.660919001246303761e+00	1.002381330194469200e+01	-3.941091447175586460e+00	1.023132409731066339e+01
2.667198525130066056e+00	1.001716986310250057e+01	-3.911339822164388469e+00	1.016217494103855756e+01
2.673484307038032526e+00	1.005128591965571694e+01	-3.939790494649157537e+00	1.013656658087266038e+01
2.679773388053849459e+00	1.006683393592319753e+01	-3.976110472120164552e+00	1.010885813852566528e+01
2.686058217632288692e+00	1.006896577733717102e+01	-3.918218396703431416e+00	1.006590835444133880e+01
2.692338738200057868e+00	1.012296609777228262e+01	-3.986154287301562960e+00	1.018991710216820401e+01
2.698618022887226964e+00	1.011309511642838999e+01	-3.935298758793131402e+00	1.006740913076875543e+01
2.704895450708277860e+00	1.013076104106042408e+01	-3.935772836809124708e+00	1.004122784316154871e+01
2.711175674923682166e+00	1.017352042466425921e+01	-4.018956914374062883e+00	1.005622795535207814e+01
2.717459832966957922e+00	1.015897856688223122e+01	-3.954028863675145278e+00	9.986314921903323594e+00
2.723745731959044569e+00	1.021231368757056579e+01	-3.987288940278999938e+00	1.007819620220468337e+01
2.730038414850594730e+00	1.021087544288484850e+01	-3.966393014295200636e+00	1.003284272873380090e+01
2.736317989800789441e+00	1.023676110217654056e+01	-3.963944098478388245e+00	1.005974430828312016e+01
2.742591858549239703e+00	1.024406388905168797e+01	-3.999099009631525536e+00	1.002282948719502009e+01
2.748879749010778362e+00	1.025163084326486995e+01	-4.007006013134523315e+00	9.857166782073599975e+00
2.755163403825859447e+00	1.027279519347323600e+01	-3.982866660109548818e+00	9.980911081389878703e+00
2.761446955625852073e+00	1.030807694746073011e+01	-4.020041598907152292e+00	9.909980385934403557e+00
2.767732088935374701e+00	1.034029105676877691e+01	-4.078887280896140055e+00	9.958387050100270699e+00
2.774015452421743966e+00	1.034632726755700993e+01	-4.059266787343443816e+00	9.937166629165252729e+00
2.780298635700591436e+00	1.034032041406784863e+01	-3.991210226507896142e+00	9.892251916870685946e+00
2.786577474762241380e+00	1.039586723960362846e+01	-4.043949346278066237e+00	9.939193251636869064e+00
2.792857983210164541e+00	1.041379727620939377e+01	-4.050503600312309160e+00	9.949578676001149091e+00
2.799143790920211483e+00	1.042836315144452719e+01	-4.031728296996647032e+00	9.888702876961996679e+00
2.805430058399325244e+00	1.045216430611773006e+01	-4.042695936377345589e+00	9.906159343498433856e+00
2.811715058209780072e+00	1.045948174274824005e+01	-4.049251632499481168e+00	9.880701541665189325e+00
2.817989272498773623e+00	1.050142190404843312e+01	-4.105490108458443643e+00	9.991065366764335209e+00
2.824269171595737760e+00	1.048742410816803527e+01	-4.054505172996261564e+00	9.783132824703249852e+00
2.830563016441804081e+00	1.055270992953217402e+01	-4.090017476297363785e+00	9.923050891611046254e+00
2.836848750951622034e+00	1.055647037165853241e+01	-4.113693828342219305e+00	9.931501606535450222e+00
2.843130027866129783e+00	1.057096394881704171e+01	-4.084313784877356746e+00	9.870157628866113697e+00
2.849413896912404986e+00	1.059336305107182241e+01	-4.056054954400229562e+00	9.894010992526311554e+00
2.855697464522425566e+00	1.062521472320081273e+01	-4.084883348278561144e+00	9.846230678470227815e+00
2.861978799810683594e+00	1.062710397925457606e+01	-4.088862084952628706e+00	9.852797325700642261e+00
2.868262469415629567e+00	1.066790610990337207e+01	-4.133658402903983564e+00	9.825888788588684974e+00
2.874547359206753860e+00	1.067092415069840428e+01	-4.044795487084881458e+00	9.885121177630189493e+00
2.880831111471525041e+00	1.070018596740245975e+01	-4.110773260240052629e+00	9.837836642894174588e+00
2.887113216972382546e+00	1.074435558761444298e+01	-4.104063510847826279e+00	9.889090694797920023e+00
2.893394504725182781e+00	1.076723781224417209e+01	-4.124749708062228848e+00	9.981718449557828166e+00
2.899673662137033592e+00	1.078208930532773913e+01	-4.091059308249582749e+00	9.909966757284484729e+00
2.905953958587380814e+00	1.077659217277644643e+01	-4.053273727525845693e+00	9.847680023007701067e+00
2.912241118105161064e+00	1.081918280138136268e+01	-4.089658394883938897e+00	9.902397178298686597e+00
2.918525996366671205e+00	1.085729911129337033e+01	-4.103861142001199447e+00	9.942629558260298595e+00
2.924809035425688819e+00	1.088090482422096983e+01	-4.108213099737710650e+00	9.949951952257043430e+00
2.931095916293684933e+00	1.090675973676903254e+01	-4.073555265600287356e+00	9.896538785838910002e+00
2.937378182606774413e+00	1.092992761793017564e+01	-4.070918538917919882e+00	1.004061811736407073e+01
2.943659980254369923e+00	1.096475693972247178e+01	-4.138471442415962542e+00	9.989225967892815916e+00
2.949946454403890250e+00	1.099387165592224136e+01	-4.175584482487432858e+00	1.000005924664000823e+01
2.956227653702202307e+00	1.100826371403373294e+01	-4.173472214312864637e+00	1.003070258627362499e+01
2.962510478867462993e+00	1.104101702409685792e+01	-4.157630292432667574e+00	9.993590797838061590e+00
2.968796535179442309e+00	1.105789170057644277e+01	-4.157853706863700260e+00	1.005062794647681024e+01
2.975077657376874907e+00	1.111754092327460874e+01	-4.231892750048529273e+00	1.014929319816722320e+01
2.981359866759223376e+00	1.112069892006774907e+01	-4.194243383980457374e+00	1.007832739428006263e+01
2.987646761575656562e+00	1.117036942108589415e+01	-4.167562940606614141e+00	1.015263370519146591e+01
2.993929038370399365e+00	1.117754109828972098e+01	-4.151817505331662161e+00	1.013377699887570849e+01
3.000206214840962726e+00	1.121422676166253041e+01	-4.211181954157193985e+00	1.020139747479990611e+01
3.006486172402415669e+00	1.126437585293889043e+01	-4.197817513450197602e+00	1.019380954616528534e+01
3.012769812211594456e+00	1.126352293354200640e+01	-4.182718680405364431e+00	1.024866496019955875e+01
3.019053144326170113e+00	1.130745590789000232e+01	-4.218246271513928392e+00	1.027727491399818582e+01
3.025337405144251424e+00	1.132514108958111976e+01	-4.205455000788742126e+00	1.026706937194536984e+01
3.031623734799107961e+00	1.136561145679540985e+01	-4.256489031763910802e+00	1.028213036552511106e+01
3.037908962055872575e+00	1.142414187166219186e+01	-4.240560055800926875e+00	1.035969232902690607e+01
3.044195067146031608e+00	1.144982732694877114e+01	-4.226955514263739389e+00	1.043892303438437352e+01
3.050475543482170426e+00	1.149804224418563692e+01	-4.300305241868961126e+00	1.048359035873557410e+01
3.056754954538277502e+00	1.150671218406947460e+01	-4.295090621360585281e+00	1.048530016703357326e+01
3.063040539557494668e+00	1.155962423213157564e+01	-4.284125517410810602e+00	1.062020364417850971e+01
3.069323699454357346e+00	1.157543824318717895e+01	-4.218611231378433857e+00	1.059584966254482730e+01
3.075610692642898769e+00	1.162153539385940881e+01	-4.333471402835948894e+00	1.062785210618027953e+01
3.081893798009918584e+00	1.165071618467146664e+01	-4.290994575179695403e+00	1.065066954206493932e+01
3.088174549548037717e+00	1.167979821250552774e+01	-4.285138191845788036e+00	1.069253504531767973e+01
3.094458635632868493e+00	1.173919982495764458e+01	-4.333251459716958465e+00	1.076220666805411597e+01
3.100743982931558840e+00	1.177628945716838516e+01	-4.326546929529636820e+00	1.087214111261466343e+01
3.107028111748448396e+00	1.181696402102907228e+01	-4.349711833520078841e+00	1.084339330421243019e+01
3.113309299655494300e+00	1.187552395125811344e+01	-4.391681756033528394e+00	1.101783216686228961e+01
3.119590662867241626e+00	1.188538284661066591e+01	-4.332031201385424524e+00	1.094851256357247138e+01
3.125874006820172912e+00	1.192985350006577505e+01	-4.414593149903581981e+00	1.106793772066537684e+01
3.132159251154602586e+00	1.199272366850166094e+01	-4.404935803271855299e+00	1.112660088106713197e+01
3.138439172765940643e+00	1.200261232575168613e+01	-4.379083995499999382e+00	1.117148046365115910e+01
3.144723867719826593e+00	1.207110454746749362e+01	-4.403058879089070565e+00	1.122170993768487968e+01
3.151003951258561031e+00	1.211071760363047467e+01	-4.469385362594403333e+00	1.132078581990043631e+01
3.157283664131563139e+00	1.217181781011627706e+01	-4.486413893319145529e+00	1.139289055313468069e+01
3.163569317183839935e+00	1.219224269784319681e+01	-4.490939606269296114e+00	1.141006180337363318e+01
3.169851661717792091e+00	1.223410311291581287e+01	-4.497082970994416229e+00	1.147121703906055146e+01
3.176137704316093657e+00	1.227919191937860433e+01	-4.508699611879129598e+00	1.154361780981232144e+01
3.182420924828643916e+00	1.234687983880699669e+01	-4.556569572256043976e+00	1.177179848531140038e+01
3.188702811875577581e+00	1.240450112437399177e+01	-4.586986194921435001e+00	1.179434646204992809e+01
3.194990520008989865e+00	1.241461792726351021e+01	-4.525460114317547244e+00	1.182222618819567472e+01
3.201275324656983834e+00	1.249317416944515635e+01	-4.576563438885944635e+00	1.192000367945993844e+01
3.207551352179861759e+00	1.256835884002023640e+01	-4.718320742287248848e+00	1.208062604980756305e+01
3.213835216737041645e+00	1.260829509302908669e+01	-4.663377376828443666e+00	1.211889182526312325e+01
3.220122579819103770e+00	1.255726851377211695e+01	-4.466360877807799667e+00	1.169458443997454467e+01
3.226406606618656525e+00	1.241108641795001155e+01	-4.081450787243043443e+00	1.077261145118932362e+01
3.232687390085645429e+00	1.223723507018986645e+01	-3.722686457378574065e+00	9.772872693918010611e+00
3.238969121280456331e+00	1.213739070871035075e+01	-3.409314338086258722e+00	8.862449897216020389e+00
3.245254751548589667e+00	1.199336683957167615e+01	-3.156999527786006343e+00	8.095176116583761683e+00
3.251534499036136783e+00	1.191306835595451830e+01	-2.868773979189796819e+00	7.406350847940420756e+00
3.257817780791052442e+00	1.181556518575563253e+01	-2.630776038215890011e+00	6.671467532542538770e+00
3.264102164154097263e+00	1.172841935284903236e+01	-2.453911307022175858e+00	6.014784624998095630e+00
3.270384152138468892e+00	1.167328011906506013e+01	-2.304074512160922961e+00	5.381468647864811494e+00
3.276669427476867735e+00	1.160422513197308270e+01	-2.095157688423478604e+00	4.756395779486811470e+00
3.282954688864507808e+00	1.152930604946610593e+01	-1.939995844923354973e+00	4.139715922974448681e+00
3.289237200334947264e+00	1.146841312266835544e+01	-1.809848102451406149e+00	3.593979203128543354e+00
3.295519587088236779e+00	1.142475208868762593e+01	-1.635289089208287416e+00	3.071698207165503458e+00
3.301805977329951958e+00	1.139975487322196734e+01	-1.524142461373745761e+00	2.637104138096256989e+00
3.308087486222440088e+00	1.133199228321792162e+01	-1.439450489285366563e+00	2.083426289144327814e+00
3.314367630234227313e+00	1.128912573697736299e+01	-1.304959206248579529e+00	1.547215480174687574e+00
3.320651909732194262e+00	1.125949578454923028e+01	-1.230007942965558154e+00	1.161220089408732337e+00
3.326931260376857047e+00	1.124097919011698821e+01	-1.134662798819912499e+00	6.079249198628863260e-01
3.333216512447217728e+00	1.119197822206641391e+01	-1.103924689951424787e+00	2.410901317892364948e-01
3.339504489419978128e+00	1.118861899654112690e+01	-1.013991871966795300e+00	-1.457676186418659370e-01
3.345786804809928405e+00	1.117150922719839024e+01	-9.658050490272214184e-01	-5.633416901951195932e-01
3.352071130016277767e+00	1.115861662545185951e+01	-9.103948062321750578e-01	-9.456467736833658044e-01
3.358351496304225581e+00	1.112721944473420699e+01	-8.428084796979408155e-01	-1.345329633956822590e+00
3.364630591073392019e+00	1.112829176031923950e+01	-8.259878992389052543e-01	-1.777737440092811871e+00
3.370916305215045483e+00	1.113525549269615311e+01	-7.672962274093391155e-01	-2.072529982669427895e+00
3.377197952029413752e+00	1.112127227338113400e+01	-7.219333958857058198e-01	-2.450231777928442600e+00
3.383483063818085501e+00	1.111173164010773284e+01	-7.250758987407724954e-01	-2.791380770035442715e+00
3.389769992424469969e+00	1.110784437740969643e+01	-6.559666145474952748e-01	-3.108038512222791372e+00
3.396051330885982100e+00	1.112704605271963665e+01	-6.249382614294675120e-01	-3.500183957415546221e+00
3.402330879139463971e+00	1.110646202217982470e+01	-6.065864392644415570e-01	-3.765178073638526968e+00
3.408610488352048495e+00	1.109411090373674824e+01	-6.034521468903688568e-01	-4.183414682954639474e+00
3.414897837696641236e+00	1.109641266770397827e+01	-5.273851812725498522e-01	-4.450948097354005206e+00
3.421180484052105619e+00	1.112308775199683097e+01	-5.721611301805801242e-01	-4.752245925078236510e+00
3.427461639653846870e+00	1.110883492252641425e+01	-5.091389473730055792e-01	-5.122854951278815072e+00
3.433749159643459059e+00	1.112972687769551960e+01	-5.668997612137508524e-01	-5.325206989078235864e+00
3.440032646656798310e+00	1.113327927604349732e+01	-5.075460326624041674e-01	-5.630805817021903970e+00
3.446313366033385339e+00	1.115846300742392394e+01	-5.021676086820596741e-01	-5.974766923858740419e+00
3.452600135384134905e+00	1.117688687148124060e+01	-5.203752011594341420e-01	-6.197557657608343540e+00
3.458883152815406703e+00	1.116416919329574853e+01	-5.095426776343288111e-01	-6.488854381293799101e+00
3.465163834403715448e+00	1.119857558772635642e+01	-4.614739451639695567e-01	-6.772627703667088994e+00
3.471449329786229221e+00	1.120129343911930242e+01	-5.023868665516005860e-01	-7.025168145827486832e+00
3.477734476754053894e+00	1.121298884528829198e+01	-5.124479093676076458e-01	-7.340936693054505469e+00
3.484019652467224226e+00	1.123001925587598393e+01	-4.927308134875944545e-01	-7.614701593552674730e+00
3.490297019369712928e+00	1.124674088124430504e+01	-5.125844966031309902e-01	-7.857748772162966411e+00
3.496582486484379970e+00	1.127936692214039383e+01	-4.710573025522462043e-01	-8.121616988723204145e+00
3.502868048046865024e+00	1.129889503943545392e+01	-5.053791682411812314e-01	-8.379406316665315657e+00
3.509144649545451244e+00	1.130599924735131445e+01	-5.498563810789588446e-01	-8.584264123173751315e+00
3.515428082003116295e+00	1.133861178612614751e+01	-5.095714300075563363e-01	-8.851496641948433108e+00
3.521711031624695565e+00	1.135942880080084372e+01	-5.467768306453798521e-01	-9.074405225559910804e+00
3.527991850954735664e+00	1.137456723887619603e+01	-5.634629703383281507e-01	-9.340056477116979394e+00
3.534275545726699885e+00	1.138572143379750301e+01	-5.487313924698549172e-01	-9.600036913905432456e+00
3.540562632020772149e+00	1.143143004105999161e+01	-5.559037146271783580e-01	-9.872010324564234551e+00
3.546844410757220789e+00	1.145489333300313639e+01	-5.702367614340910773e-01	-1.009302956222414061e+01
3.553131386753758836e+00	1.146783933347934337e+01	-6.014538899388118809e-01	-1.027685382869862707e+01
3.559419203211965144e+00	1.147412157969376167e+01	-5.889499292095744520e-01	-1.052112763736133694e+01
3.565697971577579839e+00	1.151002563187451955e+01	-6.091316223008177433e-01	-1.078231843906369036e+01
3.571979559134798254e+00	1.155258265441672982e+01	-6.330285427237348772e-01	-1.093612446443620279e+01
3.578265774595833726e+00	1.156407631259407331e+01	-6.319302046016760377e-01	-1.123921332122941052e+01
3.584548309769353125e+00	1.161512198677052154e+01	-6.821485539632010653e-01	-1.148348718914809297e+01
3.590826843920031486e+00	1.162799368219920026e+01	-6.370583770307568505e-01	-1.170983509367025732e+01
3.597107306745233934e+00	1.168382171876566211e+01	-6.847549656998400680e-01	-1.185954633508862344e+01
3.603392831792229245e+00	1.168252985316326154e+01	-6.954853189256366974e-01	-1.205759933374314663e+01
3.609673209822572559e+00	1.168609633863617248e+01	-6.904840335282416142e-01	-1.229471142358636371e+01
3.615955412133016189e+00	1.174134823889752255e+01	-7.010354931573303805e-01	-1.251403257646958700e+01
3.622241607772384686e+00	1.174556170892217999e+01	-6.992380350044751225e-01	-1.274483394072273690e+01
3.628520252736676444e+00	1.179340630177979854e+01	-7.406834694641418748e-01	-1.295787163818405396e+01
3.634804827569451113e+00	1.182410867172063718e+01	-7.313652019281196015e-01	-1.314159675731608168e+01
3.641094981788862928e+00	1.184720619725036173e+01	-7.800398216710510146e-01	-1.333075128781674756e+01
3.647383514928639325e+00	1.188385277728196421e+01	-7.621633428088323559e-01	-1.359459280923427293e+01
3.653663283927725658e+00	1.191109359903644815e+01	-7.743268948427829423e-01	-1.379345758535826860e+01
3.659943504072155296e+00	1.195987917738375650e+01	-8.475101418457943181e-01	-1.392769902887017786e+01
3.666232000281138603e+00	1.196013190500220880e+01	-7.886041693061331959e-01	-1.418674785422358298e+01
3.672514211678317597e+00	1.199461234790882891e+01	-8.466226661932524378e-01	-1.437036549495360305e+01
3.678794154686042539e+00	1.202131779442568238e+01	-8.533463266402075975e-01	-1.456220259828609187e+01
3.685078621861909820e+00	1.207111154342457482e+01	-8.504616400042406266e-01	-1.477798521534917775e+01
3.691359210097977961e+00	1.209014605172952983e+01	-8.791675919427117680e-01	-1.498094334113607573e+01
3.697642368173791105e+00	1.210835216239060053e+01	-8.980977872083251157e-01	-1.518648550500268080e+01
3.703925796735277665e+00	1.217582251700198626e+01	-9.173624766646801820e-01	-1.539796216109506055e+01
3.710208240364660348e+00	1.217462759183393572e+01	-9.223224407666049673e-01	-1.555435626287862405e+01
3.716494593122387169e+00	1.223555153272551799e+01	-9.427404501119276414e-01	-1.575327927367759706e+01
3.722775386659595398e+00	1.226041163516543975e+01	-9.324816632210137790e-01	-1.600220746951851680e+01
3.729058392883481510e+00	1.231602122994726223e+01	-9.360162608642225157e-01	-1.622807083226946290e+01
3.735339748210807720e+00	1.233353655939105309e+01	-9.988744508537170663e-01	-1.627871556727663460e+01
3.741620776392969638e+00	1.237971484112854803e+01	-9.970953835301530344e-01	-1.656754203094767419e+01
3.747904795418762980e+00	1.241240170359552231e+01	-9.636880886214197472e-01	-1.679389697730167441e+01
3.754190633281219380e+00	1.244602351824869046e+01	-1.060448681572886409e+00	-1.691027317436579125e+01
3.760478208018912749e+00	1.245085174132220551e+01	-1.027504337762449316e+00	-1.712143476272600395e+01
3.766755538573464346e+00	1.253274327556396095e+01	-1.026755831975803446e+00	-1.733750015021260538e+01
3.773032090135151506e+00	1.254475875828648235e+01	-1.029852519632880270e+00	-1.758082722436121514e+01
3.779322553012896879e+00	1.256585194842504016e+01	-1.082294278285069300e+00	-1.766967990893073903e+01
3.785609109731308930e+00	1.260744695888604916e+01	-1.098447996619348999e+00	-1.787703703116601872e+01
3.791889825936295200e+00	1.265010813805445267e+01	-1.046541618431643839e+00	-1.815743502317037894e+01
3.798174822702435893e+00	1.268997335371555479e+01	-1.112499707696331885e+00	-1.824216325490543866e+01
3.804458658753491651e+00	1.270455183264905763e+01	-1.064706789038954993e+00	-1.850828426145233863e+01
3.810738438095723435e+00	1.277550106160766319e+01	-1.128683777620448359e+00	-1.861881484338908521e+01
3.817018850285747167e+00	1.280610912859655492e+01	-1.139242360925289077e+00	-1.886998959560963840e+01
3.823305314209427763e+00	1.284407722999393364e+01	-1.137088007713837667e+00	-1.908085819739144640e+01
3.829591295197792178e+00	1.290153141942883508e+01	-1.161852559061805401e+00	-1.927785024348646559e+01
3.835872296070849341e+00	1.292253039743138920e+01	-1.154941260536174408e+00	-1.947275664005212903e+01
3.842156279590906109e+00	1.298427128377495343e+01	-1.164477477898408164e+00	-1.966231267308950947e+01
3.848441511099312429e+00	1.301437371771019613e+01	-1.193914128753751358e+00	-1.986016981441387941e+01
3.854723334376886079e+00	1.304842093756901455e+01	-1.178718729466532000e+00	-2.006903788359356255e+01
3.861004740704794713e+00	1.309085603750247628e+01	-1.168504135081329443e+00	-2.026327440624764264e+01
3.867284336650660848e+00	1.311175001226173364e+01	-1.207414999892677754e+00	-2.037797150088505305e+01
3.873567367678779849e+00	1.317858796558142842e+01	-1.222974072291023617e+00	-2.061825909892130326e+01
3.879850662830422792e+00	1.319948552016759713e+01	-1.203694952791505068e+00	-2.084388276676277485e+01
3.886137063198143338e+00	1.323961871663384038e+01	-1.238442983933168540e+00	-2.092646399632303300e+01
3.892419463049126005e+00	1.328961509581497324e+01	-1.204447658863379234e+00	-2.126060685494671532e+01
3.898703740328622658e+00	1.333873222561595995e+01	-1.266466178361083772e+00	-2.139325415974973055e+01
3.904991458788179326e+00	1.337269091534263232e+01	-1.234639393053258205e+00	-2.159193287539069672e+01
3.911270842222104083e+00	1.340024196290477221e+01	-1.255274649631480166e+00	-2.178773296673542959e+01
3.917549806479573071e+00	1.347504179969328497e+01	-1.274404483313947845e+00	-2.197040986691898823e+01
3.923836006203090587e+00	1.346407171380325529e+01	-1.235353854475907287e+00	-2.218861636281847538e+01
3.930121452497870926e+00	1.353898851955922922e+01	-1.323892305504997591e+00	-2.229953500214750406e+01
3.936398172858230460e+00	1.359584869831388865e+01	-1.346791917419342788e+00	-2.250141157898300293e+01
3.942683040425962293e+00	1.363308205948651164e+01	-1.327918456814634274e+00	-2.272130870098969169e+01
3.948974759704379611e+00	1.367909501929368510e+01	-1.327380260633395315e+00	-2.289599308048282822e+01
3.955259227995065352e+00	1.371401863969324353e+01	-1.282801169865688262e+00	-2.320393816718776137e+01
3.961537174921395454e+00	1.378693418202300691e+01	-1.371997188940747625e+00	-2.331116801447133824e+01
3.967820217617139544e+00	1.377908750960311401e+01	-1.304576442295760863e+00	-2.351500844282766423e+01
3.974105559832568968e+00	1.384171885752620312e+01	-1.316886525271310449e+00	-2.377321131711842028e+01
3.980384727931198352e+00	1.389006150563767328e+01	-1.331728938894068071e+00	-2.391932489267826512e+01
3.986664590839849698e+00	1.395697112633477843e+01	-1.325157974599105781e+00	-2.420957829660937932e+01
3.992949619150675034e+00	1.401417101026077816e+01	-1.334689722679953228e+00	-2.437043491388759264e+01
3.999235075769965952e+00	1.402240504707986268e+01	-1.325228948571577137e+00	-2.456166284796303501e+01
4.005515715515433506e+00	1.410193650038868363e+01	-1.348634303352991726e+00	-2.479249251906304607e+01
4.011798434346478537e+00	1.412787695349896033e+01	-1.418883550643441849e+00	-2.483940841379626363e+01
4.018083716245132386e+00	1.418761620162673864e+01	-1.389952037337671920e+00	-2.513464604453196571e+01
4.024365700052603856e+00	1.423927340786141471e+01	-1.363287861453399641e+00	-2.535085176276805541e+01
4.030643960839860540e+00	1.429795223699144024e+01	-1.339724295752642735e+00	-2.566557205519222151e+01
4.036928708926215137e+00	1.435670198866856317e+01	-1.420230281058278976e+00	-2.573754932646273019e+01
4.043218157412017177e+00	1.437307218103388351e+01	-1.382929953016204694e+00	-2.598855396207349955e+01
4.049503019487663558e+00	1.442712690174635171e+01	-1.404404826802529760e+00	-2.617795708910051644e+01
4.055781898960511000e+00	1.448340208800085982e+01	-1.348169969010582836e+00	-2.644073071964788468e+01
4.062060795621602161e+00	1.454231147950321024e+01	-1.374171530812784425e+00	-2.669803532031438209e+01
4.068347865354716042e+00	1.459100792421859438e+01	-1.416538590220868254e+00	-2.674103575090316554e+01
4.074631027173265529e+00	1.463380264092088723e+01	-1.391984080527117973e+00	-2.702507652884474254e+01
4.080910837526078971e+00	1.467631914904868395e+01	-1.406086635811197194e+00	-2.724231855076964948e+01
4.087201203341442657e+00	1.474376445113027145e+01	-1.317712379222335750e+00	-2.760944501700188880e+01
4.093486818591942189e+00	1.477340600937598936e+01	-1.366125884144819613e+00	-2.766589191541596904e+01
4.099764387336505500e+00	1.483202044392324304e+01	-1.349053794039032139e+00	-2.794961861022447636e+01
4.106049166937662420e+00	1.490184499270073637e+01	-1.346546860108575272e+00	-2.824666911098402977e+01
4.112334559041358695e+00	1.498133884746366284e+01	-1.360791225619881972e+00	-2.848107361614230015e+01
4.118618926059533614e+00	1.503268790786452413e+01	-1.345790962488779385e+00	-2.870482045038480479e+01
4.124898942031112625e+00	1.505770779894782407e+01	-1.368038310783582290e+00	-2.891961623684823834e+01
4.131175432561665417e+00	1.514225740221434613e+01	-1.394392643823407552e+00	-2.911335968091109550e+01
4.137461563786142271e+00	1.516030807579435447e+01	-1.358508396020437825e+00	-2.934920263855729772e+01
4.143746006210170307e+00	1.527202304987197579e+01	-1.357746665605294334e+00	-2.961939519554670142e+01
4.150029800482964326e+00	1.532520820222502955e+01	-1.351552508591506108e+00	-2.988763806429977166e+01
4.156313390684649001e+00	1.535399956542728361e+01	-1.372964559194346901e+00	-3.005725003843491550e+01
4.162596105843763716e+00	1.545711952264803735e+01	-1.380909182470152707e+00	-3.032609032432414153e+01
4.168881843141768684e+00	1.547452346479918361e+01	-1.333329180358358235e+00	-3.060254651822026872e+01
4.175162111073220217e+00	1.554894878162077099e+01	-1.399316469460293755e+00	-3.072550109781921890e+01
4.181448573417560155e+00	1.558021123881184522e+01	-1.373622902460456041e+00	-3.099347089351633855e+01
4.187738782464171194e+00	1.565467494983143482e+01	-1.390672729643790184e+00	-3.115082956604324593e+01
4.194017437180169061e+00	1.574226379524261432e+01	-1.366270642272310543e+00	-3.154318471696369031e+01
4.200293572701767175e+00	1.579890167953035451e+01	-1.308671551429556601e+00	-3.186455031900157664e+01
4.206580195481546269e+00	1.585062738617356537e+01	-1.328745724808459094e+00	-3.206203296209119458e+01
4.212860644652220543e+00	1.590395056474937974e+01	-1.365165514310097805e+00	-3.227075298332197661e+01
4.219138153430114002e+00	1.599212344629498439e+01	-1.323466354078490115e+00	-3.259397576515547001e+01
4.225426162098283811e+00	1.599369129639945442e+01	-1.229280833332961231e+00	-3.294700531973069246e+01
4.231713506719782636e+00	1.612620122092038244e+01	-1.315668231629754548e+00	-3.309609595712820607e+01
4.237990056577191744e+00	1.615163521335239949e+01	-1.312491547413304538e+00	-3.328242631458080325e+01
4.244267783646744618e+00	1.621590416669264201e+01	-1.289099041333836571e+00	-3.369757891244544368e+01
4.250560660182562955e+00	1.635251562428465277e+01	-1.374461847776028645e+00	-3.384198148919034566e+01
4.256847734842668096e+00	1.633337532001853631e+01	-1.294493507569386637e+00	-3.416674450786784689e+01
4.263127100734456221e+00	1.649563648493874268e+01	-1.331912914685665861e+00	-3.444602240515860814e+01
4.269406860432507500e+00	1.652857915420295853e+01	-1.285536416277869298e+00	-3.479015962087371605e+01
4.275691671482192646e+00	1.653754204703511022e+01	-1.195796196029953684e+00	-3.510967738040498887e+01
4.281972414189518794e+00	1.659461426795859040e+01	-1.232119610174543078e+00	-3.524752807594065018e+01
4.288253516806755705e+00	1.667783630121911642e+01	-1.249931441752335504e+00	-3.557446468897446579e+01
4.294540520160492925e+00	1.676082165806102253e+01	-1.232133605433699097e+00	-3.589951705328896026e+01
4.300825742921731809e+00	1.680982864056350579e+01	-1.252036642454748216e+00	-3.613202762647896549e+01
4.307109835491901961e+00	1.686201141019532557e+01	-1.268648018846838754e+00	-3.637561375587230827e+01
4.313390926478413157e+00	1.695548954778083584e+01	-1.239079887099045596e+00	-3.667180286737083605e+01
4.319667979480563247e+00	1.698543588788340841e+01	-1.140335274040773061e+00	-3.721710395666335103e+01
4.325952598143786076e+00	1.706580247658450489e+01	-1.192092013935497130e+00	-3.731193497635148049e+01
4.332241647035422361e+00	1.717709928479904846e+01	-1.163946376525570647e+00	-3.780279921811261801e+01
4.338524445619096781e+00	1.722535111951517450e+01	-1.207151203029452224e+00	-3.792580358648735483e+01
4.344809348131129845e+00	1.730508106735462448e+01	-1.145765181290776757e+00	-3.834494977287523199e+01
4.351090699193166600e+00	1.734459218816051873e+01	-1.108216743499783608e+00	-3.870348146599570782e+01
4.357369710808320029e+00	1.745492158013752615e+01	-1.126227978577774236e+00	-3.896533433623943665e+01
4.363659348967174445e+00	1.747235456871110060e+01	-1.143052007182940866e+00	-3.923652077032699026e+01
4.369947418280990981e+00	1.752218038419950474e+01	-1.122665544739818388e+00	-3.955007223559955065e+01
4.376226569265827315e+00	1.756796215768743963e+01	-1.058728229366944440e+00	-3.990012598144112843e+01
4.382499356631129217e+00	1.766358939117404958e+01	-9.995620942015652766e-01	-4.041545540970657413e+01
4.388784975178015024e+00	1.779548018274586951e+01	-1.038505697145041040e+00	-4.075749783112896552e+01
4.395068696309480494e+00	1.778549841270209697e+01	-1.018022444934307380e+00	-4.106926461848873799e+01
4.401347962382031298e+00	1.788538851117307260e+01	-1.102470961994272525e+00	-4.112052244891326325e+01
4.407628405096517099e+00	1.791791106771568920e+01	-1.006643457819407450e+00	-4.166775307735837686e+01
4.413915862185140426e+00	1.795025724804349920e+01	-9.447506706632046170e-01	-4.203347155503134047e+01
4.420203163534264235e+00	1.800873872057747604e+01	-9.680269453111910449e-01	-4.226679817896238234e+01
4.426480311003382795e+00	1.803491336107430598e+01	-8.691046190183705500e-01	-4.289680523811254886e+01
4.432765973643649104e+00	1.818231188859278902e+01	-9.217042546198367381e-01	-4.308075070613352864e+01
4.439053392023870614e+00	1.819676027914076855e+01	-8.807835788843950686e-01	-4.363265960801711429e+01
4.445336141335588742e+00	1.832342278149148385e+01	-9.349185363616384636e-01	-4.387739948035819992e+01
4.451617241414883352e+00	1.829809562120402333e+01	-7.850039805835800077e-01	-4.440962866306578150e+01
4.457901500730311106e+00	1.838754551147634331e+01	-8.075759740026795530e-01	-4.482843435650453046e+01
4.464189501093017043e+00	1.842117711483483333e+01	-8.101313390702896688e-01	-4.503326862333695857e+01
4.470470197548729985e+00	1.842948557804623277e+01	-7.101930129346610832e-01	-4.567409582584894423e+01
4.476748044268524573e+00	1.850894564724002933e+01	-7.704287284430014759e-01	-4.578804580697969584e+01
4.483035990164653484e+00	1.851525658940606789e+01	-6.738939243603255802e-01	-4.642740516069555667e+01
4.489323331650528104e+00	1.861074903565338801e+01	-6.647402302765204052e-01	-4.688267906048886857e+01
4.495599111667934800e+00	1.860509131974659169e+01	-5.969963312730879323e-01	-4.730315665636998546e+01
4.501870922878794090e+00	1.861017624505335988e+01	-4.700179864246690209e-01	-4.792071308125985496e+01
4.508155162877705457e+00	1.866041034781633812e+01	-5.246525370556087697e-01	-4.808595860359029217e+01
4.514446451153479423e+00	1.865779422555643663e+01	-3.894029938204149333e-01	-4.885399661377771707e+01
4.520723894043856994e+00	1.868968937596760682e+01	-4.141645436440305472e-01	-4.909899582881054414e+01
4.527003782460155890e+00	1.868500175781427686e+01	-3.619244071430045562e-01	-4.972734228461045092e+01
4.533293086610313161e+00	1.863069438495103824e+01	-2.659905121867932043e-01	-5.013058925024932222e+01
4.539578989864040182e+00	1.865698127897401193e+01	-2.831892388800326121e-01	-5.051744625131710364e+01
4.545857164866476730e+00	1.859973449604726525e+01	-1.161985630091694199e-01	-5.109498376957905208e+01
4.552138955546025656e+00	1.861730621610713854e+01	-1.203146742418243625e-01	-5.156886156682217148e+01
4.558432046889146605e+00	1.858724081256857374e+01	-8.553868652874151157e-02	-5.195726649534793040e+01
4.564713463378488711e+00	1.862532159736329973e+01	-6.662629975577766261e-02	-5.246351495274510768e+01
4.570987274133244682e+00	1.864046817174121884e+01	-1.035023059046407401e-01	-5.276979765607271133e+01
4.577274818151045643e+00	1.866572532716645227e+01	-7.128077794830665892e-02	-5.315524763078998660e+01
4.583563263889338657e+00	1.868119291797512105e+01	-3.992954557347189182e-02	-5.356724057700543540e+01
4.589844917004465508e+00	1.877386711632405536e+01	-8.001378513882226318e-02	-5.395415142088070581e+01
4.596126259982004747e+00	1.882041196801667482e+01	3.153619844227778524e-02	-5.462666342814554810e+01
4.602409075598298926e+00	1.884839254352944948e+01	-3.911279800857822564e-02	-5.481856413464289801e+01
4.608696634867644804e+00	1.895518231967457012e+01	-3.078803456267725086e-02	-5.536738194894832077e+01
4.614977646498861219e+00	1.895663532031536747e+01	-1.292501182287358538e-02	-5.568536970679441112e+01
4.621258953029527383e+00	1.900807936109117691e+01	-3.760814736440899753e-02	-5.601590918698862964e+01
4.627547993978874175e+00	1.911175451255910929e+01	-5.313479743678133776e-02	-5.653620456040669495e+01
4.633830152730579854e+00	1.912529940655473482e+01	2.427785713629923223e-02	-5.692843018292088431e+01
4.640104005367354567e+00	1.924319907045089906e+01	-7.405996996026115164e-02	-5.728274442448839920e+01
4.646382060386754276e+00	1.933200692178771618e+01	-5.920571623789931681e-02	-5.784404477757492913e+01
4.652674213731970987e+00	1.934277433454670359e+01	-5.945528432184889189e-02	-5.806186276380570632e+01
4.658958291796220230e+00	1.936095095519215192e+01	-1.225950449072901564e-02	-5.835683824598169878e+01
4.665233615070169648e+00	1.942286990395021107e+01	-4.190117134310063218e-02	-5.874524878022748453e+01
4.671520675710307380e+00	1.950343689315474549e+01	-6.557099243777374242e-02	-5.914328187576293061e+01
4.677814351732177300e+00	1.957817236270571115e+01	-3.977229929921810569e-02	-5.958740490939999290e+01
4.684093699744638073e+00	1.962275859901540187e+01	-3.577077920274292916e-02	-5.988980970852223606e+01
4.690368661472568590e+00	1.975735298049506383e+01	-3.393117779262564380e-03	-6.052632834222264080e+01
4.696663270746453733e+00	1.989034525181705959e+01	-5.552447778508406290e-02	-6.106131779170151930e+01
4.702945459248681459e+00	1.993738562814838744e+01	-8.553923424484088933e-02	-6.138381261615953122e+01
4.709209170841929470e+00	1.998779574056875319e+01	-8.499681584330677497e-02	-6.164452997860338712e+01
4.715491634753063543e+00	2.008179414246276906e+01	-4.932640584042083387e-02	-6.220614315767596025e+01
4.721784316284933780e+00	2.015594981591068091e+01	-4.455771818578257992e-02	-6.260035322322669060e+01
4.728063062331094635e+00	2.020072774724530262e+01	-2.483298440447496286e-02	-6.294682397559942899e+01
4.734337423381671073e+00	2.032202002446994271e+01	-8.274754781866379416e-02	-6.334947416263195663e+01
4.740627024094544062e+00	2.034031703256086487e+01	-3.761468399551366054e-02	-6.371993938264984081e+01
4.746914995664547554e+00	2.045368960342120701e+01	-1.386103476631416753e-01	-6.406676408830665537e+01
4.753194740071086777e+00	2.057370860609858454e+01	-1.126145255031359670e-02	-6.476261942522100412e+01
4.759478891864783456e+00	2.065383356440220908e+01	-1.220669405191734946e-01	-6.505168194996973341e+01
4.765762396877359031e+00	2.073449466755948123e+01	-3.918665051564156065e-02	-6.556386016624985302e+01
4.772049481246195768e+00	2.079197915116966655e+01	-2.274491036244858256e-03	-6.589014746431192293e+01
4.778335091022592351e+00	2.094340745108684132e+01	-1.070197466856093460e-01	-6.640489337652175550e+01
4.784610831402393849e+00	2.107546862474733018e+01	-2.518946654889315726e-03	-6.712891411753837190e+01
4.790907306208476157e+00	2.106374085229954574e+01	-1.124784131538181520e-01	-6.706469333788096776e+01
4.797204047706418173e+00	2.123955175817789254e+01	-3.216968152605350489e-02	-6.787063664305057387e+01
4.803470827697504220e+00	2.127803434735328736e+01	-1.006183244520843789e-01	-6.804873218105244348e+01
4.809748850577324042e+00	2.136088744574218978e+01	-4.284236702631626786e-02	-6.854509152811890260e+01
4.816045316586602176e+00	2.159321556166892719e+01	-1.213364948540593263e-01	-6.930790663034990473e+01
4.822329240673497885e+00	2.160234014092935695e+01	-6.593975231400268922e-02	-6.954210128855129369e+01
4.828596758226470165e+00	2.171537259363247685e+01	-5.546014026213187675e-02	-7.006921617420537984e+01
4.834890332961369275e+00	2.182794446477914718e+01	-7.219702793309282218e-02	-7.055539627575848272e+01
4.841191655056394261e+00	2.187692147986109958e+01	-8.014012049869927157e-02	-7.083705009519830753e+01
4.847460407468000554e+00	2.215463033658427250e+01	-6.394067686402911399e-02	-7.187947572304864252e+01
4.853732128521334843e+00	2.221117434933836776e+01	-1.126930975856960809e-01	-7.210595547633829483e+01
4.860029138783373170e+00	2.227327842587755313e+01	-1.002778455573836436e-01	-7.252584595314067428e+01
4.866314601732018019e+00	2.240495890783873278e+01	-1.104186453398217638e-01	-7.305863582304816362e+01
4.872587026269203925e+00	2.259252506213706368e+01	-5.986084406591810070e-02	-7.378797511775253781e+01
4.878874221748241702e+00	2.254418777412863406e+01	-1.123066975661388828e-01	-7.375464861553652440e+01
4.885171078138658807e+00	2.276485533797186278e+01	-6.537633096463758842e-02	-7.462718604547812618e+01
4.891450629931857641e+00	2.290748532877830357e+01	-6.723716010855222691e-02	-7.520882865486167645e+01
4.897716482750221978e+00	2.291531710318606585e+01	-9.783775539437684909e-02	-7.527534662530275966e+01
4.904002834596266069e+00	2.316519406495912037e+01	-4.508537597025878002e-02	-7.632701421947415099e+01
4.910295858205786068e+00	2.323268737943419993e+01	-6.671884540714974332e-02	-7.662137684647133540e+01
4.916575188115905881e+00	2.327537767247096312e+01	-2.905813162546576692e-02	-7.691094279459119321e+01
4.922847946197084212e+00	2.353410250492608569e+01	-8.949730571928683764e-02	-7.785019462585913175e+01
4.929131667457151700e+00	2.368473188644199823e+01	-1.499418610390693303e-02	-7.855271531522382134e+01
4.935434460144239033e+00	2.388201393479143775e+01	-8.967820273123039421e-02	-7.918098563496376130e+01
4.941718513303545279e+00	2.390240167561298534e+01	-5.594251323252046049e-02	-7.939566517034452886e+01
4.947978624761803168e+00	2.406238318754274275e+01	-1.212236814113387129e-01	-7.996350485920164886e+01
4.954274999209829389e+00	2.428339801822552246e+01	-7.317127368914820573e-02	-8.085655827491972047e+01
4.960571094729937514e+00	2.444524928342395143e+01	-6.148280340341103628e-02	-8.149532740335456538e+01
4.966823207626954506e+00	2.477441296518024672e+01	-7.720326760209199335e-02	-8.270788386914294676e+01
4.973097418390337587e+00	2.468890018146868570e+01	-4.454248679736570043e-02	-8.257299355781034933e+01
4.979415129936382023e+00	2.492569337693329246e+01	-8.651196785692587266e-02	-8.340923129084636400e+01
4.985702082330368157e+00	2.517859273757115446e+01	-4.747023831902853763e-02	-8.438776425609138698e+01
4.991949985828016523e+00	2.528876308652679938e+01	-7.666120740455208658e-03	-8.488453906192410159e+01
4.998241586316924057e+00	2.546896502887243585e+01	-4.531955582070695127e-02	-8.558498789812321661e+01
5.004556635606089543e+00	2.552141319408174525e+01	-4.749701495257980383e-02	-8.583116018998104835e+01
5.010828655701208945e+00	2.572095956020391938e+01	-1.066654318006729218e-01	-8.653111046090056391e+01
5.017077229702536556e+00	2.597238585192982541e+01	-7.358655343304354446e-02	-8.750716611613903240e+01
5.023374414758113637e+00	2.616926084787602491e+01	-3.012250267700626247e-02	-8.832555215043086605e+01
5.029688873569548413e+00	2.610432852535374693e+01	-7.569327916111663612e-02	-8.812718117906375426e+01
5.035958413584124216e+00	2.646128646615441937e+01	-3.732519265291805999e-02	-8.946261292883731642e+01
5.042232667658486989e+00	2.676733071203481984e+01	-4.909202439039941218e-02	-9.058368780998650038e+01
5.048528755870775875e+00	2.671728715147043332e+01	-4.247430035636965556e-02	-9.052419044095628919e+01
5.054821121427484520e+00	2.683134644852217932e+01	-1.495088069777442130e-02	-9.099728337676562262e+01
5.061069509814582368e+00	2.735331553578571473e+01	-5.750451116814324359e-02	-9.280383675305780855e+01
5.067347812754101177e+00	2.717768175947105647e+01	-5.954282542231595365e-02	-9.230536213597028450e+01
5.073675050630431116e+00	2.738240759191233309e+01	-2.083448368919449400e-02	-9.316593254453013628e+01
5.079945928388977627e+00	2.775902644431599597e+01	-4.788800164170479295e-02	-9.446470343324848784e+01
5.086192992546071601e+00	2.776223479203504496e+01	1.440021809434981377e-02	-9.459677860306082664e+01
5.092484128970163226e+00	2.809367131118894889e+01	-4.709224703776238030e-02	-9.578526852013915516e+01
5.098802924706086870e+00	2.838845080459077508e+01	3.739758010766994906e-02	-9.692748656180128819e+01
5.105078217426394005e+00	2.857929847692657432e+01	1.613419820985611750e-02	-9.762327333716102373e+01
5.111325076574067872e+00	2.870911875597793639e+01	1.325018678948106966e-02	-9.816679292896313314e+01
5.117628358851224135e+00	2.925555838232002515e+01	-9.049278513259778611e-02	-1.000179344503020360e+02
5.123935939383525984e+00	2.921423886783230728e+01	-7.918687695274370664e-02	-9.993880152933357408e+01
5.130199176325612065e+00	2.952030949694099249e+01	-9.396661980642137535e-03	-1.011012161958950486e+02
5.136469985878846956e+00	2.964815267053617376e+01	-5.755399874341816935e-02	-1.016035546571543193e+02
5.142797788696348071e+00	3.015256607029700575e+01	5.756985381995535084e-02	-1.035269955258572594e+02
5.149090378043822192e+00	3.009446186788040833e+01	-8.728130439448901490e-02	-1.032281607463934847e+02
5.155289879840074363e+00	3.034062043765769445e+01	-8.432623424170098553e-03	-1.042076044298533759e+02
5.161564521234301317e+00	3.078292541686192152e+01	-2.713975589125315613e-02	-1.058133930966089054e+02
5.167916673496016244e+00	3.107522826192744247e+01	-1.032611425110380454e-01	-1.068002109323640525e+02
5.174205974602950064e+00	3.115031039297429061e+01	-7.184844313353791478e-02	-1.071290598255452267e+02
5.180434820793812456e+00	3.140316414796043532e+01	2.594501495109413636e-02	-1.081806851021458868e+02
5.186729096569634656e+00	3.156811781832385932e+01	-6.285360762805764986e-03	-1.087931660762040593e+02
5.193058481037780894e+00	3.190176599582612837e+01	6.089867963717930655e-02	-1.100811676643409669e+02
5.199319511444338460e+00	3.221261677582448613e+01	-1.788064980523886016e-02	-1.111090284240765556e+02
5.205574295584361799e+00	3.276615414722868280e+01	-7.795590646799398227e-02	-1.130058391810784428e+02
5.211894977074066126e+00	3.285004912894758888e+01	-1.634569575648467735e-02	-1.134672622330840710e+02
5.218201708336958511e+00	3.338938204174137070e+01	-2.711863411563794624e-02	-1.153456073607692360e+02
5.224411911780083351e+00	3.342314385982877667e+01	7.244590495082917775e-03	-1.155495389861524700e+02
5.230677632666463239e+00	3.375027264941874705e+01	-2.882823739361865464e-02	-1.167277937328221782e+02
5.237056729559757429e+00	3.442528238361421700e+01	-8.132532107891819739e-02	-1.190824870999642542e+02
5.243336785035660697e+00	3.485079116856076809e+01	-4.557305414536036436e-02	-1.206229196872596106e+02
5.249493476178225038e+00	3.477214804543745430e+01	-3.732064440498804314e-02	-1.203763560274705640e+02
5.255787017738318134e+00	3.520520905504523057e+01	-1.416051367220407843e-02	-1.220185558702272743e+02
5.262205327426889845e+00	3.542441299312117309e+01	1.390295594812014646e-02	-1.228380786594324547e+02
5.268477758348532269e+00	3.582764563878566122e+01	1.710746502005257297e-02	-1.242785674168401471e+02
5.274632213654732560e+00	3.640912728628520512e+01	3.441534320632740757e-02	-1.263543050637999983e+02
5.280950543314659740e+00	3.588603528116341579e+01	-7.890078707063846730e-02	-1.245008189859897954e+02
5.287327645024750389e+00	3.715103056133059312e+01	3.254651272436449166e-02	-1.290615143854019493e+02
5.293582359180156516e+00	3.726022163360086381e+01	2.154300253272393301e-02	-1.294435017561954737e+02
5.299789992649893478e+00	3.782746484700433598e+01	-2.270038150108086641e-02	-1.314500556592802809e+02
5.306111460381987222e+00	3.798297294095900156e+01	-2.336787461830016482e-02	-1.320379498152096005e+02
5.312452717892129250e+00	3.872636758673615986e+01	-1.393846000633712223e-01	-1.345210159533433796e+02
5.318650122853046724e+00	3.930540019487740011e+01	5.294169345443251046e-02	-1.367722023908507651e+02
5.324923043129819789e+00	3.940671378308392292e+01	1.374986724955125361e-02	-1.371762326808034231e+02
5.331330237158205421e+00	3.935419534448654844e+01	-2.886848896164377967e-02	-1.369760095401921092e+02
5.337586726886338617e+00	4.016579708088165290e+01	-6.048796060820887770e-03	-1.398341721816526046e+02
5.343685192440848830e+00	3.994887498658830083e+01	4.861917528877957029e-02	-1.391682170145852524e+02
5.350070659715249199e+00	4.169281604478032222e+01	-3.014312274314503298e-02	-1.452693726078701388e+02
5.356556762554878226e+00	4.083773712772717346e+01	5.493921386349902986e-02	-1.423812052104555619e+02
5.362691868684501095e+00	4.168708882237943669e+01	9.695867425517295385e-03	-1.453142303737444934e+02
5.368769208912516966e+00	4.174542693743373434e+01	2.354206120646460537e-02	-1.455652843195948378e+02
5.375270137997677722e+00	4.254268218778620536e+01	-4.751082741210170546e-02	-1.483662958302480774e+02
5.381769983045385786e+00	4.325641999190064979e+01	2.409974283121970803e-02	-1.509351844854345757e+02
5.387701030372958222e+00	4.260329312419418102e+01	9.128834201147818794e-02	-1.487163193176912728e+02
5.393786668001271600e+00	4.428312761062198177e+01	3.177111904332303310e-03	-1.545451499941145244e+02
5.400446161099396569e+00	4.462844601606773409e+01	4.150886939924751384e-02	-1.558609091142934346e+02
5.406957063684501463e+00	4.477700909802280194e+01	-3.897486411894961200e-02	-1.563099678144778863e+02
5.412655672453426270e+00	4.676216019945003666e+01	5.025142634016077636e-02	-1.633111210351012232e+02
5.418821279260546575e+00	4.528708602640351444e+01	2.486953783643325658e-02	-1.582170921310736560e+02
5.425690594366304076e+00	4.641327644286550225e+01	2.677324176651709603e-02	-1.621856025156154999e+02
5.432217487502165376e+00	4.739349895572283344e+01	1.023054698382627054e-02	-1.656167981606714079e+02
5.437649811577258241e+00	4.716645478327730956e+01	-6.033002879131649232e-02	-1.647101620151108250e+02
5.443914404015878006e+00	4.750302856048008948e+01	3.449545597993530777e-02	-1.660617270477331431e+02
5.450953501686320202e+00	4.853215622693263498e+01	-5.478169934249363382e-02	-1.696159948339160053e+02
5.457483690405861232e+00	4.878242017028959765e+01	7.304039323454945831e-02	-1.706388929134792249e+02
5.462715250135157241e+00	4.976283907681623475e+01	2.677428398263102804e-02	-1.739802406442704523e+02
5.469033575551323523e+00	5.102423785703204118e+01	-3.543892698573439248e-02	-1.783899291644673326e+02
5.476177730420278778e+00	5.026707024682065139e+01	-5.385384009117975823e-02	-1.757473696171987285e+02
5.482708935702562236e+00	5.104515945377039543e+01	6.742135959391439351e-03	-1.785596873355145817e+02
5.487722405008360838e+00	5.195574783120171247e+01	-9.972398309964092267e-02	-1.816136679745565914e+02
5.494194284996126498e+00	5.274756250970698801e+01	3.260175762181852926e-02	-1.845552520496119939e+02
5.501391471009256406e+00	5.536573363181150143e+01	9.223506826074423515e-02	-1.937955743448978581e+02
5.507128202673079009e+00	5.377705831322678875e+01	-1.508606273444296209e-01	-1.880013139098420822e+02
5.512278020050448646e+00	5.771570223728603111e+01	1.034405240217817490e-01	-2.020476790159346479e+02
5.519395563377015534e+00	5.590154539028529257e+01	1.433355194579521430e-01	-1.957564919541731001e+02
5.526598678609708770e+00	5.860488980221849431e+01	-3.780567511869430825e-02	-2.050448126029762079e+02
5.532162682462509196e+00	5.880699936623988577e+01	-9.858143952657953679e-02	-2.056964871462915028e+02
5.537397124017139127e+00	5.517071380014441218e+01	-1.288990287158654942e-02	-1.930655290177709276e+02
5.544582756485218589e+00	5.264646101164375125e+01	9.506288007797027151e-02	-1.843459605731043212e+02
5.551739327507637434e+00	5.444857789888050803e+01	1.160108007238028552e-02	-1.905736539871800233e+02
5.557493306674907707e+00	6.390214572612482868e+01	1.519884155778736257e-01	-2.238053949923118751e+02
5.562281709102816940e+00	6.530936108847923549e+01	-6.889454750984366771e-02	-2.285105896152061575e+02
5.569272720323164449e+00	2.306044718374697311e+01	2.812415545419372567e-02	-8.073942767112663432e+01
