8.899641224696953554e-03	1.636879903481341898e+04	5.231984483935917524e+03	-3.912723912524226034e+04
1.507912216506557788e-02	1.897741100914393246e+04	2.049867547405506775e+04	-3.945678518387395343e+03
2.144790186456836667e-02	1.957110691393088200e+04	1.115229610383904401e+04	2.862759196223256822e+03
2.783660776489276650e-02	1.299904379540486843e+04	9.460289746610018483e+03	-3.493947037452737732e+03
3.435099785803411021e-02	9.558145765405010025e+03	1.143499550553218796e+04	7.031020463523063881e+03
4.047886761425745911e-02	8.431327077130239559e+03	8.623597581304722553e+03	5.529320502875018065e+03
4.676716683575679601e-02	5.685563224411446754e+03	4.369720095069884337e+03	-1.335026079232835627e+02
5.308225101765951665e-02	5.858166527628615768e+03	5.467898904580352792e+03	2.472636396827585088e+02
5.945362440940590160e-02	5.762888727000573454e+03	5.505654646897242856e+03	4.700831580391136413e+02
6.576224814588792211e-02	5.470234801312505624e+03	6.050310515303921420e+03	2.869500801205471817e+03
7.196632906698736953e-02	4.367234226821589800e+03	4.355008478329781610e+03	8.626191743194036690e+02
7.827860915688347743e-02	3.764062211477684741e+03	3.308516404515215072e+03	2.344329988316995639e+02
8.470398945834539672e-02	3.076543199279767578e+03	2.776120352918114804e+03	6.451120897207198368e+02
9.096854620527369817e-02	2.607309444240737776e+03	2.444103751990895489e+03	3.373261404357183437e+02
9.720789776830213169e-02	2.351813321846920644e+03	2.275234893632446528e+03	1.142734578652697763e+01
1.034763038959366499e-01	2.195463093495056910e+03	1.860771487888262072e+03	-4.274522455583220903e+01
1.097576444254559219e-01	2.052807670793974012e+03	1.807797102229755410e+03	1.564659476831772622e+02
1.160543084780093354e-01	2.106986867801504559e+03	1.828593302790460029e+03	1.969856159537954738e+02
1.223669666537485351e-01	1.881454224127552379e+03	1.697542080997087851e+03	1.225504139830924970e+02
1.286817263090294094e-01	1.708772125528942524e+03	1.700671399873536757e+03	1.729014412634217592e+02
1.349500801664080818e-01	1.486770687644430382e+03	1.362658468215787934e+03	2.569971879342953116e+02
1.411949558842147678e-01	1.386499473615758234e+03	1.296872997846512135e+03	2.936761983435256411e+02
1.475133575747468451e-01	1.224824163348263028e+03	1.150475260509072541e+03	1.193198011890427210e+02
1.537865074252268427e-01	1.146800206893597760e+03	1.090226093708267626e+03	1.087043312646858055e+02
1.600657544051110326e-01	1.125047691141328187e+03	1.033185275794930021e+03	1.390910460562077162e+02
1.663991168687080635e-01	1.055537429941175560e+03	1.056822613719076116e+03	2.873408964498970022e+02
1.727195645776442856e-01	9.980534729227043726e+02	8.929206289710517694e+02	1.748453232230633034e+02
1.789765213377084718e-01	9.304001358073837764e+02	8.172971346392146188e+02	1.436908396100228344e+02
1.852353690647852158e-01	9.125327192275697143e+02	8.423565714044500510e+02	1.047742363821292599e+02
1.914806787341157279e-01	8.371199226151680932e+02	7.271356641246981098e+02	6.010833782956848381e+01
1.977889868651535599e-01	7.549911972190075176e+02	6.468791292805140074e+02	1.060776370320165682e+02
2.040937735447724277e-01	6.975958338305254074e+02	6.065044519575811819e+02	1.376510306265508348e+02
2.103939302609846018e-01	6.738171421292369132e+02	6.304634661209677233e+02	1.083787926437523765e+02
2.166909709822301688e-01	6.292388175288781440e+02	5.433944376395755853e+02	8.780230204855553211e+01
2.229700281216152047e-01	6.128898806287322714e+02	5.480571834416047068e+02	1.083501336755438018e+02
2.292620027086341994e-01	5.828201302234947434e+02	5.005273548222037903e+02	7.834102456335891418e+01
2.355141508366812297e-01	5.601258503480078161e+02	4.938306765394797822e+02	1.600785083826993116e+02
2.417910583817859116e-01	5.397572820211853468e+02	4.870712082455100926e+02	1.542582142637741356e+02
2.480856539439619257e-01	5.044454219595229461e+02	4.351022524933468389e+02	5.707784456581353538e+01
2.543492256872954549e-01	4.771440283658541830e+02	4.094386410291205607e+02	9.415727026621510731e+01
2.606334251884805386e-01	4.507954805022258142e+02	3.967293081506808221e+02	9.704217305756952783e+01
2.669257370896960802e-01	4.253647581808857012e+02	3.616656022439348135e+02	8.559814089836748963e+01
2.732423343141155980e-01	4.106611559148195170e+02	3.359021808561173543e+02	8.524990768100487060e+01
2.795529680084415936e-01	3.959746140489234563e+02	3.254838237623943087e+02	7.218976413927872215e+01
2.858366292314493129e-01	3.816212068699824727e+02	3.230938929554361039e+02	6.514452206009116253e+01
2.920876271394311496e-01	3.608364188360133085e+02	2.987155719113599162e+02	8.067743341887712916e+01
2.983449844439822751e-01	3.500037720863372783e+02	3.013416859510610379e+02	7.819784602232033421e+01
3.046382639407197446e-01	3.355314893631892801e+02	2.754706553893499859e+02	6.018107617667075715e+01
3.109279127003197196e-01	3.253471026284491927e+02	2.630238673137935734e+02	6.346002507779413548e+01
3.172168171618398036e-01	3.076047525231510917e+02	2.614258533597144947e+02	7.335375819795207519e+01
3.235187567944423082e-01	2.928391586061638918e+02	2.309722794700572024e+02	5.404342641193878904e+01
3.298168217550395687e-01	2.843562321655666665e+02	2.378693548331995942e+02	6.529740099143165821e+01
3.361176429457156667e-01	2.806849638488041592e+02	2.273412732238596163e+02	5.628490028486770314e+01
3.423700375709273769e-01	2.650483368616111193e+02	2.085232409974299230e+02	5.801826889365990070e+01
3.486478192666269682e-01	2.583450202812120438e+02	2.048451608862578723e+02	6.679927215661116691e+01
3.549411614411318028e-01	2.456044901401550646e+02	1.895495328802920483e+02	5.457520493471782430e+01
3.611916935421040642e-01	2.338055356833966414e+02	1.772425034019858856e+02	6.026802352049944034e+01
3.674767089563572564e-01	2.295963488172356222e+02	1.780063519123112883e+02	4.906660432830219776e+01
3.737647795277591056e-01	2.213651811410197467e+02	1.668011187126317907e+02	5.363041253322853663e+01
3.800654031475132477e-01	2.115063657414616785e+02	1.548618828189124770e+02	4.183049207758977417e+01
3.863539861259823738e-01	2.045935558506863856e+02	1.483735966351396769e+02	5.263964177132285016e+01
3.926140181364449755e-01	2.008769220139216145e+02	1.530049825831930264e+02	5.374486982147092107e+01
3.989264500321934581e-01	1.924353996242235212e+02	1.413177142100811352e+02	4.354251289855216100e+01
4.052073244576828714e-01	1.862876353946992936e+02	1.399788764482611327e+02	5.192770338780260175e+01
4.114916477570477182e-01	1.799182006712059660e+02	1.318277730536985075e+02	4.618906186085275323e+01
4.177814272116491257e-01	1.725125307724756851e+02	1.187004677808858304e+02	4.144109922651220757e+01
4.240400648725131116e-01	1.691687444726411229e+02	1.211081330774307787e+02	4.016378559191571185e+01
4.303425690270192283e-01	1.636691628199301078e+02	1.130712352489905612e+02	3.767572370891311095e+01
4.366358560255625965e-01	1.580283453468983623e+02	1.061478064612643095e+02	3.890637581808443457e+01
4.428996183220763605e-01	1.528434563062575933e+02	1.044350150913217021e+02	3.842563837133853610e+01
4.491634418529859563e-01	1.491630404275716160e+02	1.022165738215592370e+02	3.569575432935458537e+01
4.554414146254732731e-01	1.463255387900403832e+02	1.007896134346489418e+02	3.845977328014859609e+01
4.617634470301058558e-01	1.400975626339696305e+02	9.227680753068626984e+01	3.404372125701383567e+01
4.680644242023710433e-01	1.346016289730710582e+02	8.685907756011651770e+01	3.219947048327956907e+01
4.743485242764365895e-01	1.321722457704198632e+02	8.585672516734607029e+01	3.778658937122775541e+01
4.806356136815400082e-01	1.285143372947191835e+02	8.119970325629670072e+01	3.788425816770399734e+01
4.869019258388697646e-01	1.250164378466485573e+02	7.942678027948186070e+01	3.269935222491215399e+01
4.931697099599955947e-01	1.208214611567117629e+02	7.605639156878859808e+01	3.216864093816232639e+01
4.994506747144535908e-01	1.176930984151817938e+02	7.243235497607655304e+01	3.411530031919595274e+01
5.057159051335421429e-01	1.145569887004430427e+02	6.954371368858824098e+01	3.212466486376550279e+01
5.119923996268095356e-01	1.105194378128064301e+02	6.304729960126875454e+01	2.953371126803474667e+01
5.183126097768406826e-01	1.078736928723614739e+02	6.330707925927841728e+01	3.411340893856987577e+01
5.246089638029100000e-01	1.050467562409340019e+02	6.092313806896297024e+01	3.072131765287966587e+01
5.308757308483337267e-01	1.024904017153246514e+02	5.733930402788344338e+01	2.775496774470885697e+01
5.371573527946726934e-01	9.893051812025150582e+01	5.627169021069571642e+01	2.891393404646866472e+01
5.434579563783791256e-01	9.660731864717610051e+01	5.358328074029547139e+01	3.021171693316901852e+01
5.497430652392217842e-01	9.416944230358163281e+01	5.141086735908766059e+01	2.935587048873231097e+01
5.559937427501778773e-01	9.254095452008394318e+01	4.711060198029161228e+01	2.989495153843367703e+01
5.622854676609657654e-01	8.967966251425676205e+01	4.691695429319438659e+01	2.974087508445277805e+01
5.686011537227265711e-01	8.791254300567587165e+01	4.446491449715185951e+01	2.809370393109493946e+01
5.748804589422079614e-01	8.552654852646105610e+01	4.430425731948983525e+01	2.927689525997213238e+01
5.811550210340560296e-01	8.321520138034394165e+01	4.189199410836677373e+01	2.604692826889503721e+01
5.874394496660968468e-01	8.133757048276426360e+01	4.035196541433467843e+01	2.559268533784157640e+01
5.937176220296899176e-01	7.887082507223522043e+01	3.766474139903042584e+01	2.595966682343729204e+01
5.999971954793682505e-01	7.722470242186592770e+01	3.657310763733703851e+01	2.559070115785744548e+01
6.062679115124277596e-01	7.509852668852916224e+01	3.425380426630085395e+01	2.497675007839901085e+01
6.125469576444534381e-01	7.365162389128620646e+01	3.336259503946175187e+01	2.519370157210146743e+01
6.188477733041515272e-01	7.180461499420115956e+01	3.312406989899770338e+01	2.555479972886739759e+01
6.251310567437898813e-01	7.015909837658067261e+01	3.180555721075456432e+01	2.279328128159462707e+01
6.314027450383210560e-01	6.829124874915538612e+01	2.969293100562943266e+01	2.283315983123365456e+01
6.377003562732055375e-01	6.671425555519098793e+01	2.742944118333113579e+01	2.380627437331325780e+01
6.439857783314556494e-01	6.501707488179702921e+01	2.775038757598928640e+01	2.190466972574397531e+01
6.502685417166111925e-01	6.438020298070526337e+01	2.811606851013342023e+01	2.369114245647608286e+01
6.565586117699038216e-01	6.244019959332556624e+01	2.549071359640153034e+01	2.164881403598504761e+01
6.628369282359254377e-01	6.084058295712291908e+01	2.317610162781474514e+01	2.060294629704657154e+01
6.691185444962194362e-01	5.986564789310715184e+01	2.317999806430354681e+01	2.172576257458421622e+01
6.754070198575605755e-01	5.823627687337310022e+01	2.240502737650697895e+01	2.191516832519349833e+01
6.816835514593204692e-01	5.691502088746111099e+01	2.149192096334884994e+01	2.044176075704945106e+01
6.879592533861698112e-01	5.558010631237529253e+01	1.954922730876388215e+01	2.034109291011988319e+01
6.942344317039531587e-01	5.424025762057648592e+01	1.928075359739222705e+01	2.016693400515056567e+01
7.005175402434737908e-01	5.332008432381987717e+01	1.880732612731386055e+01	2.012153533780879755e+01
7.068124956608716758e-01	5.227104868814173955e+01	1.661744375182043854e+01	1.950567056987927828e+01
7.131019009674921527e-01	5.107083076190325954e+01	1.675843454892563500e+01	2.011566602898247424e+01
7.193918251171427247e-01	4.993205091684063746e+01	1.637568477404787615e+01	2.001929668052710909e+01
7.256833807598113140e-01	4.908401051796617764e+01	1.515415358232333354e+01	1.935985448106888285e+01
7.319652682709349989e-01	4.800432134307205700e+01	1.347275603697721458e+01	1.793619094157497429e+01
7.382507990484923344e-01	4.730352762986354520e+01	1.395843380206384410e+01	1.842310301441188969e+01
7.445265842115937893e-01	4.603685735801903434e+01	1.300687652266075389e+01	1.814350798429879319e+01
7.507871101942712455e-01	4.517514984969832170e+01	1.232746699848499716e+01	1.859937785732210713e+01
7.570758465316046459e-01	4.417911247259988272e+01	1.145490704871969001e+01	1.717946101393054903e+01
7.633641233600957365e-01	4.333631906317963711e+01	1.142857228758309418e+01	1.753131847461069626e+01
7.696462959862266917e-01	4.235427883426745410e+01	1.055916818319104600e+01	1.739750926819038312e+01
7.759394865175414102e-01	4.172000257932836575e+01	1.051791796947791013e+01	1.741007588967961439e+01
7.822329141989586843e-01	4.093148655519423329e+01	9.793143870689966946e+00	1.691661770642726381e+01
7.885314936520240181e-01	4.028902169849953907e+01	9.380694522922841116e+00	1.653847195045561591e+01
7.947896566979522071e-01	3.919903199668915050e+01	9.144883764215025579e+00	1.667083676935607528e+01
8.010491096592354809e-01	3.877106472616831212e+01	8.439979728421198146e+00	1.696312646553897707e+01
8.073364061727361651e-01	3.775703818301141723e+01	8.098209387730639364e+00	1.606197887306187155e+01
8.136229488373866170e-01	3.722200862816292499e+01	7.937524266576544640e+00	1.642556025124535779e+01
8.199152998961036776e-01	3.643599196228942105e+01	6.982658292850827841e+00	1.644899094680807039e+01
8.261952636392789762e-01	3.576567700593178500e+01	6.427129651930751031e+00	1.541993900139090634e+01
8.324897070080405914e-01	3.523993572098814298e+01	6.477928327442227463e+00	1.633302341313892470e+01
8.387959309210778480e-01	3.438478307031399339e+01	6.161232876254265634e+00	1.504296839815242315e+01
8.450634639703045181e-01	3.391853631511330036e+01	5.763902640871433114e+00	1.543061983146474425e+01
8.513282867562648182e-01	3.344382319925082214e+01	5.148224890600987536e+00	1.585886294774818772e+01
8.576198263902009566e-01	3.273823981887949230e+01	4.715075683560711717e+00	1.572364906770180859e+01
8.639058477062415697e-01	3.194678164118545283e+01	4.747005872107113333e+00	1.427868299608437752e+01
8.701838745487597837e-01	3.153587241150508902e+01	4.259471111508369212e+00	1.494118081439181367e+01
8.764641096075268534e-01	3.093324510847087083e+01	4.258724967460405963e+00	1.459456139965842247e+01
8.827503873399735745e-01	3.047311277547099806e+01	3.760384769007842465e+00	1.417058703964178612e+01
8.890332768393869323e-01	3.004676504032292428e+01	3.430689380684789569e+00	1.407009752479397768e+01
8.953084247113127780e-01	2.954738882127184496e+01	3.340577214297864472e+00	1.453608877863877424e+01
9.015956521667095602e-01	2.897860458605003942e+01	3.439385232993236396e+00	1.433442853469791700e+01
9.078833328094829680e-01	2.849372339894889095e+01	2.893159794588251010e+00	1.427147713792785844e+01
9.141744106319863450e-01	2.806144551065973758e+01	2.399420292987943792e+00	1.381562070150942034e+01
9.204630817717615043e-01	2.753013934099133309e+01	2.198487604529276052e+00	1.369162818886628052e+01
9.267434415264711456e-01	2.709778028322299548e+01	2.366027334235943247e+00	1.385655092337168703e+01
9.330324197354928906e-01	2.678705889212581681e+01	2.147112994838289435e+00	1.337737079923476280e+01
9.393265785573878812e-01	2.612648556480652928e+01	1.927681418731347129e+00	1.361508467596802419e+01
9.455974810398196650e-01	2.584290245312467604e+01	1.477373824923509993e+00	1.321988734277575439e+01
9.518660018545171964e-01	2.551756886426375104e+01	1.438178349708868264e+00	1.338222230478596586e+01
9.581413255531838757e-01	2.506739084668573270e+01	1.365776608051987306e+00	1.299856441513765759e+01
9.644350945109106954e-01	2.460378940078707899e+01	1.109882542104959180e+00	1.323928373971928707e+01
9.707355633568249820e-01	2.433867178188859626e+01	9.064341712400774131e-01	1.308553948846584980e+01
9.770080768450029041e-01	2.392510695016275690e+01	1.036025233477843921e+00	1.312287431913166280e+01
9.832823325363413414e-01	2.351410077862345460e+01	6.131998847561542787e-01	1.273830533893929307e+01
9.895569691966674686e-01	2.315501566734559802e+01	5.847629311207747094e-01	1.273173972195431070e+01
9.958456301921106979e-01	2.289582598545644743e+01	4.669270032447786489e-01	1.270056745762040151e+01
1.002136210743837408e+00	2.251357985542123785e+01	5.135263618808618702e-01	1.261945411263254080e+01
1.008404825335135424e+00	2.221500906422878430e+01	1.235942984346458523e-01	1.247184416459906053e+01
1.014694149836243398e+00	2.182566259894602823e+01	3.263138760368803903e-01	1.228324745254426986e+01
1.020992555437297167e+00	2.154104422487480619e+01	2.181113757691751850e-02	1.260792466069966977e+01
1.027273980437394485e+00	2.115277417233852830e+01	8.869877635081881151e-02	1.214339286069810164e+01
1.033559181896017254e+00	2.080305518136316323e+01	-1.310941814812215667e-01	1.191114245094967394e+01
1.039847557392594934e+00	2.057727275444041126e+01	-1.847574066695077122e-01	1.177978121055329019e+01
1.046126974943305088e+00	2.031489110920706054e+01	-3.814719540109233198e-01	1.208708486588888853e+01
1.052403436811028659e+00	2.011341653466908497e+01	-3.844852688707116051e-01	1.224013457786779924e+01
1.058680704651608684e+00	1.966955552932728679e+01	-6.343644535262145390e-02	1.183080043860033292e+01
1.064964333065789193e+00	1.947740382253451585e+01	-4.621456989368397106e-01	1.171042647429830197e+01
1.071256777440835473e+00	1.912733936425404835e+01	-5.069414338805000586e-01	1.162784223470232980e+01
1.077544048801078125e+00	1.888576938376879610e+01	-6.859697070775027106e-01	1.151041523072987971e+01
1.083824820188043603e+00	1.870195265432188592e+01	-8.709808953395593578e-01	1.161918522209290572e+01
1.090108023942816695e+00	1.842065824989425948e+01	-7.342161764104215838e-01	1.150435919504626625e+01
1.096389665956643222e+00	1.816545264493582934e+01	-9.181064245487798869e-01	1.163479667319191080e+01
1.102681132058841440e+00	1.798553391373154042e+01	-8.790688749777875177e-01	1.152428302564422857e+01
1.108963047594879958e+00	1.767826176415059081e+01	-1.013487269277075109e+00	1.121691682131289447e+01
1.115225428463759272e+00	1.752335333655464922e+01	-7.286363090487842920e-01	1.133889043910991745e+01
1.121502127614767863e+00	1.722814507742796764e+01	-8.982802038174461101e-01	1.125951671248919439e+01
1.127792573824792033e+00	1.709544541528245887e+01	-1.143254054303644685e+00	1.123474663054462397e+01
1.134089552668382961e+00	1.677687727791400363e+01	-9.816159856741060175e-01	1.116747628153166438e+01
1.140364049650405942e+00	1.667045274265159804e+01	-1.094026920108044365e+00	1.111624494694926746e+01
1.146639180320979445e+00	1.640091883793512295e+01	-9.980718809788561297e-01	1.111677942363950855e+01
1.152942412991649901e+00	1.627097903526699696e+01	-1.020204418384626166e+00	1.111898188688498301e+01
1.159228906751078814e+00	1.603351171881066861e+01	-1.149084978118128042e+00	1.084817713749880141e+01
1.165508721887268173e+00	1.583180168305641367e+01	-1.006749018397330442e+00	1.100259760780993901e+01
1.171793076256210320e+00	1.566987413768504744e+01	-9.827853897957002927e-01	1.105248872983559671e+01
1.178087436369658958e+00	1.545761912650469050e+01	-9.876676397545705033e-01	1.101321494524571598e+01
1.184367654251526902e+00	1.523497319905864700e+01	-1.153068717784792474e+00	1.076488858884262001e+01
1.190634642299266632e+00	1.510761813530010933e+01	-1.095213343569334308e+00	1.086921629358980823e+01
1.196912208834400859e+00	1.484210908267315432e+01	-1.057479611850206336e+00	1.075794253266116662e+01
1.203201577354146234e+00	1.474817413165315649e+01	-1.270793437756251532e+00	1.085108805446135882e+01
1.209486844441705733e+00	1.463073241143019843e+01	-1.125904428624119324e+00	1.069230613712514000e+01
1.215763902074809888e+00	1.443424998117209768e+01	-1.191938927971474493e+00	1.070784115422601879e+01
1.222049755171146668e+00	1.429611228463896566e+01	-1.213059463221418666e+00	1.052020793794649123e+01
1.228340616621486969e+00	1.417162189704942143e+01	-1.128094955990848858e+00	1.087946858609390510e+01
1.234632986576932767e+00	1.395092280000159946e+01	-1.149415224350788023e+00	1.039818842583586012e+01
1.240902247176856488e+00	1.385643979092316336e+01	-1.096655960667429097e+00	1.075559338607063076e+01
1.247174839144687519e+00	1.367769391851902938e+01	-1.208072171816108265e+00	1.037192351307448490e+01
1.253465459933442272e+00	1.353747554236860751e+01	-1.099867176251308587e+00	1.065190662642440600e+01
1.259749951892178421e+00	1.343437506432819895e+01	-9.759160234015040736e-01	1.042025548198526330e+01
1.266032143127253873e+00	1.327530213174819629e+01	-1.029375707922987715e+00	1.054191592782621179e+01
1.272316288472006507e+00	1.314031794782305873e+01	-9.763201921773765335e-01	1.049955694388719074e+01
1.278604155058621350e+00	1.300888276025020396e+01	-9.610149985347890000e-01	1.034152554618876430e+01
1.284886588933593865e+00	1.286527828316014421e+01	-9.832224145607647570e-01	1.036818409018656517e+01
1.291175420066583257e+00	1.277564085541672689e+01	-9.912003709094375781e-01	1.042847127898119375e+01
1.297465726373772332e+00	1.265583228403674099e+01	-9.006629666765799680e-01	1.041542851220203758e+01
1.303741827011944299e+00	1.253211851208091154e+01	-9.126728233482911401e-01	1.040334985963600190e+01
1.310017322922761851e+00	1.242726452354275501e+01	-9.512722480630646515e-01	1.042836889869976780e+01
1.316301447662886703e+00	1.222925226733779880e+01	-9.509557381747347771e-01	1.027090643152730465e+01
1.322586760363303249e+00	1.218233206306972782e+01	-8.206376361789810003e-01	1.033678718543456654e+01
1.328865492452874664e+00	1.204184627605886249e+01	-8.114808330876452924e-01	1.033228362415871793e+01
1.335144804954555564e+00	1.195906814822743236e+01	-7.837598872897872937e-01	1.041691231443169841e+01
1.341440516272275119e+00	1.181092931912487032e+01	-7.059187585861156355e-01	1.021573968113741770e+01
1.347730868417094552e+00	1.174309619611372568e+01	-6.648803869062976935e-01	1.032053377741389433e+01
1.354001589994877630e+00	1.166322469807799855e+01	-6.853472194856473632e-01	1.044091617122477267e+01
1.360282609297778444e+00	1.157780129465378494e+01	-6.495133566601812847e-01	1.033401929349597914e+01
1.366565686457597906e+00	1.144181691882417518e+01	-6.228023449178238247e-01	1.022819755935346642e+01
1.372851498482432708e+00	1.135034223191121860e+01	-6.555741824568978027e-01	1.031994182623286349e+01
1.379135372929401804e+00	1.124585106017404534e+01	-6.055265317165842154e-01	1.039741855161488360e+01
1.385409567149057164e+00	1.116770585150760375e+01	-4.834296340365463185e-01	1.022428943271717650e+01
1.391698641219299315e+00	1.107273972093351766e+01	-5.262890770549998321e-01	1.030038801684650451e+01
1.397984451439470810e+00	1.101461251167680544e+01	-5.444902688686011905e-01	1.028177545714765628e+01
1.404267883409181961e+00	1.091876424270414603e+01	-4.501012013176697302e-01	1.012201009139864816e+01
1.410554779484869181e+00	1.082001603615864838e+01	-5.300431529478805137e-01	1.020587984719144181e+01
1.416837833547465397e+00	1.076718834404388758e+01	-4.140844357238109286e-01	1.026205225101631235e+01
1.423118177187137068e+00	1.064255775130429171e+01	-3.819911517420137015e-01	1.028646684143684809e+01
1.429397801164240089e+00	1.057895072344935805e+01	-3.516038993344444696e-01	1.016718994881102844e+01
1.435686921822787232e+00	1.054135892958056253e+01	-3.898603365718906755e-01	1.029629564255096064e+01
1.441977121769299597e+00	1.046657555475595025e+01	-3.061270108362397213e-01	1.023526041980972323e+01
1.448253667853332427e+00	1.039062211258752910e+01	-1.563607666704429078e-01	1.037795390532405371e+01
1.454532348972172651e+00	1.026614004425489846e+01	-6.731585712321014325e-02	1.011000958775591307e+01
1.460819319151879903e+00	1.024569926025296240e+01	-7.023648737099906503e-02	1.034428937125233183e+01
1.467110364402026468e+00	1.011628723197979873e+01	-1.207779671318054276e-01	1.014371970591065875e+01
1.473392908948962132e+00	1.012459277460476414e+01	-6.639675532206472386e-02	1.043456697540994327e+01
1.479669965243598950e+00	1.006022341186018387e+01	-9.498017245357683047e-02	1.036498118690301062e+01
1.485956144602843532e+00	9.999570874653546326e+00	-6.254025163935866827e-02	1.031842209803864385e+01
1.492233610763115115e+00	9.899958341847508336e+00	-8.331480342128154415e-02	1.022132127427935977e+01
1.498502470379980078e+00	9.831496315794144181e+00	3.541438465472025732e-02	1.027803903944954023e+01
1.504785752051182701e+00	9.799742345381099895e+00	4.609826512800058868e-02	1.031636154985183396e+01
1.511075991894575976e+00	9.734314376469923147e+00	1.753659125575202649e-01	1.029081600791742979e+01
1.517361634985162189e+00	9.666700137290309414e+00	6.910223165355017239e-02	1.021879802720030739e+01
1.523648570969130533e+00	9.605178165287000525e+00	1.459282338321379879e-01	1.027164133297835491e+01
1.529938035715892264e+00	9.541318224244403012e+00	1.652355971243686938e-01	1.025820276168015965e+01
1.536230176913891965e+00	9.523430958923080780e+00	1.880035636689016409e-01	1.032026515634436237e+01
1.542510718779388279e+00	9.487994624083484041e+00	1.892392153700128699e-01	1.040823876947301763e+01
1.548783963082980275e+00	9.414276480746895714e+00	2.525108587055833187e-01	1.029228268882087960e+01
1.555073069779651318e+00	9.361475043070761615e+00	3.640560722746962741e-01	1.024006596091166266e+01
1.561357324927233892e+00	9.318295560867850824e+00	3.099716358053104526e-01	1.025676617139042968e+01
1.567629121053141006e+00	9.327903990284289293e+00	4.009809535295328908e-01	1.043732873261649985e+01
1.573913697404382583e+00	9.244671330941201859e+00	3.750924184302906195e-01	1.036907607470455872e+01
1.580203545230874029e+00	9.196857448379349265e+00	4.125900211574398124e-01	1.029634496655015674e+01
1.586485393434537983e+00	9.159986184507532769e+00	4.576880206720833066e-01	1.043498348528945563e+01
1.592760014263005841e+00	9.071388392382056409e+00	4.052017852938598064e-01	1.027415513893589072e+01
1.599046436394670812e+00	9.092126049333057125e+00	3.911076089417909740e-01	1.030510675993902048e+01
1.605342136637478934e+00	9.046489994477227015e+00	5.197901850013993963e-01	1.045884572909851862e+01
1.611619860919608627e+00	9.014677176025175598e+00	5.340815981231913367e-01	1.045027893237333494e+01
1.617897597081673799e+00	8.996599256103385400e+00	5.909486276497786239e-01	1.041017177211534239e+01
1.624183235481122756e+00	8.931404555140003865e+00	5.262282457608195019e-01	1.038574134838699869e+01
1.630464598531913722e+00	8.917388176963946478e+00	5.436428781745104022e-01	1.046815613882886886e+01
1.636748985747638274e+00	8.825853116996295711e+00	5.549090406782501983e-01	1.036804257229115755e+01
1.643030923698886259e+00	8.831638480423597670e+00	5.410853893288904981e-01	1.038494656664512306e+01
1.649309176648513064e+00	8.816197855503908443e+00	5.597130933716053525e-01	1.043914283012504463e+01
1.655593633940351861e+00	8.743068908448927701e+00	5.063488262510488225e-01	1.028394880167747516e+01
1.661879571405086464e+00	8.748632614988201439e+00	6.193008755001860877e-01	1.039774391314756663e+01
1.668169361685170271e+00	8.706729443084082476e+00	6.185370240622507509e-01	1.040466618470254367e+01
1.674450151530487485e+00	8.689378194475148476e+00	6.098562342130513514e-01	1.050401211499060317e+01
1.680722718978495900e+00	8.646254356917706829e+00	7.108849068265207238e-01	1.045699666775454162e+01
1.687013891340952476e+00	8.634096902330686163e+00	6.296983138491644150e-01	1.039530320452057666e+01
1.693308984907921033e+00	8.573578685408504541e+00	6.216466019167370405e-01	1.032476208090121972e+01
1.699582147428448486e+00	8.590986249675928832e+00	5.702517118098630045e-01	1.047166695402069081e+01
1.705863747055134105e+00	8.573401071702090093e+00	5.870797412707442486e-01	1.042235314484548780e+01
1.712154434283889470e+00	8.515919862900284798e+00	6.089700668596030875e-01	1.038510218459481749e+01
1.718438381579399321e+00	8.508267115259833702e+00	6.283468254472248660e-01	1.039068315143577514e+01
1.724721264464063930e+00	8.501026523926350720e+00	5.361436609967246136e-01	1.050384273401050450e+01
1.730997441276920679e+00	8.443614715388866543e+00	5.794568174658601967e-01	1.034004885299259513e+01
1.737287073528269499e+00	8.438007732368683733e+00	6.136575000333590602e-01	1.038612120915154335e+01
1.743567991878527401e+00	8.433102430321707033e+00	6.682317274337991053e-01	1.048352298897381907e+01
1.749840680212231048e+00	8.395299552750667971e+00	6.371971282376899248e-01	1.031735393542073176e+01
1.756128549091961144e+00	8.376914996951372316e+00	5.124161763278012316e-01	1.035838281315225906e+01
1.762413535324792502e+00	8.370555915419808812e+00	6.009935646947990318e-01	1.035076292379003782e+01
1.768696187669963837e+00	8.358498992772934955e+00	5.995360466888944861e-01	1.030341483448594708e+01
1.774979359379055266e+00	8.352462286249989987e+00	5.712137630423561596e-01	1.048094363317227362e+01
1.781265555576432957e+00	8.318574089051683274e+00	5.817576279615167545e-01	1.042325482211058940e+01
1.787549427830244619e+00	8.319195518999256578e+00	5.664164322660892870e-01	1.052782150058890664e+01
1.793834120011633004e+00	8.308454840757294235e+00	5.580016943853679523e-01	1.040953137780370419e+01
1.800115051552487300e+00	8.276003313583670362e+00	5.781498389598809240e-01	1.045373064451561618e+01
1.806393904854530330e+00	8.291393197084069300e+00	5.272151882229964004e-01	1.038288006323376678e+01
1.812674089667083432e+00	8.266584513797669231e+00	5.087772324125960921e-01	1.039710007858592355e+01
1.818956920109354058e+00	8.236663037190945502e+00	4.907948438065119490e-01	1.033617353119189985e+01
1.825244164118212220e+00	8.254528913720596606e+00	5.322219778641619214e-01	1.048828847698610289e+01
1.831527256642196955e+00	8.242606239369882459e+00	5.047005159956211573e-01	1.041238966786915299e+01
1.837811294935716599e+00	8.220283079245286117e+00	4.206463664621786780e-01	1.039830903842319998e+01
1.844100717411196744e+00	8.241891395790574393e+00	4.565259390929293226e-01	1.049948939919449487e+01
1.850384816792487230e+00	8.197080184798425151e+00	4.005570550961203846e-01	1.038035335887156130e+01
1.856666059735203822e+00	8.209162182511249739e+00	4.160497873445614947e-01	1.037909796291083175e+01
1.862947728675613979e+00	8.195166904101951033e+00	3.907115838291864152e-01	1.043953687568231281e+01
1.869229324466858078e+00	8.190982627957556161e+00	3.356123207504202455e-01	1.034044655615672070e+01
1.875517616802973686e+00	8.184764198631588883e+00	3.269325866962265459e-01	1.045847225184714979e+01
1.881800769033795229e+00	8.185763887469439837e+00	3.138458538057622427e-01	1.034929981224167683e+01
1.888078863416442710e+00	8.181520323510797610e+00	3.071244073159948851e-01	1.040040127320741092e+01
1.894353975182237582e+00	8.192871401949508581e+00	2.383569879560476779e-01	1.050618783599604278e+01
1.900642716154182565e+00	8.191898738436487193e+00	2.157413473937508652e-01	1.034008493332688516e+01
1.906933494748685121e+00	8.206529972941828177e+00	1.939823164971424818e-01	1.050044400699750469e+01
1.913207568676573933e+00	8.198439017546496288e+00	1.938264175106414744e-01	1.043221076150975080e+01
1.919490884732178992e+00	8.195097747212898298e+00	1.338129744078707106e-01	1.047347392155676538e+01
1.925776855684274480e+00	8.180353892163413576e+00	3.186908910861880467e-02	1.046881170608488709e+01
1.932064452961978152e+00	8.189441416925316020e+00	1.027530766644377605e-02	1.035117355351406765e+01
1.938342610030488800e+00	8.214074394293302106e+00	5.631717296084169655e-02	1.057298176747716489e+01
1.944618341543410178e+00	8.178337615256669579e+00	-2.296681489439549376e-02	1.037227724608292334e+01
1.950906260203513876e+00	8.206336090399499739e+00	-5.534854050564842753e-02	1.048726942303346732e+01
1.957194556613796488e+00	8.198309450243312924e+00	-8.214567114560362981e-02	1.042383421750808736e+01
1.963479614559011432e+00	8.202831539896161317e+00	-1.320423372242789661e-01	1.047881063192796525e+01
1.969760361532916226e+00	8.221886886177591336e+00	-1.017926852276010569e-01	1.054294179450354463e+01
1.976048367034604736e+00	8.217533327218973227e+00	-1.898323029554627450e-01	1.041671018254803549e+01
1.982337990217652335e+00	8.225661855346677598e+00	-2.185978923000342355e-01	1.050868929513820760e+01
1.988617489259562721e+00	8.221712084654772212e+00	-2.356606809930031077e-01	1.046951455975901624e+01
1.994896320665194178e+00	8.244150878870286192e+00	-3.235657023493335172e-01	1.050777500775838469e+01
2.001179596222827151e+00	8.260825371251206306e+00	-3.615093252435261362e-01	1.052965133610116943e+01
2.007459756923499761e+00	8.251640144018548284e+00	-3.818219956314538588e-01	1.048840728249276211e+01
2.013737397779169935e+00	8.242990231431139847e+00	-3.859536562926472736e-01	1.045620884377222559e+01
2.020017234677497164e+00	8.279501209529312789e+00	-4.460247708002503253e-01	1.052381441055069367e+01
2.026310251015072783e+00	8.258954056434825830e+00	-5.159527337243319245e-01	1.047959374403852095e+01
2.032600542948020284e+00	8.279913771756156393e+00	-5.106305674568811792e-01	1.049054716415352040e+01
2.038873863192099289e+00	8.305823677960296081e+00	-5.796490622418131178e-01	1.047629540713583118e+01
2.045154087821675404e+00	8.303552222983308084e+00	-6.318823874802567131e-01	1.051552863760060141e+01
2.051444704514288730e+00	8.336662414413357425e+00	-6.819497790875342913e-01	1.053072028671191696e+01
2.057730430280644729e+00	8.306129408018270155e+00	-6.674838731889647381e-01	1.043570445465581109e+01
2.064013940455224461e+00	8.340072621342333292e+00	-6.971197784286903287e-01	1.049477246431855093e+01
2.070299891179459895e+00	8.306957385811877259e+00	-7.388282849187097767e-01	1.037634405701951756e+01
2.076589719964883951e+00	8.370120333409166946e+00	-8.177579273830904993e-01	1.053273906691344841e+01
2.082865483794470673e+00	8.365052127232734946e+00	-8.335138486661730628e-01	1.049412549853824039e+01
2.089134494859368640e+00	8.403549754586341791e+00	-9.670182692143789449e-01	1.057231033048200253e+01
2.095424211360070288e+00	8.387541225056047267e+00	-9.337894887302503610e-01	1.044104557582610582e+01
2.101707116664804254e+00	8.395610356526960416e+00	-9.949864857900780901e-01	1.050946122998668208e+01
2.107986473933564309e+00	8.408495007879364991e+00	-1.026646562439661903e+00	1.048375062011256098e+01
2.114271806543862375e+00	8.433811607832616630e+00	-1.096552302111032606e+00	1.046907573681473025e+01
2.120552717288892275e+00	8.462446625756316010e+00	-1.206251731812747252e+00	1.052829300427202597e+01
2.126836933207161717e+00	8.457097431954196054e+00	-1.182276483081596830e+00	1.044308974994751438e+01
2.133122044791171845e+00	8.467974595162413465e+00	-1.215049025850511555e+00	1.046763107906291346e+01
2.139411711910842673e+00	8.525879599581189794e+00	-1.285481275482253993e+00	1.060365577657212377e+01
2.145697076775292089e+00	8.524744071312934324e+00	-1.348667381731520898e+00	1.050799905904467657e+01
2.151973548606471276e+00	8.544196111975326247e+00	-1.401897386122896716e+00	1.057785716702152712e+01
2.158259913555724108e+00	8.532290770770501354e+00	-1.437142798668453070e+00	1.044108154131007460e+01
2.164545396699105506e+00	8.539052690737754858e+00	-1.453248709249828519e+00	1.042859837165902626e+01
2.170830700377734068e+00	8.571033551081258750e+00	-1.507572588221144372e+00	1.049846327937489043e+01
2.177114138849150393e+00	8.573153664427884735e+00	-1.473368072912019544e+00	1.047004113756188026e+01
2.183387647576827018e+00	8.596560153641927826e+00	-1.560039668962825754e+00	1.050169113859112358e+01
2.189670273687676971e+00	8.626498162991032004e+00	-1.578025826311695967e+00	1.055109273016257632e+01
2.195960147934207463e+00	8.621506328891147319e+00	-1.661934511041325946e+00	1.044400131884392557e+01
2.202242556317716371e+00	8.649583785056888630e+00	-1.713153760689915428e+00	1.049696053551940622e+01
2.208521655981037668e+00	8.661024203897262908e+00	-1.773913985310256569e+00	1.054838201253301300e+01
2.214804637081333016e+00	8.665548782175777731e+00	-1.742724464765539549e+00	1.042426512268242611e+01
2.221092583349425276e+00	8.688866747041414484e+00	-1.873212786370622496e+00	1.049337454870812714e+01
2.227372893591468728e+00	8.713411286279450607e+00	-1.875679093803990005e+00	1.047936799952609022e+01
2.233657161144248171e+00	8.741854227944957145e+00	-1.899899542727112811e+00	1.048245969253242649e+01
2.239943485394438660e+00	8.767842199345407650e+00	-2.011385611274989937e+00	1.054616374435739523e+01
2.246224175264620815e+00	8.776611752696345192e+00	-2.038953747850930309e+00	1.050892220602000293e+01
2.252506378421252009e+00	8.776899511319070868e+00	-2.086615931313172911e+00	1.047538948106190482e+01
2.258783417054270437e+00	8.814253243977088204e+00	-2.126692255248463059e+00	1.050602253580151668e+01
2.265069077371457684e+00	8.826472602237167564e+00	-2.138045943915673153e+00	1.045602724427060437e+01
2.271350377044131452e+00	8.848258387514675860e+00	-2.205830987695055256e+00	1.045295449320185810e+01
2.277633995145353918e+00	8.866641216295848338e+00	-2.227062344922916104e+00	1.039006215251451515e+01
2.283922419579920149e+00	8.872823612487584555e+00	-2.250203444229649019e+00	1.041558356268560104e+01
2.290202874392252674e+00	8.914428951574242532e+00	-2.355500171328059889e+00	1.047999320601671869e+01
2.296490779970905560e+00	8.898895431632650954e+00	-2.345257634031447491e+00	1.043898128293800376e+01
2.302771769934229162e+00	8.917295606676635344e+00	-2.332118892174823266e+00	1.046283283265237429e+01
2.309051364164305564e+00	8.978981464787363365e+00	-2.495128745063081688e+00	1.053490920695764110e+01
2.315338502539088239e+00	8.965795350909710137e+00	-2.514545988633804185e+00	1.038122588596275975e+01
2.321627336503874428e+00	8.986219086424508617e+00	-2.529432230311536856e+00	1.039920494504762516e+01
2.327911878297218795e+00	9.017734140446803437e+00	-2.572029160572412820e+00	1.044020919324771057e+01
2.334186238580297168e+00	9.009620186367108374e+00	-2.590932628069880561e+00	1.038323037187035602e+01
2.340467971862688401e+00	9.053997969704717264e+00	-2.698424588506989075e+00	1.037132390214151556e+01
2.346756940970738725e+00	9.075683941962140011e+00	-2.703108236157278910e+00	1.043885552017293072e+01
2.353044444556199988e+00	9.100387921577748784e+00	-2.759306045402325047e+00	1.038523114785463619e+01
2.359327653314069906e+00	9.087763519974219051e+00	-2.734996818993656653e+00	1.036580996044911984e+01
2.365603048789861607e+00	9.103688574996089855e+00	-2.693321135651813858e+00	1.035060146130421010e+01
2.371885911737665165e+00	9.131555565324628532e+00	-2.799515721190152462e+00	1.034823377848479709e+01
2.378173303594019572e+00	9.188191500266913891e+00	-2.845140871635044366e+00	1.044295205905916113e+01
2.384454016539381271e+00	9.162795308392622573e+00	-2.886487863616257421e+00	1.030420745636309476e+01
2.390736447344785187e+00	9.189684119667239415e+00	-2.888899880158762201e+00	1.027384600821880589e+01
2.397014133897952259e+00	9.199866090163570931e+00	-2.891821245584070166e+00	1.030067763033795991e+01
2.403295490074321972e+00	9.225441267233264853e+00	-2.931822915178363687e+00	1.030449433976854934e+01
2.409585049672506862e+00	9.251036355150224821e+00	-2.979557129094705381e+00	1.032290832435216288e+01
2.415871703165322071e+00	9.280204274233437189e+00	-3.117764853672699843e+00	1.029608049226322919e+01
2.422160652369088840e+00	9.317611833158087720e+00	-3.073495771211899541e+00	1.040033454574222738e+01
2.428440167222748691e+00	9.312053449313992814e+00	-3.119654901445874096e+00	1.028683547099291573e+01
2.434717472383889803e+00	9.325961827761679146e+00	-3.134989037160848202e+00	1.025889020284474284e+01
2.441002456202044257e+00	9.357102220526790859e+00	-3.172877429657977810e+00	1.030399184545174940e+01
2.447289980304530488e+00	9.358638419026977573e+00	-3.182409983110662033e+00	1.022746839724309176e+01
2.453571844729242279e+00	9.360671277287959668e+00	-3.192062384639437145e+00	1.016421680755308365e+01
2.459852705114058846e+00	9.379387028136260795e+00	-3.210073973130256331e+00	1.018284144093560428e+01
2.466139233225018934e+00	9.391417739403250309e+00	-3.223889811985687359e+00	1.012363737852500201e+01
2.472421963421291391e+00	9.451882601916839377e+00	-3.298885640357654303e+00	1.021983157340493875e+01
2.478698519174224568e+00	9.466415453949547754e+00	-3.316600670425547737e+00	1.019254982550083710e+01
2.484980841400355800e+00	9.457229180744333163e+00	-3.360130434074990902e+00	1.018568719113370413e+01
2.491269319409339822e+00	9.489223499042939380e+00	-3.316244394225156711e+00	1.009105568560259236e+01
2.497548505139029373e+00	9.498775784428953983e+00	-3.437536787681530370e+00	1.009700345119255971e+01
2.503831667172610853e+00	9.515963528337337607e+00	-3.356025726824964028e+00	1.005505952401451530e+01
2.510117938323931153e+00	9.523803486414381680e+00	-3.423847355521861147e+00	1.005656388491856035e+01
2.516400733681277480e+00	9.565053000176193976e+00	-3.459949863260816105e+00	1.014788532261368914e+01
2.522688226833368130e+00	9.575296109756413543e+00	-3.425119128443351091e+00	1.000232746472815215e+01
2.528971695852665569e+00	9.589785392726613011e+00	-3.497132205211168632e+00	1.006803894617199546e+01
2.535252039407670299e+00	9.594667027666172743e+00	-3.457400563036184149e+00	9.947305912900938907e+00
2.541537514142774512e+00	9.627590706980601709e+00	-3.493078163736305974e+00	9.946771739645170030e+00
2.547823008847572179e+00	9.623847307635047699e+00	-3.477728010178189333e+00	9.902531383856404190e+00
2.554100666580690238e+00	9.656659463719554637e+00	-3.522758754385776125e+00	9.942507973611579786e+00
2.560376788884177301e+00	9.669543667858086167e+00	-3.567967903243213890e+00	9.925260087516754481e+00
2.566667521601497359e+00	9.705094289778854133e+00	-3.596247371472431453e+00	9.959752348169512715e+00
2.572955062237090473e+00	9.712856296869167849e+00	-3.562163143066765070e+00	9.928306668225655329e+00
2.579233771797999175e+00	9.704730678278419731e+00	-3.554354002374314980e+00	9.822182151796031491e+00
2.585520164300948220e+00	9.749023039776444577e+00	-3.629999643648575081e+00	9.891575188736499769e+00
2.591805130332431872e+00	9.770215984058978620e+00	-3.687244422837675728e+00	9.911485143666588726e+00
2.598084074692260881e+00	9.797805293718020891e+00	-3.704963870621473809e+00	9.922321960760799087e+00
2.604360404197643586e+00	9.817718413443158099e+00	-3.705610683441835196e+00	9.906322209358554787e+00
2.610647185140439142e+00	9.837346557390192814e+00	-3.711833571077006511e+00	9.869822399890555431e+00
2.616931864059273138e+00	9.818509788971834240e+00	-3.698889990385670679e+00	9.767898003151778141e+00
2.623206107911065565e+00	9.874413918246684574e+00	-3.707741233934664038e+00	9.846272655538417240e+00
2.629491626543270844e+00	9.859237961725602517e+00	-3.681325870388516108e+00	9.667174082782286959e+00
2.635778507982642349e+00	9.894853503200003786e+00	-3.721780311843945199e+00	9.797067451089530365e+00
2.642061039325260818e+00	9.911299657767644433e+00	-3.739473858664928763e+00	9.714520111721940410e+00
2.648343840729305843e+00	9.920662888019105452e+00	-3.781569782380195921e+00	9.745720562629143657e+00
2.654631838974855551e+00	9.933739569682551007e+00	-3.778676264266298546e+00	9.746686763590460600e+00
2.660919001246303761e+00	9.953334882415296292e+00	-3.746725489198767800e+00	9.752303802642957820e+00
2.667198525130066056e+00	9.994431678871753988e+00	-3.774638210858708653e+00	9.747063019443992005e+00
2.673484307038032526e+00	1.000637323758349062e+01	-3.750837148937038457e+00	9.714138341892883943e+00
2.679773388053849459e+00	1.001382547498948483e+01	-3.795905851805148945e+00	9.678791135711398042e+00
2.686058217632288692e+00	1.002068298677147062e+01	-3.804422046663966661e+00	9.597162425542501651e+00
2.692338738200057868e+00	1.005699762787625851e+01	-3.820426991788643534e+00	9.681226421592928233e+00
2.698618022887226964e+00	1.006542321029879261e+01	-3.797618312372506466e+00	9.625155348659983900e+00
2.704895450708277860e+00	1.008138954149579369e+01	-3.791954123610672411e+00	9.587641905023295053e+00
2.711175674923682166e+00	1.009444881734066257e+01	-3.861311622228188245e+00	9.559874830472518070e+00
2.717459832966957922e+00	1.011840209359447051e+01	-3.884004014012256700e+00	9.566739395077650698e+00
2.723745731959044569e+00	1.015698808405774933e+01	-3.902849777724343383e+00	9.613483340222847673e+00
2.730038414850594730e+00	1.013635033876972891e+01	-3.835936779850379175e+00	9.543436653762270794e+00
2.736317989800789441e+00	1.019425486345309295e+01	-3.858273995089978481e+00	9.619857169795805518e+00
2.742591858549239703e+00	1.019124822420798182e+01	-3.840581628419255988e+00	9.558503264095188356e+00
2.748879749010778362e+00	1.022302891875908060e+01	-3.847498039167872808e+00	9.505763742406651673e+00
2.755163403825859447e+00	1.022710467578910887e+01	-3.901895785897764757e+00	9.521051520072671082e+00
2.761446955625852073e+00	1.023276660260454207e+01	-3.877038788167770811e+00	9.439448568101926895e+00
2.767732088935374701e+00	1.026222989615859227e+01	-3.915509761592330218e+00	9.506673290549377597e+00
2.774015452421743966e+00	1.026349708861444121e+01	-3.824443807775089965e+00	9.461854554591406341e+00
2.780298635700591436e+00	1.030736764587585697e+01	-3.907054957110533966e+00	9.458374782361540056e+00
2.786577474762241380e+00	1.034185467890911347e+01	-3.938798012956037820e+00	9.521673521846675925e+00
2.792857983210164541e+00	1.033023474262907904e+01	-3.907939912472913502e+00	9.469964711919544698e+00
2.799143790920211483e+00	1.035017608518319854e+01	-3.868969846239334487e+00	9.475264524779410280e+00
2.805430058399325244e+00	1.039105484794843015e+01	-3.908003660852233718e+00	9.476913541264325502e+00
2.811715058209780072e+00	1.040220715354468162e+01	-3.940126516403211543e+00	9.428334853004779248e+00
2.817989272498773623e+00	1.043878512583751217e+01	-3.968488002455834440e+00	9.490396128551038757e+00
2.824269171595737760e+00	1.044260331400997899e+01	-3.896011063681537490e+00	9.422200256638552318e+00
2.830563016441804081e+00	1.047018187303172709e+01	-3.937685827240819503e+00	9.485624252007054835e+00
2.836848750951622034e+00	1.049653198465597725e+01	-3.924998961188938207e+00	9.545308682988853377e+00
2.843130027866129783e+00	1.052038561296208741e+01	-3.962406516551089108e+00	9.512292382782078448e+00
2.849413896912404986e+00	1.054363884117083039e+01	-3.935406006569379667e+00	9.510397269892843397e+00
2.855697464522425566e+00	1.056718567573879852e+01	-4.019186867842460487e+00	9.519283100025585753e+00
2.861978799810683594e+00	1.059238288170068643e+01	-4.031495815253169468e+00	9.517556070121623080e+00
2.868262469415629567e+00	1.058882913653378921e+01	-3.973225403918985155e+00	9.424769241007236786e+00
2.874547359206753860e+00	1.060546701462507713e+01	-3.914506358021542898e+00	9.466556696829140805e+00
2.880831111471525041e+00	1.064020414247337243e+01	-3.977105106281223712e+00	9.525752913261092303e+00
2.887113216972382546e+00	1.069077577274587121e+01	-4.009839596145810425e+00	9.519008688844619925e+00
2.893394504725182781e+00	1.068563939943833496e+01	-3.976968296017123983e+00	9.529573566716949884e+00
2.899673662137033592e+00	1.073398982987214367e+01	-3.976034461642830919e+00	9.562683312125532353e+00
2.905953958587380814e+00	1.075408927871742293e+01	-4.030133458808072611e+00	9.571726825975536812e+00
2.912241118105161064e+00	1.077489547582177920e+01	-4.002974830893822222e+00	9.588922577832192928e+00
2.918525996366671205e+00	1.079247237791773273e+01	-4.038930622997823683e+00	9.512449792611405996e+00
2.924809035425688819e+00	1.084037123077604825e+01	-4.047745718314920360e+00	9.627309744009405534e+00
2.931095916293684933e+00	1.085116986941596551e+01	-4.000437358454057346e+00	9.520117687611174162e+00
2.937378182606774413e+00	1.087258140769301029e+01	-4.000682057784769263e+00	9.597101205425873971e+00
2.943659980254369923e+00	1.090455311449806963e+01	-4.000047233189927276e+00	9.661288518940498449e+00
2.949946454403890250e+00	1.094202354584532522e+01	-4.027582576462186204e+00	9.687810564092911747e+00
2.956227653702202307e+00	1.095564027851922440e+01	-4.052329204505292104e+00	9.654307029267469531e+00
2.962510478867462993e+00	1.096384568987142316e+01	-4.001040424822424946e+00	9.626236119896740107e+00
2.968796535179442309e+00	1.102500302277711519e+01	-4.029941994438521746e+00	9.753207269553652026e+00
2.975077657376874907e+00	1.104630118130093130e+01	-4.076553244369532258e+00	9.737996802668716256e+00
2.981359866759223376e+00	1.107949194028689632e+01	-4.081523525721316048e+00	9.753446647654939738e+00
2.987646761575656562e+00	1.109687937835246530e+01	-4.052339600383083607e+00	9.788739777261053376e+00
2.993929038370399365e+00	1.111136043575086241e+01	-4.013581844702485135e+00	9.782814893138768397e+00
3.000206214840962726e+00	1.116499003390794620e+01	-4.076171357117170047e+00	9.848576010091981914e+00
3.006486172402415669e+00	1.118079716550352209e+01	-4.038934455686392866e+00	9.896519927709780617e+00
3.012769812211594456e+00	1.122284024096654598e+01	-4.093634261493638071e+00	9.867646832310258631e+00
3.019053144326170113e+00	1.126068865710551137e+01	-4.156716075194234250e+00	9.945337787175752453e+00
3.025337405144251424e+00	1.125810688248770930e+01	-4.111399706943180909e+00	9.856958670689035529e+00
3.031623734799107961e+00	1.134160768253429374e+01	-4.117593701521701455e+00	1.004758376107731088e+01
3.037908962055872575e+00	1.134304542064232457e+01	-4.134002054933771042e+00	1.003664787665958080e+01
3.044195067146031608e+00	1.138909868985776441e+01	-4.123779903423827164e+00	1.014408554931347695e+01
3.050475543482170426e+00	1.141556515497541291e+01	-4.161751124748267472e+00	1.014289786834723373e+01
3.056754954538277502e+00	1.146196276098437572e+01	-4.162375129712930999e+00	1.019897348618602884e+01
3.063040539557494668e+00	1.148301164950753694e+01	-4.146670999850914363e+00	1.016357030258782501e+01
3.069323699454357346e+00	1.152695092279003752e+01	-4.197005160427943693e+00	1.027811159683022169e+01
3.075610692642898769e+00	1.154165461184083874e+01	-4.185349160115057643e+00	1.028355134884575328e+01
3.081893798009918584e+00	1.158738099256919263e+01	-4.108344714489247096e+00	1.035970250520521319e+01
3.088174549548037717e+00	1.163698835267150145e+01	-4.170017354560568990e+00	1.040763283921432958e+01
3.094458635632868493e+00	1.168088794671711383e+01	-4.239748693056038853e+00	1.042962429188518492e+01
3.100743982931558840e+00	1.172878362401891650e+01	-4.244133763911434265e+00	1.049649555037454007e+01
3.107028111748448396e+00	1.175652684905709044e+01	-4.255437706589353830e+00	1.061676251123833303e+01
3.113309299655494300e+00	1.179247227377864959e+01	-4.222700088874954183e+00	1.063402495561210870e+01
3.119590662867241626e+00	1.182764247697459403e+01	-4.242689752038207196e+00	1.062474624981483728e+01
3.125874006820172912e+00	1.189415852043606137e+01	-4.287302098894363311e+00	1.077411419790443148e+01
3.132159251154602586e+00	1.191721332343238338e+01	-4.273025567021036863e+00	1.083641711016658782e+01
3.138439172765940643e+00	1.194362815392210919e+01	-4.275251594683983747e+00	1.078208573873441090e+01
3.144723867719826593e+00	1.199106056809863752e+01	-4.257738536884128067e+00	1.092046038572114774e+01
3.151003951258561031e+00	1.205341491887438465e+01	-4.311299346616325856e+00	1.100201286739125450e+01
3.157283664131563139e+00	1.208243682619377957e+01	-4.315057891601266959e+00	1.100597318527807822e+01
3.163569317183839935e+00	1.213573683390208835e+01	-4.319980020785678221e+00	1.109837055835914654e+01
3.169851661717792091e+00	1.217536321392851484e+01	-4.349093848525579453e+00	1.118751031444990751e+01
3.176137704316093657e+00	1.221580395439417899e+01	-4.405444268913110584e+00	1.132156028191075237e+01
3.182420924828643916e+00	1.227987105728865380e+01	-4.472650320964218551e+00	1.148350169167585832e+01
3.188702811875577581e+00	1.231452643523964063e+01	-4.396729892367620351e+00	1.143702613030646731e+01
3.194990520008989865e+00	1.237098932560938103e+01	-4.415051347008416727e+00	1.144639899655098958e+01
3.201275324656983834e+00	1.242020954270217814e+01	-4.526519233060316338e+00	1.157142996794423162e+01
3.207551352179861759e+00	1.247712000890955508e+01	-4.549398648455156291e+00	1.168202851411078669e+01
3.213835216737041645e+00	1.250169226035266767e+01	-4.456508051656866698e+00	1.173644394164699101e+01
3.220122579819103770e+00	1.249260227123512301e+01	-4.386143878492952730e+00	1.135713815237342317e+01
3.226406606618656525e+00	1.232794128853119986e+01	-3.942973443111356335e+00	1.047703963236576463e+01
3.232687390085645429e+00	1.219706706390794260e+01	-3.639290495285198102e+00	9.494615842712647691e+00
3.238969121280456331e+00	1.207940917352109444e+01	-3.303994747279338728e+00	8.671441934961807263e+00
3.245254751548589667e+00	1.196749591759897946e+01	-3.033314505568625030e+00	7.897410193025033998e+00
3.251534499036136783e+00	1.187178910856096792e+01	-2.800998345181150206e+00	7.175414723294740504e+00
3.257817780791052442e+00	1.178852809234388310e+01	-2.582431723531115608e+00	6.513122748589351474e+00
3.264102164154097263e+00	1.170054092075197971e+01	-2.378025721131829862e+00	5.841223944851144267e+00
3.270384152138468892e+00	1.162805168271781042e+01	-2.165327954482099582e+00	5.169792760227735151e+00
3.276669427476867735e+00	1.156619684597714048e+01	-2.023541662014225029e+00	4.632309898456169250e+00
3.282954688864507808e+00	1.151046033654984946e+01	-1.888601461205304144e+00	4.099192675013456189e+00
3.289237200334947264e+00	1.143065553060731609e+01	-1.704984933978726191e+00	3.479433804340802627e+00
3.295519587088236779e+00	1.139842260238714111e+01	-1.604518550021121204e+00	2.962079133577653511e+00
3.301805977329951958e+00	1.136706617016536036e+01	-1.497726376993531838e+00	2.531724986929260623e+00
3.308087486222440088e+00	1.132169728945455134e+01	-1.384894969512690865e+00	1.949340440340363356e+00
3.314367630234227313e+00	1.127752192480791393e+01	-1.287599189460520543e+00	1.442443845934166413e+00
3.320651909732194262e+00	1.123985098594949328e+01	-1.191941908039133802e+00	1.063102741175660615e+00
3.326931260376857047e+00	1.122852176093635634e+01	-1.124444162044531348e+00	6.217311920284990245e-01
3.333216512447217728e+00	1.120807793067037927e+01	-1.008686127404980093e+00	2.052318726743183608e-01
3.339504489419978128e+00	1.118925815523809852e+01	-9.840463640786156763e-01	-1.859478252669413689e-01
3.345786804809928405e+00	1.116399281021269552e+01	-8.923386470074216037e-01	-6.513812355269016363e-01
3.352071130016277767e+00	1.113925006027672104e+01	-8.161389009884107981e-01	-1.075047300458756627e+00
3.358351496304225581e+00	1.112200454995270249e+01	-8.129083630072162503e-01	-1.439705306878535485e+00
3.364630591073392019e+00	1.112274989588836860e+01	-7.377651105041883595e-01	-1.813743689405834969e+00
3.370916305215045483e+00	1.112857940744243912e+01	-7.055899452441340980e-01	-2.171910917128646368e+00
3.377197952029413752e+00	1.109772119958573633e+01	-6.494167466896678675e-01	-2.508331759590785914e+00
3.383483063818085501e+00	1.112173222910736570e+01	-6.250158738696929284e-01	-2.833437990249489058e+00
3.389769992424469969e+00	1.109783849083442853e+01	-6.414022415114548625e-01	-3.192194138917204604e+00
3.396051330885982100e+00	1.110627142821331326e+01	-6.007244806574855156e-01	-3.556172679338861720e+00
3.402330879139463971e+00	1.109867710226806459e+01	-6.120760799255211548e-01	-3.839796315890644518e+00
3.408610488352048495e+00	1.108502956722695565e+01	-5.326334626924328353e-01	-4.214417819291981004e+00
3.414897837696641236e+00	1.111559052819912807e+01	-5.059098915228964488e-01	-4.505703027049363207e+00
3.421180484052105619e+00	1.111831067445430676e+01	-4.697885081376687588e-01	-4.831307546761133942e+00
3.427461639653846870e+00	1.113528093889394022e+01	-4.881182762839649802e-01	-5.185583112072675860e+00
3.433749159643459059e+00	1.114225335819435081e+01	-4.874100151825569438e-01	-5.395466118537739497e+00
3.440032646656798310e+00	1.113297194938102130e+01	-5.104368610247396187e-01	-5.668230994137437584e+00
3.446313366033385339e+00	1.116040576049724642e+01	-4.698168556473023005e-01	-6.005226618797980365e+00
3.452600135384134905e+00	1.115375935912606309e+01	-4.696999571203096524e-01	-6.226107062876138798e+00
3.458883152815406703e+00	1.116876431429392191e+01	-4.229793732414438012e-01	-6.574701076722132775e+00
3.465163834403715448e+00	1.120067636337949324e+01	-4.561531831877296828e-01	-6.804210746963236467e+00
3.471449329786229221e+00	1.120242814179343149e+01	-4.319163718778535888e-01	-7.146799220236157879e+00
3.477734476754053894e+00	1.122054201836573029e+01	-5.440002339669957054e-01	-7.323468099879483439e+00
3.484019652467224226e+00	1.125358943446738813e+01	-4.439868070542152267e-01	-7.661849561754793925e+00
3.490297019369712928e+00	1.127322719689530572e+01	-4.312919981529250713e-01	-7.887304168851998476e+00
3.496582486484379970e+00	1.126442783214563015e+01	-4.348748780148464221e-01	-8.140560371660397365e+00
3.502868048046865024e+00	1.127700009290463079e+01	-4.771863252430244562e-01	-8.406785363703807690e+00
3.509144649545451244e+00	1.129235355446250821e+01	-4.634192685864457761e-01	-8.630769344444320978e+00
3.515428082003116295e+00	1.132610541852741726e+01	-4.498161280492682379e-01	-8.940795972010763037e+00
3.521711031624695565e+00	1.134299982770425785e+01	-4.556538744980048738e-01	-9.141536193805329447e+00
3.527991850954735664e+00	1.137827270187591466e+01	-5.012081014194988970e-01	-9.439729263618195532e+00
3.534275545726699885e+00	1.137963249841292956e+01	-5.166703386570257184e-01	-9.644585809035449486e+00
3.540562632020772149e+00	1.143862125649222605e+01	-5.204376830437670298e-01	-9.912128589787631228e+00
3.546844410757220789e+00	1.144099689505407902e+01	-5.238602356723369713e-01	-1.018222904260629669e+01
3.553131386753758836e+00	1.146741155473422324e+01	-5.740987877796009942e-01	-1.027953203602727328e+01
3.559419203211965144e+00	1.148769740720835664e+01	-5.426481991411850059e-01	-1.057983983530345995e+01
3.565697971577579839e+00	1.150392034352688242e+01	-5.735355442553661254e-01	-1.080548917691453603e+01
3.571979559134798254e+00	1.153487566052666580e+01	-5.826990618757635909e-01	-1.101580036473547608e+01
3.578265774595833726e+00	1.154520541065225281e+01	-5.559920868071851485e-01	-1.127835863503444358e+01
3.584548309769353125e+00	1.158736646820593563e+01	-5.603499395226129165e-01	-1.149543980968181778e+01
3.590826843920031486e+00	1.160518881709101535e+01	-5.766133597883327244e-01	-1.174356070641572458e+01
3.597107306745233934e+00	1.164700053338630781e+01	-5.803332096179940613e-01	-1.192281516521477336e+01
3.603392831792229245e+00	1.167423329935433607e+01	-6.081310017225269871e-01	-1.214556690356236324e+01
3.609673209822572559e+00	1.168788213014041055e+01	-6.198732747585266045e-01	-1.231307094422639103e+01
3.615955412133016189e+00	1.170064274232465351e+01	-6.225620998522700678e-01	-1.257737541095323941e+01
3.622241607772384686e+00	1.173289484364074120e+01	-6.465409393864015586e-01	-1.281478640576343508e+01
3.628520252736676444e+00	1.178112802135573745e+01	-6.270041397469972022e-01	-1.302135319101344102e+01
3.634804827569451113e+00	1.181056554618304411e+01	-7.152251556557215340e-01	-1.319579080442725250e+01
3.641094981788862928e+00	1.183414959068105787e+01	-6.895107983744025448e-01	-1.345404458948081050e+01
3.647383514928639325e+00	1.187101388666150115e+01	-7.020649988779761319e-01	-1.367103104011805748e+01
3.653663283927725658e+00	1.189029367207809429e+01	-7.038207382815105939e-01	-1.386204332498773084e+01
3.659943504072155296e+00	1.193184475205747574e+01	-7.726601306043129336e-01	-1.401014141138140268e+01
3.666232000281138603e+00	1.197192867815307160e+01	-7.632043015058681545e-01	-1.426623917735212999e+01
3.672514211678317597e+00	1.198909898439006483e+01	-7.512989954571654971e-01	-1.448866651881014533e+01
3.678794154686042539e+00	1.200873990477861142e+01	-7.763320599098906261e-01	-1.466894369934228060e+01
3.685078621861909820e+00	1.204613649573047418e+01	-8.161472092058057459e-01	-1.484776178422018056e+01
3.691359210097977961e+00	1.208459751344443234e+01	-8.388165548250163805e-01	-1.505919488754196500e+01
3.697642368173791105e+00	1.211286275044513339e+01	-7.855792714899262341e-01	-1.526011752566928159e+01
3.703925796735277665e+00	1.215942382395180310e+01	-8.746214423307473451e-01	-1.538451285789987288e+01
3.710208240364660348e+00	1.218731064515328910e+01	-8.600077125225435992e-01	-1.565623982837594674e+01
3.716494593122387169e+00	1.222607169402919425e+01	-9.344726749295357848e-01	-1.578058598769131571e+01
3.722775386659595398e+00	1.222958422566830805e+01	-8.782602390989020513e-01	-1.602809100126973263e+01
3.729058392883481510e+00	1.227598448228769001e+01	-8.799571285896474748e-01	-1.624052783116003695e+01
3.735339748210807720e+00	1.232052118974830535e+01	-9.402967365076065898e-01	-1.642293065055636347e+01
3.741620776392969638e+00	1.235530018697017063e+01	-9.158221096677441331e-01	-1.665944124967927209e+01
3.747904795418762980e+00	1.238635954605074652e+01	-9.463109881643286814e-01	-1.683914480420787996e+01
3.754190633281219380e+00	1.240255440277754317e+01	-9.797827862648981201e-01	-1.696098326676212054e+01
3.760478208018912749e+00	1.244508016093591252e+01	-9.385790116243527548e-01	-1.726939569258586715e+01
3.766755538573464346e+00	1.248277575809712481e+01	-9.735300920888844134e-01	-1.739756645413585545e+01
3.773032090135151506e+00	1.251418679272662615e+01	-9.811220314123374475e-01	-1.759047854502339803e+01
3.779322553012896879e+00	1.256062912169449319e+01	-1.017629473115747363e+00	-1.776324761936252372e+01
3.785609109731308930e+00	1.260053318111312670e+01	-9.711740466691592966e-01	-1.806501586248243285e+01
3.791889825936295200e+00	1.264414916923206889e+01	-1.019734594479646539e+00	-1.816923566963169634e+01
3.798174822702435893e+00	1.267295913498025506e+01	-1.017339046177835327e+00	-1.832690663358990690e+01
3.804458658753491651e+00	1.269176252979458575e+01	-9.949706853970824438e-01	-1.866528837270161745e+01
3.810738438095723435e+00	1.276226967941089896e+01	-1.030082950678813170e+00	-1.877951614719607676e+01
3.817018850285747167e+00	1.276216316908313075e+01	-1.031368065589697736e+00	-1.899757525791290647e+01
3.823305314209427763e+00	1.281999515028059911e+01	-1.054530249601162595e+00	-1.917817578633141551e+01
3.829591295197792178e+00	1.286843260914134746e+01	-1.068572609313551247e+00	-1.934822447541810675e+01
3.835872296070849341e+00	1.289131367651730464e+01	-1.082343616407432485e+00	-1.956374288766719616e+01
3.842156279590906109e+00	1.296695864053297953e+01	-1.183970792204981803e+00	-1.965649992929467516e+01
3.848441511099312429e+00	1.296168212266147712e+01	-1.082510951654898523e+00	-1.998801193300306522e+01
3.854723334376886079e+00	1.299689010093197261e+01	-1.149576902075719831e+00	-2.008866581113403171e+01
3.861004740704794713e+00	1.304736280594871900e+01	-1.128153458029625966e+00	-2.028247271947942920e+01
3.867284336650660848e+00	1.310303277444587522e+01	-1.176234901267347643e+00	-2.048261068186874212e+01
3.873567367678779849e+00	1.314688355301321643e+01	-1.161437998426058327e+00	-2.067641777358461397e+01
3.879850662830422792e+00	1.316066249939071398e+01	-1.169803612700635931e+00	-2.085480967365095850e+01
3.886137063198143338e+00	1.322966065907892919e+01	-1.197607572518375241e+00	-2.103034206288619146e+01
3.892419463049126005e+00	1.325917184915936708e+01	-1.180867019924056294e+00	-2.122139508061920665e+01
3.898703740328622658e+00	1.326106030334677577e+01	-1.159647286382297082e+00	-2.145181044131280146e+01
3.904991458788179326e+00	1.332705682838958161e+01	-1.217438075895062921e+00	-2.161136257195542143e+01
3.911270842222104083e+00	1.337280678127555156e+01	-1.214973211668496589e+00	-2.178181379896320990e+01
3.917549806479573071e+00	1.340234528714924700e+01	-1.226025732110574973e+00	-2.197831291523548813e+01
3.923836006203090587e+00	1.345793844995297306e+01	-1.255193367668563376e+00	-2.215830794474798182e+01
3.930121452497870926e+00	1.352724366019988267e+01	-1.207191230054334818e+00	-2.246973600763054790e+01
3.936398172858230460e+00	1.354820556916738461e+01	-1.198884031621542334e+00	-2.268391251026282163e+01
3.942683040425962293e+00	1.358404175365963873e+01	-1.239981757304507992e+00	-2.280780082363447292e+01
3.948974759704379611e+00	1.364982135700132027e+01	-1.218600479497207623e+00	-2.306073750667941269e+01
3.955259227995065352e+00	1.366571077128390144e+01	-1.235568793430149359e+00	-2.323575499083074547e+01
3.961537174921395454e+00	1.373475690935428872e+01	-1.299894666890627049e+00	-2.329837130529498168e+01
3.967820217617139544e+00	1.376543174059682073e+01	-1.254012574640149591e+00	-2.361254106852186752e+01
3.974105559832568968e+00	1.381382572527732400e+01	-1.271372370242916272e+00	-2.377094283319339496e+01
3.980384727931198352e+00	1.387022264986988951e+01	-1.252542394646903867e+00	-2.402694956971198792e+01
3.986664590839849698e+00	1.390467489806442636e+01	-1.281153668935856027e+00	-2.424023194230809963e+01
3.992949619150675034e+00	1.396289423175702815e+01	-1.296261991203586206e+00	-2.434791901116183865e+01
3.999235075769965952e+00	1.399589787394099183e+01	-1.276237940408849525e+00	-2.461309431729571173e+01
4.005515715515433506e+00	1.406578044636997404e+01	-1.282344046035025054e+00	-2.484121261968326166e+01
4.011798434346478537e+00	1.411730867974932480e+01	-1.284709096340366230e+00	-2.504961448685579128e+01
4.018083716245132386e+00	1.413708156269108684e+01	-1.305659119639946075e+00	-2.520865832915350424e+01
4.024365700052603856e+00	1.418610031355092005e+01	-1.346823295141369892e+00	-2.535093812819813053e+01
4.030643960839860540e+00	1.425358659204125011e+01	-1.291802008083762887e+00	-2.570561621646898232e+01
4.036928708926215137e+00	1.429548627208876077e+01	-1.277552198868345146e+00	-2.586749751226719241e+01
4.043218157412017177e+00	1.433558689633545136e+01	-1.300386025219856911e+00	-2.608277339018903618e+01
4.049503019487663558e+00	1.440831857648399605e+01	-1.285980377045613743e+00	-2.633946129320393581e+01
4.055781898960511000e+00	1.443360132564890286e+01	-1.289310756983190531e+00	-2.645956779817425542e+01
4.062060795621602161e+00	1.445463574730960232e+01	-1.355398819731864490e+00	-2.661350374971847543e+01
4.068347865354716042e+00	1.454574489433007223e+01	-1.338383390374372039e+00	-2.688246257132083983e+01
4.074631027173265529e+00	1.459146551338692177e+01	-1.292601932831920042e+00	-2.716585511831178223e+01
4.080910837526078971e+00	1.463616120170512147e+01	-1.301883772821195162e+00	-2.734335139869884657e+01
4.087201203341442657e+00	1.472082487130633410e+01	-1.314781406587914647e+00	-2.759940251628893293e+01
4.093486818591942189e+00	1.476098806903697103e+01	-1.309489416544902030e+00	-2.779207221876393419e+01
4.099764387336505500e+00	1.482991973910093719e+01	-1.355162825924965730e+00	-2.796222432457784635e+01
4.106049166937662420e+00	1.487127938524354853e+01	-1.332352918030426991e+00	-2.820019118131109437e+01
4.112334559041358695e+00	1.492750527361699753e+01	-1.324011019142089074e+00	-2.845699155479890052e+01
4.118618926059533614e+00	1.500172215140708865e+01	-1.317299050915468284e+00	-2.873114534254348129e+01
4.124898942031112625e+00	1.501985557871785559e+01	-1.283911874757689864e+00	-2.895147885316382741e+01
4.131175432561665417e+00	1.510717296690160438e+01	-1.327454179413503299e+00	-2.914182861767671895e+01
4.137461563786142271e+00	1.510359767406092324e+01	-1.284337277312181058e+00	-2.939341612532612302e+01
4.143746006210170307e+00	1.522276855603462486e+01	-1.329350811080876493e+00	-2.959904505342738190e+01
4.150029800482964326e+00	1.526509965727781371e+01	-1.334981849950858335e+00	-2.983360754341336474e+01
4.156313390684649001e+00	1.531369756260157011e+01	-1.290835505419466234e+00	-3.009190011756976446e+01
4.162596105843763716e+00	1.536165031301619877e+01	-1.353611910237359384e+00	-3.023841050486763038e+01
4.168881843141768684e+00	1.540538119714405596e+01	-1.243265001145297477e+00	-3.065672643361945759e+01
4.175162111073220217e+00	1.550846169698038857e+01	-1.323576721296912728e+00	-3.078425424092177920e+01
4.181448573417560155e+00	1.555415610611496291e+01	-1.255942464663780234e+00	-3.117824712609803228e+01
4.187738782464171194e+00	1.561901751576047026e+01	-1.296548927289793873e+00	-3.133600798087843486e+01
4.194017437180169061e+00	1.566455633942043768e+01	-1.279696077725773540e+00	-3.156012025471930826e+01
4.200293572701767175e+00	1.573234023253896652e+01	-1.229837063187894763e+00	-3.190787226570637714e+01
4.206580195481546269e+00	1.579112560990496483e+01	-1.283904796582154173e+00	-3.203213600423565310e+01
4.212860644652220543e+00	1.587104478439148991e+01	-1.232564644411069166e+00	-3.250705088064275117e+01
4.219138153430114002e+00	1.595884910632475950e+01	-1.274948554581648574e+00	-3.259509140941661798e+01
4.225426162098283811e+00	1.598543812307645240e+01	-1.252615578125188645e+00	-3.292371347258356451e+01
4.231713506719782636e+00	1.601194549135286493e+01	-1.229942311636653018e+00	-3.309320751124477056e+01
4.237990056577191744e+00	1.611801072463226348e+01	-1.311802351399330879e+00	-3.327108423114938063e+01
4.244267783646744618e+00	1.616529295343214656e+01	-1.231093236783585843e+00	-3.367303098231458591e+01
4.250560660182562955e+00	1.625071600028780594e+01	-1.261825796471392813e+00	-3.383994312156047357e+01
4.256847734842668096e+00	1.629936520452621806e+01	-1.216801948484796503e+00	-3.421533951396637008e+01
4.263127100734456221e+00	1.640817092504988395e+01	-1.239217650350955324e+00	-3.449429053458715799e+01
4.269406860432507500e+00	1.643885211568829163e+01	-1.196762011998873998e+00	-3.480110919648025458e+01
4.275691671482192646e+00	1.652274842040095493e+01	-1.173580998234916573e+00	-3.514895973669710827e+01
4.281972414189518794e+00	1.658067960049628908e+01	-1.162196387300217237e+00	-3.535359866418205854e+01
4.288253516806755705e+00	1.662452968998492153e+01	-1.183127592562784214e+00	-3.562931715761718010e+01
4.294540520160492925e+00	1.672929436244714196e+01	-1.165216037848260555e+00	-3.593104734423395996e+01
4.300825742921731809e+00	1.680361033919760416e+01	-1.159864772604000338e+00	-3.634219564383617751e+01
4.307109835491901961e+00	1.683486427098586447e+01	-1.168388508499612843e+00	-3.648997122012703898e+01
4.313390926478413157e+00	1.693771707927130876e+01	-1.157024917400195863e+00	-3.678730973326868536e+01
4.319667979480563247e+00	1.695600082935253283e+01	-1.196259060304277089e+00	-3.706511499960787148e+01
4.325952598143786076e+00	1.706270427429177161e+01	-1.165959784910516550e+00	-3.733050048266911602e+01
4.332241647035422361e+00	1.710094989912307284e+01	-1.103792497370396752e+00	-3.773977144171408327e+01
4.338524445619096781e+00	1.718305294996258681e+01	-1.078130213082966193e+00	-3.807524267492871672e+01
4.344809348131129845e+00	1.730350507957420092e+01	-1.059351693962239382e+00	-3.849726284353796046e+01
4.351090699193166600e+00	1.729077189696749528e+01	-1.058721688051849075e+00	-3.876866324712118228e+01
4.357369710808320029e+00	1.743094273860008769e+01	-1.104593745053050524e+00	-3.900481474858606390e+01
4.363659348967174445e+00	1.743647565694809742e+01	-1.055369409455468199e+00	-3.932991289027134485e+01
4.369947418280990981e+00	1.751270769069827438e+01	-1.018720240363789609e+00	-3.970338799970156174e+01
4.376226569265827315e+00	1.756032523561202296e+01	-1.011415873355394401e+00	-3.995795275420465487e+01
4.382499356631129217e+00	1.761443541488631581e+01	-1.041264803942961281e+00	-4.024179516352391772e+01
4.388784975178015024e+00	1.770429631057848141e+01	-1.056638936419225905e+00	-4.051000425307185537e+01
4.395068696309480494e+00	1.776382765989657031e+01	-9.287831770496843831e-01	-4.114215356393380318e+01
4.401347962382031298e+00	1.786127450672606187e+01	-9.969420691295737269e-01	-4.128442008137891150e+01
4.407628405096517099e+00	1.788700484302598426e+01	-9.518328483036251342e-01	-4.173530034799279775e+01
4.413915862185140426e+00	1.797091647372952039e+01	-9.201527145788311879e-01	-4.217827845256044128e+01
4.420203163534264235e+00	1.804013825222511258e+01	-9.089427236181150116e-01	-4.246662692692151353e+01
4.426480311003382795e+00	1.805299383725479956e+01	-8.505930324621610028e-01	-4.295814044789646857e+01
4.432765973643649104e+00	1.819671381714683633e+01	-9.246347502216738512e-01	-4.309246498726729158e+01
4.439053392023870614e+00	1.815967132177582144e+01	-8.379452173309032137e-01	-4.362493857813813491e+01
4.445336141335588742e+00	1.825348513005987883e+01	-8.023429832857965627e-01	-4.395117868648716097e+01
4.451617241414883352e+00	1.829518124867156459e+01	-7.648108061971037319e-01	-4.444537725721182397e+01
4.457901500730311106e+00	1.834971460343367511e+01	-7.628336653698479797e-01	-4.485154778769694417e+01
4.464189501093017043e+00	1.842259802738799479e+01	-8.154188052773133633e-01	-4.501969338279793220e+01
4.470470197548729985e+00	1.842495002970530038e+01	-6.907642935658399042e-01	-4.572742525422172122e+01
4.476748044268524573e+00	1.852052076525183111e+01	-6.916955857635533889e-01	-4.594021444519582076e+01
4.483035990164653484e+00	1.847418100945689545e+01	-5.923344254994081792e-01	-4.649429545734357561e+01
4.489323331650528104e+00	1.856345418833271310e+01	-6.332736699808205749e-01	-4.680830708200060286e+01
4.495599111667934800e+00	1.853869981723008209e+01	-5.995423925848499813e-01	-4.713676773933109843e+01
4.501870922878794090e+00	1.856245120413536043e+01	-4.739197844693855965e-01	-4.779881711983627923e+01
4.508155162877705457e+00	1.873098405680487488e+01	-5.667594680460193990e-01	-4.818104274266053011e+01
4.514446451153479423e+00	1.860456034357765631e+01	-4.377676055526386056e-01	-4.858053333965921894e+01
4.520723894043856994e+00	1.868800260992948026e+01	-3.744753523261247774e-01	-4.918883491493988203e+01
4.527003782460155890e+00	1.862723397293295235e+01	-3.885526933107817382e-01	-4.946257350429472410e+01
4.533293086610313161e+00	1.863566060250837353e+01	-2.436669312127057452e-01	-5.011286735000057035e+01
4.539578989864040182e+00	1.861397517550027914e+01	-2.551966343985809793e-01	-5.046560552619820328e+01
4.545857164866476730e+00	1.858708078146812781e+01	-1.906468187400532643e-01	-5.093199781841752127e+01
4.552138955546025656e+00	1.853710000475096820e+01	-8.745428547018281595e-02	-5.142399334162235647e+01
4.558432046889146605e+00	1.858894028547572219e+01	-9.080407326688241798e-02	-5.194030053067830011e+01
4.564713463378488711e+00	1.863412885927021279e+01	-4.833385344089499019e-02	-5.243340665367096420e+01
4.570987274133244682e+00	1.863548060711254450e+01	-5.431263175928935372e-02	-5.284559906258877504e+01
4.577274818151045643e+00	1.867570317103228916e+01	-2.780505822088664633e-02	-5.323951664315983123e+01
4.583563263889338657e+00	1.869595311193136666e+01	-8.499708550150128494e-02	-5.353620774522305226e+01
4.589844917004465508e+00	1.874238720853090001e+01	1.227085858481890765e-02	-5.398627739131227798e+01
4.596126259982004747e+00	1.873277191675121145e+01	-2.985496154969705714e-03	-5.431344052005756140e+01
4.602409075598298926e+00	1.878831924396029862e+01	1.292039167480901751e-02	-5.473330702862658370e+01
4.608696634867644804e+00	1.893586890961112346e+01	-3.785830382378525816e-02	-5.528431426113951375e+01
4.614977646498861219e+00	1.898915166685927502e+01	-5.685716736751419281e-02	-5.574198742182385757e+01
4.621258953029527383e+00	1.898146378467723849e+01	-2.443803887424377680e-02	-5.593878485596398065e+01
4.627547993978874175e+00	1.906308838590121013e+01	-3.641102795704784928e-02	-5.638426939105108460e+01
4.633830152730579854e+00	1.902600756705807328e+01	-7.313477796417792998e-02	-5.649586613122151846e+01
4.640104005367354567e+00	1.913963709465142315e+01	3.937123148647736492e-02	-5.714007810270328491e+01
4.646382060386754276e+00	1.917647282544124820e+01	-4.600695843117873912e-02	-5.739827021259594630e+01
4.652674213731970987e+00	1.928976382598076000e+01	-8.430030233384915375e-03	-5.797989597456916044e+01
4.658958291796220230e+00	1.937193323692208935e+01	-4.165287754110880841e-02	-5.831325916641951324e+01
4.665233615070169648e+00	1.944861860500442319e+01	-3.734086732139675624e-02	-5.877783192797586764e+01
4.671520675710307380e+00	1.947083332685737034e+01	-2.676467363300307628e-02	-5.904545122133274049e+01
4.677814351732177300e+00	1.958614224065148335e+01	-2.922974058502495268e-02	-5.962995848720249370e+01
4.684093699744638073e+00	1.965065677677036859e+01	-6.355566114383714993e-02	-5.994203813254053870e+01
4.690368661472568590e+00	1.968261659543384923e+01	-3.118788659483807610e-02	-6.024771948549421552e+01
4.696663270746453733e+00	1.976929601474369846e+01	2.514465370362204549e-02	-6.084472374073023104e+01
4.702945459248681459e+00	1.987089300365349231e+01	-5.608887575349758015e-02	-6.118550374260284030e+01
4.709209170841929470e+00	1.997880976056226743e+01	-6.274935045965117364e-02	-6.165260629824877725e+01
4.715491634753063543e+00	1.999502275524214312e+01	-8.351394967690620175e-03	-6.201278095205820051e+01
4.721784316284933780e+00	2.009290532733531620e+01	-2.430595256747533975e-02	-6.240055665888315417e+01
4.728063062331094635e+00	2.026466859701136514e+01	-4.144866406220767269e-02	-6.307641981483694593e+01
4.734337423381671073e+00	2.026642999292726088e+01	1.239380779921098359e-02	-6.332389847603389654e+01
4.740627024094544062e+00	2.030899411349302142e+01	-2.981921323297575394e-02	-6.360128144055745736e+01
4.746914995664547554e+00	2.045035432650578855e+01	-3.271144411856380385e-02	-6.419094128146400635e+01
4.753194740071086777e+00	2.044424592405847818e+01	-4.354791216414552468e-02	-6.431973509688337742e+01
4.759478891864783456e+00	2.069764974914880185e+01	-5.139158064181203328e-02	-6.524905520418910498e+01
4.765762396877359031e+00	2.068789950206495476e+01	-2.126420793615808880e-02	-6.540007687233702427e+01
4.772049481246195768e+00	2.087311131801725850e+01	2.146066962263670774e-02	-6.619283374659339358e+01
4.778335091022592351e+00	2.096660690338246624e+01	-2.537042099034384629e-02	-6.656474302898364215e+01
4.784610831402393849e+00	2.094494540208622624e+01	-3.607276943596147978e-02	-6.665480957229608805e+01
4.790907306208476157e+00	2.110289566407542594e+01	-3.833042191027217355e-02	-6.725992178587942760e+01
4.797204047706418173e+00	2.116280198301164006e+01	-2.865669883614126254e-03	-6.764472129977654902e+01
4.803470827697504220e+00	2.126337631275521645e+01	2.586273717481017351e-02	-6.814548666069477179e+01
4.809748850577324042e+00	2.140201134394172655e+01	-5.381171427899747450e-02	-6.866543295821549009e+01
4.816045316586602176e+00	2.151413388512604641e+01	-2.664518660822671331e-02	-6.917626810069472754e+01
4.822329240673497885e+00	2.166469437340417059e+01	3.727555992662336115e-02	-6.989750483118574209e+01
4.828596758226470165e+00	2.165017840548729922e+01	-2.787473961718332782e-02	-6.988005457183358260e+01
4.834890332961369275e+00	2.177003365135362145e+01	-8.585970897767103427e-02	-7.035116751341449515e+01
4.841191655056394261e+00	2.183115539191262755e+01	2.482799550006075176e-02	-7.080767267627874162e+01
4.847460407468000554e+00	2.205831306028277794e+01	-7.884598176537492564e-02	-7.152943410841847083e+01
4.853732128521334843e+00	2.212509180207164405e+01	-6.137220684228591322e-02	-7.190372334168853286e+01
4.860029138783373170e+00	2.224129215922730296e+01	-7.395560189047623717e-03	-7.252173689836035919e+01
4.866314601732018019e+00	2.240076013874811522e+01	-3.633305676197393086e-02	-7.308619122861722417e+01
4.872587026269203925e+00	2.254295630040554954e+01	-7.351783527192386203e-02	-7.363607065074744185e+01
4.878874221748241702e+00	2.258835937766729529e+01	-2.596926989455705659e-02	-7.399536207598826820e+01
4.885171078138658807e+00	2.261920872475392841e+01	-1.227974639282149519e-02	-7.422405236388333094e+01
4.891450629931857641e+00	2.295623431419398131e+01	-8.618079415948060040e-02	-7.530650498059836195e+01
4.897716482750221978e+00	2.296749966330191128e+01	-6.060481143963861866e-02	-7.548268895247944954e+01
4.904002834596266069e+00	2.304175976277752369e+01	6.823609853230488964e-02	-7.606775840803625499e+01
4.910295858205786068e+00	2.323928298161419903e+01	-8.236384252701935138e-03	-7.671739076140839586e+01
4.916575188115905881e+00	2.338901315135426628e+01	6.642055784692772139e-04	-7.730082265125459173e+01
4.922847946197084212e+00	2.348107612365189567e+01	-2.257368353925841287e-02	-7.773305734621860097e+01
4.929131667457151700e+00	2.353155426127150918e+01	-7.626299427734764547e-02	-7.795877432318742706e+01
4.935434460144239033e+00	2.383335736480955447e+01	-8.062531956414129009e-02	-7.899679312386778918e+01
4.941718513303545279e+00	2.390297841321233108e+01	-6.318843195264930990e-02	-7.938766114971019761e+01
4.947978624761803168e+00	2.412200646636199153e+01	-9.422926004509353526e-02	-8.021846419464226585e+01
4.954274999209829389e+00	2.427830176569699105e+01	-5.652182380982628124e-02	-8.085700570597327896e+01
4.960571094729937514e+00	2.431641358252872820e+01	-8.413251822413188308e-02	-8.105313143110541318e+01
4.966823207626954506e+00	2.455659150365577403e+01	-5.662951197657802721e-02	-8.201281997151909309e+01
4.973097418390337587e+00	2.448353865685066566e+01	-3.084909420143503236e-02	-8.188276751193897951e+01
4.979415129936382023e+00	2.485353901080112848e+01	-2.047220726523726886e-02	-8.322696203383310376e+01
4.985702082330368157e+00	2.488877921846727759e+01	4.211993658464824146e-03	-8.348447991413061686e+01
4.991949985828016523e+00	2.512801695528876067e+01	-3.981950354879006115e-02	-8.432695838515891751e+01
4.998241586316924057e+00	2.531717281736230518e+01	-8.955076538591667107e-04	-8.510949789506955199e+01
5.004556635606089543e+00	2.538981525055933730e+01	-2.424698565292006738e-02	-8.538790118227798587e+01
5.010828655701208945e+00	2.571547910396647652e+01	6.868670389789073745e-03	-8.663513095299933298e+01
5.017077229702536556e+00	2.576017232308856109e+01	-7.101448539363219847e-02	-8.679248989252180024e+01
5.023374414758113637e+00	2.609377045433850384e+01	1.923270078183194481e-02	-8.813449007111093181e+01
5.029688873569548413e+00	2.620205611904541954e+01	-3.230711371614269217e-02	-8.852877667030959685e+01
5.035958413584124216e+00	2.649804959961120332e+01	-1.083771181369212050e-02	-8.961617813926034160e+01
5.042232667658486989e+00	2.671102027008658908e+01	-6.125336006245898218e-02	-9.041382543655174686e+01
5.048528755870775875e+00	2.667350616599873092e+01	1.686245013428168404e-02	-9.044608584579997057e+01
5.054821121427484520e+00	2.696136385597234764e+01	-3.971139007511828231e-03	-9.146609971747761847e+01
5.061069509814582368e+00	2.700752731375922266e+01	-1.096912879401966967e-01	-9.156944814223609796e+01
5.067347812754101177e+00	2.725844458865731212e+01	-4.025908862750954970e-02	-9.260681090703653240e+01
5.073675050630431116e+00	2.735152962107413899e+01	-5.693480651964163280e-02	-9.299194046302260119e+01
5.079945928388977627e+00	2.781260752028303784e+01	-8.989034261804172699e-02	-9.457292781396537862e+01
5.086192992546071601e+00	2.781135896510024352e+01	-1.398370927850416633e-02	-9.473619883716352774e+01
5.092484128970163226e+00	2.804526598846768692e+01	-2.434589769408838575e-02	-9.566942792866908007e+01
5.098802924706086870e+00	2.838121779918518683e+01	-4.228998917447268635e-03	-9.686939215374815149e+01
5.105078217426394005e+00	2.863170585462705375e+01	1.644891646346912512e-02	-9.783133940464927036e+01
5.111325076574067872e+00	2.894229076727371464e+01	4.721965359479072220e-03	-9.895647168533095339e+01
5.117628358851224135e+00	2.895079291559297374e+01	-5.326053276402845787e-02	-9.900821029329276257e+01
5.123935939383525984e+00	2.920187937692713831e+01	8.703007354060707246e-02	-1.000694221833469300e+02
5.130199176325612065e+00	2.925930554836589081e+01	2.135356985326439944e-02	-1.002426428501056535e+02
5.136469985878846956e+00	2.960690201831557289e+01	-5.263652090707846010e-02	-1.014438163793988252e+02
5.142797788696348071e+00	2.981037932060995743e+01	3.365026273005189417e-02	-1.023389968683065661e+02
5.149090378043822192e+00	2.998800095251730014e+01	2.565036603593387823e-02	-1.029939242105791379e+02
5.155289879840074363e+00	3.064647817759037096e+01	-5.909357890293819027e-02	-1.051973793144535421e+02
5.161564521234301317e+00	3.058403788120487121e+01	1.964541127331327977e-02	-1.052001722817519607e+02
5.167916673496016244e+00	3.077148141646777191e+01	1.487384954602993109e-02	-1.058904940730163702e+02
5.174205974602950064e+00	3.154313827656187286e+01	-2.413165023399339859e-02	-1.085565821292294970e+02
5.180434820793812456e+00	3.141176033141812951e+01	7.555234274485416249e-03	-1.082011662662406479e+02
5.186729096569634656e+00	3.145002987398608596e+01	-3.389518424747334224e-02	-1.083693031383589442e+02
5.193058481037780894e+00	3.183310235465929594e+01	-3.351503515553823365e-02	-1.097227045181223843e+02
5.199319511444338460e+00	3.234259122691251065e+01	1.181539403665118199e-02	-1.115863548514825681e+02
5.205574295584361799e+00	3.253138343753342809e+01	1.100378706501933257e-01	-1.124121913796092542e+02
5.211894977074066126e+00	3.303381177786275202e+01	6.231595936587933787e-02	-1.141914450037212418e+02
5.218201708336958511e+00	3.297575785375298096e+01	-4.278710463371571127e-02	-1.139072690647573012e+02
5.224411911780083351e+00	3.356576953116655915e+01	2.214137437627959615e-02	-1.160668718555499197e+02
5.230677632666463239e+00	3.378096256281219212e+01	7.795731195032397365e-02	-1.169623250509867347e+02
5.237056729559757429e+00	3.402494239870610215e+01	-1.205541446284920937e-01	-1.176478513579312732e+02
5.243336785035660697e+00	3.431600285954447571e+01	-6.425938610070469625e-02	-1.187463751477929321e+02
5.249493476178225038e+00	3.502255328468989859e+01	5.051357802180624773e-02	-1.213365623399213007e+02
5.255787017738318134e+00	3.492661450584941463e+01	4.206925626373968219e-02	-1.211329516840038707e+02
5.262205327426889845e+00	3.551529916150391131e+01	5.029238329379030065e-02	-1.232071822678469886e+02
5.268477758348532269e+00	3.558200959821157738e+01	6.694418624938805462e-02	-1.234846426941384436e+02
5.274632213654732560e+00	3.605682268068383678e+01	4.979386905554215870e-02	-1.251661781062438052e+02
5.280950543314659740e+00	3.643649351559897553e+01	-4.477155515095130461e-02	-1.264578166702358146e+02
5.287327645024750389e+00	3.667598344694195589e+01	-1.174668145643110138e-02	-1.273630037942247100e+02
5.293582359180156516e+00	3.720713611148436684e+01	6.446428063407005915e-02	-1.293178897897486195e+02
5.299789992649893478e+00	3.721265072078379887e+01	-3.795540180259052848e-02	-1.293007018280149509e+02
5.306111460381987222e+00	3.772475252038916693e+01	3.231064788909092378e-02	-1.312007935974475572e+02
5.312452717892129250e+00	3.835057930095722867e+01	1.489346414910110508e-02	-1.333686525610222589e+02
5.318650122853046724e+00	3.880829578233714017e+01	-1.125856916263019564e-01	-1.348685139194475653e+02
5.324923043129819789e+00	3.894076223768416156e+01	3.822414941450169579e-02	-1.355810338007802045e+02
5.331330237158205421e+00	3.934627427964721136e+01	-5.347647828592680397e-02	-1.369327763803463824e+02
5.337586726886338617e+00	3.981872997169074324e+01	7.690283988720829356e-02	-1.387201958859430135e+02
5.343685192440848830e+00	4.046465263675283097e+01	-5.315369646274512722e-02	-1.408557313423536925e+02
5.350070659715249199e+00	4.043821334032018200e+01	-2.912541340767150697e-02	-1.408947554294403801e+02
5.356556762554878226e+00	4.098828367595903188e+01	1.845595367347812547e-03	-1.428660505635436664e+02
5.362691868684501095e+00	4.162167551201623894e+01	-1.386101746243374646e-03	-1.450792531033142154e+02
5.368769208912516966e+00	4.244311917216035823e+01	-3.835118769098777580e-02	-1.479294288870295304e+02
5.375270137997677722e+00	4.249684018741548641e+01	7.696979991901822804e-02	-1.483299241069019274e+02
5.381769983045385786e+00	4.169459313832494018e+01	-4.003110067168220293e-02	-1.454329508202320653e+02
5.387701030372958222e+00	4.278895942480432524e+01	-1.045404824036322566e-01	-1.491734891956602667e+02
5.393786668001271600e+00	4.407200204074792538e+01	2.639980795953832116e-02	-1.538346295311796155e+02
5.400446161099396569e+00	4.408935988828660157e+01	4.095355162212781230e-02	-1.539770141746806758e+02
5.406957063684501463e+00	4.542435953779236257e+01	5.753809343351360718e-03	-1.586093675798122717e+02
5.412655672453426270e+00	4.596381219634101001e+01	1.124628062283267692e-02	-1.604777835346051234e+02
5.418821279260546575e+00	4.626352677603743047e+01	-5.681371450267202160e-03	-1.615935828072723837e+02
5.425690594366304076e+00	4.532982510709918245e+01	-3.920940379361315814e-02	-1.583375541500390682e+02
5.432217487502165376e+00	4.612784751801966365e+01	9.115050216858618104e-02	-1.612849347601592740e+02
5.437649811577258241e+00	4.833257002045949235e+01	4.202770868340520438e-02	-1.688859512182621074e+02
5.443914404015878006e+00	4.820323286304645194e+01	2.799682180920856980e-02	-1.685007122684449996e+02
5.450953501686320202e+00	4.817884068767822470e+01	1.899854658362032725e-02	-1.684458123348420315e+02
5.457483690405861232e+00	4.948225617069449811e+01	-1.287159386310544051e-01	-1.728715361199596146e+02
5.462715250135157241e+00	5.068860171461079034e+01	1.804827643368240794e-02	-1.772062388416136400e+02
5.469033575551323523e+00	5.156964549365599026e+01	-1.417624724223917262e-02	-1.803113827529708146e+02
5.476177730420278778e+00	5.271131595282501792e+01	3.741696721330189240e-02	-1.843894862213137742e+02
5.482708935702562236e+00	5.046988717640208932e+01	-4.661760229458751514e-02	-1.764909626796329292e+02
5.487722405008360838e+00	5.007317206294285228e+01	2.102926878828407717e-02	-1.751484882048386567e+02
5.494194284996126498e+00	5.355378817229497912e+01	5.451485265730963287e-02	-1.874027048575648848e+02
5.501391471009256406e+00	5.472769703349301551e+01	2.880028763087120330e-02	-1.914947199480247946e+02
5.507128202673079009e+00	5.283282898202179467e+01	-1.463525009140798638e-01	-1.847063595276468675e+02
5.512278020050448646e+00	5.765805462067865506e+01	-3.764956755362908886e-02	-2.017043709673673675e+02
5.519395563377015534e+00	5.650704559089827228e+01	1.475118153133488270e-02	-1.977426122069697669e+02
5.526598678609708770e+00	5.927734181506569655e+01	-1.527443812228962763e-02	-2.074188034820687392e+02
5.532162682462509196e+00	5.667299602139655690e+01	9.051554562947132510e-02	-1.984192874818270127e+02
5.537397124017139127e+00	6.043670230982590397e+01	9.283997687660518194e-02	-2.115994351446342137e+02
5.544582756485218589e+00	5.509894343600973343e+01	-4.855628321803946018e-02	-1.927835541874089813e+02
5.551739327507637434e+00	5.907136521146821195e+01	-6.903228565102505210e-02	-2.066728423395414040e+02
5.557493306674907707e+00	5.457932736648877636e+01	2.140072773242750886e-03	-1.910264809905872028e+02
5.562281709102816940e+00	5.453808168223275032e+01	1.430077661715013493e-01	-1.910243454694879688e+02
5.569272720323164449e+00	3.461318801202705941e+01	-4.009806860613097240e-02	-1.211057123873432033e+02
