8.899641224696953554e-03	5.833044482383815921e+04	-3.238867450828977780e+03	-4.337739404824039957e+04
1.507912216506557788e-02	6.287185071250346664e+04	-1.538482833868642956e+03	3.170347571184500339e+04
2.144790186456836667e-02	7.378234402384441637e+04	2.565912939648353495e+04	-6.228140249970856530e+03
2.783660776489276650e-02	4.718311414603995217e+04	2.407849645636352943e+04	-1.552135360454164220e+04
3.435099785803411021e-02	3.299747749066821416e+04	1.821108144847086442e+04	1.895314695796172964e+04
4.047886761425745911e-02	3.030332969527286696e+04	1.663281262887038974e+04	1.525189772520907900e+04
4.676716683575679601e-02	2.173484289925740813e+04	1.448989816307611181e+04	-3.406034089154291905e+03
5.308225101765951665e-02	2.025816441416511225e+04	6.246936046526787322e+03	-3.557468980852722780e+03
5.945362440940590160e-02	1.998871810277240365e+04	7.805871645631056708e+03	2.224509699002171104e+01
6.576224814588792211e-02	1.845547644316469814e+04	6.993061540125207102e+03	3.890957110083043972e+03
7.196632906698736953e-02	1.497091535062810726e+04	3.868212155914911364e+03	-2.643613545489903572e+03
7.827860915688347743e-02	1.366932337206741613e+04	6.065077697743760837e+03	4.351439236797218086e+02
8.470398945834539672e-02	1.153598473352516703e+04	5.167705535469867755e+03	5.296442735804530457e+02
9.096854620527369817e-02	9.187414428082371160e+03	3.554762706826181329e+03	2.041656573800456158e+02
9.720789776830213169e-02	8.824157066142715848e+03	3.635055226224333637e+03	7.271856782325212976e+01
1.034763038959366499e-01	8.004070187686937061e+03	3.196299072434112986e+03	-5.288830134247265136e+01
1.097576444254559219e-01	7.414705727616993499e+03	2.917293748135566148e+03	-2.436554685415189851e+02
1.160543084780093354e-01	7.521097113549708411e+03	2.304678456927832485e+03	4.644090566545356182e+02
1.223669666537485351e-01	6.634377663031000338e+03	2.349726419657965380e+03	2.494407160046585403e+01
1.286817263090294094e-01	6.122440360530315047e+03	1.944358932312125262e+03	-4.605462305020498661e+02
1.349500801664080818e-01	5.440527972279375717e+03	1.615786294809161518e+03	4.112608124115747614e+02
1.411949558842147678e-01	5.136586009128110163e+03	1.774082260102742566e+03	5.148585065657066195e+01
1.475133575747468451e-01	4.635520695103037724e+03	1.315397022052590046e+03	1.464055870164920066e+02
1.537865074252268427e-01	4.438877410057309135e+03	1.233483073124501061e+03	1.164973648261123316e+02
1.600657544051110326e-01	4.167115006953720695e+03	9.720422984207654054e+02	5.706784470981982622e+02
1.663991168687080635e-01	3.996988464110595032e+03	1.116532230535870212e+03	5.883543986673466861e+02
1.727195645776442856e-01	3.789518954654426580e+03	1.084674408242059599e+03	9.378614127867139416e+01
1.789765213377084718e-01	3.512261288571334717e+03	9.160500640927925815e+02	7.045423271236452365e+02
1.852353690647852158e-01	3.293246576449989334e+03	5.593890657045166108e+02	3.667473668129687780e+02
1.914806787341157279e-01	3.131373574978226770e+03	4.763685418849486837e+02	5.106761207048178335e+02
1.977889868651535599e-01	2.927769441236316197e+03	4.507785088387269070e+02	2.099160500691455411e+02
2.040937735447724277e-01	2.764124971159406414e+03	4.242694006369854378e+02	1.045468719072285637e+02
2.103939302609846018e-01	2.634481144699496326e+03	3.511735033458965631e+02	4.346839115221665111e+02
2.166909709822301688e-01	2.467710407975128419e+03	3.780508250186270516e+02	1.035089991297362104e+02
2.229700281216152047e-01	2.358376268279856049e+03	1.562626017672748162e+02	1.795967905906401825e+02
2.292620027086341994e-01	2.267326297154060285e+03	2.105908665818870702e+02	4.311029404071064164e+02
2.355141508366812297e-01	2.148896005452299505e+03	1.010092719997313537e+02	4.661925427766026360e+02
2.417910583817859116e-01	2.080243647077484184e+03	8.110520740610104440e+01	4.830580762343171841e+02
2.480856539439619257e-01	1.952355406741273100e+03	-1.925662207899269873e+01	2.649098740390645048e+02
2.543492256872954549e-01	1.835769035648712588e+03	3.974390799496133297e+01	3.149412289178996502e+02
2.606334251884805386e-01	1.772960887981187625e+03	-8.808908647915581014e+01	3.125332479865442679e+02
2.669257370896960802e-01	1.682021008010180822e+03	-7.692044483946484945e+01	3.510884870589554794e+02
2.732423343141155980e-01	1.623770803275025855e+03	-1.385903392574793713e+02	3.464560611796220542e+02
2.795529680084415936e-01	1.558823200604402018e+03	-1.221475443634706863e+02	3.128741904118166985e+02
2.858366292314493129e-01	1.476676016011384490e+03	-1.629971056584144264e+02	3.017080998122000892e+02
2.920876271394311496e-01	1.447244501640713906e+03	-1.711249780681965831e+02	3.180319861359612901e+02
2.983449844439822751e-01	1.382950026884952877e+03	-2.503770324629205675e+02	3.529647233539886884e+02
3.046382639407197446e-01	1.324302556958965170e+03	-2.426093795762417074e+02	3.100658843098100874e+02
3.109279127003197196e-01	1.267609211848110590e+03	-2.934404782753688892e+02	3.143868966818234867e+02
3.172168171618398036e-01	1.233851778918640093e+03	-2.856098131000267131e+02	3.656467166924866206e+02
3.235187567944423082e-01	1.160490806596653101e+03	-2.931863626490836054e+02	3.146875871589589337e+02
3.298168217550395687e-01	1.120647860286998366e+03	-2.813776575009148928e+02	3.190754006571443142e+02
3.361176429457156667e-01	1.100074415890768478e+03	-3.189430008935512433e+02	3.048781759456795157e+02
3.423700375709273769e-01	1.060719121114260133e+03	-3.535869806205793680e+02	3.312133533447495211e+02
3.486478192666269682e-01	1.025971748287224727e+03	-3.124178204679726605e+02	3.539195790485196653e+02
3.549411614411318028e-01	9.780518000982086733e+02	-3.532111412705814928e+02	3.360258756514603533e+02
3.611916935421040642e-01	9.400130622287426831e+02	-3.479049431759673325e+02	3.143502450021002801e+02
3.674767089563572564e-01	9.287069351248721887e+02	-3.860711451838814696e+02	3.524590202079540404e+02
3.737647795277591056e-01	8.810045309121410355e+02	-3.511762527368868518e+02	3.486482334093075792e+02
3.800654031475132477e-01	8.618819588388846569e+02	-3.667170860904892038e+02	3.120825516175070788e+02
3.863539861259823738e-01	8.283549978393527908e+02	-3.890239899438753355e+02	3.429339798646415147e+02
3.926140181364449755e-01	8.142003548175972583e+02	-3.993453604669779224e+02	3.589296272233885361e+02
3.989264500321934581e-01	7.865439397964090631e+02	-4.033374140833358865e+02	3.687355122812444961e+02
4.052073244576828714e-01	7.548171564368417421e+02	-3.888945797961214339e+02	3.549528624618970980e+02
4.114916477570477182e-01	7.411450442836909360e+02	-3.999927440311217879e+02	3.632256872969007304e+02
4.177814272116491257e-01	7.148215876214383115e+02	-4.013660390953618844e+02	3.580243102097300039e+02
4.240400648725131116e-01	6.885173042635669844e+02	-3.934892397624047362e+02	3.264191287354456108e+02
4.303425690270192283e-01	6.735156022019011743e+02	-4.115227549717270108e+02	3.558215339549047371e+02
4.366358560255625965e-01	6.582890960446732151e+02	-3.874601615419143741e+02	3.456044374784290767e+02
4.428996183220763605e-01	6.349327464215739383e+02	-4.000732110828374175e+02	3.381798839790811257e+02
4.491634418529859563e-01	6.150082642593072251e+02	-4.026695688345140525e+02	3.253609452067371421e+02
4.554414146254732731e-01	6.045602117193457161e+02	-4.030314943502623350e+02	3.628834357054716975e+02
4.617634470301058558e-01	5.832077926157268166e+02	-3.967626226849229170e+02	3.363758408229737142e+02
4.680644242023710433e-01	5.653610729280843543e+02	-3.955609305456640072e+02	3.414345224621621355e+02
4.743485242764365895e-01	5.566717886564281343e+02	-4.029053073822756801e+02	3.355185475653560161e+02
4.806356136815400082e-01	5.415121870203829531e+02	-3.984252447369912034e+02	3.401412687182700552e+02
4.869019258388697646e-01	5.324027728784545843e+02	-4.043653705210165299e+02	3.534418734188987514e+02
4.931697099599955947e-01	5.066071643927934360e+02	-3.905621665617420035e+02	3.166472026632067696e+02
4.994506747144535908e-01	4.970881971859470809e+02	-3.852399637537638455e+02	3.316717103322379216e+02
5.057159051335421429e-01	4.860381823067481264e+02	-3.996102510832802750e+02	3.445961795234224496e+02
5.119923996268095356e-01	4.736453491730681549e+02	-3.888709555171379861e+02	3.316998893854609491e+02
5.183126097768406826e-01	4.595601834270955806e+02	-3.792849378024728821e+02	3.147568830814165608e+02
5.246089638029100000e-01	4.547051011850883242e+02	-3.885660328394222915e+02	3.359602867678207190e+02
5.308757308483337267e-01	4.401795598215697396e+02	-3.829204456681546276e+02	3.184685295560212808e+02
5.371573527946726934e-01	4.298295711043574556e+02	-3.824238220739888447e+02	3.285187092321246496e+02
5.434579563783791256e-01	4.209897307475963544e+02	-3.770743302820202416e+02	3.284294599080116654e+02
5.497430652392217842e-01	4.140850786582826686e+02	-3.751385512052435729e+02	3.260313435934261292e+02
5.559937427501778773e-01	4.055153707686783378e+02	-3.796383409293397904e+02	3.294173252545616606e+02
5.622854676609657654e-01	3.923936858542763844e+02	-3.694741980670888211e+02	3.262715947230456095e+02
5.686011537227265711e-01	3.861180783925728974e+02	-3.678094936447859595e+02	3.133996357552305767e+02
5.748804589422079614e-01	3.784065937409563389e+02	-3.670089139649049343e+02	3.185635282129128996e+02
5.811550210340560296e-01	3.726258782219628642e+02	-3.743234428182622651e+02	3.313696510123936605e+02
5.874394496660968468e-01	3.609438877592087351e+02	-3.613037303211141875e+02	3.113952148431088744e+02
5.937176220296899176e-01	3.532404150709990063e+02	-3.572289659928337073e+02	3.155584615795231116e+02
5.999971954793682505e-01	3.429262710924805333e+02	-3.507541543378432038e+02	3.110710696341648145e+02
6.062679115124277596e-01	3.402345060293887968e+02	-3.562269751451187858e+02	3.101101189836290359e+02
6.125469576444534381e-01	3.330803509865897922e+02	-3.501317786911740200e+02	3.151058685954415068e+02
6.188477733041515272e-01	3.261405124945741818e+02	-3.501418350656459779e+02	3.092446239024694137e+02
6.251310567437898813e-01	3.203835348919940884e+02	-3.495479640724642536e+02	3.150789494576964671e+02
6.314027450383210560e-01	3.124785926992796021e+02	-3.399181537683579677e+02	3.033488661258640491e+02
6.377003562732055375e-01	3.062745153239500269e+02	-3.419572589270375715e+02	3.026862989781211013e+02
6.439857783314556494e-01	2.977728040537357401e+02	-3.347071312299297574e+02	2.986952151782677447e+02
6.502685417166111925e-01	2.933794893871474869e+02	-3.318881457520676577e+02	2.953609368592985902e+02
6.565586117699038216e-01	2.897235451496904943e+02	-3.341735247422661814e+02	2.953025773313141826e+02
6.628369282359254377e-01	2.815346580638710066e+02	-3.280084774996229271e+02	2.945860035925211946e+02
6.691185444962194362e-01	2.784637277871621563e+02	-3.275733772697867039e+02	3.001831783177977400e+02
6.754070198575605755e-01	2.718319424722111535e+02	-3.188419773097503480e+02	2.904421873376212488e+02
6.816835514593204692e-01	2.680265119573055017e+02	-3.198161065873413236e+02	2.908896390074465330e+02
6.879592533861698112e-01	2.631850640698456800e+02	-3.169205768065832558e+02	2.870486020142387247e+02
6.942344317039531587e-01	2.586444430310267535e+02	-3.169679152094064989e+02	2.915496431096079277e+02
7.005175402434737908e-01	2.537553867303825541e+02	-3.101467826776070638e+02	2.833797623166231006e+02
7.068124956608716758e-01	2.483390061705068774e+02	-3.043250488221976866e+02	2.805849809652409590e+02
7.131019009674921527e-01	2.428620259006769118e+02	-3.003359056189973444e+02	2.759533226762160325e+02
7.193918251171427247e-01	2.416079888035176566e+02	-3.036544220247905059e+02	2.824343268428033298e+02
7.256833807598113140e-01	2.363765944373447496e+02	-2.988798884657466033e+02	2.784184844530097962e+02
7.319652682709349989e-01	2.317753069590683594e+02	-2.955192038932839296e+02	2.707679344532943446e+02
7.382507990484923344e-01	2.279956031397826450e+02	-2.935160130678077621e+02	2.723659153769389150e+02
7.445265842115937893e-01	2.237502511340055378e+02	-2.903683571900190259e+02	2.707551607994863048e+02
7.507871101942712455e-01	2.200042587213081049e+02	-2.860803519373849326e+02	2.680666406819566419e+02
7.570758465316046459e-01	2.152582607872660674e+02	-2.795480732339652263e+02	2.598947938729684779e+02
7.633641233600957365e-01	2.127492208244318306e+02	-2.814726816344774534e+02	2.617170037676208949e+02
7.696462959862266917e-01	2.063477856163238471e+02	-2.717350645803402358e+02	2.535021239095408134e+02
7.759394865175414102e-01	2.050285092342764699e+02	-2.706613307943359246e+02	2.550255010732473409e+02
7.822329141989586843e-01	2.027130991945687128e+02	-2.725237678628085405e+02	2.573170267210065276e+02
7.885314936520240181e-01	1.968360684432636560e+02	-2.654380175892488296e+02	2.492761549909161545e+02
7.947896566979522071e-01	1.972811691244454835e+02	-2.696124240043798181e+02	2.568744275647945301e+02
8.010491096592354809e-01	1.941696744130013315e+02	-2.665913063466499011e+02	2.545194752025319076e+02
8.073364061727361651e-01	1.889530188919732439e+02	-2.589973179873920230e+02	2.474748775950986044e+02
8.136229488373866170e-01	1.858081965267131466e+02	-2.569225676231880584e+02	2.445623408026677623e+02
8.199152998961036776e-01	1.841723024809757874e+02	-2.567085241815763084e+02	2.452056159387738035e+02
8.261952636392789762e-01	1.813786762872900624e+02	-2.544132587857493490e+02	2.446359860454774093e+02
8.324897070080405914e-01	1.784622384888461397e+02	-2.514723280164915593e+02	2.423667670563381193e+02
8.387959309210778480e-01	1.761079575280253380e+02	-2.492457797492749876e+02	2.410224933241460690e+02
8.450634639703045181e-01	1.727554196591751463e+02	-2.460471004438934699e+02	2.375718831756654197e+02
8.513282867562648182e-01	1.700376433990939802e+02	-2.428391176277192187e+02	2.361519045238765671e+02
8.576198263902009566e-01	1.682079037990774566e+02	-2.417496203502585672e+02	2.352076331840019350e+02
8.639058477062415697e-01	1.634454075716158172e+02	-2.340795343646640561e+02	2.266913087044933377e+02
8.701838745487597837e-01	1.631996299753718063e+02	-2.367108283406982139e+02	2.311525553516549110e+02
8.764641096075268534e-01	1.602376586944897952e+02	-2.331638414223191944e+02	2.268415187602851120e+02
8.827503873399735745e-01	1.579504312631971459e+02	-2.303643174616554461e+02	2.242765637258132756e+02
8.890332768393869323e-01	1.552761612762932089e+02	-2.276375508321768280e+02	2.225915311079626235e+02
8.953084247113127780e-01	1.539468248332146061e+02	-2.263963139415791090e+02	2.224388410221096706e+02
9.015956521667095602e-01	1.530373452837384889e+02	-2.281875840653609089e+02	2.251456246128304031e+02
9.078833328094829680e-01	1.493255648967401044e+02	-2.225843191605012805e+02	2.198262991484724296e+02
9.141744106319863450e-01	1.483205113859056894e+02	-2.222850533524671732e+02	2.204992506461038317e+02
9.204630817717615043e-01	1.455980114824467080e+02	-2.183066745937769042e+02	2.174161298762836907e+02
9.267434415264711456e-01	1.439559302741055262e+02	-2.173454140282988476e+02	2.161250961760999871e+02
9.330324197354928906e-01	1.421027883411910011e+02	-2.143993579636762092e+02	2.142952576786930763e+02
9.393265785573878812e-01	1.403599879782269397e+02	-2.132569891020934563e+02	2.119418145205422093e+02
9.455974810398196650e-01	1.384131533109760142e+02	-2.108759245635168611e+02	2.117655450981279159e+02
9.518660018545171964e-01	1.352727694025411722e+02	-2.058779699223401849e+02	2.052407566346859369e+02
9.581413255531838757e-01	1.340383937658095590e+02	-2.059284292428697825e+02	2.076016159811470629e+02
9.644350945109106954e-01	1.335893240647959885e+02	-2.064069943818486195e+02	2.075022163260778143e+02
9.707355633568249820e-01	1.307560709556280756e+02	-2.023194781534531899e+02	2.040814487538040112e+02
9.770080768450029041e-01	1.295225259848579924e+02	-2.004035972377741928e+02	2.025129270241612289e+02
9.832823325363413414e-01	1.270822655267263599e+02	-1.967874107074393635e+02	1.986932285414943635e+02
9.895569691966674686e-01	1.268425409861875863e+02	-1.992737686099080179e+02	2.029341633116329717e+02
9.958456301921106979e-01	1.243170861928847302e+02	-1.942841371615009791e+02	1.973108914814210664e+02
1.002136210743837408e+00	1.226925330987145486e+02	-1.925086833272590638e+02	1.957725240381093954e+02
1.008404825335135424e+00	1.207292239527531734e+02	-1.900625316510158314e+02	1.928140302486362430e+02
1.014694149836243398e+00	1.201104325099014005e+02	-1.894155052389714626e+02	1.933505949801468091e+02
1.020992555437297167e+00	1.188075891719548594e+02	-1.879154896282059042e+02	1.922510340874777057e+02
1.027273980437394485e+00	1.163480063170174077e+02	-1.835699722785236929e+02	1.873668736579720360e+02
1.033559181896017254e+00	1.159052095553306998e+02	-1.839929949532530031e+02	1.882678001191351882e+02
1.039847557392594934e+00	1.140823975502301124e+02	-1.819826952507960414e+02	1.872995782548194938e+02
1.046126974943305088e+00	1.133008571864137366e+02	-1.811074111291296163e+02	1.869126245589366135e+02
1.052403436811028659e+00	1.113277118677069808e+02	-1.785147790346009629e+02	1.853164369232346473e+02
1.058680704651608684e+00	1.098093449379066158e+02	-1.758983200479177924e+02	1.821107741125617281e+02
1.064964333065789193e+00	1.091361744870979607e+02	-1.754280394366253972e+02	1.817281426890616842e+02
1.071256777440835473e+00	1.066137084908555011e+02	-1.711246391121192119e+02	1.775499728851136467e+02
1.077544048801078125e+00	1.058585306795054919e+02	-1.703711394037163132e+02	1.771316582658666903e+02
1.083824820188043603e+00	1.040760310105932689e+02	-1.678957516966625292e+02	1.744702014331695068e+02
1.090108023942816695e+00	1.040223034487422780e+02	-1.691532830936945118e+02	1.764962421253428602e+02
1.096389665956643222e+00	1.030388257312045113e+02	-1.678057878164805174e+02	1.756623026025336571e+02
1.102681132058841440e+00	1.011060418198339761e+02	-1.640752414841890356e+02	1.716969222649655364e+02
1.108963047594879958e+00	9.985497377241678407e+01	-1.623907453923170294e+02	1.705997828617481673e+02
1.115225428463759272e+00	9.862722435708647595e+01	-1.607931391238776939e+02	1.687878181329960512e+02
1.121502127614767863e+00	9.793111731557709732e+01	-1.602511363434372242e+02	1.683463617644085559e+02
1.127792573824792033e+00	9.707709349187152270e+01	-1.594903526391327944e+02	1.685169733944817096e+02
1.134089552668382961e+00	9.591767770885610389e+01	-1.575037877521497194e+02	1.662418978060046584e+02
1.140364049650405942e+00	9.442550955142115754e+01	-1.551237132288095495e+02	1.633409913238813544e+02
1.146639180320979445e+00	9.377927952940946454e+01	-1.544207829763219308e+02	1.636471838353831174e+02
1.152942412991649901e+00	9.256333129974582619e+01	-1.524538803915861251e+02	1.615492995418586588e+02
1.159228906751078814e+00	9.128370813436971787e+01	-1.506951643067144744e+02	1.593286920925314973e+02
1.165508721887268173e+00	9.054043771340397484e+01	-1.500078850138226869e+02	1.596034481377842269e+02
1.171793076256210320e+00	9.000493458336231356e+01	-1.495019338136266640e+02	1.592974023531253351e+02
1.178087436369658958e+00	8.925078453826016300e+01	-1.487609273790501732e+02	1.586573547444646692e+02
1.184367654251526902e+00	8.808925707676006311e+01	-1.462358672774251716e+02	1.564105301540046753e+02
1.190634642299266632e+00	8.693340950625773189e+01	-1.447847231280681797e+02	1.549589871394934164e+02
1.196912208834400859e+00	8.625765410954778645e+01	-1.441082042363599953e+02	1.545713246334689472e+02
1.203201577354146234e+00	8.579208680474117443e+01	-1.433371545145121218e+02	1.537907791045629438e+02
1.209486844441705733e+00	8.434529598864180855e+01	-1.406547603730935236e+02	1.513997087839275935e+02
1.215763902074809888e+00	8.417881527836541977e+01	-1.412210988501558120e+02	1.519322033529465159e+02
1.222049755171146668e+00	8.241009221648037908e+01	-1.378012722452974401e+02	1.481257389451520226e+02
1.228340616621486969e+00	8.180232877231067334e+01	-1.372815206986016392e+02	1.481311313903399309e+02
1.234632986576932767e+00	8.087661454797526517e+01	-1.356314044660581430e+02	1.466389696146695485e+02
1.240902247176856488e+00	7.999669570185035639e+01	-1.342730529918794105e+02	1.451751678204550444e+02
1.247174839144687519e+00	7.979474503024800924e+01	-1.345525432901008571e+02	1.458378215575511376e+02
1.253465459933442272e+00	7.856514864319994729e+01	-1.322135451281632186e+02	1.435053184992196122e+02
1.259749951892178421e+00	7.789454453755611496e+01	-1.315843629153165466e+02	1.427603194607817727e+02
1.266032143127253873e+00	7.692532273947185217e+01	-1.297084832624922228e+02	1.406589020637481724e+02
1.272316288472006507e+00	7.625363560642617244e+01	-1.287511027449390610e+02	1.400150154877321143e+02
1.278604155058621350e+00	7.546866910639023729e+01	-1.275698147553987383e+02	1.390611999607203870e+02
1.284886588933593865e+00	7.532653023623349497e+01	-1.276498673131366672e+02	1.392172573168867586e+02
1.291175420066583257e+00	7.447657142346055537e+01	-1.260119289318844835e+02	1.378298842279532721e+02
1.297465726373772332e+00	7.327919552218043009e+01	-1.239395036180220586e+02	1.357990650229950234e+02
1.303741827011944299e+00	7.273288088770338788e+01	-1.231408378511140853e+02	1.347959177772626447e+02
1.310017322922761851e+00	7.226142288375842782e+01	-1.225721314631185948e+02	1.347358999631084089e+02
1.316301447662886703e+00	7.134103693893413833e+01	-1.210079201305935754e+02	1.328082460827763782e+02
1.322586760363303249e+00	7.097750475836706130e+01	-1.207193945402432291e+02	1.330735982132546837e+02
1.328865492452874664e+00	7.025367796060814385e+01	-1.194742290003915741e+02	1.312494199985846706e+02
1.335144804954555564e+00	6.978130978259709138e+01	-1.187656794807041365e+02	1.309807901683560942e+02
1.341440516272275119e+00	6.957796623994687479e+01	-1.190104889919307283e+02	1.317711244144394982e+02
1.347730868417094552e+00	6.859539591891322630e+01	-1.171208759782859232e+02	1.290540840118698043e+02
1.354001589994877630e+00	6.814605668498123237e+01	-1.162409803558291230e+02	1.286912537656703535e+02
1.360282609297778444e+00	6.755701182664981275e+01	-1.152551852039239151e+02	1.274380874401220751e+02
1.366565686457597906e+00	6.671828476656806117e+01	-1.139747656352825231e+02	1.260796130736093374e+02
1.372851498482432708e+00	6.584216968616460974e+01	-1.120685155867686404e+02	1.243835255068176195e+02
1.379135372929401804e+00	6.551732758156084913e+01	-1.117928963665596882e+02	1.243246494966370363e+02
1.385409567149057164e+00	6.521451976283718466e+01	-1.116933442066100213e+02	1.241442494193802304e+02
1.391698641219299315e+00	6.414512134802377830e+01	-1.093554166895295339e+02	1.214522925303843977e+02
1.397984451439470810e+00	6.409461001701504301e+01	-1.097138819415722395e+02	1.225457520434469387e+02
1.404267883409181961e+00	6.358778128395430684e+01	-1.089072270994894609e+02	1.215766972170744964e+02
1.410554779484869181e+00	6.287105277784826995e+01	-1.076217979194621392e+02	1.200931291891855892e+02
1.416837833547465397e+00	6.222787895792143331e+01	-1.065990653069838032e+02	1.188078824862683405e+02
1.423118177187137068e+00	6.172219868186763136e+01	-1.057139172747563265e+02	1.179959159032369342e+02
1.429397801164240089e+00	6.090488597462060483e+01	-1.041664596139663530e+02	1.166020897258161284e+02
1.435686921822787232e+00	6.045015156745210305e+01	-1.034230658264765594e+02	1.156002861370325547e+02
1.441977121769299597e+00	6.058559060914276984e+01	-1.041839614590863903e+02	1.167371915756097565e+02
1.448253667853332427e+00	5.993140797908404949e+01	-1.027852145528591166e+02	1.153807096690912033e+02
1.454532348972172651e+00	5.931786092420626488e+01	-1.017686801649664119e+02	1.140011418390553644e+02
1.460819319151879903e+00	5.888457908517987960e+01	-1.010188356769564564e+02	1.135538085622773821e+02
1.467110364402026468e+00	5.833744197606374371e+01	-9.990807210871625443e+01	1.122709541327736815e+02
1.473392908948962132e+00	5.797408067107131302e+01	-9.956019940795054879e+01	1.119559802807026188e+02
1.479669965243598950e+00	5.735072448027457170e+01	-9.844257077097675790e+01	1.108284350359629684e+02
1.485956144602843532e+00	5.674775266861118439e+01	-9.718986302276412914e+01	1.092743489758888416e+02
1.492233610763115115e+00	5.661893778032392532e+01	-9.722301310963362653e+01	1.098631637121910813e+02
1.498502470379980078e+00	5.592117718560875517e+01	-9.585016975544921536e+01	1.082196194762680506e+02
1.504785752051182701e+00	5.535710671820343265e+01	-9.467301604391535363e+01	1.069245316821954646e+02
1.511075991894575976e+00	5.495240637148211249e+01	-9.411819894507937079e+01	1.061721155022290759e+02
1.517361634985162189e+00	5.506519974595445888e+01	-9.453543669385361170e+01	1.070314961177074622e+02
1.523648570969130533e+00	5.449021558817522504e+01	-9.363302065119347617e+01	1.060394591736865522e+02
1.529938035715892264e+00	5.381320131974048593e+01	-9.215924504922557503e+01	1.043321429206472430e+02
1.536230176913891965e+00	5.355211837362730876e+01	-9.172937489605151029e+01	1.039540686139141030e+02
1.542510718779388279e+00	5.309723250273916051e+01	-9.091810194115919330e+01	1.030131570398071119e+02
1.548783963082980275e+00	5.273961301729789852e+01	-9.045523803879117963e+01	1.027114489637447576e+02
1.555073069779651318e+00	5.229621552452429256e+01	-8.959822208369365626e+01	1.018203467360751375e+02
1.561357324927233892e+00	5.188930895002597765e+01	-8.912406251995444961e+01	1.013860434603134877e+02
1.567629121053141006e+00	5.144121236262191843e+01	-8.799212617798515623e+01	1.000625742279184180e+02
1.573913697404382583e+00	5.103046704640895825e+01	-8.740525731259525344e+01	9.942709995939867440e+01
1.580203545230874029e+00	5.058097896775051794e+01	-8.651040771210927005e+01	9.835729283000759438e+01
1.586485393434537983e+00	5.011115289498243186e+01	-8.554524192408803174e+01	9.725189177659933648e+01
1.592760014263005841e+00	5.000662631390481749e+01	-8.555654886267859638e+01	9.723184151636887407e+01
1.599046436394670812e+00	4.950339051378514199e+01	-8.461236516546011899e+01	9.649379463047452532e+01
1.605342136637478934e+00	4.924316648831845100e+01	-8.422609953392516502e+01	9.609842269764129696e+01
1.611619860919608627e+00	4.881590135563749300e+01	-8.347253529158703600e+01	9.512847852543166027e+01
1.617897597081673799e+00	4.856712229673541970e+01	-8.298448985189332916e+01	9.487003108328333667e+01
1.624183235481122756e+00	4.801481692321224415e+01	-8.184754146058212143e+01	9.324547163329488342e+01
1.630464598531913722e+00	4.782163678605499513e+01	-8.176202794240987259e+01	9.343089828770274607e+01
1.636748985747638274e+00	4.751058583183757378e+01	-8.106654006474975915e+01	9.276973684827744648e+01
1.643030923698886259e+00	4.738985146750978572e+01	-8.100866712037641548e+01	9.261675614377443821e+01
1.649309176648513064e+00	4.666813779441355337e+01	-7.939939087311599053e+01	9.084337001118781529e+01
1.655593633940351861e+00	4.642980137857357903e+01	-7.912696233103631016e+01	9.062244555677358449e+01
1.661879571405086464e+00	4.618449953762689830e+01	-7.852675683327895229e+01	9.013046138821920295e+01
1.668169361685170271e+00	4.591099267263007988e+01	-7.814849374966146911e+01	8.958527382198965938e+01
1.674450151530487485e+00	4.572831094821468412e+01	-7.796990305377055108e+01	8.952642907915850401e+01
1.680722718978495900e+00	4.512873524025351912e+01	-7.661645430141780366e+01	8.780638490109237182e+01
1.687013891340952476e+00	4.503024298661271985e+01	-7.661523803177941261e+01	8.791824700965327111e+01
1.693308984907921033e+00	4.472049643247571282e+01	-7.606067098716640373e+01	8.730698079095535036e+01
1.699582147428448486e+00	4.420588941564865593e+01	-7.490197948475406520e+01	8.602006101400557725e+01
1.705863747055134105e+00	4.400059106647425722e+01	-7.462234540716804077e+01	8.570392527757466894e+01
1.712154434283889470e+00	4.382646009747183058e+01	-7.443435430439632228e+01	8.574209774215432844e+01
1.718438381579399321e+00	4.368331714267795718e+01	-7.423732003074472630e+01	8.536748834956800636e+01
1.724721264464063930e+00	4.301803168693966484e+01	-7.272004906954133219e+01	8.360799666061585356e+01
1.730997441276920679e+00	4.278888519475553665e+01	-7.233248739445811282e+01	8.319213718362911436e+01
1.737287073528269499e+00	4.250798431722117954e+01	-7.181519081208374189e+01	8.265375260614096931e+01
1.743567991878527401e+00	4.245574568672227400e+01	-7.189906482181719127e+01	8.290819009448060228e+01
1.749840680212231048e+00	4.213718425424081460e+01	-7.120719499030147404e+01	8.208778451095106732e+01
1.756128549091961144e+00	4.192925711291507440e+01	-7.088006095064241663e+01	8.179700580109165742e+01
1.762413535324792502e+00	4.161245961817346029e+01	-7.040353552684760530e+01	8.112639825252537662e+01
1.768696187669963837e+00	4.132452494071348070e+01	-6.977634131325690703e+01	8.052338851052188318e+01
1.774979359379055266e+00	4.092515187488294970e+01	-6.898684879965260563e+01	7.967475003753928320e+01
1.781265555576432957e+00	4.059895084967515544e+01	-6.823840424360560064e+01	7.872443989472634485e+01
1.787549427830244619e+00	4.061327575173871907e+01	-6.844112034647154985e+01	7.901269982246198254e+01
1.793834120011633004e+00	4.027062840140585109e+01	-6.775768522940073524e+01	7.830471827737311230e+01
1.800115051552487300e+00	3.993620523563433267e+01	-6.711007240892671177e+01	7.748069133134389119e+01
1.806393904854530330e+00	3.960157029302178699e+01	-6.638361688881518319e+01	7.659192172068247828e+01
1.812674089667083432e+00	3.952899572556765406e+01	-6.641909498081520269e+01	7.698453687687673153e+01
1.818956920109354058e+00	3.917215858895112746e+01	-6.562571343841821658e+01	7.591260433033907873e+01
1.825244164118212220e+00	3.905500293560909597e+01	-6.543944321839229872e+01	7.584985852625781888e+01
1.831527256642196955e+00	3.878510513371661972e+01	-6.488312503054470426e+01	7.515812287053714158e+01
1.837811294935716599e+00	3.851841361096567340e+01	-6.444085599106016105e+01	7.462126399408283817e+01
1.844100717411196744e+00	3.821666512157280238e+01	-6.385096062804060324e+01	7.395313198371795238e+01
1.850384816792487230e+00	3.802200503702844969e+01	-6.340875766514079004e+01	7.352168588976253716e+01
1.856666059735203822e+00	3.785859789476829462e+01	-6.324754433693688327e+01	7.334214322419369125e+01
1.862947728675613979e+00	3.746508275203766658e+01	-6.229158874353210962e+01	7.224575998009322575e+01
1.869229324466858078e+00	3.763205705118936351e+01	-6.291214141887289202e+01	7.312653241587327102e+01
1.875517616802973686e+00	3.711628921039302043e+01	-6.167829568994275036e+01	7.150869744017923324e+01
1.881800769033795229e+00	3.689794167542259373e+01	-6.132314819084027846e+01	7.118757250399920622e+01
1.888078863416442710e+00	3.667210590813267856e+01	-6.079873502181192180e+01	7.046587236000088694e+01
1.894353975182237582e+00	3.660176716388793494e+01	-6.072227096472557406e+01	7.059057952221236576e+01
1.900642716154182565e+00	3.625324365169201002e+01	-5.999481323755110651e+01	6.972140575417790842e+01
1.906933494748685121e+00	3.602014600361101770e+01	-5.943611211403654693e+01	6.913410354297231208e+01
1.913207568676573933e+00	3.577496279379194988e+01	-5.905917596594107266e+01	6.864227393381779052e+01
1.919490884732178992e+00	3.574403792734013052e+01	-5.913065623893994172e+01	6.885238947448927149e+01
1.925776855684274480e+00	3.548611585097766863e+01	-5.852217993210926750e+01	6.800591928971613243e+01
1.932064452961978152e+00	3.526026974291233529e+01	-5.812379821923588707e+01	6.757740020699878869e+01
1.938342610030488800e+00	3.495948562104856450e+01	-5.746322933931621435e+01	6.675364166094475138e+01
1.944618341543410178e+00	3.493986198222482642e+01	-5.751105389903651144e+01	6.698932320266079898e+01
1.950906260203513876e+00	3.477789182569701865e+01	-5.720376642539103784e+01	6.653553028067837261e+01
1.957194556613796488e+00	3.447415731670974282e+01	-5.664191158251446012e+01	6.592118636162611267e+01
1.963479614559011432e+00	3.437316455320846842e+01	-5.646233331858900328e+01	6.581387364429853903e+01
1.969760361532916226e+00	3.406594910573049617e+01	-5.577985325251856352e+01	6.509214906885806329e+01
1.976048367034604736e+00	3.401717032103755400e+01	-5.579703735563931133e+01	6.498293605762428626e+01
1.982337990217652335e+00	3.359961414266151536e+01	-5.483676032989557569e+01	6.394995447212095030e+01
1.988617489259562721e+00	3.343102044978665788e+01	-5.456402077893341840e+01	6.362839165768242111e+01
1.994896320665194178e+00	3.324563149717472044e+01	-5.408204492557659648e+01	6.317469048502065476e+01
2.001179596222827151e+00	3.327629236345087804e+01	-5.426679358622020999e+01	6.338988670874267939e+01
2.007459756923499761e+00	3.305617937979390319e+01	-5.387121351642261402e+01	6.286887264280795051e+01
2.013737397779169935e+00	3.273467638226026821e+01	-5.315081912948450338e+01	6.199668902457137420e+01
2.020017234677497164e+00	3.256701131345391076e+01	-5.273521524296950247e+01	6.170223277423651354e+01
2.026310251015072783e+00	3.252283554281697775e+01	-5.273348049249530334e+01	6.173167329876075371e+01
2.032600542948020284e+00	3.232222116464953388e+01	-5.236445212597810439e+01	6.119098072100575081e+01
2.038873863192099289e+00	3.205923872136332164e+01	-5.181237327820325334e+01	6.056800304547727620e+01
2.045154087821675404e+00	3.188631870340419638e+01	-5.133518234634507138e+01	6.005131119153551111e+01
2.051444704514288730e+00	3.189956165914572495e+01	-5.145371807969581823e+01	6.026925336326326033e+01
2.057730430280644729e+00	3.163435442796077979e+01	-5.094967216031278667e+01	5.971712242187469855e+01
2.064013940455224461e+00	3.159896204016480681e+01	-5.085434609865723843e+01	5.964388010419402519e+01
2.070299891179459895e+00	3.125586976176364118e+01	-5.013875357115941256e+01	5.863516725746980285e+01
2.076589719964883951e+00	3.120857854782894947e+01	-5.006020149437338063e+01	5.883451438114778398e+01
2.082865483794470673e+00	3.100171994488727734e+01	-4.960978444803131282e+01	5.804124812846688286e+01
2.089134494859368640e+00	3.088179651683008231e+01	-4.948268195030129135e+01	5.797476759169706639e+01
2.095424211360070288e+00	3.082193364828258098e+01	-4.927184558191673602e+01	5.787178656479308358e+01
2.101707116664804254e+00	3.039211371988115573e+01	-4.836367995397088038e+01	5.670186375096342601e+01
2.107986473933564309e+00	3.045630445297020827e+01	-4.855508421461848201e+01	5.697828416838535048e+01
2.114271806543862375e+00	3.025795955698249173e+01	-4.821771125188907092e+01	5.656378792169949321e+01
2.120552717288892275e+00	3.014247876063425124e+01	-4.793663801149833859e+01	5.629614415064546762e+01
2.126836933207161717e+00	2.994313008079185678e+01	-4.757830192801937130e+01	5.594874146320456987e+01
2.133122044791171845e+00	2.978469380873203676e+01	-4.723850786077722574e+01	5.549879384771318058e+01
2.139411711910842673e+00	2.972686883793318202e+01	-4.708805245948253315e+01	5.533223210418681504e+01
2.145697076775292089e+00	2.960240685152117024e+01	-4.691444420533348847e+01	5.515787230763154270e+01
2.151973548606471276e+00	2.935107109694647320e+01	-4.638695666378840343e+01	5.448118612077220746e+01
2.158259913555724108e+00	2.930646245984372555e+01	-4.625991685352930460e+01	5.430847294641040435e+01
2.164545396699105506e+00	2.901868611164722367e+01	-4.563504344545664537e+01	5.361413449596334146e+01
2.170830700377734068e+00	2.899874757654940183e+01	-4.563004105877338645e+01	5.363155622584658744e+01
2.177114138849150393e+00	2.879742898577935506e+01	-4.517072667314442924e+01	5.318920874560100742e+01
2.183387647576827018e+00	2.859509655476676215e+01	-4.465243449025189904e+01	5.266136955265370290e+01
2.189670273687676971e+00	2.866462708345602550e+01	-4.496273085886954135e+01	5.296894333660674192e+01
2.195960147934207463e+00	2.850740852738059061e+01	-4.458111738043746186e+01	5.250973703858217334e+01
2.202242556317716371e+00	2.834352500642164685e+01	-4.420129782331571988e+01	5.214789743082691587e+01
2.208521655981037668e+00	2.815180246889789117e+01	-4.389324813676746118e+01	5.179589742233548577e+01
2.214804637081333016e+00	2.808621558512753325e+01	-4.375927460052425033e+01	5.160463701631783806e+01
2.221092583349425276e+00	2.798666907076537669e+01	-4.355654677119090223e+01	5.144820776413418884e+01
2.227372893591468728e+00	2.777798888437477487e+01	-4.305830081148020128e+01	5.076846387364312108e+01
2.233657161144248171e+00	2.778081558585575905e+01	-4.315066540114734295e+01	5.101803432251571735e+01
2.239943485394438660e+00	2.752866409805499615e+01	-4.249186577065827919e+01	5.015005565015766820e+01
2.246224175264620815e+00	2.755883247272071657e+01	-4.266351876249143515e+01	5.042573143333658692e+01
2.252506378421252009e+00	2.721941302941671381e+01	-4.189440725797188492e+01	4.947443959692917304e+01
2.258783417054270437e+00	2.710292475791687039e+01	-4.163020856377423939e+01	4.916213498919955782e+01
2.265069077371457684e+00	2.713044569474813272e+01	-4.177683301557036799e+01	4.940858451917652872e+01
2.271350377044131452e+00	2.683894459258292287e+01	-4.108076326067028106e+01	4.860763989650303785e+01
2.277633995145353918e+00	2.687411557519449445e+01	-4.115623857651502249e+01	4.879030459774329387e+01
2.283922419579920149e+00	2.668980357491188471e+01	-4.074999626669148256e+01	4.814206928804527053e+01
2.290202874392252674e+00	2.657064328029847644e+01	-4.054085992651353365e+01	4.802640659992130168e+01
2.296490779970905560e+00	2.658203646880634352e+01	-4.057914580923689840e+01	4.809662328737788783e+01
2.302771769934229162e+00	2.638827822904177722e+01	-4.018103338963046411e+01	4.754850604216013465e+01
2.309051364164305564e+00	2.635795248733044360e+01	-4.006606939069032336e+01	4.755215670451415377e+01
2.315338502539088239e+00	2.609609218070801973e+01	-3.949168010256310168e+01	4.678228599755792061e+01
2.321627336503874428e+00	2.608633022352051611e+01	-3.954693751494664156e+01	4.693528584169857965e+01
2.327911878297218795e+00	2.600762103295303262e+01	-3.932407467506529741e+01	4.669190377847248641e+01
2.334186238580297168e+00	2.581763139035306764e+01	-3.886644162939411018e+01	4.619492638080575375e+01
2.340467971862688401e+00	2.572702738140140255e+01	-3.874022772601410480e+01	4.597559285490216752e+01
2.346756940970738725e+00	2.561071226519367627e+01	-3.846943500447733300e+01	4.576485038919775405e+01
2.353044444556199988e+00	2.556240894205344816e+01	-3.840189894821361349e+01	4.554166622912246254e+01
2.359327653314069906e+00	2.545907196158502472e+01	-3.816260944551348899e+01	4.543243890693815246e+01
2.365603048789861607e+00	2.530661099820505910e+01	-3.775913806380386006e+01	4.490079700635188686e+01
2.371885911737665165e+00	2.526094894852050743e+01	-3.777024578767615282e+01	4.499698807161318115e+01
2.378173303594019572e+00	2.510279212659902370e+01	-3.739807207398170874e+01	4.455116434001525505e+01
2.384454016539381271e+00	2.511905676613588057e+01	-3.747164157874881596e+01	4.466627851559840678e+01
2.390736447344785187e+00	2.498085090249830742e+01	-3.714148830013299829e+01	4.423530007755843485e+01
2.397014133897952259e+00	2.488860385571054579e+01	-3.688153949843166401e+01	4.404118502570823779e+01
2.403295490074321972e+00	2.490651804602866548e+01	-3.701546898316388479e+01	4.416668070887810416e+01
2.409585049672506862e+00	2.475256245430951552e+01	-3.661989686096070784e+01	4.377451836368599203e+01
2.415871703165322071e+00	2.455028058478320929e+01	-3.623658727323891782e+01	4.319914566391566524e+01
2.422160652369088840e+00	2.447475194709458890e+01	-3.606318862819352944e+01	4.304716101405353612e+01
2.428440167222748691e+00	2.449623361371147467e+01	-3.602922989589523439e+01	4.319240437279145794e+01
2.434717472383889803e+00	2.437054160291842564e+01	-3.579958938151823133e+01	4.276643181659564164e+01
2.441002456202044257e+00	2.431158444399446950e+01	-3.564402970877463872e+01	4.275292734575914722e+01
2.447289980304530488e+00	2.418154516619496164e+01	-3.534160095064515872e+01	4.231024690115879849e+01
2.453571844729242279e+00	2.414647704991583410e+01	-3.525026942371829364e+01	4.235502848433754508e+01
2.459852705114058846e+00	2.413605626831036943e+01	-3.528117659940487982e+01	4.227286877819535960e+01
2.466139233225018934e+00	2.391917016290311437e+01	-3.476982639041935386e+01	4.167230893386503254e+01
2.472421963421291391e+00	2.387312131258457626e+01	-3.466271011269653002e+01	4.165937983367934550e+01
2.478698519174224568e+00	2.381195419577943895e+01	-3.452468192265192215e+01	4.144264525395983867e+01
2.484980841400355800e+00	2.368624520141302270e+01	-3.424021801624677863e+01	4.113819436008437691e+01
2.491269319409339822e+00	2.357104008996953937e+01	-3.398556074539270355e+01	4.083915140968956337e+01
2.497548505139029373e+00	2.348798857345792257e+01	-3.381167210679435442e+01	4.062916862145866759e+01
2.503831667172610853e+00	2.348973017051954670e+01	-3.379574981964898228e+01	4.068698806627838849e+01
2.510117938323931153e+00	2.343355132558158971e+01	-3.372445483142963951e+01	4.060049562349194474e+01
2.516400733681277480e+00	2.329535626789155600e+01	-3.336467629326685369e+01	4.018815004859601459e+01
2.522688226833368130e+00	2.324054296503373962e+01	-3.332242898067368486e+01	4.014148115497901159e+01
2.528971695852665569e+00	2.328581945820746668e+01	-3.332015157980254827e+01	4.021490157428264922e+01
2.535252039407670299e+00	2.316446047123481833e+01	-3.301639729689173919e+01	3.984193856099034292e+01
2.541537514142774512e+00	2.305890754348711269e+01	-3.283791446482583609e+01	3.964369404065255509e+01
2.547823008847572179e+00	2.295735076459450852e+01	-3.255281892104300567e+01	3.934294104604197884e+01
2.554100666580690238e+00	2.289259221669446021e+01	-3.251658092829483593e+01	3.933613847620848247e+01
2.560376788884177301e+00	2.282454908325858511e+01	-3.222715646732946482e+01	3.902921692313946522e+01
2.566667521601497359e+00	2.279317062123027782e+01	-3.219670319931680780e+01	3.902997806077779330e+01
2.572955062237090473e+00	2.272548140519546678e+01	-3.197402418069353658e+01	3.879886404868904748e+01
2.579233771797999175e+00	2.260570155125338943e+01	-3.177580495420900064e+01	3.858243619989239193e+01
2.585520164300948220e+00	2.263555720396247750e+01	-3.184653110977527746e+01	3.858590039584237275e+01
2.591805130332431872e+00	2.256809456565737548e+01	-3.161177140900112192e+01	3.839554299132404935e+01
2.598084074692260881e+00	2.249087760365495114e+01	-3.145637338718731968e+01	3.829815872715550995e+01
2.604360404197643586e+00	2.235591380006471596e+01	-3.120362849233388403e+01	3.781256730507254105e+01
2.610647185140439142e+00	2.241803719588368438e+01	-3.130398039633044149e+01	3.812142309860934830e+01
2.616931864059273138e+00	2.228943968875377379e+01	-3.098220153670659727e+01	3.769105415576172646e+01
2.623206107911065565e+00	2.229684761430153017e+01	-3.096200043989559347e+01	3.783010382683931994e+01
2.629491626543270844e+00	2.219482413443164504e+01	-3.077379387654586296e+01	3.743728973779232660e+01
2.635778507982642349e+00	2.216051342713556949e+01	-3.064626338252142546e+01	3.744850137222225328e+01
2.642061039325260818e+00	2.217708839726755343e+01	-3.072752562725133529e+01	3.757557153291628538e+01
2.648343840729305843e+00	2.207664751118703705e+01	-3.046721784072041928e+01	3.725756038320022157e+01
2.654631838974855551e+00	2.196734162176338501e+01	-3.019592453266536225e+01	3.691451362511445922e+01
2.660919001246303761e+00	2.201074560256957469e+01	-3.028001905950540618e+01	3.712322967136141472e+01
2.667198525130066056e+00	2.189884547357216960e+01	-3.004584774926916424e+01	3.684215701679384836e+01
2.673484307038032526e+00	2.186584078478968607e+01	-2.997365926989359153e+01	3.673863629914868056e+01
2.679773388053849459e+00	2.175357885298188876e+01	-2.961439564979538730e+01	3.641346685384926474e+01
2.686058217632288692e+00	2.173277464131986036e+01	-2.961605249144325924e+01	3.638025917956839095e+01
2.692338738200057868e+00	2.171943591211320879e+01	-2.952422383267203543e+01	3.634052407655831729e+01
2.698618022887226964e+00	2.160851562331309239e+01	-2.927609215732259429e+01	3.606618256051952898e+01
2.704895450708277860e+00	2.162175578014013411e+01	-2.929532126749289134e+01	3.613895467069797007e+01
2.711175674923682166e+00	2.153623771168305367e+01	-2.907675409918587306e+01	3.592041349163195463e+01
2.717459832966957922e+00	2.154496055946294675e+01	-2.909815751908759651e+01	3.600543062182581622e+01
2.723745731959044569e+00	2.153979476192282405e+01	-2.910241331234153961e+01	3.591867253721980546e+01
2.730038414850594730e+00	2.143636906679859422e+01	-2.879244442187658493e+01	3.556884476582805377e+01
2.736317989800789441e+00	2.142623928506830566e+01	-2.880294654368291063e+01	3.563255495116294469e+01
2.742591858549239703e+00	2.127703086652417852e+01	-2.839523560669485391e+01	3.517810408434817049e+01
2.748879749010778362e+00	2.140699563814907336e+01	-2.869861161466576149e+01	3.556728766774634920e+01
2.755163403825859447e+00	2.129232261551809202e+01	-2.837207045473076761e+01	3.529122669752853625e+01
2.761446955625852073e+00	2.127286843983456777e+01	-2.835498526524861873e+01	3.523594521628731968e+01
2.767732088935374701e+00	2.122178412378008971e+01	-2.815310028676376675e+01	3.501370798786173566e+01
2.774015452421743966e+00	2.119117776613001070e+01	-2.815976581816803659e+01	3.509258281254723499e+01
2.780298635700591436e+00	2.124030567287215376e+01	-2.820923017600620497e+01	3.516002205969120809e+01
2.786577474762241380e+00	2.105894901535960884e+01	-2.772233670779114334e+01	3.458312358941435605e+01
2.792857983210164541e+00	2.112872143660389312e+01	-2.795973782409946651e+01	3.490539289896230457e+01
2.799143790920211483e+00	2.110638343497340941e+01	-2.780088000352267130e+01	3.482907836789199507e+01
2.805430058399325244e+00	2.104565073789989427e+01	-2.760434007882510343e+01	3.458412354103561626e+01
2.811715058209780072e+00	2.105648673427855400e+01	-2.766454436189691535e+01	3.466681328099402748e+01
2.817989272498773623e+00	2.094783135659450224e+01	-2.737863441449173862e+01	3.435848590792706858e+01
2.824269171595737760e+00	2.096216969642060590e+01	-2.742188552094068754e+01	3.444169252650164026e+01
2.830563016441804081e+00	2.096341184215080133e+01	-2.738364035566421251e+01	3.445717943193714916e+01
2.836848750951622034e+00	2.091076359244915395e+01	-2.717422743269498753e+01	3.429137249021822953e+01
2.843130027866129783e+00	2.093167857630367834e+01	-2.725856710793847171e+01	3.430327064948376403e+01
2.849413896912404986e+00	2.089131785668578445e+01	-2.715944157109576906e+01	3.425345301814507337e+01
2.855697464522425566e+00	2.091346627082035781e+01	-2.715590255613783199e+01	3.433855684321731161e+01
2.861978799810683594e+00	2.086763912181770309e+01	-2.698212125033441922e+01	3.415078773052503180e+01
2.868262469415629567e+00	2.083545024985629723e+01	-2.688800574100437046e+01	3.404665150262704998e+01
2.874547359206753860e+00	2.079666473898292978e+01	-2.678913033312985803e+01	3.395832677734570382e+01
2.880831111471525041e+00	2.078250584970971460e+01	-2.673132026124422111e+01	3.398050638498583709e+01
2.887113216972382546e+00	2.079632255996438772e+01	-2.672156303948289491e+01	3.400117362758311401e+01
2.893394504725182781e+00	2.075359574801292695e+01	-2.655484416734571695e+01	3.386952345899651817e+01
2.899673662137033592e+00	2.079857647325842507e+01	-2.664959353402216991e+01	3.398433367278079231e+01
2.905953958587380814e+00	2.078323386980120802e+01	-2.658463388776247882e+01	3.396255439108474405e+01
2.912241118105161064e+00	2.073067706217537776e+01	-2.646547802183333431e+01	3.380625611347502257e+01
2.918525996366671205e+00	2.074141779188420642e+01	-2.642817191678458855e+01	3.379638238505039283e+01
2.924809035425688819e+00	2.072479951090403461e+01	-2.633069151793200291e+01	3.377886319423426187e+01
2.931095916293684933e+00	2.075087495223360179e+01	-2.639350361830346614e+01	3.383112318432790033e+01
2.937378182606774413e+00	2.065488108905771369e+01	-2.608343858628051848e+01	3.359756744315339461e+01
2.943659980254369923e+00	2.072512657065381347e+01	-2.620285250652265674e+01	3.371046655574236439e+01
2.949946454403890250e+00	2.068450559958509061e+01	-2.607527195452628277e+01	3.365075227350548914e+01
2.956227653702202307e+00	2.069799115882018015e+01	-2.614747368487926948e+01	3.376656150041214488e+01
2.962510478867462993e+00	2.072895177245679932e+01	-2.605867294133646439e+01	3.375943100104157679e+01
2.968796535179442309e+00	2.070843804874066052e+01	-2.604758475835930653e+01	3.371872732644879989e+01
2.975077657376874907e+00	2.066851024810087267e+01	-2.592795888063211862e+01	3.360422780820189814e+01
2.981359866759223376e+00	2.075340004427800622e+01	-2.600895183211741468e+01	3.386652189165500459e+01
2.987646761575656562e+00	2.074571560349791000e+01	-2.597772745168672870e+01	3.382412529362949982e+01
2.993929038370399365e+00	2.072429319325859254e+01	-2.587208086377061278e+01	3.373771813409283027e+01
3.000206214840962726e+00	2.073170940761742642e+01	-2.581201432966084397e+01	3.370997658850001955e+01
3.006486172402415669e+00	2.077306147519268720e+01	-2.590225406229797755e+01	3.385473392894174793e+01
3.012769812211594456e+00	2.073741145475381131e+01	-2.574877657730967684e+01	3.377564386964474608e+01
3.019053144326170113e+00	2.074679627268701054e+01	-2.575891839520525295e+01	3.375832917987166581e+01
3.025337405144251424e+00	2.081005945811124391e+01	-2.585531384568843194e+01	3.386926275167208900e+01
3.031623734799107961e+00	2.080343310645574562e+01	-2.572407718456842929e+01	3.396307165086167856e+01
3.037908962055872575e+00	2.084929023355043753e+01	-2.583072294449255324e+01	3.407242214768750443e+01
3.044195067146031608e+00	2.074031287962038661e+01	-2.548207304523434047e+01	3.374706668176102653e+01
3.050475543482170426e+00	2.088103830474483047e+01	-2.575988892761670357e+01	3.403615095735730733e+01
3.056754954538277502e+00	2.086415779141704263e+01	-2.570252239218005386e+01	3.403808682913268768e+01
3.063040539557494668e+00	2.088068371376394339e+01	-2.565282524477895265e+01	3.408451308572157501e+01
3.069323699454357346e+00	2.092057566384894329e+01	-2.570666867317871507e+01	3.417389373676404318e+01
3.075610692642898769e+00	2.085705151161061721e+01	-2.550825543042999044e+01	3.399153862237044166e+01
3.081893798009918584e+00	2.092733235603811437e+01	-2.562924708105520466e+01	3.423957357462461459e+01
3.088174549548037717e+00	2.094382532497372296e+01	-2.558289171582980259e+01	3.419922204902972851e+01
3.094458635632868493e+00	2.100783707111418153e+01	-2.567386612918794597e+01	3.437152916838943639e+01
3.100743982931558840e+00	2.100172393304847063e+01	-2.561892359388357576e+01	3.432245273307988498e+01
3.107028111748448396e+00	2.092646373373204582e+01	-2.536866354570286930e+01	3.408936162422715199e+01
3.113309299655494300e+00	2.102607689594016094e+01	-2.556160271610156443e+01	3.443910453294756735e+01
3.119590662867241626e+00	2.105264687769718535e+01	-2.553398180785344351e+01	3.442488589275286159e+01
3.125874006820172912e+00	2.113440701202328853e+01	-2.564498861162923760e+01	3.466697597228858996e+01
3.132159251154602586e+00	2.111923521238511725e+01	-2.562590389693077597e+01	3.455699156425875174e+01
3.138439172765940643e+00	2.115745117305993261e+01	-2.561391504131340824e+01	3.469754439484187003e+01
3.144723867719826593e+00	2.124196022423619468e+01	-2.573126570251696421e+01	3.497234577767575558e+01
3.151003951258561031e+00	2.126375263849378783e+01	-2.568276964478875968e+01	3.504006877563573852e+01
3.157283664131563139e+00	2.129772527565472728e+01	-2.574163135733421726e+01	3.506876132183779049e+01
3.163569317183839935e+00	2.129855198463517496e+01	-2.561019077630329477e+01	3.497217844477658133e+01
3.169851661717792091e+00	2.139868731350031439e+01	-2.579735773368919638e+01	3.529081816971888230e+01
3.176137704316093657e+00	2.140805058682961359e+01	-2.572914039017182120e+01	3.530844584872103553e+01
3.182420924828643916e+00	2.146757947665012622e+01	-2.577782813561857367e+01	3.544994076708465514e+01
3.188702811875577581e+00	2.150095899191897431e+01	-2.581106925313432043e+01	3.556073544697283495e+01
3.194990520008989865e+00	2.159596474309099889e+01	-2.590710624138973017e+01	3.574098114482742972e+01
3.201275324656983834e+00	2.161313010342162855e+01	-2.587212440590588258e+01	3.586651962889015266e+01
3.207551352179861759e+00	2.163498531578786555e+01	-2.580009884211021998e+01	3.587569402026466747e+01
3.213835216737041645e+00	2.172644788441522934e+01	-2.598302089033571960e+01	3.604165719690384861e+01
3.220122579819103770e+00	2.153553307368564873e+01	-2.542605323423459041e+01	3.519983055103417513e+01
3.226406606618656525e+00	2.113694908165965103e+01	-2.437329284200654911e+01	3.338819340453801487e+01
3.232687390085645429e+00	2.077548885421423819e+01	-2.356537999120893545e+01	3.182000322516451263e+01
3.238969121280456331e+00	2.057180418688292178e+01	-2.297480985679639076e+01	3.071612630870388472e+01
3.245254751548589667e+00	2.032687504664380995e+01	-2.237506988061091562e+01	2.952076355635058746e+01
3.251534499036136783e+00	2.016876275325679302e+01	-2.196012108933354057e+01	2.862721184954062892e+01
3.257817780791052442e+00	1.992350479441853039e+01	-2.132276697896862672e+01	2.742387378888288296e+01
3.264102164154097263e+00	1.984610865105284816e+01	-2.108788729580671628e+01	2.677036587783787169e+01
3.270384152138468892e+00	1.963832226915734935e+01	-2.055976607085081653e+01	2.568668832044230754e+01
3.276669427476867735e+00	1.952173286683331099e+01	-2.029807906044648647e+01	2.503887771383427108e+01
3.282954688864507808e+00	1.940235609750272161e+01	-1.995889530570811132e+01	2.422240236447479589e+01
3.289237200334947264e+00	1.926026516315959469e+01	-1.949125735016693994e+01	2.336865752390195183e+01
3.295519587088236779e+00	1.915350899290411490e+01	-1.931000877184192532e+01	2.271502927474831424e+01
3.301805977329951958e+00	1.907870815848836443e+01	-1.908482029716744677e+01	2.212582399381663123e+01
3.308087486222440088e+00	1.895935965124711586e+01	-1.873329446431673873e+01	2.131467919490842178e+01
3.314367630234227313e+00	1.887757337302773308e+01	-1.850696653932952529e+01	2.065274032792288850e+01
3.320651909732194262e+00	1.874495036200862330e+01	-1.816521914636025770e+01	1.991853650202911652e+01
3.326931260376857047e+00	1.870490959236640194e+01	-1.802971850117587849e+01	1.942632395491677855e+01
3.333216512447217728e+00	1.860166745811349287e+01	-1.776686737198764021e+01	1.873838959015310834e+01
3.339504489419978128e+00	1.857327893944722774e+01	-1.760069944399032238e+01	1.825650561247445580e+01
3.345786804809928405e+00	1.842188737052164882e+01	-1.728136048559604632e+01	1.751668911314299137e+01
3.352071130016277767e+00	1.841970497521876737e+01	-1.721008510981160455e+01	1.711198198440799700e+01
3.358351496304225581e+00	1.835719519690717405e+01	-1.703793425782627224e+01	1.665239197375405666e+01
3.364630591073392019e+00	1.823169292142054587e+01	-1.671392019893536229e+01	1.587846389151264859e+01
3.370916305215045483e+00	1.821271941223317725e+01	-1.660498328007787094e+01	1.546838543384423481e+01
3.377197952029413752e+00	1.809732461522953884e+01	-1.632935177847114616e+01	1.481686425584057432e+01
3.383483063818085501e+00	1.807047868758969500e+01	-1.627541380818255590e+01	1.444488088676578563e+01
3.389769992424469969e+00	1.802519744588085260e+01	-1.614619661485993163e+01	1.392279474655251548e+01
3.396051330885982100e+00	1.792748789014369848e+01	-1.587410037936238538e+01	1.330785764668705262e+01
3.402330879139463971e+00	1.791718143088699833e+01	-1.582526011121403009e+01	1.306191027062603105e+01
3.408610488352048495e+00	1.784062626467255441e+01	-1.554580104267847496e+01	1.234807850060122369e+01
3.414897837696641236e+00	1.781302661056968972e+01	-1.547083634896101145e+01	1.201348303740334877e+01
3.421180484052105619e+00	1.779673040558544628e+01	-1.539400527117347295e+01	1.164560656948257034e+01
3.427461639653846870e+00	1.768124486207910095e+01	-1.511272677692706345e+01	1.098589097543193915e+01
3.433749159643459059e+00	1.766696871589660134e+01	-1.503891807589002561e+01	1.060229450383153527e+01
3.440032646656798310e+00	1.760274638119290458e+01	-1.480800827599762393e+01	1.004501809221093112e+01
3.446313366033385339e+00	1.761981987131652971e+01	-1.483013614735068764e+01	9.809294301837876873e+00
3.452600135384134905e+00	1.752655090104419600e+01	-1.458410998523425839e+01	9.236344629699821951e+00
3.458883152815406703e+00	1.753317903864637728e+01	-1.457047935147186912e+01	8.952413949534369308e+00
3.465163834403715448e+00	1.750427988572311477e+01	-1.444524824555110953e+01	8.605845581899355778e+00
3.471449329786229221e+00	1.741473759835225721e+01	-1.421967098709611577e+01	7.965579080006309987e+00
3.477734476754053894e+00	1.740457674433761071e+01	-1.413140077084416468e+01	7.645524471784877818e+00
3.484019652467224226e+00	1.735194307066397457e+01	-1.400613910826690578e+01	7.133932056367132013e+00
3.490297019369712928e+00	1.736476341562380199e+01	-1.399375651335141413e+01	6.939196769333153547e+00
3.496582486484379970e+00	1.727087993735578664e+01	-1.372552696398093275e+01	6.348840175989925783e+00
3.502868048046865024e+00	1.728908025890600797e+01	-1.370699273662475015e+01	6.168348204330395212e+00
3.509144649545451244e+00	1.729592842291782162e+01	-1.366490468467089059e+01	5.800030251404233006e+00
3.515428082003116295e+00	1.720989894550532284e+01	-1.348004784633418396e+01	5.318411311056162383e+00
3.521711031624695565e+00	1.722714316776967536e+01	-1.349547609783470214e+01	5.099561309187992109e+00
3.527991850954735664e+00	1.717833064053839109e+01	-1.325957547085485722e+01	4.523102267320015635e+00
3.534275545726699885e+00	1.713990316187901186e+01	-1.311274272968858945e+01	4.070361077718107623e+00
3.540562632020772149e+00	1.711770308914194416e+01	-1.306471488986068508e+01	3.885371810368231760e+00
3.546844410757220789e+00	1.712217410032025100e+01	-1.305104150702510069e+01	3.555238281506671427e+00
3.553131386753758836e+00	1.714718231413117877e+01	-1.304972192676781972e+01	3.375465853004936623e+00
3.559419203211965144e+00	1.701969128385649199e+01	-1.272117415008749219e+01	2.700364613730037888e+00
3.565697971577579839e+00	1.706359887599896297e+01	-1.278544132219466078e+01	2.558372258306623515e+00
3.571979559134798254e+00	1.710844287223242333e+01	-1.283555955649559799e+01	2.334531596320156055e+00
3.578265774595833726e+00	1.697003464279622875e+01	-1.241761426295293269e+01	1.610415006971297469e+00
3.584548309769353125e+00	1.700967318300133613e+01	-1.247279878193310054e+01	1.451053139898408340e+00
3.590826843920031486e+00	1.692958205510923264e+01	-1.231209763828665871e+01	1.030589838718428020e+00
3.597107306745233934e+00	1.698558990755722320e+01	-1.231449377394272027e+01	8.708844337916032963e-01
3.603392831792229245e+00	1.697431629682901288e+01	-1.227015001560831209e+01	5.711873685878421369e-01
3.609673209822572559e+00	1.696013632558010187e+01	-1.220908899006579595e+01	2.461595308811173055e-01
3.615955412133016189e+00	1.695452516949815447e+01	-1.215906338761079830e+01	8.542521120505150098e-03
3.622241607772384686e+00	1.688227228692745285e+01	-1.190664946418617909e+01	-6.154418136303699827e-01
3.628520252736676444e+00	1.692471947932478926e+01	-1.192042391584524985e+01	-7.468111880413977888e-01
3.634804827569451113e+00	1.692694514151448359e+01	-1.189319281879684809e+01	-1.017714600253327051e+00
3.641094981788862928e+00	1.688782590203001632e+01	-1.179565840095897222e+01	-1.341405563106981891e+00
3.647383514928639325e+00	1.683569015834846638e+01	-1.159985588012438917e+01	-1.783775987329397239e+00
3.653663283927725658e+00	1.684436038364626498e+01	-1.157857213428768794e+01	-2.020620511058151436e+00
3.659943504072155296e+00	1.686351123830296217e+01	-1.152699965027770546e+01	-2.338231537468551835e+00
3.666232000281138603e+00	1.684575896885116819e+01	-1.146260866934225930e+01	-2.627397538094170315e+00
3.672514211678317597e+00	1.685319985811901944e+01	-1.145713569071880755e+01	-2.868665622490027101e+00
3.678794154686042539e+00	1.684349682187023944e+01	-1.129786983912207354e+01	-3.244252928662630708e+00
3.685078621861909820e+00	1.678936569646182875e+01	-1.117999686897731770e+01	-3.613679995756549967e+00
3.691359210097977961e+00	1.678782983513282190e+01	-1.116670245426791119e+01	-3.784665773350091023e+00
3.697642368173791105e+00	1.680628370173805664e+01	-1.111444930196383574e+01	-4.092032995320407984e+00
3.703925796735277665e+00	1.683618898344228043e+01	-1.108095781941081448e+01	-4.336725075205571045e+00
3.710208240364660348e+00	1.678130276939156218e+01	-1.094378738750608626e+01	-4.766366314786304237e+00
3.716494593122387169e+00	1.680096020606285023e+01	-1.092890099253536285e+01	-4.943757045138793771e+00
3.722775386659595398e+00	1.677769655531773907e+01	-1.078075006698420601e+01	-5.369318146005966241e+00
3.729058392883481510e+00	1.679028895967788415e+01	-1.075193859707308164e+01	-5.562918999409996346e+00
3.735339748210807720e+00	1.682107538577990979e+01	-1.073286171678543788e+01	-5.738816900061173065e+00
3.741620776392969638e+00	1.677292067297772604e+01	-1.060395397770749781e+01	-6.160680199321255657e+00
3.747904795418762980e+00	1.684677053211226649e+01	-1.067927498203248682e+01	-6.271354585201107668e+00
3.754190633281219380e+00	1.684014830873161017e+01	-1.058611156888100346e+01	-6.590302951797978537e+00
3.760478208018912749e+00	1.679004946933426012e+01	-1.045437427692575660e+01	-6.902814997432802357e+00
3.766755538573464346e+00	1.683503795829739502e+01	-1.046935412167970547e+01	-7.130846205974575192e+00
3.773032090135151506e+00	1.679533097242067186e+01	-1.029781653880385406e+01	-7.503894847888869180e+00
3.779322553012896879e+00	1.683388148669650874e+01	-1.032638998124224372e+01	-7.678463261245519256e+00
3.785609109731308930e+00	1.682964914638077403e+01	-1.030286889599554634e+01	-7.944389023686319717e+00
3.791889825936295200e+00	1.688991568907857044e+01	-1.025422730644472402e+01	-8.236999531991683554e+00
3.798174822702435893e+00	1.684439541244075755e+01	-1.016825923227358963e+01	-8.395881483395525535e+00
3.804458658753491651e+00	1.677676440099795840e+01	-9.942805956855870875e+00	-8.969674039822734812e+00
3.810738438095723435e+00	1.692638772205980402e+01	-1.021926005131353321e+01	-8.779319894423393222e+00
3.817018850285747167e+00	1.684048689407659438e+01	-9.978469497213383832e+00	-9.270769511240560590e+00
3.823305314209427763e+00	1.685781209557090321e+01	-9.930981025570384091e+00	-9.481197630567924861e+00
3.829591295197792178e+00	1.688097519242467470e+01	-9.830267979169136083e+00	-9.904724922669359444e+00
3.835872296070849341e+00	1.685088810333211740e+01	-9.775505113912338118e+00	-1.017419882945779541e+01
3.842156279590906109e+00	1.698140073020188368e+01	-9.976292942225764904e+00	-1.001428051436625744e+01
3.848441511099312429e+00	1.690512218536551359e+01	-9.699414742407604706e+00	-1.063087762471302788e+01
3.854723334376886079e+00	1.695578170256753836e+01	-9.748222734274277101e+00	-1.075315364357937575e+01
3.861004740704794713e+00	1.695961563904304015e+01	-9.676549497473825312e+00	-1.104679958052616584e+01
3.867284336650660848e+00	1.697999861623483397e+01	-9.608607011447455548e+00	-1.132221043328875254e+01
3.873567367678779849e+00	1.699704130975914751e+01	-9.586739649620563242e+00	-1.149929937670481728e+01
3.879850662830422792e+00	1.696978057068732326e+01	-9.487098448270847584e+00	-1.188902778144025696e+01
3.886137063198143338e+00	1.705686007438043816e+01	-9.525908233411142234e+00	-1.199950458892682192e+01
3.892419463049126005e+00	1.703076638677975652e+01	-9.406476147806872135e+00	-1.236405457081198733e+01
3.898703740328622658e+00	1.705828852206829538e+01	-9.364635471307810377e+00	-1.259880340373480401e+01
3.904991458788179326e+00	1.704121790484293442e+01	-9.347507908828738721e+00	-1.277080751123267000e+01
3.911270842222104083e+00	1.706732514844316384e+01	-9.333703260151725800e+00	-1.301069147161658712e+01
3.917549806479573071e+00	1.712380722689222878e+01	-9.328139433191502405e+00	-1.321889579255384994e+01
3.923836006203090587e+00	1.707199202388749981e+01	-9.104833640942077366e+00	-1.369073459316451391e+01
3.930121452497870926e+00	1.715862916681314232e+01	-9.140757308589652297e+00	-1.384843931504206971e+01
3.936398172858230460e+00	1.716841476775733000e+01	-9.132023819714365942e+00	-1.405373345079415692e+01
3.942683040425962293e+00	1.721723549056741831e+01	-9.114803879907530160e+00	-1.435292007317301177e+01
3.948974759704379611e+00	1.726775450436463899e+01	-9.189693596794507258e+00	-1.440487750349899621e+01
3.955259227995065352e+00	1.720892518468236432e+01	-8.953050882730714477e+00	-1.488563347136578940e+01
3.961537174921395454e+00	1.731202912790492476e+01	-9.090957868639559791e+00	-1.486162539035451680e+01
3.967820217617139544e+00	1.727434328541711395e+01	-8.894828393547788536e+00	-1.532924918307709028e+01
3.974105559832568968e+00	1.730490823543330237e+01	-8.892760279806029899e+00	-1.550482731701572270e+01
3.980384727931198352e+00	1.734918269022061565e+01	-8.885149066994090461e+00	-1.574748866769633082e+01
3.986664590839849698e+00	1.732444801654363786e+01	-8.724537508540876729e+00	-1.615993386670352905e+01
3.992949619150675034e+00	1.745189762411201073e+01	-8.902202233728610636e+00	-1.613848381398143772e+01
3.999235075769965952e+00	1.741120639104336476e+01	-8.764783452175691991e+00	-1.651921763142420119e+01
4.005515715515433506e+00	1.745881542259024499e+01	-8.744952717521099927e+00	-1.671551020647557806e+01
4.011798434346478537e+00	1.747944152717128574e+01	-8.736119445652448690e+00	-1.691351966992572642e+01
4.018083716245132386e+00	1.747116914970061430e+01	-8.585959765892248186e+00	-1.730127931013439380e+01
4.024365700052603856e+00	1.754170024683482154e+01	-8.682213435754807307e+00	-1.733249905898560073e+01
4.030643960839860540e+00	1.751573000844956951e+01	-8.442721119015454079e+00	-1.793499047257294521e+01
4.036928708926215137e+00	1.763045676818650165e+01	-8.620701079156798841e+00	-1.784733687677116620e+01
4.043218157412017177e+00	1.759089273221182381e+01	-8.491932854683293286e+00	-1.818740361773911474e+01
4.049503019487663558e+00	1.764732677148489515e+01	-8.409178472813009009e+00	-1.858211606639597591e+01
4.055781898960511000e+00	1.773519207936404385e+01	-8.492279217183588358e+00	-1.870857889632468840e+01
4.062060795621602161e+00	1.769009811043663305e+01	-8.258196956706653324e+00	-1.920473042938002095e+01
4.068347865354716042e+00	1.779205631936660481e+01	-8.466834753865398966e+00	-1.908792250560063408e+01
4.074631027173265529e+00	1.780364003625160763e+01	-8.298474790545101953e+00	-1.955457457409766420e+01
4.080910837526078971e+00	1.783055806603393734e+01	-8.306756091849699430e+00	-1.973201127662475685e+01
4.087201203341442657e+00	1.786654699677030678e+01	-8.290440722805021423e+00	-1.993133392185613317e+01
4.093486818591942189e+00	1.787630171960612557e+01	-8.124363425309347519e+00	-2.041420739278620999e+01
4.099764387336505500e+00	1.800927971009760498e+01	-8.367724160521186505e+00	-2.024060115186142284e+01
4.106049166937662420e+00	1.797460657253904870e+01	-8.083927816975183589e+00	-2.092267096356641076e+01
4.112334559041358695e+00	1.804520383259887950e+01	-8.174883116529704452e+00	-2.094315411492957679e+01
4.118618926059533614e+00	1.809735257279313103e+01	-8.147743415076385887e+00	-2.124811661726872103e+01
4.124898942031112625e+00	1.810380632318587146e+01	-8.018297150891905645e+00	-2.166005942408939688e+01
4.131175432561665417e+00	1.818415830065646688e+01	-8.192755417248203997e+00	-2.156414832902519407e+01
4.137461563786142271e+00	1.817277367325750959e+01	-7.841593721617296175e+00	-2.236776094879972732e+01
4.143746006210170307e+00	1.827061440594412289e+01	-8.020516722573660218e+00	-2.224958180222818172e+01
4.150029800482964326e+00	1.827678847752556734e+01	-7.928873938212809946e+00	-2.263823269591621923e+01
4.156313390684649001e+00	1.834148016642502910e+01	-7.934734426849701094e+00	-2.286511621861459531e+01
4.162596105843763716e+00	1.842737782122149071e+01	-7.980047252940092761e+00	-2.305014123722922292e+01
4.168881843141768684e+00	1.841026981166462662e+01	-7.797146415604084169e+00	-2.350979974203638889e+01
4.175162111073220217e+00	1.856363572051277089e+01	-7.994412482969216249e+00	-2.346341842849561843e+01
4.181448573417560155e+00	1.853156909050096957e+01	-7.800796160176700411e+00	-2.399462527203234785e+01
4.187738782464171194e+00	1.858306471005491645e+01	-7.809391386736683316e+00	-2.416147702553249488e+01
4.194017437180169061e+00	1.862975176212462713e+01	-7.728400687723323337e+00	-2.455572854225728818e+01
4.200293572701767175e+00	1.860949920714653061e+01	-7.605916282897739578e+00	-2.488491086154704846e+01
4.206580195481546269e+00	1.879407477248141589e+01	-7.801514536780404185e+00	-2.490197712070302671e+01
4.212860644652220543e+00	1.872843647292306102e+01	-7.542045456869721498e+00	-2.552808687632293072e+01
4.219138153430114002e+00	1.883784027276987061e+01	-7.604362808158176001e+00	-2.566135049459525064e+01
4.225426162098283811e+00	1.881468429424390010e+01	-7.369857800242632706e+00	-2.631850794629815127e+01
4.231713506719782636e+00	1.895154407560235654e+01	-7.530369349022679515e+00	-2.631477259985969042e+01
4.237990056577191744e+00	1.901794306553250280e+01	-7.543527876655260478e+00	-2.652437358810664492e+01
4.244267783646744618e+00	1.890241628954851549e+01	-7.172403920882963746e+00	-2.727742635976016317e+01
4.250560660182562955e+00	1.915342163913026852e+01	-7.509249811002231212e+00	-2.712021659656471684e+01
4.256847734842668096e+00	1.904660295460558928e+01	-7.220597756398551503e+00	-2.769737418472403334e+01
4.263127100734456221e+00	1.919273478948127476e+01	-7.338287749998139375e+00	-2.778480312082698589e+01
4.269406860432507500e+00	1.919859841930206912e+01	-7.173413438031626121e+00	-2.832751845193955020e+01
4.275691671482192646e+00	1.914890511745900881e+01	-6.949458499560817515e+00	-2.878300082445718289e+01
4.281972414189518794e+00	1.933692741173588914e+01	-7.262344261478650864e+00	-2.865541822145399919e+01
4.288253516806755705e+00	1.934538171682768848e+01	-6.990247934219402381e+00	-2.940201173999998119e+01
4.294540520160492925e+00	1.941299051898294792e+01	-7.109375830599725887e+00	-2.942319190538772844e+01
4.300825742921731809e+00	1.945187007694635994e+01	-7.026685340470634422e+00	-2.979513185004521603e+01
4.307109835491901961e+00	1.945793143136088688e+01	-6.884763074860162035e+00	-3.030890582274056655e+01
4.313390926478413157e+00	1.956707673276740422e+01	-6.937520697081553500e+00	-3.043619600000407388e+01
4.319667979480563247e+00	1.948862523552656256e+01	-6.536265674639726520e+00	-3.141769907680240692e+01
4.325952598143786076e+00	1.972060080734372889e+01	-6.973016964349417535e+00	-3.092397776453207214e+01
4.332241647035422361e+00	1.968292214582328370e+01	-6.571656915293293544e+00	-3.196839873883519445e+01
4.338524445619096781e+00	1.977567581111379624e+01	-6.693260856427996508e+00	-3.199264956576249475e+01
4.344809348131129845e+00	1.982730324065084559e+01	-6.608394920515923587e+00	-3.248256624602126408e+01
4.351090699193166600e+00	1.975893149187415077e+01	-6.347553815877682304e+00	-3.309953394538835880e+01
4.357369710808320029e+00	1.987144030381476867e+01	-6.464158538420341493e+00	-3.313045251266505176e+01
4.363659348967174445e+00	1.981556644256369282e+01	-6.238786885212824096e+00	-3.378910267697572323e+01
4.369947418280990981e+00	2.000225416689999491e+01	-6.476508405810180058e+00	-3.371238788132062325e+01
4.376226569265827315e+00	2.008852178722436221e+01	-6.301594011902914794e+00	-3.447304462449303486e+01
4.382499356631129217e+00	2.001707654225781496e+01	-5.997919040329518836e+00	-3.513776744818627407e+01
4.388784975178015024e+00	2.011433907322713210e+01	-6.095147045557547827e+00	-3.523923836632950923e+01
4.395068696309480494e+00	1.998636858969117824e+01	-5.634509588995822327e+00	-3.630790055508708036e+01
4.401347962382031298e+00	2.024029289815049637e+01	-5.990915027946782878e+00	-3.606201483346042380e+01
4.407628405096517099e+00	2.014910471807200310e+01	-5.745408718141772120e+00	-3.668536335766022205e+01
4.413915862185140426e+00	2.013953948710036812e+01	-5.523165895126988190e+00	-3.734568949108664526e+01
4.420203163534264235e+00	2.027952206584333439e+01	-5.586530895528459162e+00	-3.761999345037188647e+01
4.426480311003382795e+00	2.005311483713667187e+01	-4.936986284220403753e+00	-3.893921235726652696e+01
4.432765973643649104e+00	2.052234696820979565e+01	-5.743335488406893674e+00	-3.819519941206971936e+01
4.439053392023870614e+00	2.017138442748693805e+01	-4.802106729916870265e+00	-3.985104215085363677e+01
4.445336141335588742e+00	2.038825360745802939e+01	-5.140948846409036932e+00	-3.969043229353838598e+01
4.451617241414883352e+00	2.028695604910677730e+01	-4.639912581937221780e+00	-4.081846978540387738e+01
4.457901500730311106e+00	2.020428336583448825e+01	-4.485775925218080218e+00	-4.122838234817767500e+01
4.464189501093017043e+00	2.041011451739398197e+01	-4.840026539135046768e+00	-4.106246341277653755e+01
4.470470197548729985e+00	2.011600457799799457e+01	-4.037113444239905036e+00	-4.260047531879548188e+01
4.476748044268524573e+00	2.044910444927744564e+01	-4.590486491764922405e+00	-4.217007840529500129e+01
4.483035990164653484e+00	2.010372319339725422e+01	-3.735792888640749432e+00	-4.371686563850446561e+01
4.489323331650528104e+00	2.027503036991629770e+01	-3.905077904304599112e+00	-4.389986933832374660e+01
4.495599111667934800e+00	2.012061915630077280e+01	-3.442208580188928391e+00	-4.491118740274414023e+01
4.501870922878794090e+00	2.000688930325708270e+01	-2.968473720569400065e+00	-4.604667854962535500e+01
4.508155162877705457e+00	2.017471895811547711e+01	-3.357999371519993836e+00	-4.572960468534949285e+01
4.514446451153479423e+00	1.990306973325750661e+01	-2.676680233687356747e+00	-4.708100528680054708e+01
4.520723894043856994e+00	2.003548517503163851e+01	-2.695776401990155335e+00	-4.753364750810810335e+01
4.527003782460155890e+00	1.976190085165677246e+01	-2.084674087755189920e+00	-4.875749730420778150e+01
4.533293086610313161e+00	1.967686156881308790e+01	-1.917651488697880602e+00	-4.922604625239313236e+01
4.539578989864040182e+00	1.960856813457420600e+01	-1.730009367003332965e+00	-4.993511878946559790e+01
4.545857164866476730e+00	1.943217392780358921e+01	-1.155755094301931463e+00	-5.119531715439178043e+01
4.552138955546025656e+00	1.937457588760098304e+01	-1.043870065162400218e+00	-5.182124202675802138e+01
4.558432046889146605e+00	1.932748509703339934e+01	-8.491755010904131762e-01	-5.243818863663980778e+01
4.564713463378488711e+00	1.931662612420024772e+01	-6.990755622263079561e-01	-5.306164742397273670e+01
4.570987274133244682e+00	1.926007767428331974e+01	-6.258690493133701738e-01	-5.343242341635122727e+01
4.577274818151045643e+00	1.924970960290533739e+01	-5.956757579368412436e-01	-5.374951097326078298e+01
4.583563263889338657e+00	1.933520964880344550e+01	-5.104574924642379941e-01	-5.444844000190623490e+01
4.589844917004465508e+00	1.934978198204890631e+01	-5.197555223753226317e-01	-5.472481792073512707e+01
4.596126259982004747e+00	1.938882227766777788e+01	-3.904525314503476396e-01	-5.538075356882639966e+01
4.602409075598298926e+00	1.943349359369560503e+01	-4.314977067329649474e-01	-5.573548680243430198e+01
4.608696634867644804e+00	1.953104275703517345e+01	-3.619140119659078336e-01	-5.630286034264562289e+01
4.614977646498861219e+00	1.946935413506897561e+01	-3.950481609507786596e-01	-5.638787539899286116e+01
4.621258953029527383e+00	1.959498989580139039e+01	-3.950212563123384757e-01	-5.700488321417098092e+01
4.627547993978874175e+00	1.960644428276433260e+01	-3.417728208498121423e-01	-5.737105634071558313e+01
4.633830152730579854e+00	1.962009884292935524e+01	-3.199936436194362188e-01	-5.773330142599014891e+01
4.640104005367354567e+00	1.968764659446098619e+01	-2.382516388905666360e-01	-5.817375160102584175e+01
4.646382060386754276e+00	1.970728534970128365e+01	-2.775046934299676971e-01	-5.846451128393816532e+01
4.652674213731970987e+00	1.977011914670532988e+01	-2.752003951786472502e-01	-5.888347103298546870e+01
4.658958291796220230e+00	1.984667857466224916e+01	-2.650720055999617464e-01	-5.929036843947981339e+01
4.665233615070169648e+00	1.994030674166470973e+01	-2.195366648763716622e-01	-5.987913573116146182e+01
4.671520675710307380e+00	1.990086628459682316e+01	-2.123033272103247437e-01	-5.998312086994210546e+01
4.677814351732177300e+00	2.000682393000473525e+01	-1.789404439771754007e-01	-6.054815483823609412e+01
4.684093699744638073e+00	2.007190428784547365e+01	-2.163997377717788162e-01	-6.089223431324472102e+01
4.690368661472568590e+00	2.024511088646786661e+01	-1.767917607770484179e-01	-6.167291877405673972e+01
4.696663270746453733e+00	2.021971478083459672e+01	-2.128309700911099056e-01	-6.178332140200749478e+01
4.702945459248681459e+00	2.032471057761289757e+01	-1.614248684696678038e-01	-6.236102677510660186e+01
4.709209170841929470e+00	2.039546286812838005e+01	-2.547942383214207296e-01	-6.256129265255120231e+01
4.715491634753063543e+00	2.041947668726477971e+01	-1.478669755108392991e-01	-6.304179464895469920e+01
4.721784316284933780e+00	2.050485932796440380e+01	-1.352734382682363734e-01	-6.347464960181940086e+01
4.728063062331094635e+00	2.056177222567264096e+01	-1.867842136730543667e-01	-6.373376341779747634e+01
4.734337423381671073e+00	2.057822501051654740e+01	-1.665920004581641634e-01	-6.396038638674382781e+01
4.740627024094544062e+00	2.082091468167629955e+01	-1.177238983474018369e-01	-6.498940142799303032e+01
4.746914995664547554e+00	2.086580661413131210e+01	-1.779324026040249584e-01	-6.520197934765850789e+01
4.753194740071086777e+00	2.090175681810714181e+01	-1.180093074883667992e-01	-6.555220487605393487e+01
4.759478891864783456e+00	2.100284519457585475e+01	-1.254468303613226476e-01	-6.604872444851081070e+01
4.765762396877359031e+00	2.105969044882672137e+01	-1.452878300025378377e-01	-6.637453038885847434e+01
4.772049481246195768e+00	2.114983914567702072e+01	-9.063583865897407998e-02	-6.687102761716923283e+01
4.778335091022592351e+00	2.124407775706876933e+01	-7.687229831295720739e-02	-6.733260053967461545e+01
4.784610831402393849e+00	2.133485874528634696e+01	-9.167081772014748497e-02	-6.780335983212090412e+01
4.790907306208476157e+00	2.143154085271124032e+01	-5.676932449199076358e-02	-6.827656952013697378e+01
4.797204047706418173e+00	2.148123052302243963e+01	-7.017960903748853008e-02	-6.855546765694835187e+01
4.803470827697504220e+00	2.169257133928933357e+01	-1.013900667510428261e-01	-6.935979220425934955e+01
4.809748850577324042e+00	2.178715889666269234e+01	-1.261555145209186934e-01	-6.976331826017899118e+01
4.816045316586602176e+00	2.183667220033628809e+01	-4.624355115704181091e-02	-7.016351112164252868e+01
4.822329240673497885e+00	2.193187050478132960e+01	-5.400391885033752060e-02	-7.060306018232975589e+01
4.828596758226470165e+00	2.209012601484435123e+01	-1.220345215420165913e-01	-7.116141642542307011e+01
4.834890332961369275e+00	2.208854092499925770e+01	-5.251310095839587661e-02	-7.140420237283272797e+01
4.841191655056394261e+00	2.230237100274647233e+01	2.916073209642185918e-03	-7.232559707511207137e+01
4.847460407468000554e+00	2.235147487499054364e+01	-7.042172310924985079e-02	-7.247022740975981492e+01
4.853732128521334843e+00	2.254047203931729015e+01	-8.008888889913493014e-02	-7.320129299250326937e+01
4.860029138783373170e+00	2.260220250631954286e+01	-8.238301426617544720e-02	-7.357329909191302875e+01
4.866314601732018019e+00	2.267425808775056950e+01	1.937491744320544648e-02	-7.405797850183232356e+01
4.872587026269203925e+00	2.288770174152153203e+01	-3.734749943306100300e-02	-7.475093777382240035e+01
4.878874221748241702e+00	2.298471838463833095e+01	-6.248908982950641955e-02	-7.522969752443371760e+01
4.885171078138658807e+00	2.298356435372975426e+01	-2.119481048679727059e-02	-7.540861057385984623e+01
4.891450629931857641e+00	2.326237555129733181e+01	-6.551659204808757409e-02	-7.634775316487078101e+01
4.897716482750221978e+00	2.333392413067780424e+01	-6.889576309762510120e-02	-7.668878194479208332e+01
4.904002834596266069e+00	2.349125283769201644e+01	-9.003966133007323958e-02	-7.737170225362002896e+01
4.910295858205786068e+00	2.356631295990098351e+01	-3.658947494690801411e-02	-7.774691721455668869e+01
4.916575188115905881e+00	2.382018875294616933e+01	-8.436977853869713495e-02	-7.862808446432751452e+01
4.922847946197084212e+00	2.381546568153743948e+01	-3.002960816039003389e-02	-7.882777652518488765e+01
4.929131667457151700e+00	2.387951647147721701e+01	-1.028860236932342340e-02	-7.916485907277267131e+01
4.935434460144239033e+00	2.426052671140092443e+01	-1.265091329410592685e-02	-8.048397018285524496e+01
4.941718513303545279e+00	2.432346632022069954e+01	-6.048814004351524970e-02	-8.078516049001011368e+01
4.947978624761803168e+00	2.446864425968438539e+01	-7.943858305741792469e-02	-8.137873301918757818e+01
4.954274999209829389e+00	2.454180700878045940e+01	-2.456280947302464518e-02	-8.175811704207870889e+01
4.960571094729937514e+00	2.470822195086136475e+01	-1.251638922650440133e-02	-8.241106629580391996e+01
4.966823207626954506e+00	2.480178567251614652e+01	-4.836166086489913224e-02	-8.283633742866133787e+01
4.973097418390337587e+00	2.492856945690774140e+01	-2.898335425563582091e-02	-8.340443286589049876e+01
4.979415129936382023e+00	2.517555223809281273e+01	-8.267903567883720661e-02	-8.423534138966320484e+01
4.985702082330368157e+00	2.528598637488738277e+01	-1.793386795223473121e-02	-8.477674516935459792e+01
4.991949985828016523e+00	2.546151927075483457e+01	-2.530142166557101252e-02	-8.547576291918643676e+01
4.998241586316924057e+00	2.543455432087372259e+01	2.166077856613289609e-02	-8.555947624714414701e+01
5.004556635606089543e+00	2.566822528602952502e+01	1.493095961256252907e-02	-8.638990784701246639e+01
5.010828655701208945e+00	2.596874847603034908e+01	1.650276064588174565e-02	-8.750107113267334569e+01
5.017077229702536556e+00	2.620204850860511314e+01	-3.259145786385220928e-02	-8.830397537445288947e+01
5.023374414758113637e+00	2.629024018121915773e+01	4.675893033492237866e-02	-8.883267476738492974e+01
5.029688873569548413e+00	2.633086488192802221e+01	6.275680581753367848e-02	-8.909471283508274553e+01
5.035958413584124216e+00	2.664873536601017179e+01	-5.610457603703035423e-02	-9.004599735737575372e+01
5.042232667658486989e+00	2.687935526157395927e+01	-6.572240287684977256e-02	-9.096188153881885796e+01
5.048528755870775875e+00	2.699661123254595552e+01	-1.460781951473784498e-03	-9.152201256119974460e+01
5.054821121427484520e+00	2.718414112473763922e+01	-1.112589720531191595e-02	-9.221306838824696683e+01
5.061069509814582368e+00	2.739274916486608547e+01	-3.926821282133530211e-02	-9.297346169741453537e+01
5.067347812754101177e+00	2.782263846193711387e+01	-3.593439570210427841e-02	-9.453243281423951316e+01
5.073675050630431116e+00	2.790237968076363728e+01	-1.789114137841427490e-02	-9.491291919555654033e+01
5.079945928388977627e+00	2.779924717195818573e+01	2.475226594687099033e-02	-9.466986099878656091e+01
5.086192992546071601e+00	2.805056350755293693e+01	-2.198289394868869345e-02	-9.554446344868416929e+01
5.092484128970163226e+00	2.838217242191991474e+01	-1.640274262927322174e-02	-9.682290886516871353e+01
5.098802924706086870e+00	2.872169316258983685e+01	1.958451330230666365e-02	-9.804655854390097147e+01
5.105078217426394005e+00	2.894840273598827807e+01	2.727383455861508502e-02	-9.890929914364066633e+01
5.111325076574067872e+00	2.896695107713435391e+01	7.425721829810370302e-03	-9.902343551462658411e+01
5.117628358851224135e+00	2.941506716548093081e+01	-3.760760334649450309e-02	-1.005827006845770910e+02
5.123935939383525984e+00	2.983093985324778075e+01	-7.367298092866279846e-02	-1.020541608766527446e+02
5.130199176325612065e+00	2.989791149356037536e+01	-4.143011685829346702e-02	-1.023727365783660588e+02
5.136469985878846956e+00	3.002854521256457332e+01	-6.601294197921117385e-04	-1.029788623970595580e+02
5.142797788696348071e+00	3.045436657639504219e+01	2.469047396934902217e-02	-1.045276690219321694e+02
5.149090378043822192e+00	3.048703694146260190e+01	3.932615773475944126e-02	-1.047435092465257895e+02
5.155289879840074363e+00	3.093327352288578780e+01	3.135214591515568527e-02	-1.062895269532693305e+02
5.161564521234301317e+00	3.107583841608867203e+01	-1.416862907187107883e-02	-1.068369370319829414e+02
5.167916673496016244e+00	3.099706508112492642e+01	3.583232728618130237e-03	-1.066565298462158324e+02
5.174205974602950064e+00	3.159194798759101275e+01	-2.127413638212155914e-02	-1.087210137151122638e+02
5.180434820793812456e+00	3.172945560052865233e+01	1.213188491378255386e-02	-1.092738336992184287e+02
5.186729096569634656e+00	3.225877313070705554e+01	1.993629760274543208e-03	-1.112019307312769740e+02
5.193058481037780894e+00	3.212503190272919795e+01	-4.423398881861544119e-02	-1.107375275876547818e+02
5.199319511444338460e+00	3.251037226340668695e+01	-1.373043811865220371e-02	-1.121421086949525687e+02
5.205574295584361799e+00	3.285998376111066221e+01	-3.726832848455260278e-02	-1.134161628446247931e+02
5.211894977074066126e+00	3.325716899711262897e+01	7.425521378290561580e-02	-1.149692408125066407e+02
5.218201708336958511e+00	3.364144177202749120e+01	5.402464126345235540e-03	-1.162595349691942346e+02
5.224411911780083351e+00	3.398332471594944337e+01	4.167986016926293613e-02	-1.175249310730275170e+02
5.230677632666463239e+00	3.404072228376004716e+01	2.557297354066232972e-02	-1.177937788740194094e+02
5.237056729559757429e+00	3.422956510897133597e+01	-4.724406935772154648e-02	-1.184364874332441531e+02
5.243336785035660697e+00	3.505496511303490337e+01	1.526232839258839097e-02	-1.213771601491808383e+02
5.249493476178225038e+00	3.512094006683368974e+01	-3.967664232073648661e-05	-1.216279555911102079e+02
5.255787017738318134e+00	3.516854548625111221e+01	9.886788739121318836e-02	-1.220070004226232072e+02
5.262205327426889845e+00	3.591485556389215361e+01	2.399293317449166865e-02	-1.245481906604854458e+02
5.268477758348532269e+00	3.589806234247604522e+01	-9.417814587853068353e-03	-1.244969845294739201e+02
5.274632213654732560e+00	3.613038679741369208e+01	-7.177207637056637335e-02	-1.252740727792018163e+02
5.280950543314659740e+00	3.653698767363219702e+01	-5.209116129143410989e-02	-1.267899440062449514e+02
5.287327645024750389e+00	3.723202052997955036e+01	-7.764312884629337441e-02	-1.292154407690699429e+02
5.293582359180156516e+00	3.767133369690478872e+01	-2.629834340597340253e-02	-1.308141072676085344e+02
5.299789992649893478e+00	3.812707201791332068e+01	1.026769905810610423e-01	-1.326326783720508331e+02
5.306111460381987222e+00	3.842087389108548479e+01	7.033587562458900634e-03	-1.335918850110656422e+02
5.312452717892129250e+00	3.873271817438855891e+01	3.519968653654569762e-02	-1.347263913949916514e+02
5.318650122853046724e+00	3.935963394652760172e+01	-2.833259966772238778e-02	-1.368812097514239383e+02
5.324923043129819789e+00	3.905339745316351241e+01	-1.616139863079281078e-02	-1.359149415542091219e+02
5.331330237158205421e+00	3.982892437521937978e+01	1.218993531355485119e-02	-1.386664620319341736e+02
5.337586726886338617e+00	3.968684824541176681e+01	-3.006544170564651869e-02	-1.381554867740896668e+02
5.343685192440848830e+00	4.024275219414390392e+01	-6.784788371864687584e-02	-1.400586355260289508e+02
5.350070659715249199e+00	4.105194017711409771e+01	1.675274289699382746e-02	-1.430788002061773341e+02
5.356556762554878226e+00	4.177944447822257956e+01	1.709442544575335773e-02	-1.456430333675778854e+02
5.362691868684501095e+00	4.204224106009490924e+01	-1.230279293457167515e-02	-1.465365518232087254e+02
5.368769208912516966e+00	4.230476597380980053e+01	-1.534696609097567777e-01	-1.473428858345004926e+02
5.375270137997677722e+00	4.280410094307472946e+01	-4.138473793562309766e-02	-1.492628379337783144e+02
5.381769983045385786e+00	4.314980652021054652e+01	-4.350426687967196004e-02	-1.505046597161557713e+02
5.387701030372958222e+00	4.381145594964388579e+01	6.962316805063087366e-02	-1.529167873838410117e+02
5.393786668001271600e+00	4.470439188438045619e+01	6.629719908110358328e-02	-1.560818319622067918e+02
5.400446161099396569e+00	4.533783706233344191e+01	-4.999968363660778348e-02	-1.582397642116124246e+02
5.406957063684501463e+00	4.510442114133548586e+01	-1.801603385705632943e-02	-1.574743511569729151e+02
5.412655672453426270e+00	4.608964281773040028e+01	-1.440758634942476690e-01	-1.607585100233238791e+02
5.418821279260546575e+00	4.673514064599326900e+01	-8.342348771976202879e-03	-1.632313773767089344e+02
5.425690594366304076e+00	4.681326733592009504e+01	4.341361583118213269e-02	-1.636036107008955298e+02
5.432217487502165376e+00	4.644277397721412370e+01	3.738284481938167897e-02	-1.623317535983140374e+02
5.437649811577258241e+00	4.843515553662039252e+01	1.090601662263388227e-01	-1.693199947360113526e+02
5.443914404015878006e+00	4.704347346142508712e+01	2.670277052522523897e-02	-1.644513754224050501e+02
5.450953501686320202e+00	4.901705314207838171e+01	7.914798425036363716e-02	-1.714364425916715504e+02
5.457483690405861232e+00	4.953377834349698361e+01	7.085220602778653960e-03	-1.731912795850580835e+02
5.462715250135157241e+00	4.930894806178993406e+01	4.387402366657040809e-02	-1.724025370942096345e+02
5.469033575551323523e+00	5.140239814672769825e+01	1.757851065061287466e-02	-1.797642809941592361e+02
5.476177730420278778e+00	5.047545196270007750e+01	7.817267415892799332e-02	-1.766074389974819496e+02
5.482708935702562236e+00	5.220185050035515673e+01	-2.821140054336577357e-02	-1.825672113630121771e+02
5.487722405008360838e+00	5.295843710795105608e+01	9.786940287710574338e-02	-1.853159279843516458e+02
5.494194284996126498e+00	5.209975631245387007e+01	4.522730232221596619e-02	-1.823015473462532157e+02
5.501391471009256406e+00	5.498600135607100725e+01	6.574627697243989877e-02	-1.924371275856224770e+02
5.507128202673079009e+00	5.310619971355965419e+01	-8.569722565763791822e-02	-1.857179363666525944e+02
5.512278020050448646e+00	5.771666517644032979e+01	-1.069157769769334410e-01	-2.018342090270071481e+02
5.519395563377015534e+00	5.532747199352505163e+01	-3.789921466888088175e-02	-1.935636577847617730e+02
5.526598678609708770e+00	5.938926568664168570e+01	-1.150617534299838013e-02	-2.078153519384382264e+02
5.532162682462509196e+00	6.458172520656118820e+01	1.556086814616917946e-01	-2.261617929990852645e+02
5.537397124017139127e+00	5.766549292419946227e+01	-9.580059998187352710e-02	-2.017110881484235847e+02
5.544582756485218589e+00	5.541845612919640729e+01	1.888372947417506220e-02	-1.939713525566148462e+02
5.551739327507637434e+00	5.570819723268804324e+01	-1.444952135947106218e-02	-1.949570574473309250e+02
5.557493306674907707e+00	8.484946969240277781e+01	2.412964461153690732e-01	-2.972088440258600031e+02
5.562281709102816940e+00	7.265567759592364894e+01	5.184613379332971700e-02	-2.543437129533477616e+02
5.569272720323164449e+00	1.299511215152784303e+02	-2.302870065543252340e-02	-4.548045147217681574e+02
