8.899641224696953554e-03	1.076892797277004138e+04	9.381308165604203168e+03	-2.553941485437166193e+04
1.507912216506557788e-02	1.201167358829672412e+04	1.838899022189533935e+04	1.169890800032277366e+04
2.144790186456836667e-02	1.356573087790130194e+04	1.827398252919317383e+04	-3.950239036776838020e+03
2.783660776489276650e-02	7.962922165847649921e+03	7.857366919407337264e+03	-5.018145551836820459e+02
3.435099785803411021e-02	5.433470305992900649e+03	4.892509917009088895e+03	7.224736238576309688e+02
4.047886761425745911e-02	5.052901020429140772e+03	5.441313873484084070e+03	1.855147952835477781e+03
4.676716683575679601e-02	3.447344568709495888e+03	3.179985160840921253e+03	-2.550329050488431903e+02
5.308225101765951665e-02	3.553128685463359943e+03	3.905277828004689127e+03	-2.066845649118019708e+02
5.945362440940590160e-02	3.464273998903932352e+03	3.573086169132905979e+03	2.190919565335902348e+02
6.576224814588792211e-02	3.211206840914400345e+03	3.345052467759189767e+03	1.406078386750187974e+03
7.196632906698736953e-02	2.622194102252067751e+03	2.846402407308752117e+03	5.406244213149470852e+02
7.827860915688347743e-02	2.288666289762420092e+03	2.364875529328137873e+03	3.095821750603750644e+01
8.470398945834539672e-02	1.874491900895167191e+03	2.025119732507730077e+03	5.428194578231161813e+02
9.096854620527369817e-02	1.533570352170331262e+03	1.533906167911168950e+03	5.644343983082849263e+02
9.720789776830213169e-02	1.392551871689282962e+03	1.450075980603846574e+03	1.566908897246451886e+02
1.034763038959366499e-01	1.323209491969443206e+03	1.279014701488585843e+03	5.439634678363184150e+01
1.097576444254559219e-01	1.242386784211581698e+03	1.166077281538267243e+03	3.854733666606411191e+01
1.160543084780093354e-01	1.299045484039189887e+03	1.390031695266181259e+03	3.259751750418184315e+02
1.223669666537485351e-01	1.110649866574563703e+03	1.016408097767077606e+03	3.978134735105408026e+01
1.286817263090294094e-01	9.924173324791203186e+02	8.747660220764372525e+02	8.109958765058603092e+01
1.349500801664080818e-01	8.944591615093034989e+02	9.352071336844152256e+02	1.968323752579599386e+02
1.411949558842147678e-01	8.161840791682502640e+02	7.783969232200367969e+02	1.334094802514800904e+02
1.475133575747468451e-01	7.305781165243196256e+02	7.672744386152020297e+02	1.758864402677184842e+02
1.537865074252268427e-01	6.775260886800523394e+02	6.629872970626312281e+02	5.526061377690806609e+01
1.600657544051110326e-01	6.707140102578625829e+02	6.875259104373067203e+02	8.715829117930717018e+01
1.663991168687080635e-01	6.168923874361153139e+02	5.774414734672018312e+02	1.198562313565695376e+02
1.727195645776442856e-01	6.050438614212454240e+02	5.929853800397584109e+02	9.506729505364991439e+01
1.789765213377084718e-01	5.639162073727735560e+02	5.420265830599303172e+02	7.230114908849920141e+01
1.852353690647852158e-01	5.394542890567279301e+02	5.304223073612452026e+02	2.591668777352733954e+01
1.914806787341157279e-01	5.060224657476883294e+02	5.460857431866915022e+02	1.292877237375747939e+02
1.977889868651535599e-01	4.601958033817319915e+02	4.957651803955983496e+02	9.127849708277034324e+01
2.040937735447724277e-01	4.206391794569349258e+02	4.301114195801455367e+02	9.154263712631978933e+01
2.103939302609846018e-01	3.983060131932991794e+02	4.221004875004867927e+02	1.030291714592834040e+02
2.166909709822301688e-01	3.784374417187360677e+02	3.758621470391814228e+02	4.791820183253134502e+01
2.229700281216152047e-01	3.662323423726883789e+02	3.688800535605454911e+02	7.905307257937674592e+01
2.292620027086341994e-01	3.598364206592466985e+02	3.601002271127156860e+02	7.690750616068753232e+01
2.355141508366812297e-01	3.390496517624346211e+02	3.335471849819018075e+02	8.597837970651504236e+01
2.417910583817859116e-01	3.215455750767518452e+02	3.109805095244861377e+02	5.734023423347585435e+01
2.480856539439619257e-01	3.039425640843602423e+02	3.024267514370546337e+02	6.148933254503723589e+01
2.543492256872954549e-01	2.892984278138288801e+02	2.829464713590094789e+02	5.786551116613966883e+01
2.606334251884805386e-01	2.739982823098828248e+02	2.962090631684915820e+02	9.039827253462726731e+01
2.669257370896960802e-01	2.575252583243202480e+02	2.649432098733454950e+02	7.188226484251480031e+01
2.732423343141155980e-01	2.533600925763359442e+02	2.663685266652100836e+02	6.477125966436544502e+01
2.795529680084415936e-01	2.396153310148039850e+02	2.527300602765897395e+02	6.427765823245820798e+01
2.858366292314493129e-01	2.315527149032676562e+02	2.263796894830628048e+02	3.927699355890290178e+01
2.920876271394311496e-01	2.218148738478530788e+02	2.194176723157432605e+02	4.286999366980160175e+01
2.983449844439822751e-01	2.138251023971077984e+02	2.110089263655339948e+02	4.523997280670578647e+01
3.046382639407197446e-01	2.047184835606747697e+02	2.027256489196482789e+02	3.878358270602953439e+01
3.109279127003197196e-01	1.975035257722760775e+02	2.013391256028847920e+02	5.640782816160886881e+01
3.172168171618398036e-01	1.893515911857413130e+02	1.945725644990237129e+02	5.025014573903266779e+01
3.235187567944423082e-01	1.790450532776074226e+02	1.752402305513680290e+02	4.527975092256734513e+01
3.298168217550395687e-01	1.735121486942682338e+02	1.745270165096652022e+02	4.769274304303498724e+01
3.361176429457156667e-01	1.703428283598397002e+02	1.710351833955285485e+02	3.650811274637144521e+01
3.423700375709273769e-01	1.619603054347427076e+02	1.630854577279565660e+02	4.912535730089525288e+01
3.486478192666269682e-01	1.601902684242011219e+02	1.597088037611482321e+02	4.236242282892222022e+01
3.549411614411318028e-01	1.533374677696739639e+02	1.539066165514561533e+02	3.665948365305175827e+01
3.611916935421040642e-01	1.459491939920184791e+02	1.478194066137956497e+02	4.150365352913284767e+01
3.674767089563572564e-01	1.425845225538944021e+02	1.492750152206739926e+02	4.477372966689861045e+01
3.737647795277591056e-01	1.379109997196185020e+02	1.395743922598543918e+02	4.403837383589095822e+01
3.800654031475132477e-01	1.323440492726154503e+02	1.339118022007588991e+02	3.418568074584499783e+01
3.863539861259823738e-01	1.296671543017536408e+02	1.332398575275811652e+02	3.806892355029059871e+01
3.926140181364449755e-01	1.253667441205309530e+02	1.273766627697208378e+02	3.647720689062975197e+01
3.989264500321934581e-01	1.215296666551939211e+02	1.231829256313719156e+02	3.856802852475779275e+01
4.052073244576828714e-01	1.172476928142079657e+02	1.187027015674874235e+02	3.060917896355998025e+01
4.114916477570477182e-01	1.131844054466305209e+02	1.114753798218111314e+02	3.279405658290026082e+01
4.177814272116491257e-01	1.098859844088679409e+02	1.078467224401793487e+02	2.999640282999909147e+01
4.240400648725131116e-01	1.073238314022770368e+02	1.090763135756377835e+02	3.240992971722786109e+01
4.303425690270192283e-01	1.042786883169798671e+02	1.031699023558027761e+02	3.394323403659061711e+01
4.366358560255625965e-01	1.003518159724651468e+02	1.024976026236110300e+02	3.364301683430944223e+01
4.428996183220763605e-01	9.806919333150715090e+01	9.734456016627382269e+01	3.059429425196435304e+01
4.491634418529859563e-01	9.408493157082629921e+01	9.517004739163574811e+01	3.217246682807449076e+01
4.554414146254732731e-01	9.187002172134613431e+01	9.051971654000259093e+01	2.765123270676888367e+01
4.617634470301058558e-01	8.884906644900166839e+01	8.782030893694589224e+01	3.244253659114320953e+01
4.680644242023710433e-01	8.603196968803148081e+01	8.151829575473475131e+01	2.386186578851154039e+01
4.743485242764365895e-01	8.506254937909207570e+01	8.406371330999411384e+01	2.786943087151646736e+01
4.806356136815400082e-01	8.272818984704231582e+01	8.304759564713985753e+01	2.739418661182504522e+01
4.869019258388697646e-01	7.933765463214596991e+01	7.795052013923475442e+01	2.480147532702688551e+01
4.931697099599955947e-01	7.807124825626372910e+01	7.778151709766511601e+01	2.698623047036756617e+01
4.994506747144535908e-01	7.556182589971119512e+01	7.391235951908313950e+01	2.534644026576124531e+01
5.057159051335421429e-01	7.425625547396927573e+01	7.382234161848683129e+01	2.742893390898477435e+01
5.119923996268095356e-01	7.196035715764620022e+01	7.125663096889053350e+01	2.572879734859794354e+01
5.183126097768406826e-01	6.937393057674286467e+01	6.782581348134668531e+01	2.414412951015393105e+01
5.246089638029100000e-01	6.865475268773900552e+01	6.765499457847104736e+01	2.479317823866017889e+01
5.308757308483337267e-01	6.656351597615346805e+01	6.470518329381111755e+01	2.485690439247095895e+01
5.371573527946726934e-01	6.509162912451915872e+01	6.389852710060485919e+01	2.258444149734850015e+01
5.434579563783791256e-01	6.326009579587761067e+01	6.086783105933260174e+01	2.401383402001697576e+01
5.497430652392217842e-01	6.202280845444867907e+01	6.016982861751618827e+01	1.884059236998369258e+01
5.559937427501778773e-01	6.073318432848466841e+01	5.962859991120701864e+01	2.352837792819099860e+01
5.622854676609657654e-01	5.883213239254465776e+01	5.599134845077523437e+01	2.106542588089434886e+01
5.686011537227265711e-01	5.762953932264642276e+01	5.436323222423943236e+01	1.976896969664351289e+01
5.748804589422079614e-01	5.641032071568762518e+01	5.397340340813052961e+01	2.261339816261802937e+01
5.811550210340560296e-01	5.476088005804979986e+01	5.276434254130624169e+01	2.202833456403014267e+01
5.874394496660968468e-01	5.369639588437582489e+01	5.192497589928555612e+01	2.044913571407499120e+01
5.937176220296899176e-01	5.254616283015536027e+01	4.994073488340461608e+01	1.929551812206490524e+01
5.999971954793682505e-01	5.098900895595747329e+01	4.855717215311499757e+01	1.998686197228494166e+01
6.062679115124277596e-01	5.008522510156596752e+01	4.664765028114489098e+01	1.818368162183501369e+01
6.125469576444534381e-01	4.903533918155835636e+01	4.683217417122341431e+01	1.995213398371678082e+01
6.188477733041515272e-01	4.752509493831807674e+01	4.390131497830464014e+01	1.850585563262013622e+01
6.251310567437898813e-01	4.656440258303197055e+01	4.392794377429042640e+01	1.869031208029656455e+01
6.314027450383210560e-01	4.569609248719297767e+01	4.306532558857472992e+01	1.844246964751224738e+01
6.377003562732055375e-01	4.476304532089373822e+01	4.157258212130236785e+01	1.818123146214810859e+01
6.439857783314556494e-01	4.385580273884163915e+01	4.125925922599660822e+01	1.828673695002793309e+01
6.502685417166111925e-01	4.255799635618440391e+01	3.884664834159845270e+01	1.691880185395190495e+01
6.565586117699038216e-01	4.181003596120864074e+01	3.775550835780281744e+01	1.623430307192130684e+01
6.628369282359254377e-01	4.087983164050530149e+01	3.837991528277809294e+01	1.722644503141313876e+01
6.691185444962194362e-01	4.013491806366937453e+01	3.666860786830704910e+01	1.545862547758724048e+01
6.754070198575605755e-01	3.959350058023636620e+01	3.660829727905740327e+01	1.690791624572870333e+01
6.816835514593204692e-01	3.815369636609884907e+01	3.449114081252284336e+01	1.507687175931004120e+01
6.879592533861698112e-01	3.763001798519581342e+01	3.318644585213024101e+01	1.460488019940982340e+01
6.942344317039531587e-01	3.688779220968851291e+01	3.348238695323149017e+01	1.612707897126948708e+01
7.005175402434737908e-01	3.653331037385859759e+01	3.334014838815645732e+01	1.602062895146509902e+01
7.068124956608716758e-01	3.534691127790329546e+01	3.105475695362569510e+01	1.503282024946544482e+01
7.131019009674921527e-01	3.449902153025437457e+01	3.082511828176734170e+01	1.489480142751219383e+01
7.193918251171427247e-01	3.407696379554820965e+01	2.981500544554523202e+01	1.522559042988030420e+01
7.256833807598113140e-01	3.358953777261328355e+01	3.000551339376571036e+01	1.484651292260038957e+01
7.319652682709349989e-01	3.274310775166835441e+01	2.891544034118782491e+01	1.428001911860304141e+01
7.382507990484923344e-01	3.218292000312607115e+01	2.875177776692069997e+01	1.561455156671150668e+01
7.445265842115937893e-01	3.166953154086970912e+01	2.793882943226328663e+01	1.452054476360336643e+01
7.507871101942712455e-01	3.090214121198529185e+01	2.701113899237444826e+01	1.416979495144564360e+01
7.570758465316046459e-01	3.028949743124577054e+01	2.641198340011847989e+01	1.336789714327505685e+01
7.633641233600957365e-01	2.966660690342465045e+01	2.472976062308029555e+01	1.197781985871224997e+01
7.696462959862266917e-01	2.908514996856464663e+01	2.483696908299333117e+01	1.335696521322483044e+01
7.759394865175414102e-01	2.849377520963786026e+01	2.436332763143751734e+01	1.210698130840238385e+01
7.822329141989586843e-01	2.804683544708148446e+01	2.381934398830108535e+01	1.288272042986589483e+01
7.885314936520240181e-01	2.766410616844823522e+01	2.318320771299801208e+01	1.200859768550187034e+01
7.947896566979522071e-01	2.703596253870818700e+01	2.255390146613487445e+01	1.199058170150270186e+01
8.010491096592354809e-01	2.659335718620297939e+01	2.243614253710016726e+01	1.205120085271850527e+01
8.073364061727361651e-01	2.593455248115699163e+01	2.179842738865266227e+01	1.132143014189163033e+01
8.136229488373866170e-01	2.557711644168891141e+01	2.132634630679120136e+01	1.156598674891018597e+01
8.199152998961036776e-01	2.531031968921448083e+01	2.158246941547388076e+01	1.188793256506786378e+01
8.261952636392789762e-01	2.475854864822676404e+01	2.071914677597787957e+01	1.190366525617228532e+01
8.324897070080405914e-01	2.442570930277250341e+01	2.024262702347848375e+01	1.130481190712619544e+01
8.387959309210778480e-01	2.393663694007392806e+01	1.991223557569582070e+01	1.084353912781794271e+01
8.450634639703045181e-01	2.337388507415694860e+01	1.900928229730819297e+01	1.120276889702066647e+01
8.513282867562648182e-01	2.310919390801621631e+01	1.919512414309223658e+01	1.140038498820335633e+01
8.576198263902009566e-01	2.272333283426610606e+01	1.875329615315531129e+01	1.089822664648985295e+01
8.639058477062415697e-01	2.231452133166396123e+01	1.830309638666249583e+01	1.067176427744105993e+01
8.701838745487597837e-01	2.184556776481628759e+01	1.765600521426235048e+01	1.055403507662194507e+01
8.764641096075268534e-01	2.149106848674153980e+01	1.760850988411540996e+01	1.081396823230986826e+01
8.827503873399735745e-01	2.103335965293384646e+01	1.694091476973291677e+01	1.032340481019204326e+01
8.890332768393869323e-01	2.079743389813712895e+01	1.661356804045719215e+01	1.027432138592537925e+01
8.953084247113127780e-01	2.054606726938303751e+01	1.664971403383831117e+01	1.004101970461814908e+01
9.015956521667095602e-01	2.010083702361040281e+01	1.580916332694397575e+01	9.839184118820911706e+00
9.078833328094829680e-01	1.968563992050301792e+01	1.546449778229787064e+01	9.529838680488717628e+00
9.141744106319863450e-01	1.954496195955249860e+01	1.539188143688841848e+01	9.327345020314497859e+00
9.204630817717615043e-01	1.914324011964128758e+01	1.485062131405225117e+01	9.588223558328213159e+00
9.267434415264711456e-01	1.886397106917058508e+01	1.468015385878317502e+01	9.288718277254178091e+00
9.330324197354928906e-01	1.861946489965023588e+01	1.435023095955516048e+01	9.042583301353760206e+00
9.393265785573878812e-01	1.826579814636808052e+01	1.436899163210531327e+01	9.446855031290114724e+00
9.455974810398196650e-01	1.791945891488384746e+01	1.372853962517744186e+01	8.834553995135141946e+00
9.518660018545171964e-01	1.766667852936329908e+01	1.355956675923348698e+01	9.152786781377825420e+00
9.581413255531838757e-01	1.736697069419972550e+01	1.322318755519501288e+01	8.636097779838712185e+00
9.644350945109106954e-01	1.712901286478255614e+01	1.295541925587760090e+01	8.803036117315366837e+00
9.707355633568249820e-01	1.687747311740956491e+01	1.279067064311286117e+01	8.751948997138196518e+00
9.770080768450029041e-01	1.656331182977782035e+01	1.259320685332284206e+01	8.629274700720809932e+00
9.832823325363413414e-01	1.642884216485674642e+01	1.238058126858374486e+01	8.604112836773280648e+00
9.895569691966674686e-01	1.613425311329267942e+01	1.222695573644622513e+01	8.801058426537709423e+00
9.958456301921106979e-01	1.590854994616693219e+01	1.188528137541471175e+01	8.298032889634864517e+00
1.002136210743837408e+00	1.565438067711309422e+01	1.177563215555355391e+01	8.489535656363933924e+00
1.008404825335135424e+00	1.550038441337144413e+01	1.177765929009197876e+01	8.267929057058188036e+00
1.014694149836243398e+00	1.513256213997768640e+01	1.131603925609116068e+01	8.579869038366025435e+00
1.020992555437297167e+00	1.494557129316603650e+01	1.119417799006161296e+01	7.963097478786726136e+00
1.027273980437394485e+00	1.464079244487083997e+01	1.089918846153151399e+01	8.146870086332356209e+00
1.033559181896017254e+00	1.457205324481729569e+01	1.073832483847739994e+01	8.071518299265699525e+00
1.039847557392594934e+00	1.429291634135637779e+01	1.048207640952859698e+01	7.774140842617691227e+00
1.046126974943305088e+00	1.414067982197551032e+01	1.034721452654233786e+01	7.710304182633160863e+00
1.052403436811028659e+00	1.397355234033606664e+01	1.028163852617583096e+01	8.083448195037844286e+00
1.058680704651608684e+00	1.367329050393672318e+01	1.001546361755510794e+01	7.581841005179257742e+00
1.064964333065789193e+00	1.359190751162344490e+01	9.734336209342831836e+00	7.689565555505053496e+00
1.071256777440835473e+00	1.332557118425205012e+01	9.553487987834717643e+00	7.666198709576944381e+00
1.077544048801078125e+00	1.316655801139161497e+01	9.704784721068609343e+00	7.440938788810074200e+00
1.083824820188043603e+00	1.296799816627143009e+01	9.413015189063036914e+00	7.699671113605362827e+00
1.090108023942816695e+00	1.277609105772139308e+01	9.046175298153491084e+00	7.361739958339044598e+00
1.096389665956643222e+00	1.263885124612334998e+01	9.064435374899820985e+00	7.332843138904860503e+00
1.102681132058841440e+00	1.240831107737963457e+01	8.796808182994427128e+00	7.299514041093312144e+00
1.108963047594879958e+00	1.226577578941750701e+01	8.799501461375516698e+00	7.057944821728885820e+00
1.115225428463759272e+00	1.212049758040387637e+01	8.617265821121669944e+00	7.073248622209008296e+00
1.121502127614767863e+00	1.191454984327188349e+01	8.384132311595475784e+00	7.157726208297454207e+00
1.127792573824792033e+00	1.178273153064337286e+01	8.393538691330105550e+00	6.923525250088360394e+00
1.134089552668382961e+00	1.167089645668790610e+01	8.254456031327624288e+00	6.994487865610069299e+00
1.140364049650405942e+00	1.151478557043135176e+01	8.041459885417278741e+00	6.802633374373693087e+00
1.146639180320979445e+00	1.136060394835357634e+01	8.108739097137025453e+00	7.224821139194036235e+00
1.152942412991649901e+00	1.123681471136374377e+01	7.966933390100005674e+00	6.933877213512413817e+00
1.159228906751078814e+00	1.111360230901906831e+01	7.885081120380982966e+00	6.970978456616315988e+00
1.165508721887268173e+00	1.093602757389092162e+01	7.690144005932997295e+00	6.726250777363504518e+00
1.171793076256210320e+00	1.075014322027831959e+01	7.422854082388601782e+00	6.557817715116216917e+00
1.178087436369658958e+00	1.065369503600001799e+01	7.389064980277495920e+00	6.821183449314238700e+00
1.184367654251526902e+00	1.051453680310591565e+01	7.261633786987339967e+00	6.543674433220630249e+00
1.190634642299266632e+00	1.042068473534509643e+01	7.236213319142384748e+00	6.546133945472823790e+00
1.196912208834400859e+00	1.027624454006942223e+01	7.091907664526767796e+00	6.428172798953650791e+00
1.203201577354146234e+00	1.012766370220414736e+01	7.008785004444591848e+00	6.672926164974204433e+00
1.209486844441705733e+00	1.004106640861060029e+01	6.960527122371916064e+00	6.495461913158784739e+00
1.215763902074809888e+00	9.925904531177277335e+00	6.991621452426545424e+00	6.526369536774601521e+00
1.222049755171146668e+00	9.792172045606800879e+00	6.787638838035325861e+00	6.399064304513966128e+00
1.228340616621486969e+00	9.722710997449771853e+00	6.859231453869170103e+00	6.572463422622582208e+00
1.234632986576932767e+00	9.580083835510507129e+00	6.699051979503256149e+00	6.379032507641008820e+00
1.240902247176856488e+00	9.483033835872729966e+00	6.602891848711831990e+00	6.460646327028238822e+00
1.247174839144687519e+00	9.388660831140478891e+00	6.573645711874732456e+00	6.281861435405464711e+00
1.253465459933442272e+00	9.270114243197550508e+00	6.502242514376722404e+00	6.384341329134625376e+00
1.259749951892178421e+00	9.136960321654903794e+00	6.415513085807762472e+00	6.356523018654709922e+00
1.266032143127253873e+00	9.067063539139612161e+00	6.294209012688217086e+00	6.218103160945540608e+00
1.272316288472006507e+00	8.951291986310137005e+00	6.225227695827865837e+00	6.315387078464318016e+00
1.278604155058621350e+00	8.849123884214641578e+00	6.259538934109540875e+00	6.379338158821082239e+00
1.284886588933593865e+00	8.770642925761555020e+00	6.196952875519097681e+00	6.405530236829970470e+00
1.291175420066583257e+00	8.721136712176100758e+00	6.144428367922619039e+00	6.459718632105404978e+00
1.297465726373772332e+00	8.599150050744986729e+00	5.997195731171093946e+00	6.179756137198967991e+00
1.303741827011944299e+00	8.492250908051566682e+00	5.947480784271445664e+00	6.158181280695248283e+00
1.310017322922761851e+00	8.437071816562124127e+00	5.962773006009927101e+00	6.292523327379637266e+00
1.316301447662886703e+00	8.324300398986684613e+00	5.866304426164083097e+00	6.109105236476755074e+00
1.322586760363303249e+00	8.234534898762053245e+00	5.874819074933604668e+00	6.291634673259972388e+00
1.328865492452874664e+00	8.163081198829720719e+00	5.826985407132770689e+00	6.185523006863600237e+00
1.335144804954555564e+00	8.104958025642824637e+00	5.850085257049600251e+00	6.342433397449552146e+00
1.341440516272275119e+00	8.022453213778183212e+00	5.759690850815337271e+00	6.187557991481773989e+00
1.347730868417094552e+00	7.941236843886467334e+00	5.667368454711538384e+00	6.242620877291831682e+00
1.354001589994877630e+00	7.859366524144679289e+00	5.618639104009417906e+00	6.338183891748955467e+00
1.360282609297778444e+00	7.801102377965464463e+00	5.600478628107791401e+00	6.198940588090134263e+00
1.366565686457597906e+00	7.700717916926140383e+00	5.570740811211889465e+00	6.155040266131891258e+00
1.372851498482432708e+00	7.666628828081806901e+00	5.554079722732720548e+00	6.212638648956634313e+00
1.379135372929401804e+00	7.588859789456962268e+00	5.548752598285039639e+00	6.383768119500269123e+00
1.385409567149057164e+00	7.527272752295001368e+00	5.489779925681142814e+00	6.276037689657150587e+00
1.391698641219299315e+00	7.440445921835535437e+00	5.469020555483585788e+00	6.215599615211823803e+00
1.397984451439470810e+00	7.404042009700457783e+00	5.493220313943497857e+00	6.376645883416558469e+00
1.404267883409181961e+00	7.338386760899271444e+00	5.453670678272435346e+00	6.249965930342318288e+00
1.410554779484869181e+00	7.269718981707341321e+00	5.391378190530007330e+00	6.363395096323947620e+00
1.416837833547465397e+00	7.197509852281045006e+00	5.418290175413241982e+00	6.298747372076721973e+00
1.423118177187137068e+00	7.146562148792425795e+00	5.406169518660813189e+00	6.391699721373087506e+00
1.429397801164240089e+00	7.098060776344950362e+00	5.406066922217135584e+00	6.378946065609059524e+00
1.435686921822787232e+00	7.048602545759426796e+00	5.347283149859329399e+00	6.413888154187037394e+00
1.441977121769299597e+00	6.979483077107268230e+00	5.340522355402293364e+00	6.397639344475246403e+00
1.448253667853332427e+00	6.925098879134681695e+00	5.384292873964086290e+00	6.483344297190310357e+00
1.454532348972172651e+00	6.863057951333688678e+00	5.268857287797954037e+00	6.370013527101608730e+00
1.460819319151879903e+00	6.807472039901950822e+00	5.261001569848441584e+00	6.422366637422859625e+00
1.467110364402026468e+00	6.793105863222479002e+00	5.287629181176276560e+00	6.477840982580025830e+00
1.473392908948962132e+00	6.727600692728207932e+00	5.303077142039731129e+00	6.527626802843985665e+00
1.479669965243598950e+00	6.684489901881857321e+00	5.274731616274256574e+00	6.601919513035685583e+00
1.485956144602843532e+00	6.634875378935183754e+00	5.310387926571207728e+00	6.566866261008540206e+00
1.492233610763115115e+00	6.593511075968761403e+00	5.283552228566093412e+00	6.569713369177152984e+00
1.498502470379980078e+00	6.535453144962597882e+00	5.240326892909301648e+00	6.671880777000080975e+00
1.504785752051182701e+00	6.485939975990406836e+00	5.249449878881733866e+00	6.536095383054694175e+00
1.511075991894575976e+00	6.450739745145427584e+00	5.175840299119653487e+00	6.562902426606656014e+00
1.517361634985162189e+00	6.431560825984013796e+00	5.268807587289696670e+00	6.749271446888925219e+00
1.523648570969130533e+00	6.395246848318634214e+00	5.316486646720684384e+00	6.756973143648710156e+00
1.529938035715892264e+00	6.359929478465217834e+00	5.216072837303282306e+00	6.759092867103260183e+00
1.536230176913891965e+00	6.320334081034254758e+00	5.241902413131863447e+00	6.821077003428788643e+00
1.542510718779388279e+00	6.285085403111266622e+00	5.330230460265585890e+00	6.891631662969223804e+00
1.548783963082980275e+00	6.249980638656621679e+00	5.257388093997091616e+00	6.906996143232896124e+00
1.555073069779651318e+00	6.210188116991147922e+00	5.294029933897526519e+00	6.925818566974904833e+00
1.561357324927233892e+00	6.175705929101351188e+00	5.258260044249221998e+00	7.006638335568853293e+00
1.567629121053141006e+00	6.131387616310921551e+00	5.227635593670336256e+00	6.937895109591065257e+00
1.573913697404382583e+00	6.107499861436222588e+00	5.224984202926552967e+00	7.049096181865037281e+00
1.580203545230874029e+00	6.092268061365690102e+00	5.261261007526572442e+00	7.073732647865168310e+00
1.586485393434537983e+00	6.058817302741606348e+00	5.301076739606459753e+00	7.166402925696393922e+00
1.592760014263005841e+00	6.019029036874788297e+00	5.278806534193147826e+00	7.158603202914669339e+00
1.599046436394670812e+00	6.007683525590890916e+00	5.296864030094335263e+00	7.260633964680502039e+00
1.605342136637478934e+00	5.970269960786329655e+00	5.342553523847771046e+00	7.319833778263385327e+00
1.611619860919608627e+00	5.933282708347176637e+00	5.243148761578156680e+00	7.165551825817396470e+00
1.617897597081673799e+00	5.931064420394215553e+00	5.324963935440734097e+00	7.415902690984754742e+00
1.624183235481122756e+00	5.889009920677214183e+00	5.243514195152909174e+00	7.280228943560738131e+00
1.630464598531913722e+00	5.878120534759136540e+00	5.264170602255780373e+00	7.409389010527425157e+00
1.636748985747638274e+00	5.838822222512995097e+00	5.270919642901911395e+00	7.536667661022379505e+00
1.643030923698886259e+00	5.842243148770632111e+00	5.316491529677604966e+00	7.540841952553530625e+00
1.649309176648513064e+00	5.819466119554697059e+00	5.330740938543045537e+00	7.595175053225641904e+00
1.655593633940351861e+00	5.782363497624334769e+00	5.277053737805131206e+00	7.552081964666934155e+00
1.661879571405086464e+00	5.780402118765615604e+00	5.369997366555628204e+00	7.712961578045283595e+00
1.668169361685170271e+00	5.756970374276455082e+00	5.316809658998518984e+00	7.712442195431568059e+00
1.674450151530487485e+00	5.753463954247591161e+00	5.343026153227622643e+00	7.790863721872351988e+00
1.680722718978495900e+00	5.720063144851567749e+00	5.315061310934764194e+00	7.751591723686617641e+00
1.687013891340952476e+00	5.708428528769646348e+00	5.361386750616127017e+00	7.851604755201429420e+00
1.693308984907921033e+00	5.672233510625622976e+00	5.312929045118839788e+00	7.838807033415892356e+00
1.699582147428448486e+00	5.680515475863759711e+00	5.346938433094747367e+00	7.921787567250668793e+00
1.705863747055134105e+00	5.670176997285521381e+00	5.353368066873925635e+00	7.921587334764256028e+00
1.712154434283889470e+00	5.646810994487824864e+00	5.391999478392475176e+00	8.090478280545790213e+00
1.718438381579399321e+00	5.612716389039175802e+00	5.309206053617745447e+00	7.968974061745846882e+00
1.724721264464063930e+00	5.617014890600402488e+00	5.343729812051428496e+00	8.057765078057517627e+00
1.730997441276920679e+00	5.607861495857365597e+00	5.400541632440976514e+00	8.119531992973980650e+00
1.737287073528269499e+00	5.605551771474976519e+00	5.394732506434434249e+00	8.223953070263108955e+00
1.743567991878527401e+00	5.591307980756086593e+00	5.328612714881924894e+00	8.214246227363320330e+00
1.749840680212231048e+00	5.586552355066723763e+00	5.406985581085621995e+00	8.369090272661049212e+00
1.756128549091961144e+00	5.577459012914805392e+00	5.433816054655514982e+00	8.409774786307423255e+00
1.762413535324792502e+00	5.552845989361157031e+00	5.360220903030804784e+00	8.389591165898487191e+00
1.768696187669963837e+00	5.555818423164229358e+00	5.370645119072610107e+00	8.436753324104870444e+00
1.774979359379055266e+00	5.537786007237021302e+00	5.336005716227041340e+00	8.466465012165539150e+00
1.781265555576432957e+00	5.539600120726304588e+00	5.381523587932279362e+00	8.562817145647299455e+00
1.787549427830244619e+00	5.513537702276503083e+00	5.343286747523579017e+00	8.518040668968533069e+00
1.793834120011633004e+00	5.533227334065428771e+00	5.418164716985869767e+00	8.666733048769284409e+00
1.800115051552487300e+00	5.509146889141834258e+00	5.362900538116131877e+00	8.679465097975983312e+00
1.806393904854530330e+00	5.516182646226808650e+00	5.349493190755437055e+00	8.696668660520352034e+00
1.812674089667083432e+00	5.517059400636536992e+00	5.404267146353726403e+00	8.818057809039649086e+00
1.818956920109354058e+00	5.513904207729606988e+00	5.323347273553208581e+00	8.777800486279279113e+00
1.825244164118212220e+00	5.492736334041175006e+00	5.334213885929663057e+00	8.854462150197631942e+00
1.831527256642196955e+00	5.490590699289761289e+00	5.339157864555689414e+00	8.880852177118594426e+00
1.837811294935716599e+00	5.514630532172405175e+00	5.354231202326110051e+00	8.987291095963438892e+00
1.844100717411196744e+00	5.499369109921785181e+00	5.335430364473858766e+00	9.040920741284079298e+00
1.850384816792487230e+00	5.496491661559798736e+00	5.287562730048852799e+00	9.009589669351807828e+00
1.856666059735203822e+00	5.500154995871611163e+00	5.304477566978174075e+00	9.100473347165968008e+00
1.862947728675613979e+00	5.500583453108962573e+00	5.261384574737602016e+00	9.187417793698465118e+00
1.869229324466858078e+00	5.496360763959406981e+00	5.311803571559964965e+00	9.206357078428451857e+00
1.875517616802973686e+00	5.504346646518469832e+00	5.286018986286116217e+00	9.238780092103684893e+00
1.881800769033795229e+00	5.504254023799728834e+00	5.274789656758709810e+00	9.261563997374738122e+00
1.888078863416442710e+00	5.509346644869391518e+00	5.225333535739028257e+00	9.374673699200544164e+00
1.894353975182237582e+00	5.516054897807827651e+00	5.189981123275219765e+00	9.433927289541424344e+00
1.900642716154182565e+00	5.512794805500509376e+00	5.211544217262826351e+00	9.413300009834641102e+00
1.906933494748685121e+00	5.540575282603206198e+00	5.294703148967617068e+00	9.615940966909834131e+00
1.913207568676573933e+00	5.533619283356629559e+00	5.266721524274093902e+00	9.611531459263735755e+00
1.919490884732178992e+00	5.536361423913426449e+00	5.246983920904918719e+00	9.674975261700678786e+00
1.925776855684274480e+00	5.546893706942809921e+00	5.161242496904961286e+00	9.574745857443527797e+00
1.932064452961978152e+00	5.521442837479690446e+00	5.071551109066746221e+00	9.549137949802691594e+00
1.938342610030488800e+00	5.555861045906040019e+00	5.142153784511022785e+00	9.800875676914394319e+00
1.944618341543410178e+00	5.554156485319453829e+00	5.078807035910646306e+00	9.731197949026011429e+00
1.950906260203513876e+00	5.555720356538711435e+00	5.008318666064885072e+00	9.745118439901775176e+00
1.957194556613796488e+00	5.566853477503996395e+00	5.009124206521033962e+00	9.774550177983982735e+00
1.963479614559011432e+00	5.575944601956446256e+00	5.062176637376231803e+00	9.888305052210544233e+00
1.969760361532916226e+00	5.579958967426969174e+00	5.012923144027048750e+00	9.916289251542792726e+00
1.976048367034604736e+00	5.599051307330197069e+00	4.970061056036995772e+00	9.972226514675822884e+00
1.982337990217652335e+00	5.613235555976662461e+00	4.920773715700431872e+00	1.001833253180667782e+01
1.988617489259562721e+00	5.621963346656194460e+00	4.907683061778343792e+00	1.006443941449285973e+01
1.994896320665194178e+00	5.633344099576142128e+00	4.893047554802360644e+00	1.010311994505180166e+01
2.001179596222827151e+00	5.654908541131807631e+00	4.816124441158269320e+00	1.011866414576506834e+01
2.007459756923499761e+00	5.640704704889317966e+00	4.769397117296000133e+00	1.008198145408755231e+01
2.013737397779169935e+00	5.667722158987111847e+00	4.763832089941408832e+00	1.022877073389980573e+01
2.020017234677497164e+00	5.672859609536122782e+00	4.746625760249295389e+00	1.027152096544744531e+01
2.026310251015072783e+00	5.683624571707889039e+00	4.732923127650874306e+00	1.029970287510550087e+01
2.032600542948020284e+00	5.710432047890768636e+00	4.612072297979823432e+00	1.034454102862363989e+01
2.038873863192099289e+00	5.702519419215673402e+00	4.596640380215925248e+00	1.031601382681949097e+01
2.045154087821675404e+00	5.730609557861471082e+00	4.543527143604250362e+00	1.039392942527345198e+01
2.051444704514288730e+00	5.742720246045372789e+00	4.485087378552325532e+00	1.039395571426123688e+01
2.057730430280644729e+00	5.764381347119321930e+00	4.490614483712750626e+00	1.051201295841240224e+01
2.064013940455224461e+00	5.768829564913248831e+00	4.415682160567452996e+00	1.044455329773956187e+01
2.070299891179459895e+00	5.787733787476276426e+00	4.377570949222041818e+00	1.042856636721346675e+01
2.076589719964883951e+00	5.805706693013258146e+00	4.358771747233378235e+00	1.057192893615272133e+01
2.082865483794470673e+00	5.812262258361437617e+00	4.297623426858122819e+00	1.049556756413207559e+01
2.089134494859368640e+00	5.838063536853499436e+00	4.242568225826313544e+00	1.062556069713390983e+01
2.095424211360070288e+00	5.862686312697255708e+00	4.176461828503207130e+00	1.069834405142862011e+01
2.101707116664804254e+00	5.866187029010954568e+00	4.180824333595357878e+00	1.073412385495119459e+01
2.107986473933564309e+00	5.917956007666221652e+00	4.113296150054486233e+00	1.082015655287963796e+01
2.114271806543862375e+00	5.922888054216779885e+00	4.042992908773918259e+00	1.083423939561563820e+01
2.120552717288892275e+00	5.946942741818888045e+00	4.008438470871363180e+00	1.087190287448457227e+01
2.126836933207161717e+00	5.963797488616384257e+00	3.926220770580166608e+00	1.091158051746498359e+01
2.133122044791171845e+00	5.987935706666556612e+00	3.903980631582824046e+00	1.098332877168501653e+01
2.139411711910842673e+00	6.005550529226828083e+00	3.740577945349683020e+00	1.093296152786492037e+01
2.145697076775292089e+00	6.031895965920778480e+00	3.697361526378359464e+00	1.099488987079392821e+01
2.151973548606471276e+00	6.044378330672168786e+00	3.740844180331049706e+00	1.107035030827118227e+01
2.158259913555724108e+00	6.049508373860733812e+00	3.651389886449584843e+00	1.096851409819367440e+01
2.164545396699105506e+00	6.079651027205484226e+00	3.562046427739534948e+00	1.110688581741667846e+01
2.170830700377734068e+00	6.105626723219691243e+00	3.518695165873459096e+00	1.112096420134599128e+01
2.177114138849150393e+00	6.119075966993412052e+00	3.459440645337372278e+00	1.111047221696685483e+01
2.183387647576827018e+00	6.166420835195220995e+00	3.368740615020935802e+00	1.120347933984280608e+01
2.189670273687676971e+00	6.180972425474783982e+00	3.251854680839748823e+00	1.118279100438608786e+01
2.195960147934207463e+00	6.214663644131777076e+00	3.219732595556144439e+00	1.133347700605341757e+01
2.202242556317716371e+00	6.217217009077382173e+00	3.136238344706322234e+00	1.115313888341472648e+01
2.208521655981037668e+00	6.256438465286078277e+00	3.075238895169840614e+00	1.133140700884780472e+01
2.214804637081333016e+00	6.315848679273356581e+00	3.042031044422334851e+00	1.148211399833890667e+01
2.221092583349425276e+00	6.326280009381554770e+00	2.997999258748799356e+00	1.146868294885457473e+01
2.227372893591468728e+00	6.353844269482310736e+00	2.933248113843098803e+00	1.154600772754535853e+01
2.233657161144248171e+00	6.381251422912290749e+00	2.825781250915990306e+00	1.153057979315430792e+01
2.239943485394438660e+00	6.401671825449445130e+00	2.755621651735725042e+00	1.153410197743889043e+01
2.246224175264620815e+00	6.432153250668926958e+00	2.672260460215587052e+00	1.156890206564413148e+01
2.252506378421252009e+00	6.477015566518780965e+00	2.576038733128382052e+00	1.169167521356848560e+01
2.258783417054270437e+00	6.482349719963848678e+00	2.487703852239442348e+00	1.163829756735809440e+01
2.265069077371457684e+00	6.505579995738828281e+00	2.460662732788680529e+00	1.164246598287551748e+01
2.271350377044131452e+00	6.551737401951194251e+00	2.376465910542882032e+00	1.175310613977783980e+01
2.277633995145353918e+00	6.598660900546894581e+00	2.243869601283332127e+00	1.180280058320478709e+01
2.283922419579920149e+00	6.630492079635321723e+00	2.141688906280014848e+00	1.185790875071665873e+01
2.290202874392252674e+00	6.646184667476313201e+00	2.138749360703166236e+00	1.186263051436011118e+01
2.296490779970905560e+00	6.676992911137569209e+00	2.068413872380150842e+00	1.190514754879124659e+01
2.302771769934229162e+00	6.725960881933258584e+00	1.921900400555567767e+00	1.199115091159748303e+01
2.309051364164305564e+00	6.744132158901351204e+00	1.889379952679500096e+00	1.198975847161418073e+01
2.315338502539088239e+00	6.766926486095933946e+00	1.818348648020265967e+00	1.194507871905478247e+01
2.321627336503874428e+00	6.803045805014795278e+00	1.764855913556420575e+00	1.200285712298434326e+01
2.327911878297218795e+00	6.862334296244285703e+00	1.599601330219894146e+00	1.216110013243757848e+01
2.334186238580297168e+00	6.896560494984285583e+00	1.504508542101618218e+00	1.218382224761353072e+01
2.340467971862688401e+00	6.929495021362297891e+00	1.437452955349375783e+00	1.217402012767592723e+01
2.346756940970738725e+00	6.951949604382424042e+00	1.469876021212588757e+00	1.219585910843892584e+01
2.353044444556199988e+00	6.996370342323646518e+00	1.288028062930671069e+00	1.227715487631416380e+01
2.359327653314069906e+00	7.023920116653009416e+00	1.169067233555016072e+00	1.226457470593287802e+01
2.365603048789861607e+00	7.066129846615571530e+00	1.164332059752955839e+00	1.237718418046793190e+01
2.371885911737665165e+00	7.091416240098340928e+00	1.062947350705032434e+00	1.237803706041650464e+01
2.378173303594019572e+00	7.124225371684796748e+00	9.817187906715511003e-01	1.239051099363476638e+01
2.384454016539381271e+00	7.187711905027033943e+00	8.358302801765973289e-01	1.245798036006737597e+01
2.390736447344785187e+00	7.223793165654380566e+00	8.393840876260971751e-01	1.251387185075665975e+01
2.397014133897952259e+00	7.256956733082934541e+00	6.672197543653727303e-01	1.248958522499113144e+01
2.403295490074321972e+00	7.288850472670771907e+00	6.444385721998366900e-01	1.258230288237021810e+01
2.409585049672506862e+00	7.366114861166202843e+00	5.713664805034830430e-01	1.278679605826127919e+01
2.415871703165322071e+00	7.396496260040538395e+00	3.955426043393388547e-01	1.274204747824321871e+01
2.422160652369088840e+00	7.413823482903286077e+00	3.588876153323153351e-01	1.267035907961220431e+01
2.428440167222748691e+00	7.435646456780851565e+00	2.897440427571538746e-01	1.272461317426228788e+01
2.434717472383889803e+00	7.461292545584135461e+00	2.152025811159937185e-01	1.268558944768541252e+01
2.441002456202044257e+00	7.511205408736136846e+00	1.147636237317328084e-01	1.276637617624509602e+01
2.447289980304530488e+00	7.554012158792457576e+00	3.704380132959950861e-02	1.277839408573084512e+01
2.453571844729242279e+00	7.595441340834329758e+00	-7.414485764964169612e-02	1.288339893809372683e+01
2.459852705114058846e+00	7.637124136163030208e+00	-1.932383891582219737e-01	1.288627112695014354e+01
2.466139233225018934e+00	7.690770008028823490e+00	-2.429779937683740620e-01	1.296706563665621381e+01
2.472421963421291391e+00	7.711838036817058928e+00	-3.168747323569121588e-01	1.293760925063242695e+01
2.478698519174224568e+00	7.758410185966225114e+00	-3.572444743510934662e-01	1.301338629996322638e+01
2.484980841400355800e+00	7.812479556814721171e+00	-4.884484509708170163e-01	1.311784951421362955e+01
2.491269319409339822e+00	7.825788085897454671e+00	-4.963404048381867550e-01	1.305029315558031477e+01
2.497548505139029373e+00	7.901775961894069056e+00	-6.522078963769832871e-01	1.318152863478018233e+01
2.503831667172610853e+00	7.909768598770205550e+00	-6.680926660115826810e-01	1.311207345587716055e+01
2.510117938323931153e+00	7.990139367026728223e+00	-8.848264513634247486e-01	1.322324531508125034e+01
2.516400733681277480e+00	8.018487159034556555e+00	-9.534495508793270346e-01	1.328817387433044850e+01
2.522688226833368130e+00	8.063774844086536220e+00	-9.981929592261805650e-01	1.333007300360417524e+01
2.528971695852665569e+00	8.108799973750862478e+00	-1.095035334018437556e+00	1.337277573494341176e+01
2.535252039407670299e+00	8.130930288475298084e+00	-1.094110077316352347e+00	1.333243412761840752e+01
2.541537514142774512e+00	8.174944241634490183e+00	-1.265270909244040398e+00	1.337616182016257405e+01
2.547823008847572179e+00	8.220459591547346179e+00	-1.357816241796656831e+00	1.341038889199767503e+01
2.554100666580690238e+00	8.260510187003152538e+00	-1.381670174129182804e+00	1.345163083295254580e+01
2.560376788884177301e+00	8.313621726937013179e+00	-1.489466462421841442e+00	1.347577487815353514e+01
2.566667521601497359e+00	8.367789837509649331e+00	-1.617129029241707094e+00	1.354124508178380992e+01
2.572955062237090473e+00	8.393488413922410629e+00	-1.645742825322679570e+00	1.359773164316990979e+01
2.579233771797999175e+00	8.441108060025792170e+00	-1.697643382391746281e+00	1.359943957031342698e+01
2.585520164300948220e+00	8.448085423267889027e+00	-1.732728044470391637e+00	1.350528948409267471e+01
2.591805130332431872e+00	8.534341824676749511e+00	-1.882141804085870618e+00	1.374342725130524556e+01
2.598084074692260881e+00	8.551556139254570255e+00	-1.957909736787763144e+00	1.363964503056374866e+01
2.604360404197643586e+00	8.613069627768553005e+00	-2.067503837309640158e+00	1.372906024937712566e+01
2.610647185140439142e+00	8.658166153723955816e+00	-2.072888314200807436e+00	1.375352376121204934e+01
2.616931864059273138e+00	8.670016443597962308e+00	-2.169469119959588355e+00	1.366731318836957954e+01
2.623206107911065565e+00	8.710011337381708074e+00	-2.235437269327837484e+00	1.373146759172311704e+01
2.629491626543270844e+00	8.716986402501555986e+00	-2.214882707684239893e+00	1.359902313876703950e+01
2.635778507982642349e+00	8.797779485057938942e+00	-2.377575789142786888e+00	1.379182983401577012e+01
2.642061039325260818e+00	8.843235226428848961e+00	-2.449760105942166533e+00	1.376148928405141270e+01
2.648343840729305843e+00	8.927391838293269544e+00	-2.523293304170786122e+00	1.396354021304807169e+01
2.654631838974855551e+00	8.901794742382019621e+00	-2.516050025299326087e+00	1.378106405420201241e+01
2.660919001246303761e+00	8.982154550742814436e+00	-2.663823515588806146e+00	1.387777264804680932e+01
2.667198525130066056e+00	8.997198208412106268e+00	-2.693024877482541157e+00	1.386354467544343905e+01
2.673484307038032526e+00	9.062652648217714102e+00	-2.790276826575196711e+00	1.397151364011048713e+01
2.679773388053849459e+00	9.097061872157649276e+00	-2.839544925017761123e+00	1.392984052055692246e+01
2.686058217632288692e+00	9.137266507735882115e+00	-2.985466439195453958e+00	1.397669864668772632e+01
2.692338738200057868e+00	9.193466434294116141e+00	-3.015689398546416822e+00	1.407684154101654883e+01
2.698618022887226964e+00	9.236190141144994925e+00	-3.094688630257026229e+00	1.404470011760598069e+01
2.704895450708277860e+00	9.287327290137033842e+00	-3.151803059807468887e+00	1.406670133209660811e+01
2.711175674923682166e+00	9.264068081149414269e+00	-3.064660409895088922e+00	1.400613817238871661e+01
2.717459832966957922e+00	9.347196019289672364e+00	-3.208155560384009508e+00	1.402533572106520765e+01
2.723745731959044569e+00	9.346472186788476577e+00	-3.230529405909125629e+00	1.395201669895230978e+01
2.730038414850594730e+00	9.416587646091340247e+00	-3.334103730622144823e+00	1.406091186594535358e+01
2.736317989800789441e+00	9.468458509238573129e+00	-3.415014040043509613e+00	1.405967157740462348e+01
2.742591858549239703e+00	9.491237656388722854e+00	-3.440953817750878940e+00	1.408036179918933151e+01
2.748879749010778362e+00	9.558447966212815672e+00	-3.528300773079628527e+00	1.413562984668121025e+01
2.755163403825859447e+00	9.597486438983878543e+00	-3.611784864553586161e+00	1.416713792915264314e+01
2.761446955625852073e+00	9.607648302970892118e+00	-3.519924430081756483e+00	1.413122716706023674e+01
2.767732088935374701e+00	9.683304480768242684e+00	-3.664385738932160130e+00	1.421607995987316286e+01
2.774015452421743966e+00	9.702762354320427107e+00	-3.670214682390150251e+00	1.419512936034386286e+01
2.780298635700591436e+00	9.753486467590962050e+00	-3.787222281030892201e+00	1.421257334290737617e+01
2.786577474762241380e+00	9.810129048151459585e+00	-3.917104242717828200e+00	1.428719075340113420e+01
2.792857983210164541e+00	9.863442695834073959e+00	-3.969130965036574477e+00	1.433708490906937350e+01
2.799143790920211483e+00	9.897463287688314182e+00	-3.967030832024657894e+00	1.430382178212528466e+01
2.805430058399325244e+00	9.932650960729914047e+00	-4.068287251204362853e+00	1.431909022327578818e+01
2.811715058209780072e+00	9.925636324968118984e+00	-3.967346396072185311e+00	1.417892608473083982e+01
2.817989272498773623e+00	9.983312347470070236e+00	-4.015421856998219852e+00	1.423423607010326108e+01
2.824269171595737760e+00	1.001127627368837913e+01	-4.045950305075914244e+00	1.418618730594275590e+01
2.830563016441804081e+00	1.009040129663345375e+01	-4.184793281869879422e+00	1.436689022809039784e+01
2.836848750951622034e+00	1.014470595897347494e+01	-4.274545510312910856e+00	1.438318030860160057e+01
2.843130027866129783e+00	1.016666175923449167e+01	-4.293022588021282004e+00	1.438367273981354266e+01
2.849413896912404986e+00	1.022443313766044781e+01	-4.316662809550635416e+00	1.444790916384253165e+01
2.855697464522425566e+00	1.026412379852220447e+01	-4.380505824887229949e+00	1.435971087342787555e+01
2.861978799810683594e+00	1.028257071776261888e+01	-4.383815045911000574e+00	1.441967261859160310e+01
2.868262469415629567e+00	1.034134492090469770e+01	-4.435995202205142540e+00	1.440299526071956038e+01
2.874547359206753860e+00	1.038257283292617039e+01	-4.458244930333416178e+00	1.447967347753248823e+01
2.880831111471525041e+00	1.038074952799216888e+01	-4.481926790507828606e+00	1.439724663655209014e+01
2.887113216972382546e+00	1.045150125924052809e+01	-4.519925447077072889e+00	1.445691133564364961e+01
2.893394504725182781e+00	1.048591112543121362e+01	-4.574605129945554793e+00	1.451109947380370535e+01
2.899673662137033592e+00	1.055234637238800310e+01	-4.677561707582062134e+00	1.451318010965690952e+01
2.905953958587380814e+00	1.058203088406872183e+01	-4.619119161264469753e+00	1.459638709318505967e+01
2.912241118105161064e+00	1.062221791231404389e+01	-4.733367426856603721e+00	1.457050186751680698e+01
2.918525996366671205e+00	1.068121751305470646e+01	-4.784898454304732596e+00	1.459810265617357139e+01
2.924809035425688819e+00	1.070292450463279899e+01	-4.821174331194042928e+00	1.458987209879161995e+01
2.931095916293684933e+00	1.076593335694305509e+01	-4.871737108646381209e+00	1.460524942686930139e+01
2.937378182606774413e+00	1.080898816183478139e+01	-4.916110704081725125e+00	1.470494794704633534e+01
2.943659980254369923e+00	1.083505255093598052e+01	-4.897629684492511792e+00	1.464623709831953491e+01
2.949946454403890250e+00	1.089136050486321494e+01	-5.015076244122862015e+00	1.465029460833764041e+01
2.956227653702202307e+00	1.092633562404809844e+01	-4.983539559388094453e+00	1.475088691841162714e+01
2.962510478867462993e+00	1.097146538555347917e+01	-5.023025155114793527e+00	1.470719382192524272e+01
2.968796535179442309e+00	1.104417304613076034e+01	-5.064980341530635144e+00	1.480056413498359369e+01
2.975077657376874907e+00	1.108213924752434387e+01	-5.157190630462284098e+00	1.484597595483843691e+01
2.981359866759223376e+00	1.111819836039618892e+01	-5.126714932619164777e+00	1.482389087937229988e+01
2.987646761575656562e+00	1.116901084559158264e+01	-5.199288156609978451e+00	1.494383984040193347e+01
2.993929038370399365e+00	1.124825049959690482e+01	-5.299578004366451545e+00	1.499852710230921460e+01
3.000206214840962726e+00	1.126089754511041718e+01	-5.278349672177419016e+00	1.499660429419365926e+01
3.006486172402415669e+00	1.133478768407533011e+01	-5.385718604424886813e+00	1.507812467188018601e+01
3.012769812211594456e+00	1.137218679631839713e+01	-5.356347753110046739e+00	1.507758793756600468e+01
3.019053144326170113e+00	1.141633147350280275e+01	-5.384526105194301415e+00	1.509202401487699774e+01
3.025337405144251424e+00	1.148230247926473169e+01	-5.460666517348768068e+00	1.520126350590220277e+01
3.031623734799107961e+00	1.148584043730259374e+01	-5.429602508743422540e+00	1.514752768561005247e+01
3.037908962055872575e+00	1.153280132471851438e+01	-5.482172366717594336e+00	1.516703448862882908e+01
3.044195067146031608e+00	1.162346299956626439e+01	-5.597677143960552826e+00	1.536909374000014772e+01
3.050475543482170426e+00	1.163831555689221631e+01	-5.534748951863457833e+00	1.526591046380936056e+01
3.056754954538277502e+00	1.171491453065238986e+01	-5.620821957659830836e+00	1.542815957176295072e+01
3.063040539557494668e+00	1.179938196570618913e+01	-5.680302702674923765e+00	1.552808457915240403e+01
3.069323699454357346e+00	1.180806731293710854e+01	-5.680005024494309218e+00	1.552838094911056821e+01
3.075610692642898769e+00	1.185899071889747169e+01	-5.743427395082342457e+00	1.555879013887082607e+01
3.081893798009918584e+00	1.193142399550898958e+01	-5.803770330616961459e+00	1.561887912526279898e+01
3.088174549548037717e+00	1.196680536595729194e+01	-5.795450962005325835e+00	1.568133938233895464e+01
3.094458635632868493e+00	1.204393020244274659e+01	-5.849521804687329407e+00	1.579634224519363883e+01
3.100743982931558840e+00	1.207299166041863536e+01	-5.893243695847435681e+00	1.569710076304629176e+01
3.107028111748448396e+00	1.213246687586601524e+01	-5.972462932811493985e+00	1.585357281522280104e+01
3.113309299655494300e+00	1.223678466187014813e+01	-6.027706773123250983e+00	1.602959901423389510e+01
3.119590662867241626e+00	1.225050952338259513e+01	-5.996284138831271981e+00	1.602072037518063397e+01
3.125874006820172912e+00	1.234291339701597678e+01	-6.115839072536677357e+00	1.621105823204778673e+01
3.132159251154602586e+00	1.239077198443040473e+01	-6.079436349218239499e+00	1.624054201703546951e+01
3.138439172765940643e+00	1.244080281153208212e+01	-6.234498737417837333e+00	1.626054476112972225e+01
3.144723867719826593e+00	1.250788233501403468e+01	-6.188106688740099059e+00	1.633513570057725772e+01
3.151003951258561031e+00	1.259226552093847395e+01	-6.304161423772026929e+00	1.656118461676485154e+01
3.157283664131563139e+00	1.264932987429210520e+01	-6.313214372822947951e+00	1.656546857274621232e+01
3.163569317183839935e+00	1.271449551928784061e+01	-6.436099397550554713e+00	1.670325621722030718e+01
3.169851661717792091e+00	1.273945174451206164e+01	-6.387117786858966362e+00	1.670136453136378663e+01
3.176137704316093657e+00	1.282639349939374895e+01	-6.483280896717544373e+00	1.684919081595948143e+01
3.182420924828643916e+00	1.289844575850599284e+01	-6.501828462264676034e+00	1.698732453915519258e+01
3.188702811875577581e+00	1.294864180040531032e+01	-6.555194027596131789e+00	1.701460050672864099e+01
3.194990520008989865e+00	1.303806068241742011e+01	-6.625671987733266377e+00	1.728546247219633614e+01
3.201275324656983834e+00	1.311605798476587736e+01	-6.671171778924595230e+00	1.733840354816017992e+01
3.207551352179861759e+00	1.315272501287402029e+01	-6.698376997994418325e+00	1.738271957088393549e+01
3.213835216737041645e+00	1.321053664993706178e+01	-6.742255396614670104e+00	1.748104811752305565e+01
3.220122579819103770e+00	1.303592698079920886e+01	-6.278733409232910567e+00	1.648906187906584009e+01
3.226406606618656525e+00	1.262429015254704012e+01	-5.230451219165178856e+00	1.466841711412549110e+01
3.232687390085645429e+00	1.222850468706059068e+01	-4.388708355971018271e+00	1.285224045456623365e+01
3.238969121280456331e+00	1.196017986308977932e+01	-3.643862779872230284e+00	1.146933621804763526e+01
3.245254751548589667e+00	1.166498556390256702e+01	-3.122593508768662929e+00	1.006506904304450067e+01
3.251534499036136783e+00	1.143312437378508761e+01	-2.573864806145337081e+00	8.814356649751797335e+00
3.257817780791052442e+00	1.119951706047658746e+01	-2.038702554539928880e+00	7.734817193005961933e+00
3.264102164154097263e+00	1.102034763153576158e+01	-1.614236380908316892e+00	6.703123149572525641e+00
3.270384152138468892e+00	1.085968518840753383e+01	-1.329111345770773056e+00	5.811688177383937060e+00
3.276669427476867735e+00	1.073559801775491529e+01	-1.020635563614640695e+00	4.978240460026277958e+00
3.282954688864507808e+00	1.059731420647600153e+01	-7.306416238740266467e-01	4.192026056607537576e+00
3.289237200334947264e+00	1.048204432985909662e+01	-5.082862796752856127e-01	3.455706440394468615e+00
3.295519587088236779e+00	1.038672681022554123e+01	-3.196628150569921223e-01	2.753631041214724462e+00
3.301805977329951958e+00	1.028777291074881362e+01	-1.096313394285075016e-01	2.098267469155579601e+00
3.308087486222440088e+00	1.022195853810397281e+01	3.806866417493692811e-02	1.536664508542016527e+00
3.314367630234227313e+00	1.014647339688964855e+01	1.955237283550918248e-01	8.845766359298304904e-01
3.320651909732194262e+00	1.009786043101296293e+01	3.544125305516329094e-01	3.834951912824952625e-01
3.326931260376857047e+00	1.004121015930903482e+01	4.637914068741411655e-01	-1.606079339946456797e-01
3.333216512447217728e+00	9.995618021840737555e+00	5.441351880294128529e-01	-6.312901411439846289e-01
3.339504489419978128e+00	9.958030590143398086e+00	6.109344842402938403e-01	-1.094131968648086595e+00
3.345786804809928405e+00	9.908297039834820907e+00	7.204858050338449615e-01	-1.535862590386547266e+00
3.352071130016277767e+00	9.881363022797955864e+00	7.884129960570591678e-01	-2.012451611576206556e+00
3.358351496304225581e+00	9.877226117221271195e+00	8.526002005363321201e-01	-2.397094808090311613e+00
3.364630591073392019e+00	9.839333073596607804e+00	9.139650752285902735e-01	-2.833475784952401266e+00
3.370916305215045483e+00	9.828239885423394995e+00	9.348453087258706828e-01	-3.161087164837917296e+00
3.377197952029413752e+00	9.808644916661476643e+00	9.648735624297898328e-01	-3.564160242502636411e+00
3.383483063818085501e+00	9.802649481993366720e+00	9.780066075867273057e-01	-3.882775012545321758e+00
3.389769992424469969e+00	9.806171141223705590e+00	1.027748044092981372e+00	-4.256923350667936035e+00
3.396051330885982100e+00	9.787428016912762985e+00	1.045202322467323919e+00	-4.589257161609737956e+00
3.402330879139463971e+00	9.818340210981510552e+00	1.070885769643673768e+00	-4.944106242443032428e+00
3.408610488352048495e+00	9.800711880937321041e+00	1.045049411009220774e+00	-5.251213484737893289e+00
3.414897837696641236e+00	9.839731554964583182e+00	1.054892938433211524e+00	-5.579861988449259513e+00
3.421180484052105619e+00	9.813960623399328398e+00	1.079232931062638734e+00	-5.833474711611271069e+00
3.427461639653846870e+00	9.825401417932740245e+00	1.055827295155906009e+00	-6.206822227444676265e+00
3.433749159643459059e+00	9.862452639434200918e+00	1.042363214934529214e+00	-6.441065156357690391e+00
3.440032646656798310e+00	9.857812826327133848e+00	1.054538595945627710e+00	-6.716611789315532377e+00
3.446313366033385339e+00	9.890195989913348029e+00	1.003888280485665696e+00	-6.941825665716275573e+00
3.452600135384134905e+00	9.890550933716554027e+00	1.032158850712255216e+00	-7.257183446837521146e+00
3.458883152815406703e+00	9.937095283922793953e+00	1.004067806711925970e+00	-7.522267326750935013e+00
3.465163834403715448e+00	9.963157401393287316e+00	1.000825412608554288e+00	-7.755341000713876554e+00
3.471449329786229221e+00	9.971170579016137125e+00	9.615422368046702140e-01	-7.969035563194720950e+00
3.477734476754053894e+00	1.001646865458254076e+01	8.820186216009044955e-01	-8.263774697263563951e+00
3.484019652467224226e+00	1.003332099365715457e+01	9.428223334242036291e-01	-8.555834377144327263e+00
3.490297019369712928e+00	1.006942577466266187e+01	8.817404323907781505e-01	-8.729008343958160054e+00
3.496582486484379970e+00	1.009642290912564100e+01	8.690409448760451072e-01	-8.952207087126835106e+00
3.502868048046865024e+00	1.012389814555047352e+01	8.498284007433694054e-01	-9.227751632383284885e+00
3.509144649545451244e+00	1.017247710647910885e+01	8.015363703803151108e-01	-9.448921722502687359e+00
3.515428082003116295e+00	1.015604416548844036e+01	7.717928123208102065e-01	-9.615800552295402426e+00
3.521711031624695565e+00	1.023903395582661879e+01	7.371432400076565195e-01	-9.823190340584789126e+00
3.527991850954735664e+00	1.026438716388203609e+01	7.416604435150185859e-01	-1.013154199605025774e+01
3.534275545726699885e+00	1.030744385498616467e+01	7.110580859023551969e-01	-1.031822147862851402e+01
3.540562632020772149e+00	1.033150647673740252e+01	6.545567365980897723e-01	-1.048317861257008943e+01
3.546844410757220789e+00	1.037582945365840104e+01	5.895437092799250545e-01	-1.069784267409244016e+01
3.553131386753758836e+00	1.042613775973079271e+01	5.750912304218068760e-01	-1.090158253514050735e+01
3.559419203211965144e+00	1.044074680882036255e+01	5.325587300200955720e-01	-1.106319212616057079e+01
3.565697971577579839e+00	1.050663246418272934e+01	4.612515208946105227e-01	-1.130838812957921569e+01
3.571979559134798254e+00	1.055642828461810012e+01	4.611551257622205635e-01	-1.154760835787434559e+01
3.578265774595833726e+00	1.056148443065196041e+01	4.226715466378527797e-01	-1.166861800118434722e+01
3.584548309769353125e+00	1.063550233595856298e+01	3.721904254726810524e-01	-1.184722973162757675e+01
3.590826843920031486e+00	1.067885368091413767e+01	3.472208982104725283e-01	-1.208886618382170575e+01
3.597107306745233934e+00	1.071572634430825133e+01	2.841657575310559958e-01	-1.226447371231718542e+01
3.603392831792229245e+00	1.075379064360266135e+01	2.380445254086410722e-01	-1.243791875833612082e+01
3.609673209822572559e+00	1.081508693852402025e+01	2.193322277255408126e-01	-1.263126242031468749e+01
3.615955412133016189e+00	1.085278334561763991e+01	1.504723904583950000e-01	-1.278879208886900543e+01
3.622241607772384686e+00	1.090154157724300354e+01	1.656245915870946384e-01	-1.301328617150070421e+01
3.628520252736676444e+00	1.096326932479317939e+01	7.517938339322595420e-02	-1.314532963368519702e+01
3.634804827569451113e+00	1.100139417009866705e+01	4.522522240053834103e-02	-1.335415249162485196e+01
3.641094981788862928e+00	1.106408645255266698e+01	-1.759258924720068923e-02	-1.350479385715641278e+01
3.647383514928639325e+00	1.108700215663433575e+01	-4.130260020428581924e-02	-1.367225403889288060e+01
3.653663283927725658e+00	1.115354502482113119e+01	-7.711766613891135602e-02	-1.384184557968626272e+01
3.659943504072155296e+00	1.118500349958730489e+01	-1.407648813984252456e-01	-1.399268113458024487e+01
3.666232000281138603e+00	1.125214861270605837e+01	-1.584333898015864439e-01	-1.418028500046963636e+01
3.672514211678317597e+00	1.130776766851895054e+01	-2.377494199250035078e-01	-1.433317655015356529e+01
3.678794154686042539e+00	1.135310648902684250e+01	-2.628684393765515770e-01	-1.452647518452293518e+01
3.685078621861909820e+00	1.138195637864672349e+01	-2.900733933212645832e-01	-1.468667805057335052e+01
3.691359210097977961e+00	1.147239337712404783e+01	-4.097180796023173754e-01	-1.483122929459951678e+01
3.697642368173791105e+00	1.151410978494583581e+01	-4.464652654736731563e-01	-1.498031386201657966e+01
3.703925796735277665e+00	1.159203685240473547e+01	-4.930593741547212305e-01	-1.512250125395713241e+01
3.710208240364660348e+00	1.162501061926004198e+01	-5.127052715649129677e-01	-1.529712391940632443e+01
3.716494593122387169e+00	1.169167769054906536e+01	-5.469743547539445139e-01	-1.554559930199028095e+01
3.722775386659595398e+00	1.174385872424391586e+01	-6.069487013011938270e-01	-1.566145046800315832e+01
3.729058392883481510e+00	1.178276453835604620e+01	-6.279279897690325241e-01	-1.580711403557242001e+01
3.735339748210807720e+00	1.183116126989614081e+01	-6.939358269146985725e-01	-1.593598465946544884e+01
3.741620776392969638e+00	1.188656450044819657e+01	-7.110306024277011083e-01	-1.612117004702490064e+01
3.747904795418762980e+00	1.196232633804994627e+01	-8.241433750610898112e-01	-1.625465668341129444e+01
3.754190633281219380e+00	1.201497986965139653e+01	-8.538876947716692589e-01	-1.636931139658451428e+01
3.760478208018912749e+00	1.206570729681985910e+01	-8.893025544083636991e-01	-1.656560786647438732e+01
3.766755538573464346e+00	1.212035571724747918e+01	-8.927185725053510268e-01	-1.676799777327721941e+01
3.773032090135151506e+00	1.218419693376889335e+01	-9.414129203078730468e-01	-1.698277152192989092e+01
3.779322553012896879e+00	1.220709486711573888e+01	-1.033830224041983215e+00	-1.691804220042311258e+01
3.785609109731308930e+00	1.229661893709556431e+01	-1.034973239471654871e+00	-1.721471230670460528e+01
3.791889825936295200e+00	1.233591959248475334e+01	-1.086912904033730864e+00	-1.731497143667502669e+01
3.798174822702435893e+00	1.241924319084145800e+01	-1.151443727100525116e+00	-1.752414817164887140e+01
3.804458658753491651e+00	1.244475088699972254e+01	-1.176210057021907174e+00	-1.765311214818667196e+01
3.810738438095723435e+00	1.256537680014164060e+01	-1.283085166608433747e+00	-1.776021950952063833e+01
3.817018850285747167e+00	1.257590776850212144e+01	-1.292794118168292261e+00	-1.791952192418475320e+01
3.823305314209427763e+00	1.265688982659779249e+01	-1.373314756314258700e+00	-1.804181951397454142e+01
3.829591295197792178e+00	1.273433611271559229e+01	-1.390143891484198146e+00	-1.829099094154175731e+01
3.835872296070849341e+00	1.275143940599072323e+01	-1.464561147545027087e+00	-1.835165524318047048e+01
3.842156279590906109e+00	1.284225780073145451e+01	-1.521367185367416663e+00	-1.848185852689114483e+01
3.848441511099312429e+00	1.287656867753335277e+01	-1.536583942102482503e+00	-1.871604400516955735e+01
3.854723334376886079e+00	1.296106944274378137e+01	-1.564847258173097222e+00	-1.889190660572352698e+01
3.861004740704794713e+00	1.300192283675177762e+01	-1.606596008709001655e+00	-1.898530473008356978e+01
3.867284336650660848e+00	1.308143561327425530e+01	-1.656397276330274559e+00	-1.920109836379193524e+01
3.873567367678779849e+00	1.313873353093006813e+01	-1.736635533784725016e+00	-1.926901878518661704e+01
3.879850662830422792e+00	1.318319431235912198e+01	-1.712683736759417652e+00	-1.954752810054197809e+01
3.886137063198143338e+00	1.327973389468720988e+01	-1.832122262686717740e+00	-1.958922780781735540e+01
3.892419463049126005e+00	1.329358785968143586e+01	-1.790535646263918590e+00	-1.982137378420586060e+01
3.898703740328622658e+00	1.341170725798359875e+01	-1.901514708973188084e+00	-1.994914615013725623e+01
3.904991458788179326e+00	1.344750493701423366e+01	-1.893660259554045266e+00	-2.012179100086472161e+01
3.911270842222104083e+00	1.351114749238516843e+01	-1.969197172170712440e+00	-2.024256220260615891e+01
3.917549806479573071e+00	1.356750811256866562e+01	-2.025392666328001745e+00	-2.036136979807631420e+01
3.923836006203090587e+00	1.361054312271675037e+01	-2.047259131016246236e+00	-2.051959970351246909e+01
3.930121452497870926e+00	1.370779747013426864e+01	-2.105775589337010700e+00	-2.073559902344562289e+01
3.936398172858230460e+00	1.378490003698448874e+01	-2.217096451292198012e+00	-2.078323740815580223e+01
3.942683040425962293e+00	1.382397345143224676e+01	-2.116766275883182669e+00	-2.114539090063791704e+01
3.948974759704379611e+00	1.390427950456848194e+01	-2.257042325214753120e+00	-2.110321292411076399e+01
3.955259227995065352e+00	1.397065351355372265e+01	-2.249106867680060962e+00	-2.143095579543182438e+01
3.961537174921395454e+00	1.404564987396512166e+01	-2.341876205715484272e+00	-2.149099416109921989e+01
3.967820217617139544e+00	1.406357075811905233e+01	-2.298048457386903998e+00	-2.172072865725086288e+01
3.974105559832568968e+00	1.412765430497951158e+01	-2.357628528473588947e+00	-2.184321284649826822e+01
3.980384727931198352e+00	1.423030950583094700e+01	-2.413649497687045731e+00	-2.202477659432675594e+01
3.986664590839849698e+00	1.425763178659798491e+01	-2.457181997738008494e+00	-2.216656333163776083e+01
3.992949619150675034e+00	1.436790101977350176e+01	-2.512715798864906702e+00	-2.229464190866073281e+01
3.999235075769965952e+00	1.440485445697962064e+01	-2.559536533254614277e+00	-2.249617474962685293e+01
4.005515715515433506e+00	1.448124882319789286e+01	-2.590308331119504981e+00	-2.266875400724955725e+01
4.011798434346478537e+00	1.453613296023726065e+01	-2.569129064866454648e+00	-2.288950316624065096e+01
4.018083716245132386e+00	1.461863826212081463e+01	-2.640097168909931291e+00	-2.312365097469971431e+01
4.024365700052603856e+00	1.467285460474760939e+01	-2.703104853772105631e+00	-2.314004459586566043e+01
4.030643960839860540e+00	1.472478282249887727e+01	-2.669731676150336241e+00	-2.344427410124687228e+01
4.036928708926215137e+00	1.483074392144607856e+01	-2.812912457240643871e+00	-2.350142242096848832e+01
4.043218157412017177e+00	1.487340670774798035e+01	-2.725126024550678761e+00	-2.387209358356084721e+01
4.049503019487663558e+00	1.492938289025401133e+01	-2.768181976234467712e+00	-2.404725829113231939e+01
4.055781898960511000e+00	1.503004341364677643e+01	-2.905538186789713428e+00	-2.404634608053369149e+01
4.062060795621602161e+00	1.505333160550475391e+01	-2.846835260720983474e+00	-2.435988331851364208e+01
4.068347865354716042e+00	1.517899010739651189e+01	-2.868052526792875145e+00	-2.459226162995088316e+01
4.074631027173265529e+00	1.517279515147242819e+01	-2.869617696068040402e+00	-2.470810197859645996e+01
4.080910837526078971e+00	1.529787079652133563e+01	-2.992331644370556543e+00	-2.489730823345318456e+01
4.087201203341442657e+00	1.539426788639229571e+01	-3.008421149426439456e+00	-2.509603004281792238e+01
4.093486818591942189e+00	1.542965606282405844e+01	-2.989510315890761660e+00	-2.538647917421168287e+01
4.099764387336505500e+00	1.550613749700139010e+01	-3.054867209958451735e+00	-2.544652016102169156e+01
4.106049166937662420e+00	1.552543889794354115e+01	-3.005932305582840414e+00	-2.576692616284222836e+01
4.112334559041358695e+00	1.564215580786806470e+01	-3.068331187260439297e+00	-2.597349051525391417e+01
4.118618926059533614e+00	1.571478595355306496e+01	-3.137115684742372679e+00	-2.608329880820257074e+01
4.124898942031112625e+00	1.574892236156698111e+01	-3.146197075437334068e+00	-2.632471238147743620e+01
4.131175432561665417e+00	1.581829572398703299e+01	-3.187273973679451089e+00	-2.645857260140501310e+01
4.137461563786142271e+00	1.587068703676736092e+01	-3.149262694570147403e+00	-2.679508850795435038e+01
4.143746006210170307e+00	1.604441548702136444e+01	-3.269657499431818604e+00	-2.693070319149116543e+01
4.150029800482964326e+00	1.601510009674223056e+01	-3.178185825332396686e+00	-2.723340119432464945e+01
4.156313390684649001e+00	1.611831918019159815e+01	-3.310908971547503743e+00	-2.729945423665192195e+01
4.162596105843763716e+00	1.617949861399601730e+01	-3.194777610013086910e+00	-2.774127492660320016e+01
4.168881843141768684e+00	1.626190656184508043e+01	-3.220595889661136635e+00	-2.802918727495648454e+01
4.175162111073220217e+00	1.632798682994979700e+01	-3.254841008763289079e+00	-2.818366953461439550e+01
4.181448573417560155e+00	1.639257435638320359e+01	-3.259363126354916762e+00	-2.842322272053842269e+01
4.187738782464171194e+00	1.652699654107683713e+01	-3.410266333214410750e+00	-2.848142278291006591e+01
4.194017437180169061e+00	1.655818579472290608e+01	-3.262476160888577947e+00	-2.900814303646718528e+01
4.200293572701767175e+00	1.659815405821655077e+01	-3.258067634129742096e+00	-2.927282013703137409e+01
4.206580195481546269e+00	1.670458591584328190e+01	-3.366079087654504587e+00	-2.935040420456461518e+01
4.212860644652220543e+00	1.677540990457823256e+01	-3.417670300891319179e+00	-2.960535300225168243e+01
4.219138153430114002e+00	1.685035293235542042e+01	-3.348187709463197326e+00	-2.989935253276458837e+01
4.225426162098283811e+00	1.694367591865743705e+01	-3.351686360749725146e+00	-3.029816106635058404e+01
4.231713506719782636e+00	1.701946566869266775e+01	-3.460977588722340847e+00	-3.036718182617028461e+01
4.237990056577191744e+00	1.706947664745287696e+01	-3.443719935532042697e+00	-3.059992953361694390e+01
4.244267783646744618e+00	1.711443547709034618e+01	-3.393099912291509312e+00	-3.100692309749780051e+01
4.250560660182562955e+00	1.721587939783924170e+01	-3.401243636705719720e+00	-3.120350216462808035e+01
4.256847734842668096e+00	1.726066872807612995e+01	-3.389512858314402965e+00	-3.151278376399463355e+01
4.263127100734456221e+00	1.739698996698911770e+01	-3.518282968230044716e+00	-3.165511137298250688e+01
4.269406860432507500e+00	1.742869389360429366e+01	-3.423003036136116339e+00	-3.206220224425041465e+01
4.275691671482192646e+00	1.748191477503559454e+01	-3.441434731874027708e+00	-3.228490917693665097e+01
4.281972414189518794e+00	1.766850220110563185e+01	-3.499694813123566117e+00	-3.265938654074782477e+01
4.288253516806755705e+00	1.759563706210617084e+01	-3.366441521431105866e+00	-3.299321790807921673e+01
4.294540520160492925e+00	1.772342782415225315e+01	-3.434119767890154939e+00	-3.319345228690009009e+01
4.300825742921731809e+00	1.777591093220476282e+01	-3.412595757478450231e+00	-3.358759350431412116e+01
4.307109835491901961e+00	1.782990741383068212e+01	-3.375657200990694218e+00	-3.388598542026984006e+01
4.313390926478413157e+00	1.794811827720910102e+01	-3.471849171286361280e+00	-3.400044403956726313e+01
4.319667979480563247e+00	1.791604167669671099e+01	-3.285115577062643677e+00	-3.461242797057206388e+01
4.325952598143786076e+00	1.811951726169672128e+01	-3.453056485939584253e+00	-3.472902788686933917e+01
4.332241647035422361e+00	1.814329036212441437e+01	-3.406776408652653299e+00	-3.510017366059896915e+01
4.338524445619096781e+00	1.824792159168314853e+01	-3.408726886490164087e+00	-3.546194544964507855e+01
4.344809348131129845e+00	1.827711218059682352e+01	-3.271756007494836194e+00	-3.594636880250960331e+01
4.351090699193166600e+00	1.829543964341496931e+01	-3.264357318697572286e+00	-3.628261288914317362e+01
4.357369710808320029e+00	1.840130662692201113e+01	-3.348699105326008230e+00	-3.639690695843133028e+01
4.363659348967174445e+00	1.844245985329617810e+01	-3.231762769789432443e+00	-3.700069715852583840e+01
4.369947418280990981e+00	1.857143401094376145e+01	-3.362906374637268936e+00	-3.711381487095854226e+01
4.376226569265827315e+00	1.858691487247084950e+01	-3.254399693619456357e+00	-3.757374142398887784e+01
4.382499356631129217e+00	1.867064867888461066e+01	-3.201417197177694351e+00	-3.806041145938908699e+01
4.388784975178015024e+00	1.876437786843840527e+01	-3.236566431147283041e+00	-3.829246320333389519e+01
4.395068696309480494e+00	1.864391092793897187e+01	-3.036215109306340754e+00	-3.879164553473187738e+01
4.401347962382031298e+00	1.891944276163072658e+01	-3.138452908592735735e+00	-3.921750745496564861e+01
4.407628405096517099e+00	1.883683872604291309e+01	-3.032142412337030635e+00	-3.945957610435973351e+01
4.413915862185140426e+00	1.896344832831534433e+01	-3.061904695964169587e+00	-4.000115221810978738e+01
4.420203163534264235e+00	1.904068926016515206e+01	-3.073018910927154401e+00	-4.026914227241524458e+01
4.426480311003382795e+00	1.900452641925995678e+01	-2.881560613697396800e+00	-4.099839793779292307e+01
4.432765973643649104e+00	1.918035715629207161e+01	-3.044707414741664842e+00	-4.099809910879668706e+01
4.439053392023870614e+00	1.908236232927951193e+01	-2.853253290397256947e+00	-4.163775409208715672e+01
4.445336141335588742e+00	1.922466792839907157e+01	-2.851354540517383018e+00	-4.197707015170874456e+01
4.451617241414883352e+00	1.919477643047523685e+01	-2.798674542864644454e+00	-4.241305109758042846e+01
4.457901500730311106e+00	1.919511847226224077e+01	-2.706512752164232261e+00	-4.287231884633781931e+01
4.464189501093017043e+00	1.933811515504672940e+01	-2.719574336066033826e+00	-4.335282393317903882e+01
4.470470197548729985e+00	1.922662119705327655e+01	-2.470859978107984745e+00	-4.406606416943435534e+01
4.476748044268524573e+00	1.940305778431823569e+01	-2.632294773299726831e+00	-4.420107997029663238e+01
4.483035990164653484e+00	1.929583085698283895e+01	-2.384428224499432591e+00	-4.495165960027426877e+01
4.489323331650528104e+00	1.937020240213561451e+01	-2.390236758146767393e+00	-4.533211330362114921e+01
4.495599111667934800e+00	1.934259401900220254e+01	-2.222943759851852885e+00	-4.594035513920018587e+01
4.501870922878794090e+00	1.926531742239474809e+01	-2.039040866664664442e+00	-4.650478225074378713e+01
4.508155162877705457e+00	1.940170568416434804e+01	-1.977498732960080385e+00	-4.715643509364718255e+01
4.514446451153479423e+00	1.920797990650184062e+01	-1.803038968213970250e+00	-4.757449512501079880e+01
4.520723894043856994e+00	1.933377663520229106e+01	-1.802326617936971687e+00	-4.813103630529639076e+01
4.527003782460155890e+00	1.921358401919614423e+01	-1.631907095707224142e+00	-4.873558821912536843e+01
4.533293086610313161e+00	1.928510754157290918e+01	-1.564940079740093637e+00	-4.947527447730941930e+01
4.539578989864040182e+00	1.913120697773485901e+01	-1.418197118497763087e+00	-4.980200807968218868e+01
4.545857164866476730e+00	1.901674201927584207e+01	-1.173533616289790027e+00	-5.051346488440388782e+01
4.552138955546025656e+00	1.901665028160943649e+01	-1.056390184841384361e+00	-5.127078084693693683e+01
4.558432046889146605e+00	1.890850786065899314e+01	-9.120163883539402772e-01	-5.162885948067611253e+01
4.564713463378488711e+00	1.897359383226992691e+01	-8.863864898176683216e-01	-5.223195887823121097e+01
4.570987274133244682e+00	1.891457661491756426e+01	-8.377607831528799398e-01	-5.262443702655692590e+01
4.577274818151045643e+00	1.904141513768036376e+01	-7.022290014299932270e-01	-5.345889230674264070e+01
4.583563263889338657e+00	1.903928839230837866e+01	-7.478251652661060955e-01	-5.372689549202040382e+01
4.589844917004465508e+00	1.907167480757086508e+01	-7.634089664525315344e-01	-5.408536447609409947e+01
4.596126259982004747e+00	1.913619410637216944e+01	-7.253544056031416831e-01	-5.466721574694920349e+01
4.602409075598298926e+00	1.913885500594335198e+01	-7.276944763543008454e-01	-5.493901706562195386e+01
4.608696634867644804e+00	1.926891727342700023e+01	-7.033432134946397962e-01	-5.552141589449704639e+01
4.614977646498861219e+00	1.928963093935605855e+01	-6.533336571706758189e-01	-5.601594536930176105e+01
4.621258953029527383e+00	1.933705734980751245e+01	-5.859630392985142322e-01	-5.644887906156476731e+01
4.627547993978874175e+00	1.942035046006132859e+01	-6.105827180182161751e-01	-5.690856050556863011e+01
4.633830152730579854e+00	1.946108818546609953e+01	-5.922940605604641862e-01	-5.732336395575789112e+01
4.640104005367354567e+00	1.950864898574413075e+01	-5.975721752462642700e-01	-5.760592725056122987e+01
4.646382060386754276e+00	1.968797490620842439e+01	-5.782498911227146321e-01	-5.845154606320902957e+01
4.652674213731970987e+00	1.967291763872288257e+01	-6.854624924890093673e-01	-5.844671113120995898e+01
4.658958291796220230e+00	1.976378914597612280e+01	-6.122389954294072956e-01	-5.896287684565655951e+01
4.665233615070169648e+00	1.992257142094294053e+01	-6.321062640185278747e-01	-5.967944132714429628e+01
4.671520675710307380e+00	1.995434672812409360e+01	-6.175251530887180262e-01	-6.002726783326178150e+01
4.677814351732177300e+00	2.002568633395752329e+01	-5.567471084785768909e-01	-6.048921157794441683e+01
4.684093699744638073e+00	2.017411856480880061e+01	-6.700783419567045707e-01	-6.093620896092453165e+01
4.690368661472568590e+00	2.024216091578858467e+01	-6.810396956974082983e-01	-6.137586489327183159e+01
4.696663270746453733e+00	2.028405429430297247e+01	-6.736923714305205202e-01	-6.168259160423862397e+01
4.702945459248681459e+00	2.043367630144518543e+01	-6.157199323522168921e-01	-6.236796752397410870e+01
4.709209170841929470e+00	2.047399546962950012e+01	-6.694414793513799866e-01	-6.259282708767225500e+01
4.715491634753063543e+00	2.055870077299522691e+01	-6.396911257607074131e-01	-6.306545328287437258e+01
4.721784316284933780e+00	2.071193257307661284e+01	-6.599893265469434223e-01	-6.372248487490686841e+01
4.728063062331094635e+00	2.078131269045455909e+01	-6.381001424704962899e-01	-6.410801994637519385e+01
4.734337423381671073e+00	2.087355097288321204e+01	-6.257870661374629329e-01	-6.456013465553360220e+01
4.740627024094544062e+00	2.105643316408799848e+01	-6.769368747215135373e-01	-6.526241882723948606e+01
4.746914995664547554e+00	2.106461398191899193e+01	-6.828380030702070336e-01	-6.543183227303445904e+01
4.753194740071086777e+00	2.118947634753859788e+01	-6.264391946936211930e-01	-6.603766921689835101e+01
4.759478891864783456e+00	2.128771548138071878e+01	-6.727877987169681440e-01	-6.647309530961936730e+01
4.765762396877359031e+00	2.136763766352984462e+01	-7.094075101789255600e-01	-6.682643068533515418e+01
4.772049481246195768e+00	2.157341959964039191e+01	-6.446598815265021098e-01	-6.768585443138522351e+01
4.778335091022592351e+00	2.170105524021759180e+01	-5.883238377680080067e-01	-6.831087314943836475e+01
4.784610831402393849e+00	2.177635487227717093e+01	-6.621701698228915633e-01	-6.864618472498517576e+01
4.790907306208476157e+00	2.190328095701864797e+01	-6.696336195872345520e-01	-6.913884465550376035e+01
4.797204047706418173e+00	2.203228190959681143e+01	-5.543083498849394886e-01	-6.984301979869964327e+01
4.803470827697504220e+00	2.206304099099106253e+01	-6.003467433546472165e-01	-7.003698578942712061e+01
4.809748850577324042e+00	2.227868497758176147e+01	-6.273900188637465680e-01	-7.083706260702550139e+01
4.816045316586602176e+00	2.232620571233745466e+01	-6.985225173778436547e-01	-7.104843265899226878e+01
4.822329240673497885e+00	2.257051049148913435e+01	-6.175565555854228839e-01	-7.208557847089764437e+01
4.828596758226470165e+00	2.256386105846078038e+01	-5.751587520447843938e-01	-7.222913789223203196e+01
4.834890332961369275e+00	2.267324290650941521e+01	-5.974192820344311761e-01	-7.271021009853866701e+01
4.841191655056394261e+00	2.273904622049577284e+01	-6.466164757916380568e-01	-7.300265452267207422e+01
4.847460407468000554e+00	2.297776467837175218e+01	-6.301586214032435240e-01	-7.389846454259503616e+01
4.853732128521334843e+00	2.310302986483281629e+01	-6.055490796025448930e-01	-7.445126582796324044e+01
4.860029138783373170e+00	2.321187489472623255e+01	-6.310978236533074659e-01	-7.497912857909926743e+01
4.866314601732018019e+00	2.336865893960851892e+01	-5.666599259717715054e-01	-7.565991902804164226e+01
4.872587026269203925e+00	2.343914581042231049e+01	-5.988807567086237293e-01	-7.591957975274162607e+01
4.878874221748241702e+00	2.357321763115274038e+01	-5.710529928607414041e-01	-7.656618560241020077e+01
4.885171078138658807e+00	2.380409056554114144e+01	-5.536292295337166269e-01	-7.745153488175751022e+01
4.891450629931857641e+00	2.389034617095180835e+01	-5.933963227272291974e-01	-7.779147010687653108e+01
4.897716482750221978e+00	2.398361378471193106e+01	-5.610225129571819735e-01	-7.824114590495304355e+01
4.904002834596266069e+00	2.413306724691620175e+01	-5.496223315506097995e-01	-7.896726524209422848e+01
4.910295858205786068e+00	2.432374848359943087e+01	-5.082380486841409084e-01	-7.969329388283644278e+01
4.916575188115905881e+00	2.443556103118813638e+01	-5.548533413668995662e-01	-8.010633635422455257e+01
4.922847946197084212e+00	2.469512510252593884e+01	-5.143799625699531086e-01	-8.119632037694266558e+01
4.929131667457151700e+00	2.469728759584135958e+01	-4.657877720287025292e-01	-8.138496766872799526e+01
4.935434460144239033e+00	2.491984073210755923e+01	-5.027218668418960146e-01	-8.212796642199316466e+01
4.941718513303545279e+00	2.497417868081775794e+01	-4.305051201597265842e-01	-8.251330158447281349e+01
4.947978624761803168e+00	2.519365473811470579e+01	-4.582051734395523046e-01	-8.337376629209229861e+01
4.954274999209829389e+00	2.526997622686490885e+01	-4.613169324595376986e-01	-8.369138106691511325e+01
4.960571094729937514e+00	2.538940071038012292e+01	-4.661111275334449688e-01	-8.415071565573336443e+01
4.966823207626954506e+00	2.562902874370919193e+01	-4.350058702257785792e-01	-8.515292897392627935e+01
4.973097418390337587e+00	2.588608013624216753e+01	-4.468177830540785989e-01	-8.609477132395252852e+01
4.979415129936382023e+00	2.608748722836752165e+01	-4.333046762186665846e-01	-8.688662410046340767e+01
4.985702082330368157e+00	2.626630798556012536e+01	-4.477446135452732845e-01	-8.756910163316601370e+01
4.991949985828016523e+00	2.652603064186285664e+01	-4.359540778986416010e-01	-8.856362734663980518e+01
4.998241586316924057e+00	2.644801848594467941e+01	-3.273758046456351489e-01	-8.854007079268858149e+01
5.004556635606089543e+00	2.682158150232927341e+01	-3.787779502433310519e-01	-8.982455749460106631e+01
5.010828655701208945e+00	2.698613949467271667e+01	-4.007232159470666688e-01	-9.045908231182544057e+01
5.017077229702536556e+00	2.709862722832117043e+01	-3.946543316054637596e-01	-9.091044503371728069e+01
5.023374414758113637e+00	2.717096438501681988e+01	-3.271849851383673569e-01	-9.135360205432226621e+01
5.029688873569548413e+00	2.752488545477221749e+01	-3.462190397739094427e-01	-9.264265593270199872e+01
5.035958413584124216e+00	2.747828197283874729e+01	-3.402517611793207664e-01	-9.252790262408603894e+01
5.042232667658486989e+00	2.771277174900156837e+01	-2.676735721084190778e-01	-9.353885979520875082e+01
5.048528755870775875e+00	2.796469479152489868e+01	-3.074980903664967791e-01	-9.444013641820984617e+01
5.054821121427484520e+00	2.811513293680649994e+01	-3.049258112510999652e-01	-9.503251692126175953e+01
5.061069509814582368e+00	2.830603453020336246e+01	-2.793084012856467124e-01	-9.577837144303568095e+01
5.067347812754101177e+00	2.863386125824944273e+01	-2.991800016654818095e-01	-9.697930009905201132e+01
5.073675050630431116e+00	2.900451854996668644e+01	-2.581996904616494226e-01	-9.836104796409775020e+01
5.079945928388977627e+00	2.899997180334958813e+01	-2.094305010268209533e-01	-9.848190286750944722e+01
5.086192992546071601e+00	2.917278268739978841e+01	-2.152127191645541449e-01	-9.911274673189788587e+01
5.092484128970163226e+00	2.946693500654605558e+01	-3.250847199250274100e-01	-1.001395033398653425e+02
5.098802924706086870e+00	2.966901995315626905e+01	-3.286083951313689133e-01	-1.008646581965408018e+02
5.105078217426394005e+00	2.991629125730984740e+01	-2.281543873154178448e-01	-1.019294901341223039e+02
5.111325076574067872e+00	2.995629062063022729e+01	-1.498505388497955171e-01	-1.022347381394242802e+02
5.117628358851224135e+00	3.035638533402910966e+01	-2.393174984152389717e-01	-1.035946225219162926e+02
5.123935939383525984e+00	3.066254610603655095e+01	-2.128472953112799104e-01	-1.047534592819685173e+02
5.130199176325612065e+00	3.080108948220027543e+01	-2.785984604337126691e-01	-1.051782721846840474e+02
5.136469985878846956e+00	3.108249658754926870e+01	-1.753410779776528594e-01	-1.064027001058277904e+02
5.142797788696348071e+00	3.104127984880169677e+01	-1.787155522446906009e-01	-1.063182918150442475e+02
5.149090378043822192e+00	3.155232630959401874e+01	-6.867962700378797691e-02	-1.082591317023858295e+02
5.155289879840074363e+00	3.171238029177366258e+01	-2.104457155253129097e-01	-1.086908748550214483e+02
5.161564521234301317e+00	3.210167116067433568e+01	-1.771902975766799226e-01	-1.101953958507432674e+02
5.167916673496016244e+00	3.236682406646156807e+01	-1.877329161912022759e-01	-1.111224299513414024e+02
5.174205974602950064e+00	3.256699646770985623e+01	-2.423766329672156772e-01	-1.118059016789776337e+02
5.180434820793812456e+00	3.257677305713814775e+01	-1.076526423019001782e-01	-1.120780555896204902e+02
5.186729096569634656e+00	3.294415743476353953e+01	-1.631650541565090873e-01	-1.133502886718533773e+02
5.193058481037780894e+00	3.340844596773316511e+01	-1.529745239347884977e-01	-1.150347991674117054e+02
5.199319511444338460e+00	3.399541417635037277e+01	-1.655944120600930380e-01	-1.170986504058600275e+02
5.205574295584361799e+00	3.417729892986923090e+01	-1.128865100603022031e-01	-1.178643460909093932e+02
5.211894977074066126e+00	3.420110629355136211e+01	-8.837948138601028902e-02	-1.180542958037818693e+02
5.218201708336958511e+00	3.485336059394996511e+01	-8.436150268534216290e-02	-1.203305296359941678e+02
5.224411911780083351e+00	3.468518845728441136e+01	-1.112055050036915710e-01	-1.197850277111297999e+02
5.230677632666463239e+00	3.488196270920369813e+01	-7.623027508836860422e-02	-1.205878765964454971e+02
5.237056729559757429e+00	3.533641553217967157e+01	-8.193037603128464075e-02	-1.222103490099505763e+02
5.243336785035660697e+00	3.605199278942969698e+01	-4.385518309802794584e-02	-1.247825319956743755e+02
5.249493476178225038e+00	3.649536462450358698e+01	-1.516816682580378849e-02	-1.263594045714007876e+02
5.255787017738318134e+00	3.653522901269352019e+01	-3.078370794865135929e-03	-1.266425278168681814e+02
5.262205327426889845e+00	3.615123471956763268e+01	-8.700057578441458550e-02	-1.252340672910913923e+02
5.268477758348532269e+00	3.722863602486663837e+01	-4.794051833466538709e-02	-1.290768279940776893e+02
5.274632213654732560e+00	3.671411286502406313e+01	2.066220976338315005e-03	-1.273800340035095360e+02
5.280950543314659740e+00	3.750832708754566625e+01	-1.573062517127508386e-01	-1.300593086951568296e+02
5.287327645024750389e+00	3.802194784602112776e+01	-2.095622993690443928e-02	-1.320249403528958965e+02
5.293582359180156516e+00	3.904640091043486194e+01	-1.067397660766005035e-01	-1.354994246319599540e+02
5.299789992649893478e+00	3.871616161444099191e+01	-5.894553853477730448e-02	-1.344824006235805030e+02
5.306111460381987222e+00	3.974627372912431866e+01	1.769358607942229933e-02	-1.382300174026597972e+02
5.312452717892129250e+00	3.980694484739854033e+01	-5.799809532201495588e-02	-1.383669523535530743e+02
5.318650122853046724e+00	4.053182416944635236e+01	-1.340747308041474739e-01	-1.408268902193501333e+02
5.324923043129819789e+00	4.062834571290571262e+01	-1.427505838976569352e-01	-1.412549627674445389e+02
5.331330237158205421e+00	4.079502738339434131e+01	-1.208120359761521573e-01	-1.418823038794868978e+02
5.337586726886338617e+00	4.114752121666624873e+01	-1.040489926978734325e-01	-1.431531542396548673e+02
5.343685192440848830e+00	4.185001319860624136e+01	-4.487691988094089438e-03	-1.457206036830729374e+02
5.350070659715249199e+00	4.217590826076635580e+01	2.354757058841087242e-02	-1.470040760115987553e+02
5.356556762554878226e+00	4.326998703562210835e+01	-3.803636987056333019e-02	-1.507762407590257681e+02
5.362691868684501095e+00	4.320127073865694456e+01	-6.798481897030407561e-02	-1.505120146720625485e+02
5.368769208912516966e+00	4.333322811072471126e+01	1.034576862413520981e-01	-1.511868089345193482e+02
5.375270137997677722e+00	4.416551701536128860e+01	-5.807964934986166450e-02	-1.539957950471032007e+02
5.381769983045385786e+00	4.486918728481652607e+01	4.603771763430763997e-02	-1.565913411903083272e+02
5.387701030372958222e+00	4.508460452970724219e+01	-6.860337280404725513e-02	-1.572054986429336054e+02
5.393786668001271600e+00	4.589875603047654096e+01	-2.948056324147165647e-02	-1.601494760649823093e+02
5.400446161099396569e+00	4.666673611391956911e+01	-7.536084506850601605e-02	-1.628539882726249459e+02
5.406957063684501463e+00	4.645851791829485222e+01	-4.955155211993640674e-02	-1.621669445093146180e+02
5.412655672453426270e+00	4.763565590165172381e+01	8.057548326099021885e-02	-1.663783924077142444e+02
5.418821279260546575e+00	4.737877598045960070e+01	8.945648254692985940e-03	-1.654928266085551343e+02
5.425690594366304076e+00	4.766618697612195632e+01	-4.246403527000475880e-02	-1.664924075343357970e+02
5.432217487502165376e+00	4.911831788066140803e+01	2.638133633079161114e-02	-1.716610581647324523e+02
5.437649811577258241e+00	4.912166866348380267e+01	2.510250772631871571e-04	-1.715987307340436701e+02
5.443914404015878006e+00	4.972602628758354371e+01	-2.876919809442947049e-02	-1.737707956896710471e+02
5.450953501686320202e+00	4.953946299146581822e+01	-8.757504773783637148e-03	-1.731743694666492956e+02
5.457483690405861232e+00	4.863827082592059270e+01	6.702679313064203483e-03	-1.700657564147880407e+02
5.462715250135157241e+00	5.051010223369348751e+01	6.193848280821604574e-02	-1.766270771525728378e+02
5.469033575551323523e+00	5.237618136266478786e+01	-7.902554478392033455e-02	-1.830659794348460991e+02
5.476177730420278778e+00	5.333660338766845399e+01	1.404539000536529116e-02	-1.865542988377057441e+02
5.482708935702562236e+00	5.227586097290372891e+01	8.267717610218225724e-03	-1.828665433856707807e+02
5.487722405008360838e+00	5.406812203530548544e+01	9.593957199996548668e-02	-1.891941146460568746e+02
5.494194284996126498e+00	5.343455620134366058e+01	1.097911727552533870e-02	-1.869391017883405368e+02
5.501391471009256406e+00	5.548433695162682966e+01	6.797936419673177022e-02	-1.941850067965401649e+02
5.507128202673079009e+00	5.341748638881827560e+01	7.709161175246684317e-02	-1.869799591154549034e+02
5.512278020050448646e+00	5.422771849612081496e+01	-9.125910899447930991e-02	-1.896457099744276888e+02
5.519395563377015534e+00	6.184840227042311511e+01	-8.410411802321922370e-02	-2.163297886204220504e+02
5.526598678609708770e+00	5.972672868946017388e+01	5.847524712407230207e-02	-2.090630639603071188e+02
5.532162682462509196e+00	5.613071399477842505e+01	7.799108646984415083e-02	-1.965105614851241569e+02
5.537397124017139127e+00	6.002950178343214560e+01	7.895678375619764877e-02	-2.101598294118915931e+02
5.544582756485218589e+00	6.016588509918219074e+01	5.510061114341920779e-02	-2.106224633821850034e+02
5.551739327507637434e+00	5.647642348849618088e+01	1.659093007792083185e-01	-1.978264335060847827e+02
5.557493306674907707e+00	6.342036785014249745e+01	9.189668518357857474e-02	-2.220593427482356219e+02
5.562281709102816940e+00	6.217201934323097134e+01	4.003206997616597790e-02	-2.176387475926267427e+02
5.569272720323164449e+00	1.172127574339777283e+02	-5.041889498907015793e-02	-4.101936815306199264e+02
