8.899641224696953554e-03	8.139133634377301496e+04	-4.190368409123664605e+04	-2.794818931081895244e+03
1.507912216506557788e-02	1.076609762273844535e+05	2.522073864660157778e+04	-2.199702467715751118e+04
2.144790186456836667e-02	7.539991224151066854e+04	1.920225383715473436e+04	-1.239270049832805853e+04
2.783660776489276650e-02	6.388144296194691560e+04	4.500750252725277096e+04	8.394787970938174112e+03
3.435099785803411021e-02	3.854803191032953328e+04	2.500975931711638623e+04	4.120342628528362184e+03
4.047886761425745911e-02	3.312749781730351242e+04	1.769440632268134868e+04	-8.616409997760850956e+02
4.676716683575679601e-02	2.580300358384447463e+04	8.125783693920095175e+03	-6.142355615851447510e+02
5.308225101765951665e-02	2.227071840661766691e+04	9.661395566832441546e+03	6.870700722526113168e+03
5.945362440940590160e-02	2.157209056531530950e+04	8.523354396975741111e+03	-1.506327763969573198e+03
6.576224814588792211e-02	2.035119949141127290e+04	8.523825807074870681e+03	-7.269830091845055904e+02
7.196632906698736953e-02	1.648746041850616530e+04	4.898088577666321726e+03	-2.743544033223859969e+03
7.827860915688347743e-02	1.333138257905934734e+04	5.927713704853367744e+03	-1.906238168599742266e+03
8.470398945834539672e-02	1.150699153467823817e+04	4.535723719723052454e+03	3.989816797568986431e+02
9.096854620527369817e-02	9.906640607108671247e+03	5.030961543927936873e+03	1.185487055823105266e+03
9.720789776830213169e-02	8.389408391655852029e+03	3.430146591425757833e+03	1.160689316824962589e+03
1.034763038959366499e-01	8.189967725516487008e+03	3.083060084962683050e+03	1.441674074438829507e+02
1.097576444254559219e-01	7.243969917012939732e+03	2.772122807658568945e+03	-5.023030056666314636e+02
1.160543084780093354e-01	6.711576398657090976e+03	2.047600810057986564e+03	-6.446621785971515237e+02
1.223669666537485351e-01	6.622314844533624637e+03	2.395285237021646935e+03	-4.957545496725072667e+02
1.286817263090294094e-01	5.934691353364006318e+03	1.826776822210759065e+03	-3.548627325446578311e+02
1.349500801664080818e-01	5.653366534483801843e+03	2.386976029262312750e+03	4.283969753571952879e+02
1.411949558842147678e-01	4.961185764134469537e+03	1.726315224184321778e+03	3.861605837719211536e+02
1.475133575747468451e-01	4.564814173855128502e+03	1.669631943770740691e+03	2.118717418075402463e+02
1.537865074252268427e-01	4.249365571714360158e+03	1.213998020494218736e+03	-3.371442904264504818e+02
1.600657544051110326e-01	3.854855699545203606e+03	1.172621455800658396e+03	2.167214524842951278e+02
1.663991168687080635e-01	3.740532571900334460e+03	1.210237549516480385e+03	8.505851076694956703e+01
1.727195645776442856e-01	3.500500096913220659e+03	1.178237289548904300e+03	-2.831916036699761996e+00
1.789765213377084718e-01	3.373628181667555509e+03	9.479299629336967428e+02	2.154445614532418176e+02
1.852353690647852158e-01	3.157933134867344961e+03	7.783026109212718211e+02	2.787875731936825332e+02
1.914806787341157279e-01	2.911113885356768606e+03	8.238131480565967877e+02	3.440885207891623736e+02
1.977889868651535599e-01	2.781443330386995513e+03	6.948301885740153239e+02	3.013959668043607820e+01
2.040937735447724277e-01	2.646789067417075785e+03	5.723742904063410606e+02	2.882820672145667800e+02
2.103939302609846018e-01	2.465315467064123823e+03	4.515008181137113183e+02	2.120062868636341591e+02
2.166909709822301688e-01	2.304288161524452789e+03	3.457775275574101670e+02	2.135254434484101296e+02
2.229700281216152047e-01	2.272795935802500026e+03	3.397415467018328172e+02	3.384217286409155463e+02
2.292620027086341994e-01	2.124972354998375067e+03	3.450249037352215851e+02	1.745135321738966354e+02
2.355141508366812297e-01	2.021663178713535672e+03	2.655408894658953045e+02	2.255069993119066396e+02
2.417910583817859116e-01	1.939608648069420269e+03	2.060224599729039596e+02	2.885962975713299556e+02
2.480856539439619257e-01	1.854561688733939263e+03	1.474384489089519548e+02	1.818260377722879468e+02
2.543492256872954549e-01	1.750950033041441884e+03	1.654697635305514609e+02	2.690927343594711374e+02
2.606334251884805386e-01	1.701966227406203643e+03	1.317677668486453513e+02	2.267482144959167840e+02
2.669257370896960802e-01	1.599277312517459450e+03	1.683600622521759362e+02	1.852773181933110891e+02
2.732423343141155980e-01	1.522154447976385882e+03	6.298036294083521369e+01	2.675557533666224117e+02
2.795529680084415936e-01	1.491441398099364960e+03	1.926895720599202022e+01	2.208325668935519275e+02
2.858366292314493129e-01	1.399791705262979576e+03	3.115463889050138491e+00	1.291797028897740631e+02
2.920876271394311496e-01	1.344786661050269004e+03	-1.421578285774805117e+01	2.498783208481312954e+02
2.983449844439822751e-01	1.281632197656267408e+03	-1.641901234882278260e+01	2.525134620154566392e+02
3.046382639407197446e-01	1.242465782250755865e+03	-3.733000499158153218e+01	2.247481638499747021e+02
3.109279127003197196e-01	1.189396376583973506e+03	-1.122286086067150706e+02	1.946399041924836411e+02
3.172168171618398036e-01	1.163319657471694654e+03	-1.018032030013229559e+02	2.348955243142195570e+02
3.235187567944423082e-01	1.112654245404663925e+03	-1.010687178878372094e+02	2.475189080886193267e+02
3.298168217550395687e-01	1.056495621877752683e+03	-1.108339320612715255e+02	2.456103584749039044e+02
3.361176429457156667e-01	1.024350468003054175e+03	-1.814202447135393470e+02	2.270515045951232196e+02
3.423700375709273769e-01	9.849477280913963568e+02	-2.103411399056791424e+02	2.388376572860912006e+02
3.486478192666269682e-01	9.642426276333338819e+02	-1.696954820950383294e+02	2.332607784250947134e+02
3.549411614411318028e-01	9.250298126046758398e+02	-1.788061964207124959e+02	2.338442147288305648e+02
3.611916935421040642e-01	9.003733020447089075e+02	-2.098456791791104763e+02	2.843171303017156788e+02
3.674767089563572564e-01	8.614721001439467045e+02	-2.037746886464245222e+02	2.239977942924679724e+02
3.737647795277591056e-01	8.381205971137833330e+02	-2.027430622235545457e+02	2.767038101921229440e+02
3.800654031475132477e-01	8.207809020386202974e+02	-2.309962530048917699e+02	2.317914014664515605e+02
3.863539861259823738e-01	7.815663041076544459e+02	-2.265281811403085328e+02	2.590346001225997838e+02
3.926140181364449755e-01	7.615590912341472176e+02	-2.615056297668130583e+02	2.536858760666875128e+02
3.989264500321934581e-01	7.379038816765803404e+02	-2.522276693992148751e+02	2.688142429604337167e+02
4.052073244576828714e-01	7.129775840179013358e+02	-2.461156078790987465e+02	2.683942566542449413e+02
4.114916477570477182e-01	6.905184556748040450e+02	-2.510406060667152701e+02	2.384383917521303147e+02
4.177814272116491257e-01	6.760490356517142345e+02	-2.454480695960594119e+02	2.703836997755134917e+02
4.240400648725131116e-01	6.468642699687791264e+02	-2.599692226757154003e+02	2.400444082540767567e+02
4.303425690270192283e-01	6.265498536084942316e+02	-2.566804666135993784e+02	2.801736629777857388e+02
4.366358560255625965e-01	6.105861023367976941e+02	-2.739078633837962116e+02	2.709366491209000856e+02
4.428996183220763605e-01	5.948610064507111019e+02	-2.880796653182601972e+02	2.815241060205184453e+02
4.491634418529859563e-01	5.850216936312151574e+02	-2.782775157102036019e+02	2.452469870082442469e+02
4.554414146254732731e-01	5.641078078528172455e+02	-2.707702249997217336e+02	2.667558300042975930e+02
4.617634470301058558e-01	5.480241878902389772e+02	-2.665559982898103613e+02	2.516135867554051515e+02
4.680644242023710433e-01	5.319712352857962969e+02	-2.755976928916367683e+02	2.624068081900654192e+02
4.743485242764365895e-01	5.192704846080880543e+02	-2.792643017542836219e+02	2.529023486726709393e+02
4.806356136815400082e-01	5.032099776185978612e+02	-2.785133001193942732e+02	2.634851164568164563e+02
4.869019258388697646e-01	4.863776551594239663e+02	-2.762176336996039367e+02	2.668111194427619353e+02
4.931697099599955947e-01	4.739047596792204899e+02	-2.701602535427979319e+02	2.441205230033148439e+02
4.994506747144535908e-01	4.637089912501348863e+02	-2.687167688788103987e+02	2.529075552080174987e+02
5.057159051335421429e-01	4.520014427956342047e+02	-2.737714340276480129e+02	2.462773036764004075e+02
5.119923996268095356e-01	4.427421776369239410e+02	-2.787169747019025863e+02	2.614076615516620450e+02
5.183126097768406826e-01	4.275127902577003738e+02	-2.681274226781977177e+02	2.602623390209924992e+02
5.246089638029100000e-01	4.178641491273124871e+02	-2.681884388379290840e+02	2.422862170377048585e+02
5.308757308483337267e-01	4.071981803774598347e+02	-2.765059756262745623e+02	2.413712700298370919e+02
5.371573527946726934e-01	4.003625189912195879e+02	-2.714948005912160625e+02	2.435792174932472847e+02
5.434579563783791256e-01	3.896668703655935246e+02	-2.644622703575691958e+02	2.427115254890337894e+02
5.497430652392217842e-01	3.851745352237931570e+02	-2.783948686538518587e+02	2.540458556761532805e+02
5.559937427501778773e-01	3.710146207665526390e+02	-2.665125982722602203e+02	2.431548458390578276e+02
5.622854676609657654e-01	3.664185414787488639e+02	-2.690421534388287910e+02	2.482535217861631907e+02
5.686011537227265711e-01	3.532250642520365318e+02	-2.613688676724975153e+02	2.347101047345051938e+02
5.748804589422079614e-01	3.486738366145782493e+02	-2.673724468436455481e+02	2.454791185944725669e+02
5.811550210340560296e-01	3.414962006734221518e+02	-2.647729729414719486e+02	2.444025126823442804e+02
5.874394496660968468e-01	3.333423072195028567e+02	-2.667749733703070660e+02	2.453150149586637951e+02
5.937176220296899176e-01	3.251450273129250377e+02	-2.640238585865192249e+02	2.445277948694370025e+02
5.999971954793682505e-01	3.205995621515326661e+02	-2.650454063663675583e+02	2.368645173533036541e+02
6.062679115124277596e-01	3.115321198407137331e+02	-2.561305816768673367e+02	2.305940202211096164e+02
6.125469576444534381e-01	3.056962958278323867e+02	-2.588744700516290322e+02	2.385573402150087929e+02
6.188477733041515272e-01	2.982837591027964095e+02	-2.563784873895074270e+02	2.283105178386682041e+02
6.251310567437898813e-01	2.933648633875458245e+02	-2.564178183903205763e+02	2.319003143131432410e+02
6.314027450383210560e-01	2.843444123551043390e+02	-2.445072272070267729e+02	2.214044162589970597e+02
6.377003562732055375e-01	2.791682749467111080e+02	-2.526480408313729527e+02	2.247423258136991535e+02
6.439857783314556494e-01	2.733262560298175572e+02	-2.474085256226277920e+02	2.239735225878647498e+02
6.502685417166111925e-01	2.696650203879927403e+02	-2.505398663975852003e+02	2.270866030888864486e+02
6.565586117699038216e-01	2.656350324426936709e+02	-2.497692873478803506e+02	2.268670817680876439e+02
6.628369282359254377e-01	2.592941278129446232e+02	-2.426964714642122658e+02	2.185045407779032871e+02
6.691185444962194362e-01	2.549368621874654082e+02	-2.422585411546887713e+02	2.198002674264496079e+02
6.754070198575605755e-01	2.488161480185175378e+02	-2.356763275942965095e+02	2.154172213501978490e+02
6.816835514593204692e-01	2.443365326843789092e+02	-2.387974458421491590e+02	2.171291687563348205e+02
6.879592533861698112e-01	2.401496599479320082e+02	-2.369824556185864424e+02	2.168317302568208049e+02
6.942344317039531587e-01	2.355905819868252422e+02	-2.347710686182896893e+02	2.187773460037864481e+02
7.005175402434737908e-01	2.318496228483004415e+02	-2.387087811447881904e+02	2.227338487132441287e+02
7.068124956608716758e-01	2.282629134238074471e+02	-2.350173229751819974e+02	2.153697195398744384e+02
7.131019009674921527e-01	2.230401299475909980e+02	-2.286224660330950371e+02	2.104240471362237201e+02
7.193918251171427247e-01	2.202299261705684899e+02	-2.297189556651823068e+02	2.127520296070675556e+02
7.256833807598113140e-01	2.143676539934327820e+02	-2.240773056457856853e+02	2.086835943842064864e+02
7.319652682709349989e-01	2.118473655301783083e+02	-2.261178749480257011e+02	2.094692804277635503e+02
7.382507990484923344e-01	2.076010967712907416e+02	-2.222715622728593985e+02	2.061091192284434044e+02
7.445265842115937893e-01	2.054057763310663915e+02	-2.228054451108286287e+02	2.069988058055004387e+02
7.507871101942712455e-01	2.005889997631088590e+02	-2.199694068029268124e+02	2.068458911780710423e+02
7.570758465316046459e-01	1.983299229094574514e+02	-2.205505459048537489e+02	2.041168297749522367e+02
7.633641233600957365e-01	1.945801228948173787e+02	-2.161920206799237860e+02	2.024668864470749554e+02
7.696462959862266917e-01	1.899218202560759323e+02	-2.123759970895107472e+02	2.008527226301805513e+02
7.759394865175414102e-01	1.869684304532107433e+02	-2.122578644473275631e+02	1.985979184983719676e+02
7.822329141989586843e-01	1.844103451756757863e+02	-2.112280527513954667e+02	2.010843201021667426e+02
7.885314936520240181e-01	1.821700187848087467e+02	-2.111431363974064652e+02	2.012836511605033252e+02
7.947896566979522071e-01	1.783333785032600360e+02	-2.066341700141378510e+02	1.956261165498836760e+02
8.010491096592354809e-01	1.760908297168066952e+02	-2.073857778281137030e+02	1.955084135369914407e+02
8.073364061727361651e-01	1.729059514791070740e+02	-2.035510953428830589e+02	1.940664115455546721e+02
8.136229488373866170e-01	1.703503850065136476e+02	-2.011490323673326941e+02	1.905339756168278313e+02
8.199152998961036776e-01	1.667412693653446354e+02	-1.985621348826695396e+02	1.911508323669708034e+02
8.261952636392789762e-01	1.644961492782240100e+02	-1.979964262413386109e+02	1.877443471132995967e+02
8.324897070080405914e-01	1.632264985696133976e+02	-1.981696650088378817e+02	1.908050689792315779e+02
8.387959309210778480e-01	1.594896809912505091e+02	-1.939749553580503516e+02	1.856650664666028661e+02
8.450634639703045181e-01	1.574717603078627235e+02	-1.927519968566083435e+02	1.850402275087286625e+02
8.513282867562648182e-01	1.538768396937790897e+02	-1.877362009842160830e+02	1.798611214932567464e+02
8.576198263902009566e-01	1.528629319842648897e+02	-1.899957216439348429e+02	1.830413800572051741e+02
8.639058477062415697e-01	1.507795817090099888e+02	-1.882502560862138807e+02	1.817985758547845023e+02
8.701838745487597837e-01	1.480749370328240957e+02	-1.862994239276314943e+02	1.801416088502023456e+02
8.764641096075268534e-01	1.464738592385939455e+02	-1.847172216751783367e+02	1.772707939105009132e+02
8.827503873399735745e-01	1.439553890836913297e+02	-1.850239675238229609e+02	1.804460780057387694e+02
8.890332768393869323e-01	1.413365277550515202e+02	-1.802362071821592338e+02	1.745703890896372741e+02
8.953084247113127780e-01	1.393503150642816308e+02	-1.785950990015236357e+02	1.725788268067276761e+02
9.015956521667095602e-01	1.370103522182556333e+02	-1.758554037809493593e+02	1.704139937943131429e+02
9.078833328094829680e-01	1.353006197968501567e+02	-1.750874124001009022e+02	1.705673509385136413e+02
9.141744106319863450e-01	1.341505009697750097e+02	-1.754757594978860311e+02	1.708244016848258013e+02
9.204630817717615043e-01	1.316852393049052807e+02	-1.726798376806223416e+02	1.682118408417651665e+02
9.267434415264711456e-01	1.300754602838667893e+02	-1.711234609915982787e+02	1.669300535163900747e+02
9.330324197354928906e-01	1.284323174649132113e+02	-1.697816594796195204e+02	1.656309863954262767e+02
9.393265785573878812e-01	1.267421471218382862e+02	-1.678426954410174972e+02	1.646344817734182016e+02
9.455974810398196650e-01	1.241981715474887693e+02	-1.664640530958301383e+02	1.639587332771718877e+02
9.518660018545171964e-01	1.227173668449495096e+02	-1.639353221351307184e+02	1.608516432943152950e+02
9.581413255531838757e-01	1.218655282422836876e+02	-1.647313566888732908e+02	1.637336300242645279e+02
9.644350945109106954e-01	1.185661261031125235e+02	-1.596233645987198315e+02	1.575328807531640791e+02
9.707355633568249820e-01	1.176656098328267888e+02	-1.597811336984689774e+02	1.591699083449009322e+02
9.770080768450029041e-01	1.160803075102649160e+02	-1.576491714180476720e+02	1.567636693445669778e+02
9.832823325363413414e-01	1.146865723313364214e+02	-1.562597916381805305e+02	1.550132604897730175e+02
9.895569691966674686e-01	1.140390764338836647e+02	-1.569392446825832224e+02	1.573686697000146069e+02
9.958456301921106979e-01	1.118009287095048592e+02	-1.545620538207348602e+02	1.548925692743621596e+02
1.002136210743837408e+00	1.108218422697676147e+02	-1.539085921269900439e+02	1.546726961263658211e+02
1.008404825335135424e+00	1.093113735301743645e+02	-1.516722848456015527e+02	1.515957524528946863e+02
1.014694149836243398e+00	1.079871539511691338e+02	-1.504018538022568237e+02	1.513550911792104330e+02
1.020992555437297167e+00	1.064663360731844222e+02	-1.493816962931447279e+02	1.509660917485748826e+02
1.027273980437394485e+00	1.048027549861485568e+02	-1.472528011919943651e+02	1.486288931281658847e+02
1.033559181896017254e+00	1.033372733254126672e+02	-1.456902734531094268e+02	1.466765693882580877e+02
1.039847557392594934e+00	1.020837174151579347e+02	-1.441899107939647138e+02	1.463107127197833393e+02
1.046126974943305088e+00	1.016286952754929871e+02	-1.445301639421113009e+02	1.471546184390386713e+02
1.052403436811028659e+00	1.005021917674245486e+02	-1.438090563342321957e+02	1.465442258663837833e+02
1.058680704651608684e+00	9.896913679220550364e+01	-1.420194142537982316e+02	1.444602586605598447e+02
1.064964333065789193e+00	9.753183106524681989e+01	-1.400480731588568801e+02	1.427406546843232888e+02
1.071256777440835473e+00	9.662586023442230498e+01	-1.393294797142186496e+02	1.435445222920292849e+02
1.077544048801078125e+00	9.522711977082701651e+01	-1.369224863447622056e+02	1.402891199826597131e+02
1.083824820188043603e+00	9.424480616751776552e+01	-1.365778338649925274e+02	1.401978666859568250e+02
1.090108023942816695e+00	9.306080455912390903e+01	-1.352486912174512383e+02	1.384959573900114833e+02
1.096389665956643222e+00	9.207465144848728755e+01	-1.340350530494783925e+02	1.386444113167537751e+02
1.102681132058841440e+00	9.079884376411659730e+01	-1.317194918824775129e+02	1.361351281952811121e+02
1.108963047594879958e+00	9.061654692104610831e+01	-1.334511272940058291e+02	1.380277807190700230e+02
1.115225428463759272e+00	8.917381661961606198e+01	-1.308936389584964957e+02	1.361683134224332150e+02
1.121502127614767863e+00	8.786198437168145858e+01	-1.289459000041824197e+02	1.342366084452350492e+02
1.127792573824792033e+00	8.686091780304377608e+01	-1.282437417195158957e+02	1.338722373803608150e+02
1.134089552668382961e+00	8.536052176437665651e+01	-1.254830342684661133e+02	1.305039322017173902e+02
1.140364049650405942e+00	8.458753479080945681e+01	-1.251364052358786125e+02	1.306270547115848331e+02
1.146639180320979445e+00	8.394127958062172468e+01	-1.245293585765792557e+02	1.304931252350395141e+02
1.152942412991649901e+00	8.275101748498943266e+01	-1.228374578959542305e+02	1.285641150035652061e+02
1.159228906751078814e+00	8.162108512886713640e+01	-1.210849070672793317e+02	1.263924178790473718e+02
1.165508721887268173e+00	8.151991444930165187e+01	-1.216778208700845170e+02	1.281100658651938318e+02
1.171793076256210320e+00	8.061937804996553325e+01	-1.208821155862049324e+02	1.278349017501732590e+02
1.178087436369658958e+00	7.908515028348450926e+01	-1.180423949837796158e+02	1.243060955956378848e+02
1.184367654251526902e+00	7.868904362617278991e+01	-1.179686773292490756e+02	1.246605694463994496e+02
1.190634642299266632e+00	7.762457447822696111e+01	-1.165127887901940085e+02	1.228224019096155928e+02
1.196912208834400859e+00	7.691618581762841700e+01	-1.158164401250517841e+02	1.226371941512895063e+02
1.203201577354146234e+00	7.590556183581973926e+01	-1.144476756497454772e+02	1.216231509147135199e+02
1.209486844441705733e+00	7.542231601020284870e+01	-1.140808566487445717e+02	1.211158535041988529e+02
1.215763902074809888e+00	7.445959350358359075e+01	-1.128560371275150231e+02	1.201560710722198593e+02
1.222049755171146668e+00	7.336728309002594983e+01	-1.109332404296055330e+02	1.182599727588148824e+02
1.228340616621486969e+00	7.298022654345173521e+01	-1.108072966509315762e+02	1.186946494431784629e+02
1.234632986576932767e+00	7.262530721339005879e+01	-1.107877677603853641e+02	1.189094538345583771e+02
1.240902247176856488e+00	7.148546896989520860e+01	-1.088400840452393794e+02	1.166555021328737496e+02
1.247174839144687519e+00	7.062477219314502008e+01	-1.077389991392288096e+02	1.156480408849447628e+02
1.253465459933442272e+00	7.016088100510044967e+01	-1.071251556873927058e+02	1.155376415046750651e+02
1.259749951892178421e+00	6.938586477251178053e+01	-1.062661616909444575e+02	1.148980687953635709e+02
1.266032143127253873e+00	6.869008823986517598e+01	-1.052738021960984867e+02	1.134292521259951485e+02
1.272316288472006507e+00	6.762689419186750683e+01	-1.032913416845496215e+02	1.113943954831566145e+02
1.278604155058621350e+00	6.749479069172967627e+01	-1.039972614387878451e+02	1.125579818215249048e+02
1.284886588933593865e+00	6.687521500277850350e+01	-1.028659360515318326e+02	1.120051647489977285e+02
1.291175420066583257e+00	6.650885498166141474e+01	-1.026565631034142427e+02	1.117429117839519819e+02
1.297465726373772332e+00	6.507130701571796294e+01	-9.978542884447126937e+01	1.082967260135833243e+02
1.303741827011944299e+00	6.467117127263480825e+01	-9.981138897643690200e+01	1.082187095550614515e+02
1.310017322922761851e+00	6.434038057090140228e+01	-9.958173919659715523e+01	1.087728232141153057e+02
1.316301447662886703e+00	6.342877187153870722e+01	-9.805295882599135382e+01	1.071198993042725078e+02
1.322586760363303249e+00	6.343982610102177944e+01	-9.843987556920411919e+01	1.078813211606783113e+02
1.328865492452874664e+00	6.215929754187537526e+01	-9.596814580464804578e+01	1.048167608284163492e+02
1.335144804954555564e+00	6.207291549067188896e+01	-9.647901645267870663e+01	1.058527333922328921e+02
1.341440516272275119e+00	6.160632800137295106e+01	-9.578751740574239193e+01	1.054802490403488378e+02
1.347730868417094552e+00	6.079900452501154717e+01	-9.443740195937986925e+01	1.039584194953697391e+02
1.354001589994877630e+00	6.034122732780588194e+01	-9.386661519561025102e+01	1.036463513960938627e+02
1.360282609297778444e+00	5.989245106616431258e+01	-9.319344372303181956e+01	1.030940721905055000e+02
1.366565686457597906e+00	5.931066262417439816e+01	-9.255331097442086730e+01	1.028010330226252051e+02
1.372851498482432708e+00	5.841296722829311250e+01	-9.087857589188497798e+01	1.006478541309798800e+02
1.379135372929401804e+00	5.801742096587263120e+01	-9.023403535334945502e+01	1.002632570486810550e+02
1.385409567149057164e+00	5.742329496459267801e+01	-8.965781606596645759e+01	9.965291342893901572e+01
1.391698641219299315e+00	5.707230708479299608e+01	-8.901706973064636941e+01	9.915366807633327539e+01
1.397984451439470810e+00	5.671157886593428543e+01	-8.875099759512089292e+01	9.873279948241309967e+01
1.404267883409181961e+00	5.598289301581883848e+01	-8.742820339258855711e+01	9.739410308894933621e+01
1.410554779484869181e+00	5.568119374132275112e+01	-8.705203700850351822e+01	9.708074882008652651e+01
1.416837833547465397e+00	5.515236110905528477e+01	-8.647191458068159875e+01	9.639378650959720574e+01
1.423118177187137068e+00	5.491548096123514711e+01	-8.601441908697692895e+01	9.636639583787648178e+01
1.429397801164240089e+00	5.407723170959261694e+01	-8.446762648141654495e+01	9.476795736944738735e+01
1.435686921822787232e+00	5.372839955526691114e+01	-8.422925711843470253e+01	9.434590424443966583e+01
1.441977121769299597e+00	5.337516083292165803e+01	-8.361966892394021045e+01	9.399440192276691164e+01
1.448253667853332427e+00	5.307428384246532005e+01	-8.335240677015264055e+01	9.384313203340690279e+01
1.454532348972172651e+00	5.224200785149961490e+01	-8.186478911292749672e+01	9.196340714124751514e+01
1.460819319151879903e+00	5.166809544294117273e+01	-8.082465836228698208e+01	9.092087985883702572e+01
1.467110364402026468e+00	5.157916024057600168e+01	-8.094489109383617631e+01	9.120627517219814706e+01
1.473392908948962132e+00	5.145212360727078504e+01	-8.109504482314926577e+01	9.143774117110262978e+01
1.479669965243598950e+00	5.089602344924300326e+01	-8.007063148679934272e+01	9.033364544328671286e+01
1.485956144602843532e+00	5.049108253597009366e+01	-7.939588648466543930e+01	8.981723796373889002e+01
1.492233610763115115e+00	5.034210058968635337e+01	-7.957268818583943926e+01	9.029973589858637695e+01
1.498502470379980078e+00	4.942252482334342290e+01	-7.754917810432135639e+01	8.782316109351934585e+01
1.504785752051182701e+00	4.949114473003496784e+01	-7.795180032657245306e+01	8.862872293809043356e+01
1.511075991894575976e+00	4.892494179629566275e+01	-7.700713834968114213e+01	8.721703891344139947e+01
1.517361634985162189e+00	4.854528016486843001e+01	-7.644724827145994084e+01	8.676658543783567268e+01
1.523648570969130533e+00	4.825181742918093164e+01	-7.584926177193607089e+01	8.646278811343952952e+01
1.529938035715892264e+00	4.760998184262514599e+01	-7.478278392058378188e+01	8.499908910816246532e+01
1.536230176913891965e+00	4.752275000681840567e+01	-7.480057615621673506e+01	8.526501382264257245e+01
1.542510718779388279e+00	4.687175019765422235e+01	-7.343414723007028044e+01	8.384106410818695565e+01
1.548783963082980275e+00	4.666491313401748187e+01	-7.356869157279180627e+01	8.414261846004256995e+01
1.555073069779651318e+00	4.657652566624935986e+01	-7.358296343832071784e+01	8.420164038799819650e+01
1.561357324927233892e+00	4.602385226918074324e+01	-7.248139147941088822e+01	8.287576181227788652e+01
1.567629121053141006e+00	4.546896753731594742e+01	-7.129832495799855963e+01	8.174604533925656824e+01
1.573913697404382583e+00	4.532152587967831181e+01	-7.115245042448535173e+01	8.154920530795618561e+01
1.580203545230874029e+00	4.486278726654760618e+01	-7.051835256979548205e+01	8.105713711870258464e+01
1.586485393434537983e+00	4.462720928958074040e+01	-7.018417753888229527e+01	8.055660568139914801e+01
1.592760014263005841e+00	4.453051154300889891e+01	-7.014102400842178042e+01	8.059636082882765606e+01
1.599046436394670812e+00	4.426472820301136579e+01	-6.978644022451334195e+01	8.041936297268325973e+01
1.605342136637478934e+00	4.373695538214375489e+01	-6.875452792721526407e+01	7.926087519020421723e+01
1.611619860919608627e+00	4.331504327481580674e+01	-6.799637931151266912e+01	7.822422558327346565e+01
1.617897597081673799e+00	4.305494625185242796e+01	-6.764633298073958656e+01	7.797440920850826274e+01
1.624183235481122756e+00	4.273433388846036962e+01	-6.716488332864547317e+01	7.752095288468979106e+01
1.630464598531913722e+00	4.222948612653722478e+01	-6.625910027226308330e+01	7.631203035057656336e+01
1.636748985747638274e+00	4.215013268265919066e+01	-6.612324589012733611e+01	7.654890374141827181e+01
1.643030923698886259e+00	4.199294154940901080e+01	-6.602889899545023411e+01	7.645707327213496285e+01
1.649309176648513064e+00	4.146457241706122687e+01	-6.499223290741892356e+01	7.515587400175270716e+01
1.655593633940351861e+00	4.137522950996383742e+01	-6.509617767947034395e+01	7.534484859712759430e+01
1.661879571405086464e+00	4.096081468045567675e+01	-6.420915107407162736e+01	7.430953773810702501e+01
1.668169361685170271e+00	4.073468769915838550e+01	-6.376799746558924653e+01	7.389318893819228151e+01
1.674450151530487485e+00	4.035120150857754595e+01	-6.325255237902131000e+01	7.325452469030084046e+01
1.680722718978495900e+00	3.987476229193274690e+01	-6.214995981648183943e+01	7.207459467951275656e+01
1.687013891340952476e+00	3.995812808023573126e+01	-6.261211199782277959e+01	7.279069188960609438e+01
1.693308984907921033e+00	3.966216415563353337e+01	-6.207109387859128447e+01	7.203304322656916270e+01
1.699582147428448486e+00	3.946658575978478467e+01	-6.170139157165072419e+01	7.181892771956769650e+01
1.705863747055134105e+00	3.899595363919961954e+01	-6.083186737899578134e+01	7.075224237594092358e+01
1.712154434283889470e+00	3.906273539398991090e+01	-6.120911167457438751e+01	7.143061314960135633e+01
1.718438381579399321e+00	3.856938816890315280e+01	-6.023980837726323045e+01	7.011162872500757715e+01
1.724721264464063930e+00	3.854772242748444455e+01	-6.031431947364121982e+01	7.028947034110866809e+01
1.730997441276920679e+00	3.812276756326793503e+01	-5.945059718178728758e+01	6.938313252111146312e+01
1.737287073528269499e+00	3.789729833240690482e+01	-5.913625296069249515e+01	6.908301707171085582e+01
1.743567991878527401e+00	3.761030008248532397e+01	-5.856841784349043678e+01	6.831164761828449628e+01
1.749840680212231048e+00	3.748883360352154170e+01	-5.849976363661049561e+01	6.825973895572269612e+01
1.756128549091961144e+00	3.719587074661017567e+01	-5.797715377661741343e+01	6.768413341456366084e+01
1.762413535324792502e+00	3.691928365924148636e+01	-5.741940177635643749e+01	6.711108788006771420e+01
1.768696187669963837e+00	3.666047961226962570e+01	-5.711077736144038397e+01	6.672637745004044518e+01
1.774979359379055266e+00	3.643775418692342782e+01	-5.648173868684447285e+01	6.615658315775273479e+01
1.781265555576432957e+00	3.608408183785167012e+01	-5.587755832253839827e+01	6.528018949324717823e+01
1.787549427830244619e+00	3.601452358322084990e+01	-5.586060019848244451e+01	6.542872191134145510e+01
1.793834120011633004e+00	3.584406598315457870e+01	-5.564383328105080295e+01	6.526891872224040014e+01
1.800115051552487300e+00	3.543153566242895636e+01	-5.471169132380640576e+01	6.417236934259061343e+01
1.806393904854530330e+00	3.525907659399197058e+01	-5.450331516488046901e+01	6.364990288467951984e+01
1.812674089667083432e+00	3.524425355840541840e+01	-5.458569289805123503e+01	6.403398330273340378e+01
1.818956920109354058e+00	3.489870015063719677e+01	-5.380452417533413723e+01	6.315419870703339456e+01
1.825244164118212220e+00	3.473172063609856508e+01	-5.363607136776666096e+01	6.294738025944364068e+01
1.831527256642196955e+00	3.452608458829553228e+01	-5.323903106601520108e+01	6.244634838329078264e+01
1.837811294935716599e+00	3.444942887093096573e+01	-5.327524960330892867e+01	6.249151851515701850e+01
1.844100717411196744e+00	3.417677204608130381e+01	-5.274312044218164175e+01	6.199909023490916127e+01
1.850384816792487230e+00	3.390968620168796122e+01	-5.220499393621371809e+01	6.138410729031017610e+01
1.856666059735203822e+00	3.372385998210398128e+01	-5.178610545941556609e+01	6.082090755084105638e+01
1.862947728675613979e+00	3.352805844861401852e+01	-5.153869306543916906e+01	6.063632284314283538e+01
1.869229324466858078e+00	3.344581417197915840e+01	-5.143943948419504153e+01	6.056115682879666196e+01
1.875517616802973686e+00	3.315288617418489281e+01	-5.076317321066498067e+01	5.970330457006547675e+01
1.881800769033795229e+00	3.283311673268436692e+01	-5.014511057081807621e+01	5.899741403489496605e+01
1.888078863416442710e+00	3.275357797912087676e+01	-5.010424909802364368e+01	5.891332944320485154e+01
1.894353975182237582e+00	3.260793564751221396e+01	-4.988925582006300630e+01	5.866474832814973439e+01
1.900642716154182565e+00	3.243106460664143498e+01	-4.952928969013300531e+01	5.831265100804778712e+01
1.906933494748685121e+00	3.218502048384920755e+01	-4.901153358975257390e+01	5.762137689570006671e+01
1.913207568676573933e+00	3.201235474567682360e+01	-4.876898439092448712e+01	5.725514511798336770e+01
1.919490884732178992e+00	3.190997582305902469e+01	-4.859057472561155322e+01	5.732234686785462685e+01
1.925776855684274480e+00	3.169225603487382870e+01	-4.823503347894273219e+01	5.661148087596593115e+01
1.932064452961978152e+00	3.145065962295359085e+01	-4.777441944389926931e+01	5.630835845873949097e+01
1.938342610030488800e+00	3.139453207302554816e+01	-4.768668911829002610e+01	5.615224799730145122e+01
1.944618341543410178e+00	3.112407512767632767e+01	-4.715739437198651984e+01	5.556353947541939675e+01
1.950906260203513876e+00	3.113896883382930625e+01	-4.729209420531382335e+01	5.582223582737506007e+01
1.957194556613796488e+00	3.093020749205485487e+01	-4.674893059566353060e+01	5.523186355992923069e+01
1.963479614559011432e+00	3.063978464864237239e+01	-4.627454165222932403e+01	5.451584104589836244e+01
1.969760361532916226e+00	3.057746200375038725e+01	-4.613236726123970755e+01	5.445536001824577710e+01
1.976048367034604736e+00	3.047775290768301204e+01	-4.600953402783205348e+01	5.425009482797392479e+01
1.982337990217652335e+00	3.024536298345537233e+01	-4.553583653887712046e+01	5.370728181717376515e+01
1.988617489259562721e+00	3.003159619052325624e+01	-4.521606243111597223e+01	5.331181109109128613e+01
1.994896320665194178e+00	2.996514116920968007e+01	-4.507234331488417922e+01	5.330755565707335819e+01
2.001179596222827151e+00	2.979682776836901326e+01	-4.471051139650857920e+01	5.286084575238644589e+01
2.007459756923499761e+00	2.955183329828256689e+01	-4.432912379106634404e+01	5.231634883920614243e+01
2.013737397779169935e+00	2.944666445332032367e+01	-4.410442665716275457e+01	5.206666179168652775e+01
2.020017234677497164e+00	2.928282606925481346e+01	-4.378981862608630138e+01	5.164877565010279170e+01
2.026310251015072783e+00	2.918738436375911860e+01	-4.369625906445038055e+01	5.156583633960944013e+01
2.032600542948020284e+00	2.903330112099758509e+01	-4.331600763084578176e+01	5.109477659343676237e+01
2.038873863192099289e+00	2.875940189632127897e+01	-4.280337755805932431e+01	5.049897972742844843e+01
2.045154087821675404e+00	2.871282273006619334e+01	-4.262192870624364360e+01	5.033905973454224636e+01
2.051444704514288730e+00	2.867634928867041211e+01	-4.270729071211824390e+01	5.053913058124962276e+01
2.057730430280644729e+00	2.848791923136359472e+01	-4.233631264288483464e+01	5.009164961722811427e+01
2.064013940455224461e+00	2.831219331214375501e+01	-4.214104668158721267e+01	4.975943967557417125e+01
2.070299891179459895e+00	2.810479142344761527e+01	-4.150559458082640418e+01	4.903202944458677592e+01
2.076589719964883951e+00	2.795874344026660907e+01	-4.124389644283564138e+01	4.873521233194526303e+01
2.082865483794470673e+00	2.795748422854551052e+01	-4.136507832923678762e+01	4.890703054132222150e+01
2.089134494859368640e+00	2.780347816316552567e+01	-4.098694182436086919e+01	4.849951479472174753e+01
2.095424211360070288e+00	2.758683391679162966e+01	-4.056535625915899601e+01	4.796743959534249768e+01
2.101707116664804254e+00	2.751607125751107219e+01	-4.045332794537436172e+01	4.784638071393490577e+01
2.107986473933564309e+00	2.728529828313745043e+01	-4.000927367314672978e+01	4.734491984993778857e+01
2.114271806543862375e+00	2.724373663923673661e+01	-3.996035299357853887e+01	4.715165393569200347e+01
2.120552717288892275e+00	2.706732240526104505e+01	-3.964749061527383844e+01	4.682400041861031781e+01
2.126836933207161717e+00	2.704725225938366862e+01	-3.955597664729999963e+01	4.684050936462966064e+01
2.133122044791171845e+00	2.682524976749969170e+01	-3.912973668834482766e+01	4.633503321887015858e+01
2.139411711910842673e+00	2.667015247384924947e+01	-3.886870276522573420e+01	4.611760370944573140e+01
2.145697076775292089e+00	2.659873950650264618e+01	-3.883194895343253705e+01	4.588289206992955371e+01
2.151973548606471276e+00	2.648014051286738280e+01	-3.847527144733066962e+01	4.541062135365660879e+01
2.158259913555724108e+00	2.630616663253030652e+01	-3.811087983816417335e+01	4.504734442064115285e+01
2.164545396699105506e+00	2.625654361513412027e+01	-3.806001263453729422e+01	4.509300394325553896e+01
2.170830700377734068e+00	2.623363391162954272e+01	-3.801600657118456894e+01	4.504883416687181352e+01
2.177114138849150393e+00	2.594280864790749064e+01	-3.736231118061218837e+01	4.425713367176914659e+01
2.183387647576827018e+00	2.580088817889054553e+01	-3.713084568308284616e+01	4.391880856943069489e+01
2.189670273687676971e+00	2.571986025942649334e+01	-3.698649778632302798e+01	4.369222021660262811e+01
2.195960147934207463e+00	2.566348130692944451e+01	-3.685986107981882043e+01	4.366309248913243835e+01
2.202242556317716371e+00	2.560293974320509491e+01	-3.684127775194790644e+01	4.349421312380071925e+01
2.208521655981037668e+00	2.542552361980055409e+01	-3.642121153224739061e+01	4.303226117129332096e+01
2.214804637081333016e+00	2.537129357719944878e+01	-3.627836678321833830e+01	4.295805785381016051e+01
2.221092583349425276e+00	2.516260180424494663e+01	-3.590590133617379109e+01	4.248870136383708740e+01
2.227372893591468728e+00	2.511343162697064813e+01	-3.583169622807049137e+01	4.239304364113232282e+01
2.233657161144248171e+00	2.511105214258151008e+01	-3.582342030725579463e+01	4.245443332853449903e+01
2.239943485394438660e+00	2.490765001643789489e+01	-3.538734408528805631e+01	4.186092985185719328e+01
2.246224175264620815e+00	2.488849675083535828e+01	-3.546079469229135128e+01	4.197821375799862409e+01
2.252506378421252009e+00	2.472368916956598284e+01	-3.503466719784290007e+01	4.146918362428922933e+01
2.258783417054270437e+00	2.459116120436078745e+01	-3.477152397292758224e+01	4.120436916362065460e+01
2.265069077371457684e+00	2.450919051310561514e+01	-3.456532562403465647e+01	4.106901605667622590e+01
2.271350377044131452e+00	2.440307489124609930e+01	-3.441579897367233798e+01	4.079546858427834621e+01
2.277633995145353918e+00	2.430645461453599765e+01	-3.418135497021816605e+01	4.059138804532380362e+01
2.283922419579920149e+00	2.416250231312769259e+01	-3.392753736148868882e+01	4.018710672870417966e+01
2.290202874392252674e+00	2.407754191626371920e+01	-3.372463347209188100e+01	3.999728133001487151e+01
2.296490779970905560e+00	2.402437140754886613e+01	-3.357813901964645709e+01	3.992500929159034229e+01
2.302771769934229162e+00	2.389954820270774150e+01	-3.333042169598689242e+01	3.961500270920802791e+01
2.309051364164305564e+00	2.379045436783325584e+01	-3.316021350396987089e+01	3.932078328613494733e+01
2.315338502539088239e+00	2.375275134456813930e+01	-3.306523605275980771e+01	3.935040438127191464e+01
2.321627336503874428e+00	2.367820398431446449e+01	-3.295043790322073818e+01	3.921257030605843852e+01
2.327911878297218795e+00	2.362332797245781890e+01	-3.278003637212419363e+01	3.902024385763574799e+01
2.334186238580297168e+00	2.344650542546224159e+01	-3.245574072581970881e+01	3.850009942974705268e+01
2.340467971862688401e+00	2.344023980378082328e+01	-3.245535800818415595e+01	3.858834481788628068e+01
2.346756940970738725e+00	2.331224888404375761e+01	-3.213856234269763235e+01	3.824836177567895135e+01
2.353044444556199988e+00	2.329974503542212716e+01	-3.225194943709275464e+01	3.832707021069730047e+01
2.359327653314069906e+00	2.317554266255587336e+01	-3.185804814294861131e+01	3.792631712723444082e+01
2.365603048789861607e+00	2.304209526992929469e+01	-3.157052186137671868e+01	3.766345738946975530e+01
2.371885911737665165e+00	2.297079620492186791e+01	-3.146874068226779997e+01	3.748335988192103230e+01
2.378173303594019572e+00	2.293611721498619360e+01	-3.140031187729596596e+01	3.744463606112014276e+01
2.384454016539381271e+00	2.283277705872108854e+01	-3.120352567654047249e+01	3.720495101464396015e+01
2.390736447344785187e+00	2.276156338134346413e+01	-3.102784990072091986e+01	3.702020092979351062e+01
2.397014133897952259e+00	2.267349085662842967e+01	-3.084398430455362572e+01	3.675360937993909261e+01
2.403295490074321972e+00	2.259693072075254605e+01	-3.068483808514525535e+01	3.658738141908292363e+01
2.409585049672506862e+00	2.246352397398888812e+01	-3.037637985221058656e+01	3.624792145119685216e+01
2.415871703165322071e+00	2.244918177268937498e+01	-3.038829240809093335e+01	3.628762126902257990e+01
2.422160652369088840e+00	2.236803379726341845e+01	-3.022841787407453396e+01	3.603801257748533260e+01
2.428440167222748691e+00	2.230552895600467167e+01	-3.008637679009815002e+01	3.603338532120426407e+01
2.434717472383889803e+00	2.227546958399212329e+01	-3.005184357308561260e+01	3.598969698269091566e+01
2.441002456202044257e+00	2.219561864675545948e+01	-2.986491589826276183e+01	3.571403371432698748e+01
2.447289980304530488e+00	2.208422075670014451e+01	-2.956801319142761741e+01	3.538397428875874340e+01
2.453571844729242279e+00	2.204101156102197834e+01	-2.953244589853042967e+01	3.546128938233059813e+01
2.459852705114058846e+00	2.190677115379724427e+01	-2.921548740877039663e+01	3.494140206766790868e+01
2.466139233225018934e+00	2.182878558631865928e+01	-2.909871479019740192e+01	3.480780988287782662e+01
2.472421963421291391e+00	2.181818048963627277e+01	-2.904604773014069252e+01	3.476150728401268708e+01
2.478698519174224568e+00	2.172239745952018808e+01	-2.886557283178342459e+01	3.460553660485695815e+01
2.484980841400355800e+00	2.163270667589808838e+01	-2.862470906823407191e+01	3.429578925914911736e+01
2.491269319409339822e+00	2.167296793119813358e+01	-2.870725839574608074e+01	3.445118186365769475e+01
2.497548505139029373e+00	2.149983207224849835e+01	-2.833643991220536407e+01	3.392203241568169148e+01
2.503831667172610853e+00	2.149684259238848227e+01	-2.832809577749720731e+01	3.406892253213608512e+01
2.510117938323931153e+00	2.141164348489354197e+01	-2.814212942498444292e+01	3.378594033692667153e+01
2.516400733681277480e+00	2.139688479849371561e+01	-2.812568895865343777e+01	3.373171354614461137e+01
2.522688226833368130e+00	2.125959045664788505e+01	-2.781304445322014374e+01	3.342950996789085139e+01
2.528971695852665569e+00	2.119567318180784454e+01	-2.765543546042427892e+01	3.331677642551151308e+01
2.535252039407670299e+00	2.118235199658819212e+01	-2.768901917243842448e+01	3.322104782886970753e+01
2.541537514142774512e+00	2.110108957996184742e+01	-2.745987542176465723e+01	3.303465470012262983e+01
2.547823008847572179e+00	2.104695171181860758e+01	-2.735315107554695047e+01	3.298562901668853442e+01
2.554100666580690238e+00	2.107315416040080791e+01	-2.741640171163794903e+01	3.306353834808890468e+01
2.560376788884177301e+00	2.087667299810418342e+01	-2.695439552024294372e+01	3.256134340603826871e+01
2.566667521601497359e+00	2.091021492357920053e+01	-2.705335399620389936e+01	3.266607310530417863e+01
2.572955062237090473e+00	2.086932084820398003e+01	-2.689768859823866620e+01	3.249134233497932911e+01
2.579233771797999175e+00	2.076645593698627223e+01	-2.667076776238070224e+01	3.220381560381949271e+01
2.585520164300948220e+00	2.072679222668809373e+01	-2.661146189600447798e+01	3.218072154156752163e+01
2.591805130332431872e+00	2.059981696303202625e+01	-2.627685992272671101e+01	3.177362340516825157e+01
2.598084074692260881e+00	2.066721335044733721e+01	-2.646661781237470734e+01	3.209022309732570477e+01
2.604360404197643586e+00	2.057217671390400682e+01	-2.625749748438593656e+01	3.182056833316614686e+01
2.610647185140439142e+00	2.057369772100204841e+01	-2.630258896070152375e+01	3.186783312768270093e+01
2.616931864059273138e+00	2.045729303406486821e+01	-2.598302861660737761e+01	3.152697611340821737e+01
2.623206107911065565e+00	2.040095691471609740e+01	-2.584292568473135532e+01	3.144357822730117746e+01
2.629491626543270844e+00	2.036003409036155176e+01	-2.571501618004274903e+01	3.125465775218306064e+01
2.635778507982642349e+00	2.030605742603257724e+01	-2.565676412309962018e+01	3.123199151903509474e+01
2.642061039325260818e+00	2.031732372025603084e+01	-2.563022140187726094e+01	3.118732686524141329e+01
2.648343840729305843e+00	2.030581937236497936e+01	-2.560548828894838991e+01	3.119655902536581848e+01
2.654631838974855551e+00	2.024196050769990762e+01	-2.545789336910661405e+01	3.099434045429512352e+01
2.660919001246303761e+00	2.018943859629161963e+01	-2.532291510134895063e+01	3.087942909762245591e+01
2.667198525130066056e+00	2.018168274499397086e+01	-2.530522552951116211e+01	3.085266187680676353e+01
2.673484307038032526e+00	2.010508057694026718e+01	-2.511095534702800691e+01	3.069357974514484866e+01
2.679773388053849459e+00	2.006044716177490272e+01	-2.500509662450352977e+01	3.057671024448429620e+01
2.686058217632288692e+00	2.003557395984075384e+01	-2.494362309105968478e+01	3.048530107764752017e+01
2.692338738200057868e+00	2.003557200067717048e+01	-2.495012804783295834e+01	3.062293474879214727e+01
2.698618022887226964e+00	1.992820394708389031e+01	-2.467337083288828481e+01	3.022842029464759150e+01
2.704895450708277860e+00	1.995940777745416383e+01	-2.472311422737886843e+01	3.034399798945024074e+01
2.711175674923682166e+00	1.986549758915279185e+01	-2.448713746124122537e+01	3.002806685074586213e+01
2.717459832966957922e+00	1.984064143752992138e+01	-2.447191860465029478e+01	3.008299294589146200e+01
2.723745731959044569e+00	1.981616936524675054e+01	-2.436355639917361771e+01	3.002033853936743668e+01
2.730038414850594730e+00	1.978022824448986583e+01	-2.423110501329922073e+01	2.982046716732915215e+01
2.736317989800789441e+00	1.974803510270977824e+01	-2.419427004163576100e+01	2.983299456856334686e+01
2.742591858549239703e+00	1.970199314270334057e+01	-2.411083790403424132e+01	2.966367708932273217e+01
2.748879749010778362e+00	1.968886551971499443e+01	-2.400302788189408076e+01	2.960488841656593095e+01
2.755163403825859447e+00	1.962736360103375688e+01	-2.389249028259994034e+01	2.947619730992124687e+01
2.761446955625852073e+00	1.965922669817801349e+01	-2.393284972932847765e+01	2.959894587541539934e+01
2.767732088935374701e+00	1.957376869758958904e+01	-2.371028289948345247e+01	2.936309885996735858e+01
2.774015452421743966e+00	1.954495458420365850e+01	-2.361248950459333429e+01	2.928809062409585451e+01
2.780298635700591436e+00	1.954045827655719947e+01	-2.360389121617490815e+01	2.930483610120216653e+01
2.786577474762241380e+00	1.947525379775575871e+01	-2.339388203878017691e+01	2.913019885847105783e+01
2.792857983210164541e+00	1.949175089328393184e+01	-2.339396441120917203e+01	2.917993618470513795e+01
2.799143790920211483e+00	1.943362655656008187e+01	-2.325221154679824664e+01	2.896417885229593381e+01
2.805430058399325244e+00	1.945161421760474951e+01	-2.330260029020260859e+01	2.906222736178624899e+01
2.811715058209780072e+00	1.942697933661718679e+01	-2.319956211598032780e+01	2.897978207503931003e+01
2.817989272498773623e+00	1.941763715900447806e+01	-2.314845641432793499e+01	2.896430612730484810e+01
2.824269171595737760e+00	1.934527221814852638e+01	-2.295444308740169248e+01	2.871619281844384020e+01
2.830563016441804081e+00	1.939750018411964305e+01	-2.309292630881817132e+01	2.896867589876216798e+01
2.836848750951622034e+00	1.933008143648994093e+01	-2.290613663887878104e+01	2.873765486009461867e+01
2.843130027866129783e+00	1.929941925871105823e+01	-2.281604141554072740e+01	2.862198449574827208e+01
2.849413896912404986e+00	1.929314856060108951e+01	-2.276148732682241871e+01	2.864535625905612548e+01
2.855697464522425566e+00	1.924475258915274267e+01	-2.261571131732506501e+01	2.853711791110365681e+01
2.861978799810683594e+00	1.925956067792759896e+01	-2.266573194820146853e+01	2.859116728037306032e+01
2.868262469415629567e+00	1.926064100758348374e+01	-2.258197180814946847e+01	2.852529524107823988e+01
2.874547359206753860e+00	1.925639115761251574e+01	-2.252248265482300127e+01	2.853307296220429734e+01
2.880831111471525041e+00	1.915607006003008905e+01	-2.229456129994056823e+01	2.830022036366601768e+01
2.887113216972382546e+00	1.916826880005081435e+01	-2.230060205949188656e+01	2.828676795458489579e+01
2.893394504725182781e+00	1.915236295532871225e+01	-2.219418959397718538e+01	2.818773547100041554e+01
2.899673662137033592e+00	1.912227991253272918e+01	-2.213569704384446979e+01	2.821783682707127738e+01
2.905953958587380814e+00	1.916775487351892338e+01	-2.216188791127713387e+01	2.832814424283074572e+01
2.912241118105161064e+00	1.922074044733667719e+01	-2.221841243129555110e+01	2.847118317922569020e+01
2.918525996366671205e+00	1.915268415761415355e+01	-2.213003560842405903e+01	2.830279167017406650e+01
2.924809035425688819e+00	1.908978936799999104e+01	-2.192924333325169783e+01	2.808647490899387122e+01
2.931095916293684933e+00	1.917097309208487133e+01	-2.210939146638063235e+01	2.834157184299713350e+01
2.937378182606774413e+00	1.913185091047205688e+01	-2.193117557714288779e+01	2.814277461652775258e+01
2.943659980254369923e+00	1.914071486438477976e+01	-2.187021880182606637e+01	2.820109461897547476e+01
2.949946454403890250e+00	1.911891189211602082e+01	-2.180653278050169774e+01	2.807263435424025388e+01
2.956227653702202307e+00	1.916941548277677398e+01	-2.187095055205199756e+01	2.828657281794047762e+01
2.962510478867462993e+00	1.915596473438267466e+01	-2.182597878055715057e+01	2.827436020693100360e+01
2.968796535179442309e+00	1.914554592508120479e+01	-2.176406942528327093e+01	2.820201714943345195e+01
2.975077657376874907e+00	1.917036796326287273e+01	-2.180223856309401498e+01	2.828547751578053138e+01
2.981359866759223376e+00	1.915024857192005214e+01	-2.166973103032947989e+01	2.820897502354836561e+01
2.987646761575656562e+00	1.920899158700402509e+01	-2.176824347375916702e+01	2.840160407716174262e+01
2.993929038370399365e+00	1.916591492331827240e+01	-2.162454974527641127e+01	2.825364975626458985e+01
3.000206214840962726e+00	1.918112387187540335e+01	-2.159762464978495089e+01	2.823222462863913407e+01
3.006486172402415669e+00	1.919472864967517722e+01	-2.160419959990982619e+01	2.827925931182844366e+01
3.012769812211594456e+00	1.921975310493539624e+01	-2.158596038688583008e+01	2.835002945534505869e+01
3.019053144326170113e+00	1.918260717602921162e+01	-2.148660225622781539e+01	2.827382188675434449e+01
3.025337405144251424e+00	1.917923390100251169e+01	-2.141213457918622254e+01	2.825062631163401150e+01
3.031623734799107961e+00	1.923734797680804220e+01	-2.153212492913497655e+01	2.851007991878425685e+01
3.037908962055872575e+00	1.925964678482673165e+01	-2.159410360248734406e+01	2.854234927889973861e+01
3.044195067146031608e+00	1.928604098356055729e+01	-2.159327324204199527e+01	2.859567442496782874e+01
3.050475543482170426e+00	1.930286238665292586e+01	-2.148605929509237455e+01	2.854138086607886038e+01
3.056754954538277502e+00	1.925067244493732943e+01	-2.131273652537871754e+01	2.839114935630097136e+01
3.063040539557494668e+00	1.934693616291955465e+01	-2.153526809301514788e+01	2.871207973405514124e+01
3.069323699454357346e+00	1.937242498496798859e+01	-2.149866953625834753e+01	2.877965370002374357e+01
3.075610692642898769e+00	1.933149267240371572e+01	-2.139422914364294215e+01	2.857019712284100166e+01
3.081893798009918584e+00	1.936824708928240568e+01	-2.141720690738996780e+01	2.875352849177580339e+01
3.088174549548037717e+00	1.941078044694433302e+01	-2.142369297287568841e+01	2.880109350383430922e+01
3.094458635632868493e+00	1.941732913579112108e+01	-2.141738787808913358e+01	2.882117303490394278e+01
3.100743982931558840e+00	1.947392835446885684e+01	-2.146386481569567906e+01	2.892378636650506607e+01
3.107028111748448396e+00	1.945476052538875678e+01	-2.133053221424655987e+01	2.885780562687202888e+01
3.113309299655494300e+00	1.952947254550559819e+01	-2.143353202937597857e+01	2.909827273488758692e+01
3.119590662867241626e+00	1.955946311817501027e+01	-2.146208999033755660e+01	2.915359814797269067e+01
3.125874006820172912e+00	1.958089870078296713e+01	-2.141569519557346979e+01	2.919892677491325017e+01
3.132159251154602586e+00	1.959533217312462128e+01	-2.141073269114215094e+01	2.919356278084135070e+01
3.138439172765940643e+00	1.964337854898473168e+01	-2.147103005312369817e+01	2.935036635491437096e+01
3.144723867719826593e+00	1.969096458760633439e+01	-2.149251656576019442e+01	2.945469192634188715e+01
3.151003951258561031e+00	1.971794503824094136e+01	-2.152240287820698939e+01	2.954644313136114420e+01
3.157283664131563139e+00	1.976316055470698885e+01	-2.152189191285862435e+01	2.961152726416413117e+01
3.163569317183839935e+00	1.976420397517246030e+01	-2.145511680797590870e+01	2.962051860931090275e+01
3.169851661717792091e+00	1.986247431231643645e+01	-2.165033813992582878e+01	2.986116336632056090e+01
3.176137704316093657e+00	1.987979370443562743e+01	-2.154942551487351921e+01	2.989791862019306379e+01
3.182420924828643916e+00	1.993064733477492467e+01	-2.160779522941949793e+01	3.011815561762477955e+01
3.188702811875577581e+00	1.996419722989762846e+01	-2.165870541747307243e+01	3.016092350249010678e+01
3.194990520008989865e+00	1.997944394002104573e+01	-2.159448681810553694e+01	3.009290449589013861e+01
3.201275324656983834e+00	2.006782133180805161e+01	-2.166884906964454061e+01	3.036267446646300883e+01
3.207551352179861759e+00	2.006795130231145308e+01	-2.159166477664515327e+01	3.033089832860591173e+01
3.213835216737041645e+00	2.014921433222666636e+01	-2.171223959140542448e+01	3.050885920734313927e+01
3.220122579819103770e+00	2.003667092724974808e+01	-2.139745086991295153e+01	2.992656332373860195e+01
3.226406606618656525e+00	1.965584050676131866e+01	-2.040502596780680022e+01	2.820954145443262462e+01
3.232687390085645429e+00	1.943908918882187820e+01	-1.985473049688530267e+01	2.704393862132948456e+01
3.238969121280456331e+00	1.924454860245943166e+01	-1.932977429293872973e+01	2.594734911215521933e+01
3.245254751548589667e+00	1.904826516345693221e+01	-1.884875982623523427e+01	2.489373125348366855e+01
3.251534499036136783e+00	1.890125320588665403e+01	-1.845277566251851908e+01	2.400688204300453776e+01
3.257817780791052442e+00	1.874096334759719085e+01	-1.806767895373199551e+01	2.313395469515313962e+01
3.264102164154097263e+00	1.858239705683841336e+01	-1.761220152654302851e+01	2.226065987872369334e+01
3.270384152138468892e+00	1.847403942512799091e+01	-1.733236418352125696e+01	2.147452026697414595e+01
3.276669427476867735e+00	1.838565144860579892e+01	-1.708176997549618292e+01	2.076588023967349983e+01
3.282954688864507808e+00	1.826074869420649449e+01	-1.677655606743301320e+01	2.004809573628746833e+01
3.289237200334947264e+00	1.809209010355428049e+01	-1.634524080699742044e+01	1.909750201069535436e+01
3.295519587088236779e+00	1.804677122859206051e+01	-1.616722795736588836e+01	1.856795115728823831e+01
3.301805977329951958e+00	1.798132481314231512e+01	-1.598934704047265676e+01	1.804673853361818558e+01
3.308087486222440088e+00	1.789903763877946474e+01	-1.580043978358021661e+01	1.734231773200266602e+01
3.314367630234227313e+00	1.780489677225106959e+01	-1.555752949269889740e+01	1.671853703817589221e+01
3.320651909732194262e+00	1.773116756541875816e+01	-1.528655686271986625e+01	1.607449036222605798e+01
3.326931260376857047e+00	1.763585071297612217e+01	-1.502643645011881190e+01	1.546610210135623120e+01
3.333216512447217728e+00	1.756739032547245571e+01	-1.491910960506673156e+01	1.490080993414042254e+01
3.339504489419978128e+00	1.748611032633315787e+01	-1.464706032124250257e+01	1.431832784288717342e+01
3.345786804809928405e+00	1.742326152733564015e+01	-1.445321030171065857e+01	1.373674514463955809e+01
3.352071130016277767e+00	1.734516720029244041e+01	-1.429989910697851307e+01	1.321241096076156296e+01
3.358351496304225581e+00	1.730909772683576620e+01	-1.408304846404567989e+01	1.273176454834214688e+01
3.364630591073392019e+00	1.726947396931408463e+01	-1.399509181537416325e+01	1.226179003646178600e+01
3.370916305215045483e+00	1.723279768231991582e+01	-1.391552710485155941e+01	1.182880199914372632e+01
3.377197952029413752e+00	1.716261497573518113e+01	-1.371523695481134197e+01	1.122848436560852647e+01
3.383483063818085501e+00	1.711163544000219616e+01	-1.361050025138031216e+01	1.084205204859335225e+01
3.389769992424469969e+00	1.710141938339907597e+01	-1.348889554867756146e+01	1.040528261974905000e+01
3.396051330885982100e+00	1.705197872967005424e+01	-1.333904255628248414e+01	9.908438093775055577e+00
3.402330879139463971e+00	1.697880487981593944e+01	-1.313486070010915086e+01	9.396107313283234674e+00
3.408610488352048495e+00	1.695304002413459443e+01	-1.308562066758045894e+01	9.056110375484031749e+00
3.414897837696641236e+00	1.690645021186346142e+01	-1.291039326786397545e+01	8.572245095256416647e+00
3.421180484052105619e+00	1.689242501903874327e+01	-1.276735135031390023e+01	8.091549500029984188e+00
3.427461639653846870e+00	1.682964725894989755e+01	-1.268517476436723435e+01	7.683981897305758757e+00
3.433749159643459059e+00	1.683306230614972065e+01	-1.267420783894074354e+01	7.347857939943997607e+00
3.440032646656798310e+00	1.676839944931136372e+01	-1.245891601078517397e+01	6.893114888893760117e+00
3.446313366033385339e+00	1.676218776515619169e+01	-1.241825152909384755e+01	6.524786956883493971e+00
3.452600135384134905e+00	1.667434031566984842e+01	-1.218028755466723112e+01	5.942823603207289196e+00
3.458883152815406703e+00	1.665311132563624952e+01	-1.210459122453008440e+01	5.575296633434481564e+00
3.465163834403715448e+00	1.667899950598030401e+01	-1.214462229988133402e+01	5.361531813900104915e+00
3.471449329786229221e+00	1.658900900493506825e+01	-1.187506957982244060e+01	4.821820405240032414e+00
3.477734476754053894e+00	1.661223172187830244e+01	-1.190025932611160542e+01	4.530999318214417926e+00
3.484019652467224226e+00	1.651829726308896085e+01	-1.163257008292166717e+01	3.954989658721403956e+00
3.490297019369712928e+00	1.657689513995874364e+01	-1.171494526615736298e+01	3.864277315811177616e+00
3.496582486484379970e+00	1.654080600481039554e+01	-1.160680797309523449e+01	3.365549585652031439e+00
3.502868048046865024e+00	1.648543020019947747e+01	-1.143316327681095146e+01	2.903139250958906459e+00
3.509144649545451244e+00	1.649461386554717990e+01	-1.141440502299467497e+01	2.650041028084087369e+00
3.515428082003116295e+00	1.644663477116933947e+01	-1.129920345017464456e+01	2.300743740306923968e+00
3.521711031624695565e+00	1.647519708663335791e+01	-1.132481007594524947e+01	2.048543949378397233e+00
3.527991850954735664e+00	1.641581568829042226e+01	-1.112789971804961020e+01	1.601700654027179871e+00
3.534275545726699885e+00	1.639200088269814515e+01	-1.103512751064500819e+01	1.195500594203789291e+00
3.540562632020772149e+00	1.637086545935542148e+01	-1.090024763365563665e+01	8.543131154387515469e-01
3.546844410757220789e+00	1.632852431661187609e+01	-1.083011528940551926e+01	4.799397921686684443e-01
3.553131386753758836e+00	1.636578258334870029e+01	-1.083461727751558890e+01	2.374291794160435787e-01
3.559419203211965144e+00	1.624749287985396862e+01	-1.055031933792088061e+01	-3.138653231950889744e-01
3.565697971577579839e+00	1.626709461399298462e+01	-1.053715488138524314e+01	-5.584889181681763626e-01
3.571979559134798254e+00	1.631574950830766113e+01	-1.064931983331558918e+01	-6.493015900736915924e-01
3.578265774595833726e+00	1.625657622206940189e+01	-1.041373799951879597e+01	-1.188238503517104361e+00
3.584548309769353125e+00	1.629081396219852351e+01	-1.043293772683945519e+01	-1.407414464681169264e+00
3.590826843920031486e+00	1.622137849770199836e+01	-1.029323612854651593e+01	-1.799231826246465715e+00
3.597107306745233934e+00	1.624877808463994455e+01	-1.027979493475363526e+01	-2.039787339859056470e+00
3.603392831792229245e+00	1.624868793415845758e+01	-1.018681675962974076e+01	-2.385623259151024023e+00
3.609673209822572559e+00	1.619328591305068343e+01	-1.004212499605164233e+01	-2.812782181954810223e+00
3.615955412133016189e+00	1.622095852814714689e+01	-1.008424636623034765e+01	-2.921128875838618466e+00
3.622241607772384686e+00	1.619093402818297278e+01	-9.963978628936468240e+00	-3.371062341195917522e+00
3.628520252736676444e+00	1.620310066030870289e+01	-9.927708513013330460e+00	-3.550016884311707255e+00
3.634804827569451113e+00	1.617402299145467026e+01	-9.796793616993596743e+00	-3.950714648755160319e+00
3.641094981788862928e+00	1.619982655189675569e+01	-9.832345446919948273e+00	-4.134477014058620448e+00
3.647383514928639325e+00	1.619746146521266539e+01	-9.776292067813031395e+00	-4.392800129735519477e+00
3.653663283927725658e+00	1.616332920128191830e+01	-9.689912891062620659e+00	-4.747286502050267920e+00
3.659943504072155296e+00	1.617638673683005379e+01	-9.581459425087224702e+00	-5.070078833959443365e+00
3.666232000281138603e+00	1.617391926520610923e+01	-9.526836713593359818e+00	-5.357459563858959051e+00
3.672514211678317597e+00	1.618257502963672678e+01	-9.496796041932196175e+00	-5.619771995194365211e+00
3.678794154686042539e+00	1.616805852739358684e+01	-9.438097918832552224e+00	-5.870924625706934741e+00
3.685078621861909820e+00	1.618897465041327877e+01	-9.435708794394392029e+00	-6.125187297557801891e+00
3.691359210097977961e+00	1.612166956322411693e+01	-9.237344647550886023e+00	-6.524900496194927513e+00
3.697642368173791105e+00	1.614214678232414002e+01	-9.226149444043889147e+00	-6.765857085944261051e+00
3.703925796735277665e+00	1.616049112434487967e+01	-9.228317325416215411e+00	-6.998254588082524208e+00
3.710208240364660348e+00	1.615444615787541238e+01	-9.150188264155101336e+00	-7.300799062524615302e+00
3.716494593122387169e+00	1.616714623999626710e+01	-9.101238011464033661e+00	-7.518676732232975723e+00
3.722775386659595398e+00	1.618351795771833679e+01	-9.131404793024559652e+00	-7.742832288743614733e+00
3.729058392883481510e+00	1.615709016166206879e+01	-8.995601365746034972e+00	-8.044538892664283125e+00
3.735339748210807720e+00	1.618092082216381655e+01	-8.974631353719191296e+00	-8.331951084003629049e+00
3.741620776392969638e+00	1.621100843925349366e+01	-8.911677048446886573e+00	-8.631269689555615798e+00
3.747904795418762980e+00	1.618471952747162490e+01	-8.834513212430648466e+00	-8.863146713685713607e+00
3.754190633281219380e+00	1.617939281423054609e+01	-8.815770924348399262e+00	-9.071003289531967440e+00
3.760478208018912749e+00	1.621169288269294029e+01	-8.788532470104920336e+00	-9.364679317523789237e+00
3.766755538573464346e+00	1.624365131439655485e+01	-8.769828184666916826e+00	-9.579155552552379049e+00
3.773032090135151506e+00	1.620846895870034743e+01	-8.640392798893470783e+00	-9.874318415106813518e+00
3.779322553012896879e+00	1.622743152817734824e+01	-8.682636336909142827e+00	-9.996144861473180043e+00
3.785609109731308930e+00	1.624529790408817931e+01	-8.567059495808361902e+00	-1.038774197212578088e+01
3.791889825936295200e+00	1.623146778351778252e+01	-8.499120371070139512e+00	-1.065097525966477754e+01
3.798174822702435893e+00	1.628077638634783852e+01	-8.514449374657786507e+00	-1.085838678884009667e+01
3.804458658753491651e+00	1.621753372745270028e+01	-8.358408589990384385e+00	-1.126151824391091161e+01
3.810738438095723435e+00	1.632426970835154023e+01	-8.480008318108410492e+00	-1.128339620756515238e+01
3.817018850285747167e+00	1.626657810667518689e+01	-8.335327055405899799e+00	-1.167340867819180694e+01
3.823305314209427763e+00	1.630512571397183308e+01	-8.289494945254336500e+00	-1.191768323922041617e+01
3.829591295197792178e+00	1.636590691015740617e+01	-8.329100329566113459e+00	-1.203776387490329469e+01
3.835872296070849341e+00	1.629947392263569839e+01	-8.153010487383806293e+00	-1.249172513940374074e+01
3.842156279590906109e+00	1.638501606599742999e+01	-8.269327796885217907e+00	-1.251833940147547075e+01
3.848441511099312429e+00	1.632100909072683237e+01	-8.082850338710414917e+00	-1.296962902424203712e+01
3.854723334376886079e+00	1.638581609113462179e+01	-8.121184792819397202e+00	-1.311687874291092015e+01
3.861004740704794713e+00	1.641330514771636828e+01	-8.081798939956907901e+00	-1.332003608013919838e+01
3.867284336650660848e+00	1.641938140934361456e+01	-8.029401531821765303e+00	-1.362419743978080078e+01
3.873567367678779849e+00	1.645886436325283952e+01	-8.062275017208328620e+00	-1.376600998306198065e+01
3.879850662830422792e+00	1.645135711862181083e+01	-7.896178113384213049e+00	-1.419028228842736539e+01
3.886137063198143338e+00	1.648494978104049480e+01	-8.005987499089531667e+00	-1.422457253317794468e+01
3.892419463049126005e+00	1.650707099213729379e+01	-7.933581138452916015e+00	-1.454211104811558286e+01
3.898703740328622658e+00	1.651585724187607696e+01	-7.852579959288300770e+00	-1.476546921619016395e+01
3.904991458788179326e+00	1.656467057965736700e+01	-7.898605681575369353e+00	-1.492415366205569960e+01
3.911270842222104083e+00	1.657912323834151636e+01	-7.839956935266807925e+00	-1.523166497687046039e+01
3.917549806479573071e+00	1.658338697042949050e+01	-7.714685927400471321e+00	-1.551630498736606256e+01
3.923836006203090587e+00	1.655796315736991886e+01	-7.633693356659586371e+00	-1.583266537162617205e+01
3.930121452497870926e+00	1.667960199619804840e+01	-7.818332528576832807e+00	-1.577999385204378591e+01
3.936398172858230460e+00	1.669610308941037502e+01	-7.688039579906693177e+00	-1.620987796703024131e+01
3.942683040425962293e+00	1.668563663348562898e+01	-7.706804067606321418e+00	-1.634272525956436084e+01
3.948974759704379611e+00	1.671235803525498653e+01	-7.613566602802177563e+00	-1.666455408158747886e+01
3.955259227995065352e+00	1.669003672357034063e+01	-7.497030163705424854e+00	-1.700006218118432599e+01
3.961537174921395454e+00	1.678209797935380720e+01	-7.581118892789389108e+00	-1.707913717962657785e+01
3.967820217617139544e+00	1.678315956355127270e+01	-7.521358989902953596e+00	-1.731443167190172971e+01
3.974105559832568968e+00	1.685592002482020035e+01	-7.567165291035389707e+00	-1.752157176944418637e+01
3.980384727931198352e+00	1.684792928588025163e+01	-7.442752697221587610e+00	-1.787485633111726813e+01
3.986664590839849698e+00	1.683588595166572688e+01	-7.271051121244187065e+00	-1.831051030242327116e+01
3.992949619150675034e+00	1.693432709421923121e+01	-7.488747906407835053e+00	-1.812445001131683497e+01
3.999235075769965952e+00	1.687927970855399096e+01	-7.220033434466979649e+00	-1.874267347162638231e+01
4.005515715515433506e+00	1.697559687247709803e+01	-7.335671605301265608e+00	-1.879923079953724141e+01
4.011798434346478537e+00	1.698633182785744111e+01	-7.261502158458802647e+00	-1.905408713230933770e+01
4.018083716245132386e+00	1.699246707603420958e+01	-7.215559949830271158e+00	-1.934285112512612415e+01
4.024365700052603856e+00	1.710096366297906556e+01	-7.321843523806442100e+00	-1.937699326227066265e+01
4.030643960839860540e+00	1.704351877769922652e+01	-7.121198262735187079e+00	-1.987004513325135946e+01
4.036928708926215137e+00	1.717795941929584203e+01	-7.305773837132838899e+00	-1.984412285714558166e+01
4.043218157412017177e+00	1.715451949907267348e+01	-7.089098385908609856e+00	-2.031381350372376815e+01
4.049503019487663558e+00	1.716655836859534645e+01	-7.051254846209593197e+00	-2.057991397800978817e+01
4.055781898960511000e+00	1.722454281849185520e+01	-7.069164421832844880e+00	-2.075605071614629793e+01
4.062060795621602161e+00	1.724514919826488679e+01	-6.894027842207365531e+00	-2.128006375515964876e+01
4.068347865354716042e+00	1.736258306435128063e+01	-7.132834513504938023e+00	-2.108236615179941253e+01
4.074631027173265529e+00	1.731578599150314091e+01	-6.942999885343806632e+00	-2.149705079037131128e+01
4.080910837526078971e+00	1.742360111963122904e+01	-7.019078522366831052e+00	-2.172472669609654616e+01
4.087201203341442657e+00	1.743395300322621821e+01	-6.962731353099005815e+00	-2.188228345890511051e+01
4.093486818591942189e+00	1.742897835290031594e+01	-6.711577593589989732e+00	-2.251905637642920510e+01
4.099764387336505500e+00	1.751607401283092713e+01	-6.842782081868866939e+00	-2.251069265069138225e+01
4.106049166937662420e+00	1.749950982331148452e+01	-6.763500980061282419e+00	-2.281169560734259960e+01
4.112334559041358695e+00	1.756876592539383708e+01	-6.753072161984963628e+00	-2.308996767761484392e+01
4.118618926059533614e+00	1.757544760924617222e+01	-6.664139937935148694e+00	-2.334746568483653206e+01
4.124898942031112625e+00	1.764737685158190317e+01	-6.642893334908791303e+00	-2.370913082047372811e+01
4.131175432561665417e+00	1.771079691010703527e+01	-6.755157905460510648e+00	-2.370485691820626428e+01
4.137461563786142271e+00	1.773371829157983726e+01	-6.568689849454227847e+00	-2.424210003566685145e+01
4.143746006210170307e+00	1.782996228264466865e+01	-6.752557304722452969e+00	-2.410465502778775004e+01
4.150029800482964326e+00	1.785075457188942494e+01	-6.638587521501143840e+00	-2.457074528254743129e+01
4.156313390684649001e+00	1.790851716846470865e+01	-6.638634201743719210e+00	-2.479559931483612090e+01
4.162596105843763716e+00	1.796959945521822632e+01	-6.627663226975232469e+00	-2.508035592289258631e+01
4.168881843141768684e+00	1.794288970597357036e+01	-6.450096881455672282e+00	-2.550282192342373833e+01
4.175162111073220217e+00	1.806417562346205585e+01	-6.598983304767130242e+00	-2.549909615734231849e+01
4.181448573417560155e+00	1.806814442838609480e+01	-6.465574559784471376e+00	-2.598902865835692566e+01
4.187738782464171194e+00	1.820100409543012887e+01	-6.558590225860511325e+00	-2.612714312534629713e+01
4.194017437180169061e+00	1.821276293718961981e+01	-6.471933541071402729e+00	-2.644975682584790633e+01
4.200293572701767175e+00	1.818789723884002996e+01	-6.331244706344011597e+00	-2.681587746528518679e+01
4.206580195481546269e+00	1.829517195178327427e+01	-6.388156853733443441e+00	-2.699270150895119968e+01
4.212860644652220543e+00	1.829477256349482417e+01	-6.218134673363972631e+00	-2.751193248510353939e+01
4.219138153430114002e+00	1.843179682449211754e+01	-6.463877128245776760e+00	-2.737021951156523869e+01
4.225426162098283811e+00	1.842285124654067729e+01	-6.213934161547219226e+00	-2.802724318175809159e+01
4.231713506719782636e+00	1.843737502335874368e+01	-6.194077678891533267e+00	-2.819853924330777417e+01
4.237990056577191744e+00	1.856920880586500999e+01	-6.219594720197964222e+00	-2.849845879245532743e+01
4.244267783646744618e+00	1.855791733329681747e+01	-6.066203110606902982e+00	-2.898837248855206283e+01
4.250560660182562955e+00	1.871615000928540695e+01	-6.277612444164793359e+00	-2.888992258049121631e+01
4.256847734842668096e+00	1.863941195087863179e+01	-6.008685766400048145e+00	-2.953200021643256790e+01
4.263127100734456221e+00	1.879904811222312233e+01	-6.166877542703991466e+00	-2.962552346371703749e+01
4.269406860432507500e+00	1.885538508332274787e+01	-6.164557179841080981e+00	-2.984126971122451977e+01
4.275691671482192646e+00	1.883694917527162005e+01	-5.952168707990290741e+00	-3.043096939238255771e+01
4.281972414189518794e+00	1.897906133511354199e+01	-6.169610747023464903e+00	-3.035397228288785954e+01
4.288253516806755705e+00	1.893650405245893253e+01	-5.822849756826682821e+00	-3.113707990383698743e+01
4.294540520160492925e+00	1.909601847981731382e+01	-6.044357776662481641e+00	-3.113399013504482227e+01
4.300825742921731809e+00	1.906778345273687236e+01	-5.821453978598526646e+00	-3.169096163358999618e+01
4.307109835491901961e+00	1.911957503001036685e+01	-5.824854676441885815e+00	-3.189483173601238875e+01
4.313390926478413157e+00	1.926732055161441082e+01	-5.940090636294706350e+00	-3.208846904293141478e+01
4.319667979480563247e+00	1.915953853097434489e+01	-5.542640581008048350e+00	-3.291911851814332124e+01
4.325952598143786076e+00	1.940645940878059150e+01	-5.923441305310650051e+00	-3.264844406999263526e+01
4.332241647035422361e+00	1.932267170717362958e+01	-5.545289311324828496e+00	-3.350875627386779598e+01
4.338524445619096781e+00	1.942505296355055577e+01	-5.596904982116480909e+00	-3.369195438424304001e+01
4.344809348131129845e+00	1.948768287285144396e+01	-5.614524592060403663e+00	-3.399552732359611440e+01
4.351090699193166600e+00	1.946224335241322834e+01	-5.405252307225576480e+00	-3.456861594668512794e+01
4.357369710808320029e+00	1.959261109535694700e+01	-5.541278091019018248e+00	-3.459570067329887877e+01
4.363659348967174445e+00	1.954605327333684173e+01	-5.233899515691909698e+00	-3.537740611566475479e+01
4.369947418280990981e+00	1.961536114577439349e+01	-5.286431694725538755e+00	-3.554851735512713873e+01
4.376226569265827315e+00	1.969424456860868133e+01	-5.259394402347767006e+00	-3.598264679823584089e+01
4.382499356631129217e+00	1.970390188994808867e+01	-5.037556294611686525e+00	-3.664670385273927167e+01
4.388784975178015024e+00	1.982459472507155240e+01	-5.181585808196886411e+00	-3.668480997099979390e+01
4.395068696309480494e+00	1.968494567248863802e+01	-4.858563944618387254e+00	-3.740247844750669515e+01
4.401347962382031298e+00	1.996085427971348381e+01	-5.117439711270955094e+00	-3.745332506025150110e+01
4.407628405096517099e+00	1.986028802059631460e+01	-4.822779163180968887e+00	-3.817442406237368857e+01
4.413915862185140426e+00	1.990425233321408527e+01	-4.666727484113583735e+00	-3.871532306213887153e+01
4.420203163534264235e+00	1.995924431727515014e+01	-4.658005211273798629e+00	-3.901796580676771242e+01
4.426480311003382795e+00	1.986453226619673984e+01	-4.238313542718030291e+00	-4.009570195087115962e+01
4.432765973643649104e+00	2.016480349363052227e+01	-4.786240258627020516e+00	-3.954280327424039854e+01
4.439053392023870614e+00	1.995766065994083149e+01	-4.160798357111478829e+00	-4.086895829990303497e+01
4.445336141335588742e+00	2.011178190468845273e+01	-4.290236424664877646e+00	-4.097570989858802193e+01
4.451617241414883352e+00	2.001948146155349306e+01	-3.934497534861979062e+00	-4.182105096263516941e+01
4.457901500730311106e+00	2.007270446619630277e+01	-3.958227145690702553e+00	-4.222402210755281260e+01
4.464189501093017043e+00	2.016827017678168943e+01	-4.010322402581293133e+00	-4.240314788318634953e+01
4.470470197548729985e+00	1.991956377843952808e+01	-3.377887357019756731e+00	-4.357979477761342935e+01
4.476748044268524573e+00	2.016145284900483858e+01	-3.780842815214695118e+00	-4.338124694789971159e+01
4.483035990164653484e+00	1.992288097169431893e+01	-3.187377720633178146e+00	-4.458232032416869117e+01
4.489323331650528104e+00	2.005658297101446053e+01	-3.317580892837991069e+00	-4.474995159753450480e+01
4.495599111667934800e+00	2.002642869424144934e+01	-2.964706446753492486e+00	-4.584037932902848667e+01
4.501870922878794090e+00	1.988173181474360263e+01	-2.651735715589079945e+00	-4.646341783461696195e+01
4.508155162877705457e+00	2.001417541965421876e+01	-2.860621892374239028e+00	-4.653495848794872103e+01
4.514446451153479423e+00	1.980788362989925133e+01	-2.292044702072636220e+00	-4.774697967593677106e+01
4.520723894043856994e+00	1.993666829964996978e+01	-2.480385911873540739e+00	-4.794630400725404229e+01
4.527003782460155890e+00	1.972070700679343602e+01	-1.956039169680194201e+00	-4.899411815689849448e+01
4.533293086610313161e+00	1.965309680767067846e+01	-1.688971488200833759e+00	-4.976840849473321526e+01
4.539578989864040182e+00	1.961767552396706193e+01	-1.590054988119108392e+00	-5.033634182440373195e+01
4.545857164866476730e+00	1.945455193341071976e+01	-1.204163734227136073e+00	-5.124062974032703721e+01
4.552138955546025656e+00	1.941466008527052622e+01	-9.922562067026527988e-01	-5.200397119627043452e+01
4.558432046889146605e+00	1.930569242064289881e+01	-8.112552596011685102e-01	-5.248835234007373884e+01
4.564713463378488711e+00	1.936241121602510162e+01	-7.585874642335336260e-01	-5.306050923740772873e+01
4.570987274133244682e+00	1.937385606535206506e+01	-6.543468626661848031e-01	-5.365749452214307524e+01
4.577274818151045643e+00	1.937382746524491139e+01	-6.935354570877603209e-01	-5.392890228529618213e+01
4.583563263889338657e+00	1.942176165906910867e+01	-6.173344944380156907e-01	-5.451807611676103704e+01
4.589844917004465508e+00	1.941285506580463505e+01	-5.373220029419361055e-01	-5.486774624867615557e+01
4.596126259982004747e+00	1.946493193597007476e+01	-5.196532025234494867e-01	-5.538551257247098647e+01
4.602409075598298926e+00	1.949153499127224620e+01	-5.280828350170009289e-01	-5.569570769428275980e+01
4.608696634867644804e+00	1.950514683504232849e+01	-5.097049157165609579e-01	-5.604097356357453208e+01
4.614977646498861219e+00	1.965909245717785581e+01	-4.222963183389502606e-01	-5.689209091305144739e+01
4.621258953029527383e+00	1.961289821232312391e+01	-3.441653481975678330e-01	-5.709607996757214465e+01
4.627547993978874175e+00	1.965208559465667548e+01	-3.949034318466799753e-01	-5.738307837959516178e+01
4.633830152730579854e+00	1.971951996130094287e+01	-3.531725740419382475e-01	-5.790314283144302010e+01
4.640104005367354567e+00	1.973111505149465117e+01	-4.254020721219752832e-01	-5.805091879850627379e+01
4.646382060386754276e+00	1.985477058354245017e+01	-3.183392493168569204e-01	-5.882182645479816330e+01
4.652674213731970987e+00	1.990179332048609950e+01	-2.565425162463856323e-01	-5.932679673669164799e+01
4.658958291796220230e+00	1.991187786029361817e+01	-3.074354028329171484e-01	-5.946649464263987994e+01
4.665233615070169648e+00	1.995843075090352414e+01	-3.009116283919779367e-01	-5.978616659707927994e+01
4.671520675710307380e+00	2.006770592808761577e+01	-3.105999702575362731e-01	-6.033112536053579333e+01
4.677814351732177300e+00	2.002291722701416532e+01	-2.711617815800496101e-01	-6.049185697228613634e+01
4.684093699744638073e+00	2.018803548511986889e+01	-1.892095105720763282e-01	-6.129227290640446313e+01
4.690368661472568590e+00	2.025291943364284819e+01	-2.360182896310235312e-01	-6.162866514770808379e+01
4.696663270746453733e+00	2.031938475262023402e+01	-1.840114943773914769e-01	-6.210400316742841653e+01
4.702945459248681459e+00	2.036395450832064569e+01	-1.829464634877038809e-01	-6.242979655616901624e+01
4.709209170841929470e+00	2.042081241139975134e+01	-2.574481024936873252e-01	-6.267130925459006363e+01
4.715491634753063543e+00	2.044759182442741619e+01	-1.623083601074525872e-01	-6.307597924674269052e+01
4.721784316284933780e+00	2.057366930929720894e+01	-2.100484467344987949e-01	-6.360090674236963082e+01
4.728063062331094635e+00	2.067763007903767303e+01	-1.224566294143477618e-01	-6.416813852041390476e+01
4.734337423381671073e+00	2.075206086515339976e+01	-1.839114257732319679e-01	-6.448650832961307344e+01
4.740627024094544062e+00	2.075341239799972115e+01	-1.203508767276425945e-01	-6.482112660467751653e+01
4.746914995664547554e+00	2.083009996128359020e+01	-1.876475534145143342e-01	-6.510750357012369705e+01
4.753194740071086777e+00	2.101390137295622651e+01	-1.073284600185537840e-01	-6.590957222951560368e+01
4.759478891864783456e+00	2.101668606361278435e+01	-1.619154624910546791e-01	-6.605864756925087988e+01
4.765762396877359031e+00	2.118424590440507060e+01	-9.165489380690274024e-02	-6.683560160851838816e+01
4.772049481246195768e+00	2.118985579052340995e+01	-8.891461402668027203e-02	-6.701050553746054561e+01
4.778335091022592351e+00	2.130716407786787769e+01	-1.453306123956037976e-01	-6.745630140342461800e+01
4.784610831402393849e+00	2.148050775025139103e+01	-3.964742553415014775e-02	-6.828560360050110489e+01
4.790907306208476157e+00	2.155041655964625846e+01	-1.795901763004403295e-01	-6.850533808293371862e+01
4.797204047706418173e+00	2.169156457221232515e+01	-5.111373582826857220e-02	-6.925485586008187511e+01
4.803470827697504220e+00	2.173696950522565174e+01	-1.180797113032063528e-01	-6.947052245951834948e+01
4.809748850577324042e+00	2.180465687517926909e+01	-7.417943226446122029e-02	-6.991875273744220465e+01
4.816045316586602176e+00	2.199317277135276427e+01	-4.356166048661705426e-02	-7.066305198539730270e+01
4.822329240673497885e+00	2.197517577280421364e+01	-8.761963755103806262e-02	-7.068551255823652468e+01
4.828596758226470165e+00	2.202564188649365562e+01	-1.102075624887786376e-01	-7.096219601898775409e+01
4.834890332961369275e+00	2.215481523591995483e+01	-4.812305432459179633e-02	-7.160823123658177281e+01
4.841191655056394261e+00	2.230563203811735917e+01	-9.417139764622421694e-02	-7.220774627899068321e+01
4.847460407468000554e+00	2.248274793387165360e+01	-8.133401871123122073e-02	-7.291148241583913148e+01
4.853732128521334843e+00	2.256700799582031891e+01	-1.158587444617703993e-01	-7.323270245459261218e+01
4.860029138783373170e+00	2.267298122407891370e+01	-1.117534931382320046e-01	-7.376248375314500549e+01
4.866314601732018019e+00	2.272399617118617599e+01	-7.816739079024363768e-02	-7.408153387171655879e+01
4.872587026269203925e+00	2.293972955061584784e+01	-4.928089474653422203e-02	-7.489408384720493927e+01
4.878874221748241702e+00	2.303228517492404848e+01	-6.348918247819897165e-02	-7.537839858140559102e+01
4.885171078138658807e+00	2.309600430000439886e+01	-1.104525834737851292e-01	-7.567577599113943165e+01
4.891450629931857641e+00	2.325349031374858555e+01	-1.274602163186847881e-01	-7.622810963960509412e+01
4.897716482750221978e+00	2.340205793218666841e+01	-1.835886064273990759e-02	-7.694730908026339478e+01
4.904002834596266069e+00	2.343864413195335672e+01	-1.168994158092330760e-01	-7.712385501053118730e+01
4.910295858205786068e+00	2.354969870276319099e+01	-8.558601972359579368e-02	-7.764278775504159569e+01
4.916575188115905881e+00	2.367467101252094253e+01	-9.254168995026469668e-02	-7.812497759449732371e+01
4.922847946197084212e+00	2.385670417852487191e+01	-4.843901216031328005e-02	-7.894922235710961900e+01
4.929131667457151700e+00	2.398101713613537100e+01	-9.521909825381415227e-02	-7.942961603962254458e+01
4.935434460144239033e+00	2.408544050310414875e+01	1.033621281129566520e-02	-7.994740517233267951e+01
4.941718513303545279e+00	2.426345765352968442e+01	-2.715260584309327901e-02	-8.061643036514006155e+01
4.947978624761803168e+00	2.448985279866708353e+01	-4.126624574119453631e-02	-8.150779382714937071e+01
4.954274999209829389e+00	2.451798228884100794e+01	-3.535446927656816368e-02	-8.166161984408572039e+01
4.960571094729937514e+00	2.481060871642858245e+01	-2.367463348497004030e-02	-8.274782514564911651e+01
4.966823207626954506e+00	2.487555279829036081e+01	-7.662155576097039178e-02	-8.303334997856786970e+01
4.973097418390337587e+00	2.500462611688368142e+01	-5.606071506571110030e-02	-8.357099291824890486e+01
4.979415129936382023e+00	2.508775968423079306e+01	-6.351980627703479598e-02	-8.394711990109790634e+01
4.985702082330368157e+00	2.541933284831297613e+01	-2.253271644912148430e-02	-8.521399160330147993e+01
4.991949985828016523e+00	2.546858155712206795e+01	3.741002906649622956e-02	-8.554776841298283330e+01
4.998241586316924057e+00	2.565452125584256393e+01	5.682298042456727059e-03	-8.626034535586866525e+01
5.004556635606089543e+00	2.577561537867066122e+01	-5.556826252909159714e-02	-8.666834964698445276e+01
5.010828655701208945e+00	2.591393380839680916e+01	-4.861045440101264409e-02	-8.724714024136926582e+01
5.017077229702536556e+00	2.620912690661590005e+01	-1.294809462958031697e-02	-8.837150206578027678e+01
5.023374414758113637e+00	2.647262918035854184e+01	-7.010709224500685788e-02	-8.931974570895143017e+01
5.029688873569548413e+00	2.658213878197356905e+01	-2.250692590103046259e-02	-8.981053963957914732e+01
5.035958413584124216e+00	2.676787515869219192e+01	3.045627956923294827e-02	-9.057466434209497663e+01
5.042232667658486989e+00	2.672505358355474669e+01	1.578953757127925586e-02	-9.053722833996549468e+01
5.048528755870775875e+00	2.717763007335184611e+01	-4.424934174233469131e-02	-9.207683640459076457e+01
5.054821121427484520e+00	2.725038883341711582e+01	-6.989162752268633649e-02	-9.234404533086329536e+01
5.061069509814582368e+00	2.737362112517881485e+01	-3.513065393170125908e-03	-9.295593080825771892e+01
5.067347812754101177e+00	2.775456489645663183e+01	6.822139277023424320e-02	-9.439654599417868042e+01
5.073675050630431116e+00	2.777590251089812057e+01	3.260938389676810989e-02	-9.453154090749195859e+01
5.079945928388977627e+00	2.815999227008993344e+01	3.595520929679276584e-02	-9.592686620472890979e+01
5.086192992546071601e+00	2.822410013379199611e+01	-1.816346630556085057e-02	-9.613153800061526510e+01
5.092484128970163226e+00	2.832214218888190871e+01	-4.551813804580209094e-02	-9.657989823587359979e+01
5.098802924706086870e+00	2.875307809459691555e+01	4.236652017708690543e-02	-9.817529406866940178e+01
5.105078217426394005e+00	2.888957346059717679e+01	6.647581704606553288e-02	-9.876674695600888754e+01
5.111325076574067872e+00	2.921279766542819800e+01	-4.765480568628857605e-02	-9.980362652926295652e+01
5.117628358851224135e+00	2.939488823207159029e+01	-9.308842074835123326e-02	-1.004766394058282089e+02
5.123935939383525984e+00	2.945751389789849028e+01	1.163940171769294735e-01	-1.009952514305263804e+02
5.130199176325612065e+00	2.987563551724815625e+01	-2.887350117722032455e-02	-1.022998674647116530e+02
5.136469985878846956e+00	2.979926833872463376e+01	-2.187490705268588936e-02	-1.021565178996137462e+02
5.142797788696348071e+00	3.025033191169437785e+01	-1.199225889981435228e-01	-1.036568777151572931e+02
5.149090378043822192e+00	3.058136577711556825e+01	-4.712533237915356860e-02	-1.049284769987270209e+02
5.155289879840074363e+00	3.069774918052401347e+01	-8.533536585130910290e-02	-1.053543539549227148e+02
5.161564521234301317e+00	3.099092398662282122e+01	-6.598287858635269211e-03	-1.065564200089980318e+02
5.167916673496016244e+00	3.102898749709062898e+01	-6.300024016270291960e-02	-1.066819305523493853e+02
5.174205974602950064e+00	3.152395738658025337e+01	-4.137856679964218437e-02	-1.084625366367475436e+02
5.180434820793812456e+00	3.173388898780148892e+01	-6.052408956365586817e-02	-1.092212927653111052e+02
5.186729096569634656e+00	3.188504256563983930e+01	-4.307644890226183104e-02	-1.098593551083792903e+02
5.193058481037780894e+00	3.235830242898570930e+01	1.206213629360442657e-02	-1.115954225737992545e+02
5.199319511444338460e+00	3.264363522885224711e+01	-2.890733760391460058e-02	-1.125739416874185252e+02
5.205574295584361799e+00	3.277236698621040034e+01	6.161503832654342122e-02	-1.132008932263808560e+02
5.211894977074066126e+00	3.332611219640110534e+01	4.049994172426604061e-02	-1.151824408632016770e+02
5.218201708336958511e+00	3.366590792483251704e+01	-2.823689389248149398e-02	-1.163152298689560666e+02
5.224411911780083351e+00	3.387646210581159778e+01	-1.067354405013891741e-02	-1.170974877554054814e+02
5.230677632666463239e+00	3.395483810686300075e+01	2.807124901617861004e-02	-1.174876533504459104e+02
5.237056729559757429e+00	3.437972326771696174e+01	-2.935767558432505336e-02	-1.189609622201271861e+02
5.243336785035660697e+00	3.460618641143825158e+01	2.876835784802297263e-02	-1.198498147985000912e+02
5.249493476178225038e+00	3.474960076369245598e+01	2.537190868222788734e-02	-1.203533339041402144e+02
5.255787017738318134e+00	3.510765640403518262e+01	5.043083418232448961e-02	-1.217511472809791968e+02
5.262205327426889845e+00	3.591177164788314258e+01	-5.207694449528966693e-03	-1.245079529918102281e+02
5.268477758348532269e+00	3.582185407354004525e+01	-1.682219174859108171e-02	-1.242316187792287110e+02
5.274632213654732560e+00	3.627704129068958139e+01	5.818272124213586666e-02	-1.259346889974300581e+02
5.280950543314659740e+00	3.691864391537107082e+01	-3.036776928055716016e-02	-1.281660644778544054e+02
5.287327645024750389e+00	3.740896188367918995e+01	-1.086024289409043692e-01	-1.297902399916091554e+02
5.293582359180156516e+00	3.785888555736911343e+01	3.956529339476402146e-02	-1.315357107860248220e+02
5.299789992649893478e+00	3.792721585517961813e+01	5.898232166320247286e-03	-1.318235534335482839e+02
5.306111460381987222e+00	3.832088705148862573e+01	5.249090160668437588e-02	-1.333056019280708711e+02
5.312452717892129250e+00	3.842795091274418695e+01	-3.826878471198559561e-02	-1.335982611066420986e+02
5.318650122853046724e+00	3.902889342508044024e+01	-2.103566416483159535e-02	-1.357221904140571667e+02
5.324923043129819789e+00	4.022181001024080871e+01	1.927036178191472021e-02	-1.400135524830010922e+02
5.331330237158205421e+00	3.968720776215860013e+01	2.534855064303722857e-02	-1.381975961626136495e+02
5.337586726886338617e+00	4.020364011535452420e+01	2.373458937724471848e-02	-1.400057137920439061e+02
5.343685192440848830e+00	4.032458202199119057e+01	-2.667944726434968300e-02	-1.403937384328074245e+02
5.350070659715249199e+00	4.183070224778408175e+01	4.821236754231483096e-02	-1.458282864152458842e+02
5.356556762554878226e+00	4.130477646364458622e+01	-4.208012564172820130e-02	-1.439201022360482227e+02
5.362691868684501095e+00	4.166863961416078865e+01	7.769081249201237327e-02	-1.453209159038861173e+02
5.368769208912516966e+00	4.195523083385321428e+01	3.203758845940755939e-02	-1.463061085481167822e+02
5.375270137997677722e+00	4.279930788411960663e+01	1.462781159966500613e-02	-1.493155033288265940e+02
5.381769983045385786e+00	4.318433789003239553e+01	7.514225562484888599e-02	-1.507508076743352490e+02
5.387701030372958222e+00	4.347888295423032190e+01	5.505498101908496561e-02	-1.517454736817217906e+02
5.393786668001271600e+00	4.379902981762886327e+01	7.712405439446815003e-02	-1.529370925121999107e+02
5.400446161099396569e+00	4.476843492855102369e+01	-3.960630573516097513e-02	-1.562629695980276381e+02
5.406957063684501463e+00	4.542066532790626354e+01	-5.763644366133373331e-02	-1.585362990435321251e+02
5.412655672453426270e+00	4.650490416833031304e+01	7.163346473400225448e-05	-1.623507214646963064e+02
5.418821279260546575e+00	4.594309833561985812e+01	-4.154322204638866839e-02	-1.604277185838450350e+02
5.425690594366304076e+00	4.634306838182666866e+01	-7.894762051117798496e-02	-1.618349767071391341e+02
5.432217487502165376e+00	4.743427876139401889e+01	3.369465262560561447e-02	-1.657858259673045040e+02
5.437649811577258241e+00	4.739755626956659285e+01	-1.979300422865946582e-02	-1.655562281400813731e+02
5.443914404015878006e+00	4.758600019963326133e+01	1.074522010273325917e-02	-1.663305282800808982e+02
5.450953501686320202e+00	4.754068716259461524e+01	8.695662728177029621e-02	-1.662891109760849702e+02
5.457483690405861232e+00	5.036561316583138392e+01	1.561273363784172197e-01	-1.762583875462164826e+02
5.462715250135157241e+00	5.014384946791157205e+01	-4.695121282263282902e-02	-1.752347906322019355e+02
5.469033575551323523e+00	5.060065778781897450e+01	7.397791341617344571e-03	-1.769469771256163426e+02
5.476177730420278778e+00	5.202756116113020113e+01	8.913351298811827972e-02	-1.820509443387874171e+02
5.482708935702562236e+00	5.187005626281627713e+01	-3.962123236299616019e-02	-1.813969407281337567e+02
5.487722405008360838e+00	5.273521046691751479e+01	-1.595439722888257195e-01	-1.842758183463519401e+02
5.494194284996126498e+00	5.313878085536610030e+01	2.896769855203701338e-02	-1.859178336766823634e+02
5.501391471009256406e+00	5.534570477878602901e+01	2.856204983084965204e-02	-1.936541912279481892e+02
5.507128202673079009e+00	5.305150175115093703e+01	-4.272921096876131780e-02	-1.855712996555603524e+02
5.512278020050448646e+00	5.609745022861270769e+01	-8.935395132793202272e-03	-1.962741419696062621e+02
5.519395563377015534e+00	5.586675527306582723e+01	-6.238652871203002881e-02	-1.954251284722733146e+02
5.526598678609708770e+00	5.335203341335017768e+01	1.405150406175675604e-01	-1.868412666363165613e+02
5.532162682462509196e+00	5.528226538790059408e+01	-4.455656461911579325e-02	-1.934172640875716240e+02
5.537397124017139127e+00	5.388833643370718107e+01	3.428338597804028720e-02	-1.886248819487683193e+02
5.544582756485218589e+00	6.455670933539290957e+01	6.358900853862792246e-02	-2.259982900920014117e+02
5.551739327507637434e+00	5.400624810705016898e+01	3.403755069271249128e-02	-1.890485841886994933e+02
5.557493306674907707e+00	5.556325884597921316e+01	1.063823082425716382e-01	-1.945743084934122180e+02
5.562281709102816940e+00	5.424528671475340502e+01	-5.649678779054509437e-02	-1.897991841010291125e+02
5.569272720323164449e+00	3.618138319682962134e+01	5.339164490590482537e-02	-1.266878225768236632e+02
