8.899641224696953554e-03	2.269641346930624059e+04	-2.654436895619743609e+03	-8.018744096360909680e+03
1.507912216506557788e-02	3.245507637071291538e+04	2.290328374861221164e+04	-8.161902628455144622e+03
2.144790186456836667e-02	2.268912384706537341e+04	1.609641140635251759e+04	-3.265800685509121649e+03
2.783660776489276650e-02	2.005553140408988475e+04	2.409553926894914184e+04	5.996315548387423405e+03
3.435099785803411021e-02	1.216572420149655409e+04	1.374207677940161739e+04	2.836253075957244619e+03
4.047886761425745911e-02	9.930856729246119357e+03	1.029386026996552391e+04	2.145858642970144501e+03
4.676716683575679601e-02	7.759250780133636908e+03	6.458070258564223877e+03	2.999584939228797680e+02
5.308225101765951665e-02	6.807950807760226780e+03	6.424834890066884327e+03	2.955596687161506907e+03
5.945362440940590160e-02	6.577781210808420838e+03	5.756014081954860558e+03	1.652456583771449345e+02
6.576224814588792211e-02	6.263567177212164097e+03	5.722800648773772082e+03	1.729690984540435750e+02
7.196632906698736953e-02	5.041224947487014106e+03	4.154600223690842540e+03	-2.406766112948669445e+02
7.827860915688347743e-02	4.011551535916891225e+03	3.791238996425691766e+03	-2.859998253452710628e+02
8.470398945834539672e-02	3.339303161326210557e+03	3.082394550174975848e+03	4.635542937417756093e+02
9.096854620527369817e-02	2.757614085644361239e+03	2.811196040101723156e+03	5.259210990371235539e+02
9.720789776830213169e-02	2.285179162058991551e+03	2.137364281222102818e+03	5.461182187162064565e+02
1.034763038959366499e-01	2.227728649666900765e+03	2.125482472963168220e+03	3.840324913426904914e+02
1.097576444254559219e-01	2.039551881152393662e+03	2.031040668724140914e+03	1.302416722245120013e+02
1.160543084780093354e-01	1.933088943070108826e+03	1.678265515320625809e+03	-9.972920283502871541e+01
1.223669666537485351e-01	1.930538376198103833e+03	1.810051492316811164e+03	1.998432677154941928e+02
1.286817263090294094e-01	1.704842714987478303e+03	1.461100974409316677e+03	-6.197473290639445054e+01
1.349500801664080818e-01	1.585471128948043770e+03	1.622557760759407302e+03	4.467867657045311489e+02
1.411949558842147678e-01	1.338654236915398997e+03	1.264574055672052509e+03	2.647177536240731683e+02
1.475133575747468451e-01	1.203411181683260111e+03	1.194424030205370173e+03	2.082287115937155590e+02
1.537865074252268427e-01	1.083837968486337104e+03	9.827400987664992726e+02	-7.018677284720115495e+01
1.600657544051110326e-01	9.843418992359356707e+02	9.931599350757023785e+02	1.959417537654630621e+02
1.663991168687080635e-01	9.808134247376397070e+02	9.994879483945680931e+02	1.814631695181555244e+02
1.727195645776442856e-01	9.262830911743482147e+02	9.179374186861805356e+02	1.165232592682369557e+02
1.789765213377084718e-01	9.024352579096632780e+02	8.832940846134839603e+02	1.932925141591583724e+02
1.852353690647852158e-01	8.360859630182472984e+02	7.740377806296485232e+02	1.521775187343090465e+02
1.914806787341157279e-01	7.699731713367823431e+02	7.287661274810319583e+02	1.346919401311577076e+02
1.977889868651535599e-01	7.282279956911471572e+02	7.012016147608337633e+02	1.370931479610657391e+02
2.040937735447724277e-01	6.644191842084886730e+02	6.565115904941504823e+02	1.359691782982411041e+02
2.103939302609846018e-01	6.181372917389164741e+02	6.119788604015449209e+02	8.703025366563564091e+01
2.166909709822301688e-01	5.722590982787575058e+02	5.394094466535849506e+02	1.401796041521450888e+02
2.229700281216152047e-01	5.521366173876884886e+02	5.367096297372589788e+02	9.054510891745113099e+01
2.292620027086341994e-01	5.319592860055106485e+02	4.806573463166579359e+02	6.162268254883900198e+01
2.355141508366812297e-01	5.068693620080274513e+02	4.874090594986676024e+02	8.769944828939640047e+01
2.417910583817859116e-01	4.886258005478352402e+02	4.793400064651377193e+02	9.751050435571006858e+01
2.480856539439619257e-01	4.644302429332372526e+02	4.488917110212024681e+02	8.021470575659802194e+01
2.543492256872954549e-01	4.379903106974597335e+02	4.228058026553054560e+02	9.263801079146509210e+01
2.606334251884805386e-01	4.191184391327834646e+02	4.192402143147144216e+02	8.750250430680193858e+01
2.669257370896960802e-01	3.863584454066789249e+02	3.603775391688430432e+02	8.313250959937123241e+01
2.732423343141155980e-01	3.727213935932190338e+02	3.578831054891295480e+02	8.311885461556563826e+01
2.795529680084415936e-01	3.586696472896680348e+02	3.456296666092538885e+02	8.798513722453259334e+01
2.858366292314493129e-01	3.356966699711284150e+02	3.145573155853608682e+02	5.526574969088461131e+01
2.920876271394311496e-01	3.274749286005463773e+02	3.138139220528382225e+02	8.615386106007122180e+01
2.983449844439822751e-01	3.118319541856025694e+02	3.002412903023760009e+02	8.366931161502262171e+01
3.046382639407197446e-01	3.004703736673251910e+02	2.789433978431626997e+02	6.256520106630762257e+01
3.109279127003197196e-01	2.865071755119746513e+02	2.794272330108011033e+02	8.377481421021616370e+01
3.172168171618398036e-01	2.736286040412443299e+02	2.573814312470970549e+02	6.037991882763751761e+01
3.235187567944423082e-01	2.621046984765348498e+02	2.528855262471443552e+02	7.159598598111905687e+01
3.298168217550395687e-01	2.584173602796011551e+02	2.427151795463075814e+02	6.910456188601159511e+01
3.361176429457156667e-01	2.437303403097566559e+02	2.294709310785214029e+02	5.539573755670419075e+01
3.423700375709273769e-01	2.337675907516627660e+02	2.110716454650663820e+02	5.452598886709753145e+01
3.486478192666269682e-01	2.266733587595987274e+02	2.117922841061721613e+02	6.322744208085499906e+01
3.549411614411318028e-01	2.158147442761550963e+02	1.907064242572157013e+02	4.592844019456966009e+01
3.611916935421040642e-01	2.134844007099049463e+02	2.079449278203350957e+02	7.934312496774180090e+01
3.674767089563572564e-01	2.028617617414491008e+02	1.835397809696728757e+02	4.330018600406328488e+01
3.737647795277591056e-01	1.981055577289213261e+02	1.865281351576478528e+02	6.015054361652107673e+01
3.800654031475132477e-01	1.884802991281892446e+02	1.707907504081442198e+02	4.488579049619152528e+01
3.863539861259823738e-01	1.808875648320148741e+02	1.576291851520176408e+02	4.764210810569584709e+01
3.926140181364449755e-01	1.738189619137347393e+02	1.598318940689670740e+02	4.834793914853224805e+01
3.989264500321934581e-01	1.700511062629951766e+02	1.559127391142868930e+02	5.357850994623397156e+01
4.052073244576828714e-01	1.647531499822581225e+02	1.509274965137450408e+02	5.174993463560834783e+01
4.114916477570477182e-01	1.582711352976694741e+02	1.433547749699785072e+02	4.577209130220012412e+01
4.177814272116491257e-01	1.531581381295197275e+02	1.361889148535369145e+02	3.570354880548917720e+01
4.240400648725131116e-01	1.497253632405377175e+02	1.349660626878815322e+02	4.221827783187340799e+01
4.303425690270192283e-01	1.431290153317317788e+02	1.270241786733888034e+02	4.439140110716444809e+01
4.366358560255625965e-01	1.398404425885536568e+02	1.253877158999606252e+02	4.653278387461220689e+01
4.428996183220763605e-01	1.357246777389776469e+02	1.199283866383626389e+02	3.944223811049445771e+01
4.491634418529859563e-01	1.305336501828701614e+02	1.120342534013883977e+02	3.714141970532477188e+01
4.554414146254732731e-01	1.272881719956436086e+02	1.097152502312683282e+02	3.847357745925511807e+01
4.617634470301058558e-01	1.240607413230087701e+02	1.074401123801630007e+02	3.983636626212658172e+01
4.680644242023710433e-01	1.194996000497062880e+02	1.021785180756700697e+02	4.065595157710278329e+01
4.743485242764365895e-01	1.153935824849869221e+02	9.839264505450849185e+01	3.317176595690524010e+01
4.806356136815400082e-01	1.119416887619156853e+02	9.328723026906604332e+01	3.177199608274725051e+01
4.869019258388697646e-01	1.092609873418782485e+02	9.261737467031036886e+01	3.782613580155280886e+01
4.931697099599955947e-01	1.063328004659405508e+02	8.930533167358936453e+01	3.217611368680091033e+01
4.994506747144535908e-01	1.030841750592447426e+02	8.191134321091452364e+01	3.130915050253291554e+01
5.057159051335421429e-01	1.003791234019967220e+02	8.323837424519216199e+01	3.160148796107647584e+01
5.119923996268095356e-01	9.678491279800593361e+01	8.066846470267827840e+01	3.279587406541353545e+01
5.183126097768406826e-01	9.454211932437968358e+01	7.581753946832681379e+01	2.936182198086217099e+01
5.246089638029100000e-01	9.180414110614648848e+01	7.491456066709424988e+01	2.952798310169713858e+01
5.308757308483337267e-01	9.024306202727423454e+01	7.389229972052514483e+01	2.989092707476009991e+01
5.371573527946726934e-01	8.717312459996448126e+01	6.870016005086594646e+01	3.104411279324552098e+01
5.434579563783791256e-01	8.393605180691461953e+01	6.603503905210834546e+01	2.849609607820148582e+01
5.497430652392217842e-01	8.348664387164360789e+01	6.635767896990915915e+01	2.883715654145774110e+01
5.559937427501778773e-01	8.010149175320097470e+01	6.062473759416113239e+01	2.855664248738490585e+01
5.622854676609657654e-01	7.767005108162980775e+01	5.885431969874355218e+01	2.541779644350170031e+01
5.686011537227265711e-01	7.560287425086437452e+01	5.708234049350280515e+01	2.371716021365688931e+01
5.748804589422079614e-01	7.433579915402970073e+01	5.672536336016581515e+01	2.318664529310867550e+01
5.811550210340560296e-01	7.217911608101660192e+01	5.506961696157598851e+01	2.544135978050210412e+01
5.874394496660968468e-01	7.128234314513967718e+01	5.370305897702822762e+01	2.524293634937279762e+01
5.937176220296899176e-01	6.876749042088185604e+01	4.987738651406265689e+01	2.338838125006738267e+01
5.999971954793682505e-01	6.740843132114660818e+01	4.819743954144573905e+01	2.260772926348426282e+01
6.062679115124277596e-01	6.575631972591791907e+01	4.930165511111626842e+01	2.423035063637404818e+01
6.125469576444534381e-01	6.411960510331878993e+01	4.619568988209823601e+01	2.237199075884038990e+01
6.188477733041515272e-01	6.230296935556065563e+01	4.380173499283697680e+01	2.239906120027012548e+01
6.251310567437898813e-01	6.111064779351277565e+01	4.343850733993291868e+01	2.290103396958789261e+01
6.314027450383210560e-01	5.931905806361358202e+01	4.217244925248158438e+01	2.139603834486793943e+01
6.377003562732055375e-01	5.766827120651036154e+01	3.966979570460167537e+01	2.047691506374884085e+01
6.439857783314556494e-01	5.679465964081046536e+01	3.881531163830806719e+01	1.963267375722465857e+01
6.502685417166111925e-01	5.550016155322677491e+01	3.785863275101662140e+01	1.974161268429334015e+01
6.565586117699038216e-01	5.425976141847284850e+01	3.627943582472309458e+01	1.895041792186752971e+01
6.628369282359254377e-01	5.323843078723782440e+01	3.509623675723997849e+01	1.887737229721858512e+01
6.691185444962194362e-01	5.224643309674127067e+01	3.580763172040744280e+01	1.902130045056032515e+01
6.754070198575605755e-01	5.067238999009774147e+01	3.329652996521075181e+01	1.868314173951474899e+01
6.816835514593204692e-01	4.908452971509070295e+01	3.204025032615106028e+01	1.809084853278376670e+01
6.879592533861698112e-01	4.825807664180955925e+01	3.151076094087286705e+01	1.856379238134781673e+01
6.942344317039531587e-01	4.774752891270541966e+01	3.189201498021421699e+01	1.841472508785584949e+01
7.005175402434737908e-01	4.651617350126743133e+01	2.934536610556846270e+01	1.823227984463099460e+01
7.068124956608716758e-01	4.525403040530247267e+01	2.804894450765799618e+01	1.729545762353760452e+01
7.131019009674921527e-01	4.443288144318841404e+01	2.782737426849627838e+01	1.633341653951729455e+01
7.193918251171427247e-01	4.353882907886747233e+01	2.800974684200547671e+01	1.676087827486149706e+01
7.256833807598113140e-01	4.247172366519703957e+01	2.531249537559642704e+01	1.613303291072330836e+01
7.319652682709349989e-01	4.163061448742626425e+01	2.473358830317719637e+01	1.523293790826891403e+01
7.382507990484923344e-01	4.098069599344586322e+01	2.471562270280497842e+01	1.503456912091926689e+01
7.445265842115937893e-01	3.981498309269202451e+01	2.451829320655544819e+01	1.613523974062810140e+01
7.507871101942712455e-01	3.929456481224094944e+01	2.306040235716335829e+01	1.651369749452020130e+01
7.570758465316046459e-01	3.829101922837877225e+01	2.264850736731909819e+01	1.480101249843020383e+01
7.633641233600957365e-01	3.762544019054364952e+01	2.178254636371898201e+01	1.507447726684229039e+01
7.696462959862266917e-01	3.698832469065320794e+01	2.160838926531460658e+01	1.567308141032609292e+01
7.759394865175414102e-01	3.618324971988376149e+01	2.000698663300865832e+01	1.512025691866182697e+01
7.822329141989586843e-01	3.560536513991869612e+01	2.018860452308416598e+01	1.505358418984379298e+01
7.885314936520240181e-01	3.476699246283897793e+01	1.943835417257334797e+01	1.439798062312256555e+01
7.947896566979522071e-01	3.403523298057924507e+01	1.886521384270978530e+01	1.451607986171316256e+01
8.010491096592354809e-01	3.349443650486532675e+01	1.800795742707829916e+01	1.400079616704671537e+01
8.073364061727361651e-01	3.288696838319796001e+01	1.741008858741733079e+01	1.310565653794514596e+01
8.136229488373866170e-01	3.217313368375204163e+01	1.709426863315628609e+01	1.280997422636135497e+01
8.199152998961036776e-01	3.165820421271438079e+01	1.709213217164452203e+01	1.375552977866603577e+01
8.261952636392789762e-01	3.106918653551996812e+01	1.669607608844534141e+01	1.267124077327222764e+01
8.324897070080405914e-01	3.044812673693164484e+01	1.538696912407133510e+01	1.245290429943182708e+01
8.387959309210778480e-01	2.976098238378577676e+01	1.533611428095449192e+01	1.316070666377881615e+01
8.450634639703045181e-01	2.918404415645935757e+01	1.430377894238006142e+01	1.234206162291350495e+01
8.513282867562648182e-01	2.872313948098554093e+01	1.418287894034863506e+01	1.225734516428312659e+01
8.576198263902009566e-01	2.820434961870248358e+01	1.358526782474839933e+01	1.229334142905710081e+01
8.639058477062415697e-01	2.779569852421548504e+01	1.363897635132678410e+01	1.258596346365257901e+01
8.701838745487597837e-01	2.717172444883748739e+01	1.309290240474612332e+01	1.174002147419155939e+01
8.764641096075268534e-01	2.666106519797107310e+01	1.256311357893829950e+01	1.190407903129257328e+01
8.827503873399735745e-01	2.627371788650119910e+01	1.281146679043014913e+01	1.142808165700614609e+01
8.890332768393869323e-01	2.584096947820258450e+01	1.202078495426940563e+01	1.165110716837135207e+01
8.953084247113127780e-01	2.527709561888363865e+01	1.143861365798468732e+01	1.170246069878283457e+01
9.015956521667095602e-01	2.495010388236255494e+01	1.133606937709993900e+01	1.096193977998306401e+01
9.078833328094829680e-01	2.463962980223022825e+01	1.069163798760874684e+01	1.073888877727912394e+01
9.141744106319863450e-01	2.407070195871317964e+01	1.057273084955045306e+01	1.115171704344210646e+01
9.204630817717615043e-01	2.372761719535217395e+01	1.033949926629887983e+01	1.139604707879682088e+01
9.267434415264711456e-01	2.322661135596402460e+01	1.023871416167603066e+01	1.100887052519046172e+01
9.330324197354928906e-01	2.295749361298698332e+01	9.684212917318033575e+00	1.040812773954657189e+01
9.393265785573878812e-01	2.243582463178233155e+01	9.695097441005053440e+00	1.073646982492942215e+01
9.455974810398196650e-01	2.226064133015764668e+01	9.299763926275948833e+00	1.060774783838639124e+01
9.518660018545171964e-01	2.181763678058574030e+01	9.199192430183112279e+00	1.030539263240336467e+01
9.581413255531838757e-01	2.150732794560253325e+01	8.999048931515574168e+00	1.054510529224922344e+01
9.644350945109106954e-01	2.119850787923967417e+01	8.830931728820829107e+00	1.055838841672772332e+01
9.707355633568249820e-01	2.076970747035503351e+01	8.419575321890464537e+00	1.037733215819232413e+01
9.770080768450029041e-01	2.043313943127303745e+01	8.251305863010628627e+00	9.772230333041228789e+00
9.832823325363413414e-01	2.006592225299428023e+01	7.759561643187057101e+00	9.466871629213480688e+00
9.895569691966674686e-01	1.988113748147679161e+01	7.509164327558686125e+00	9.877835886106447916e+00
9.958456301921106979e-01	1.950220290240239862e+01	7.481042686797417574e+00	9.495984974948596502e+00
1.002136210743837408e+00	1.933485828005814611e+01	7.386929457515215347e+00	9.649657889800733912e+00
1.008404825335135424e+00	1.889594450541678228e+01	6.890612406877187013e+00	9.154762168833068259e+00
1.014694149836243398e+00	1.868630722406482292e+01	7.130365419190460408e+00	9.873548041198871417e+00
1.020992555437297167e+00	1.831502827514558263e+01	6.729330107371692016e+00	9.294006548447327987e+00
1.027273980437394485e+00	1.814267323742610216e+01	6.601357528021125631e+00	9.426029335527836395e+00
1.033559181896017254e+00	1.776864924507455257e+01	6.379270315614061992e+00	9.234992461778038120e+00
1.039847557392594934e+00	1.757040512745012606e+01	6.007431095326041692e+00	8.952445748595758701e+00
1.046126974943305088e+00	1.728823749928548636e+01	6.231410251339055684e+00	9.151475736846837350e+00
1.052403436811028659e+00	1.708351686344555986e+01	5.995287731733357717e+00	9.175840597340654270e+00
1.058680704651608684e+00	1.684536621552886615e+01	5.890850816894146469e+00	9.070843678224695950e+00
1.064964333065789193e+00	1.660310953616180996e+01	5.764635051814629207e+00	8.868391691933238619e+00
1.071256777440835473e+00	1.632407437502327596e+01	5.356405431416510154e+00	8.705054898609777325e+00
1.077544048801078125e+00	1.609752517304900366e+01	5.487440572576135267e+00	8.595303114288368462e+00
1.083824820188043603e+00	1.588171400982731107e+01	5.327952376467831819e+00	8.614759882134322311e+00
1.090108023942816695e+00	1.568649833988830444e+01	5.265862983951143050e+00	8.882438450113829376e+00
1.096389665956643222e+00	1.546148582144031103e+01	5.133558159475557048e+00	8.783196294691590467e+00
1.102681132058841440e+00	1.521349246771344532e+01	4.883055453963637049e+00	8.471641335927323269e+00
1.108963047594879958e+00	1.505318318709733028e+01	4.826037568519572218e+00	8.502862545044452602e+00
1.115225428463759272e+00	1.488023488169734954e+01	4.853931156137602621e+00	8.273889725201881262e+00
1.121502127614767863e+00	1.463276026225778281e+01	4.777898622955124353e+00	8.606992577807089262e+00
1.127792573824792033e+00	1.448358474656956041e+01	4.649242587573079177e+00	8.314263376843053166e+00
1.134089552668382961e+00	1.426603098060240882e+01	4.389616414182706983e+00	8.209173057438365007e+00
1.140364049650405942e+00	1.402167879325167199e+01	4.313018398549535171e+00	8.253072051168645729e+00
1.146639180320979445e+00	1.390671893958677430e+01	4.376662686603515873e+00	8.399658807650267178e+00
1.152942412991649901e+00	1.366252746902968518e+01	4.187939926540235724e+00	8.035352614493922019e+00
1.159228906751078814e+00	1.343000307287111461e+01	3.993793542060541490e+00	8.033848328214022061e+00
1.165508721887268173e+00	1.336384263526111482e+01	3.989902056146787945e+00	7.874834570491140440e+00
1.171793076256210320e+00	1.312158084681955827e+01	3.931132306514641073e+00	8.066440317666772941e+00
1.178087436369658958e+00	1.299750362612771859e+01	4.059734981281208022e+00	8.043723016457843045e+00
1.184367654251526902e+00	1.290978302889067919e+01	3.820936572994236613e+00	8.112857712658348319e+00
1.190634642299266632e+00	1.263867546186999746e+01	3.714223801065482000e+00	7.735199645311524819e+00
1.196912208834400859e+00	1.249958236579711901e+01	3.623273946970393400e+00	7.793921609431969877e+00
1.203201577354146234e+00	1.240635787481615537e+01	3.670396232663862612e+00	7.905771823245892449e+00
1.209486844441705733e+00	1.223809921313710802e+01	3.528753622140972990e+00	7.969474218478361571e+00
1.215763902074809888e+00	1.210194254483028331e+01	3.580769972322987993e+00	7.769444092350889619e+00
1.222049755171146668e+00	1.194196363242938297e+01	3.471071968688470566e+00	7.774135641011751474e+00
1.228340616621486969e+00	1.178724461323829864e+01	3.409485269567829047e+00	7.743184031910291587e+00
1.234632986576932767e+00	1.169982099749092974e+01	3.459189087466639556e+00	7.723155065684119691e+00
1.240902247176856488e+00	1.153958214572065799e+01	3.267565980280835891e+00	7.822845959943164118e+00
1.247174839144687519e+00	1.140075388565823822e+01	3.289047045900586941e+00	7.470940833293441052e+00
1.253465459933442272e+00	1.129884338164352897e+01	3.247810323656910914e+00	7.652472618964152318e+00
1.259749951892178421e+00	1.116208854990824406e+01	3.171118868427246440e+00	7.598274043339202422e+00
1.266032143127253873e+00	1.108135469397426576e+01	3.216227110292587898e+00	7.820822454622149422e+00
1.272316288472006507e+00	1.090890821519482223e+01	3.130559812884849524e+00	7.641336458689544919e+00
1.278604155058621350e+00	1.079407295037501413e+01	3.089928449572431735e+00	7.594836903109099424e+00
1.284886588933593865e+00	1.072844519521682294e+01	3.198430933734423665e+00	7.701989320618641166e+00
1.291175420066583257e+00	1.060512857054873948e+01	3.145808022365218726e+00	7.639489856521483269e+00
1.297465726373772332e+00	1.049479947037714744e+01	2.968341876431571436e+00	7.469141845361185972e+00
1.303741827011944299e+00	1.039807127493405581e+01	3.095997259370783183e+00	7.559209845840493713e+00
1.310017322922761851e+00	1.027280025449278078e+01	2.991823383956191851e+00	7.685375863081330472e+00
1.316301447662886703e+00	1.018646478121200438e+01	3.048069224112636810e+00	7.574301350990990223e+00
1.322586760363303249e+00	1.006706419752829795e+01	2.969101600373072358e+00	7.544379743654421766e+00
1.328865492452874664e+00	9.939810152874946070e+00	3.044220582485761106e+00	7.516461861601993810e+00
1.335144804954555564e+00	9.873123999094062242e+00	2.987459387984726877e+00	7.621106198668638143e+00
1.341440516272275119e+00	9.778614839335139308e+00	2.955661983595544218e+00	7.505373157320057942e+00
1.347730868417094552e+00	9.688236595364887904e+00	3.048767399614766838e+00	7.633004353548283660e+00
1.354001589994877630e+00	9.571818846727712327e+00	2.887060499626685761e+00	7.476716156925943046e+00
1.360282609297778444e+00	9.474500767718302185e+00	2.919754583285075089e+00	7.453545546087042339e+00
1.366565686457597906e+00	9.416534598427602987e+00	2.884138206551764227e+00	7.574708771184823775e+00
1.372851498482432708e+00	9.348159164825794676e+00	2.886192138832961884e+00	7.577432917159987014e+00
1.379135372929401804e+00	9.226284493695175115e+00	2.941196545490138980e+00	7.682547946825255103e+00
1.385409567149057164e+00	9.165760070777436042e+00	2.916779191151925410e+00	7.624193887920784007e+00
1.391698641219299315e+00	9.094605068759610944e+00	2.958799558473625080e+00	7.499806966032874556e+00
1.397984451439470810e+00	9.035902152184931424e+00	2.905477985989195044e+00	7.709806689778266886e+00
1.404267883409181961e+00	8.916163902185321177e+00	2.992821931867871932e+00	7.567720119958504021e+00
1.410554779484869181e+00	8.886468575427802108e+00	2.907203715928498244e+00	7.611755930115505997e+00
1.416837833547465397e+00	8.777424459585393635e+00	2.968219489177732040e+00	7.645948176836364851e+00
1.423118177187137068e+00	8.697950829246448023e+00	2.924421902738036927e+00	7.767938342155191300e+00
1.429397801164240089e+00	8.653486509737925658e+00	2.961067037764856469e+00	7.636362906820649776e+00
1.435686921822787232e+00	8.578115608161866135e+00	2.963816769115013905e+00	7.763195991367881632e+00
1.441977121769299597e+00	8.520057451440850471e+00	2.936183840528798328e+00	7.749987924205757217e+00
1.448253667853332427e+00	8.444714221300156254e+00	2.952347295920371817e+00	7.782264984688638698e+00
1.454532348972172651e+00	8.390232189706598120e+00	2.987985616758095819e+00	7.808697014089911903e+00
1.460819319151879903e+00	8.306187602174023965e+00	2.914756566549784544e+00	7.681883754139444243e+00
1.467110364402026468e+00	8.287512201064803463e+00	3.013168756266750403e+00	7.880007022773695802e+00
1.473392908948962132e+00	8.202832999608240527e+00	3.041222049894145574e+00	7.896051498668333224e+00
1.479669965243598950e+00	8.149950667840672125e+00	2.954353732354344508e+00	7.906038828800642904e+00
1.485956144602843532e+00	8.084650375970978686e+00	3.005255212436189538e+00	7.844092846599823865e+00
1.492233610763115115e+00	8.041118734626898856e+00	2.999885254058202388e+00	7.896651086283900334e+00
1.498502470379980078e+00	7.995836162384100554e+00	3.026986504738261807e+00	7.971469154955290293e+00
1.504785752051182701e+00	7.969531797639879400e+00	3.125692457644753119e+00	8.034106793878766695e+00
1.511075991894575976e+00	7.884312797309759091e+00	3.107203834285488853e+00	7.993158843977156813e+00
1.517361634985162189e+00	7.852072827641284114e+00	3.164178399689385301e+00	8.074778823727349675e+00
1.523648570969130533e+00	7.824066417795848771e+00	3.175665401444938585e+00	8.182247238908280096e+00
1.529938035715892264e+00	7.746579603034450479e+00	3.077369866081165029e+00	8.035930023491458130e+00
1.536230176913891965e+00	7.673507080040676165e+00	3.086430931171058489e+00	8.015240003863020490e+00
1.542510718779388279e+00	7.681197328510873668e+00	3.177357878120437018e+00	8.231867828943917331e+00
1.548783963082980275e+00	7.582708631775416208e+00	3.102604212966717068e+00	8.120161727617118075e+00
1.555073069779651318e+00	7.586409481380125719e+00	3.285430743877318260e+00	8.251331400733471710e+00
1.561357324927233892e+00	7.533087111271715486e+00	3.227041382537161329e+00	8.339670183491170619e+00
1.567629121053141006e+00	7.486751189235550719e+00	3.185700435269630759e+00	8.259780469552948645e+00
1.573913697404382583e+00	7.478497734380388451e+00	3.271378799708677843e+00	8.343714675289323424e+00
1.580203545230874029e+00	7.425534782903042696e+00	3.260285309976007184e+00	8.298822028745730606e+00
1.586485393434537983e+00	7.404240005466203201e+00	3.258452102446174337e+00	8.444038288719349694e+00
1.592760014263005841e+00	7.340509610669564644e+00	3.227577931589615812e+00	8.401969513380908694e+00
1.599046436394670812e+00	7.300784956762793598e+00	3.324052670003824428e+00	8.329132337348944759e+00
1.605342136637478934e+00	7.291109994032094477e+00	3.370299461293536858e+00	8.528973719502859652e+00
1.611619860919608627e+00	7.241839995837119126e+00	3.301433013848747766e+00	8.540447584200933306e+00
1.617897597081673799e+00	7.210126409061394348e+00	3.334641251003094720e+00	8.582223561778635101e+00
1.624183235481122756e+00	7.151191748390806069e+00	3.377010092704936906e+00	8.497060780271562308e+00
1.630464598531913722e+00	7.149542700484992075e+00	3.346290969633010537e+00	8.574180051051854434e+00
1.636748985747638274e+00	7.110330508857316545e+00	3.416061494626054795e+00	8.678175475942147443e+00
1.643030923698886259e+00	7.083638951061832500e+00	3.392670724432962803e+00	8.688841573441791866e+00
1.649309176648513064e+00	7.063944460387451052e+00	3.473037637452255133e+00	8.737975734156950836e+00
1.655593633940351861e+00	7.014043114843646620e+00	3.401139108792700316e+00	8.610288223803880925e+00
1.661879571405086464e+00	7.010812669631468097e+00	3.389788374873913934e+00	8.701828735089755185e+00
1.668169361685170271e+00	6.974125078951006529e+00	3.431555163663709163e+00	8.759517277371980271e+00
1.674450151530487485e+00	6.953584606873906893e+00	3.443363971578088378e+00	8.784848194028780810e+00
1.680722718978495900e+00	6.946695331959181097e+00	3.451862890293432962e+00	8.833007237764917363e+00
1.687013891340952476e+00	6.921490317425340599e+00	3.495858871256834810e+00	8.883469559584607822e+00
1.693308984907921033e+00	6.900921234851328911e+00	3.473061827264812162e+00	8.911811349286647754e+00
1.699582147428448486e+00	6.862497973192544620e+00	3.498439925143576712e+00	8.910683831008345379e+00
1.705863747055134105e+00	6.849997759725776625e+00	3.476696406234192960e+00	8.949421395974601623e+00
1.712154434283889470e+00	6.846415286542790746e+00	3.567061552834568605e+00	9.071025216513994849e+00
1.718438381579399321e+00	6.813904782800292104e+00	3.505362102508366107e+00	8.959230900287275645e+00
1.724721264464063930e+00	6.797642535564518695e+00	3.510725156272342495e+00	9.062303561535445695e+00
1.730997441276920679e+00	6.799483800990651083e+00	3.569004971249341907e+00	9.146233248380751135e+00
1.737287073528269499e+00	6.786427198846020303e+00	3.517177217344561679e+00	9.158139698690822783e+00
1.743567991878527401e+00	6.748677801050161129e+00	3.533451534559726603e+00	9.192773338756058621e+00
1.749840680212231048e+00	6.744100822235731485e+00	3.520704198793846995e+00	9.198476406685268003e+00
1.756128549091961144e+00	6.715332642972855481e+00	3.526816646733856864e+00	9.204811088799882413e+00
1.762413535324792502e+00	6.718995441900549537e+00	3.511971880872931440e+00	9.299945452676753987e+00
1.768696187669963837e+00	6.703873634047470276e+00	3.486995205270537745e+00	9.282378543992027886e+00
1.774979359379055266e+00	6.679343945120933768e+00	3.469327864075960832e+00	9.222656764484433722e+00
1.781265555576432957e+00	6.687301913671539033e+00	3.543374158997685264e+00	9.349817931784171421e+00
1.787549427830244619e+00	6.673908930175126208e+00	3.471801438906504611e+00	9.427676884747006270e+00
1.793834120011633004e+00	6.661577856055418856e+00	3.526151806557169088e+00	9.432188267200594112e+00
1.800115051552487300e+00	6.656677463856476962e+00	3.450616829298087662e+00	9.458242298749674148e+00
1.806393904854530330e+00	6.625804572896326405e+00	3.512844326977600851e+00	9.450858135441128738e+00
1.812674089667083432e+00	6.628931816969416246e+00	3.502325025786453327e+00	9.475338708925367115e+00
1.818956920109354058e+00	6.636211157610329536e+00	3.474910269881749780e+00	9.567800449384955996e+00
1.825244164118212220e+00	6.627232054375132186e+00	3.432777601190086791e+00	9.511070740929117306e+00
1.831527256642196955e+00	6.595960768252824735e+00	3.441507772341159566e+00	9.530001773702435841e+00
1.837811294935716599e+00	6.628037618587738322e+00	3.505165063344082732e+00	9.645695316552304277e+00
1.844100717411196744e+00	6.597580339418778195e+00	3.457473369203626135e+00	9.710467672870198186e+00
1.850384816792487230e+00	6.606375299191959982e+00	3.455260544714975790e+00	9.672534050761353086e+00
1.856666059735203822e+00	6.599924324686763377e+00	3.357938390869029011e+00	9.685111842673276072e+00
1.862947728675613979e+00	6.594727154928304635e+00	3.308373038495569851e+00	9.691057645647964236e+00
1.869229324466858078e+00	6.595365722790809571e+00	3.351153207859660199e+00	9.737404517618521993e+00
1.875517616802973686e+00	6.605216099469021884e+00	3.403764436684010075e+00	9.876119145467288973e+00
1.881800769033795229e+00	6.583467031543045245e+00	3.306959434676112863e+00	9.720353701863803764e+00
1.888078863416442710e+00	6.579712658884361964e+00	3.285804890137294265e+00	9.764776273140283180e+00
1.894353975182237582e+00	6.601042371223232230e+00	3.253339184406101925e+00	9.888659513796632439e+00
1.900642716154182565e+00	6.594092534853495557e+00	3.232455810693610321e+00	9.880779192645205100e+00
1.906933494748685121e+00	6.609994138288554311e+00	3.267798052127595110e+00	9.959672681314449605e+00
1.913207568676573933e+00	6.598217678248354368e+00	3.189815295927278527e+00	9.989013676935742936e+00
1.919490884732178992e+00	6.611854209786631742e+00	3.115774052298134755e+00	1.002433805609226170e+01
1.925776855684274480e+00	6.594985042646879236e+00	3.067297164046233870e+00	9.906591609502012119e+00
1.932064452961978152e+00	6.599707640493509331e+00	3.139725348227381918e+00	1.004145228744828700e+01
1.938342610030488800e+00	6.635403922278276134e+00	3.078862310197607588e+00	1.019007412050148886e+01
1.944618341543410178e+00	6.621310228503006101e+00	2.999962330253943321e+00	1.010466624003682590e+01
1.950906260203513876e+00	6.626628665962664755e+00	3.043328874274745299e+00	1.010649847387326616e+01
1.957194556613796488e+00	6.651490043974244593e+00	3.001388969547570618e+00	1.021037684655887112e+01
1.963479614559011432e+00	6.652789103804026105e+00	2.973535145302798721e+00	1.018718144834203976e+01
1.969760361532916226e+00	6.646386169586615544e+00	2.892820671334141114e+00	1.026548167800010880e+01
1.976048367034604736e+00	6.654696900481719801e+00	2.884169799090441799e+00	1.020952358794434289e+01
1.982337990217652335e+00	6.672603193780396680e+00	2.768073501545890380e+00	1.027970209165624560e+01
1.988617489259562721e+00	6.678364132091075156e+00	2.753624610696054464e+00	1.029262570728884540e+01
1.994896320665194178e+00	6.697063499127302144e+00	2.785534192476836868e+00	1.037359397926622329e+01
2.001179596222827151e+00	6.687858449861354693e+00	2.683394013925714638e+00	1.028894826257561235e+01
2.007459756923499761e+00	6.707974088900911624e+00	2.662574927614053344e+00	1.036313930127347760e+01
2.013737397779169935e+00	6.722737881986786235e+00	2.606077979307580339e+00	1.040449276212106255e+01
2.020017234677497164e+00	6.728774745620360598e+00	2.555933707352825213e+00	1.040984382120715601e+01
2.026310251015072783e+00	6.747467719971199429e+00	2.536261824654875596e+00	1.044884875200132868e+01
2.032600542948020284e+00	6.742888972479478049e+00	2.420955526130306623e+00	1.036019704662970931e+01
2.038873863192099289e+00	6.781250772234580282e+00	2.474773877951264911e+00	1.050496671312832930e+01
2.045154087821675404e+00	6.779158080121787222e+00	2.342804961550849274e+00	1.049736600971259293e+01
2.051444704514288730e+00	6.811446224303215224e+00	2.359672218316418935e+00	1.058129032124735680e+01
2.057730430280644729e+00	6.798932077343901703e+00	2.257178649678202920e+00	1.048069382867023513e+01
2.064013940455224461e+00	6.829162059825843123e+00	2.219004863977411368e+00	1.063290671842829482e+01
2.070299891179459895e+00	6.839953882855593470e+00	2.165922883190272596e+00	1.064227994856405068e+01
2.076589719964883951e+00	6.871738081798943298e+00	2.178706404784086281e+00	1.066625539848928739e+01
2.082865483794470673e+00	6.888309817978782057e+00	2.033632330895667195e+00	1.064313010663214243e+01
2.089134494859368640e+00	6.886823236900775136e+00	1.980943270634929698e+00	1.062042101903810121e+01
2.095424211360070288e+00	6.915119957542359863e+00	1.966352977502204835e+00	1.069994914253579665e+01
2.101707116664804254e+00	6.926395197510284873e+00	1.943844680769079458e+00	1.072768683599068495e+01
2.107986473933564309e+00	6.929028721078692499e+00	1.837017767649800737e+00	1.069993361497914464e+01
2.114271806543862375e+00	6.965546407215986058e+00	1.777795790894419081e+00	1.073656615920274859e+01
2.120552717288892275e+00	6.974125838107247510e+00	1.675323982806466994e+00	1.075435240275274751e+01
2.126836933207161717e+00	6.994796164531820182e+00	1.619578476960322755e+00	1.075979833711474321e+01
2.133122044791171845e+00	7.015926461845125139e+00	1.614804820172089928e+00	1.080710054060776137e+01
2.139411711910842673e+00	7.033572165559771605e+00	1.580729502041330115e+00	1.082176115333198219e+01
2.145697076775292089e+00	7.065388645851705895e+00	1.470400028440725482e+00	1.089065864991166777e+01
2.151973548606471276e+00	7.094987855574887980e+00	1.451399332653012575e+00	1.097516599761379652e+01
2.158259913555724108e+00	7.105914783440376858e+00	1.403427721493636815e+00	1.089779712283493041e+01
2.164545396699105506e+00	7.160589735719464777e+00	1.291438881685611717e+00	1.108700636570789300e+01
2.170830700377734068e+00	7.161889474573972514e+00	1.210809844940620383e+00	1.095610596664629455e+01
2.177114138849150393e+00	7.203448688755517360e+00	1.125628810157401016e+00	1.103314201365969893e+01
2.183387647576827018e+00	7.209536855119180743e+00	1.129542769235785116e+00	1.111781424456705558e+01
2.189670273687676971e+00	7.220732314437537269e+00	1.063766513306848571e+00	1.103478348414129862e+01
2.195960147934207463e+00	7.248283991971495865e+00	9.857049188047932731e-01	1.103570674631072102e+01
2.202242556317716371e+00	7.292134861884890462e+00	9.409020848437280593e-01	1.115916187412254423e+01
2.208521655981037668e+00	7.297620451518971763e+00	8.600429855094993137e-01	1.112821363460667889e+01
2.214804637081333016e+00	7.310879952257955949e+00	8.225208074530591107e-01	1.108019126616406780e+01
2.221092583349425276e+00	7.348805543983391253e+00	7.149193267710712840e-01	1.114006014356468732e+01
2.227372893591468728e+00	7.360954461694359630e+00	7.541972176032430975e-01	1.113106294842302013e+01
2.233657161144248171e+00	7.397261308383336953e+00	6.158926549327633504e-01	1.120539400646986827e+01
2.239943485394438660e+00	7.449377748402399746e+00	5.833147733051453621e-01	1.127537830185504397e+01
2.246224175264620815e+00	7.445267526760568799e+00	4.460298269348205724e-01	1.124175894764935535e+01
2.252506378421252009e+00	7.468559990599022314e+00	4.510574378566150622e-01	1.123091821760526088e+01
2.258783417054270437e+00	7.499628581993541765e+00	3.493518016002022386e-01	1.126697265611814203e+01
2.265069077371457684e+00	7.532754238042499217e+00	2.711078817964985288e-01	1.129188057898612207e+01
2.271350377044131452e+00	7.586471174481177471e+00	2.015303588802793699e-01	1.143212808874895003e+01
2.277633995145353918e+00	7.569076153986249444e+00	1.407610838754346505e-01	1.123177203530655710e+01
2.283922419579920149e+00	7.605198860215850232e+00	6.006977554819678544e-02	1.132453390429126294e+01
2.290202874392252674e+00	7.651158493260082238e+00	-4.072399841544722954e-02	1.138136713901528552e+01
2.296490779970905560e+00	7.660445959951815986e+00	-1.077619431770089793e-02	1.136402481394694242e+01
2.302771769934229162e+00	7.714667671276646210e+00	-9.647873561785950958e-02	1.148827935020038638e+01
2.309051364164305564e+00	7.727646880566250154e+00	-1.896872857347330077e-01	1.145878371612482205e+01
2.315338502539088239e+00	7.769084660282178589e+00	-2.390344162061834310e-01	1.149525858827420777e+01
2.321627336503874428e+00	7.797316517082556686e+00	-2.988286607287309882e-01	1.149371765623748232e+01
2.327911878297218795e+00	7.793266832027228475e+00	-3.656288713586591799e-01	1.139081930220074490e+01
2.334186238580297168e+00	7.819208797539765499e+00	-3.951195440333185593e-01	1.140587970739786527e+01
2.340467971862688401e+00	7.833872878737928147e+00	-4.305035314863247531e-01	1.142148763065318562e+01
2.346756940970738725e+00	7.909305481182003383e+00	-5.888881239550438629e-01	1.161898863462949194e+01
2.353044444556199988e+00	7.924593830583235743e+00	-6.086972863458367522e-01	1.147326679058071619e+01
2.359327653314069906e+00	7.962287511531902950e+00	-6.953804090076808331e-01	1.159982839854238001e+01
2.365603048789861607e+00	7.973618405806591092e+00	-7.491515162305200093e-01	1.150769881427235397e+01
2.371885911737665165e+00	8.011024347686854341e+00	-8.635389881529064171e-01	1.157727569464211292e+01
2.378173303594019572e+00	8.047881556449109297e+00	-8.405669317776476301e-01	1.163340260564104334e+01
2.384454016539381271e+00	8.091876901623875185e+00	-1.011163060506982792e+00	1.159061643415407339e+01
2.390736447344785187e+00	8.106243599777945619e+00	-1.040185285953157512e+00	1.166127724132421051e+01
2.397014133897952259e+00	8.136605333015657138e+00	-1.050011574318799434e+00	1.161630438805860344e+01
2.403295490074321972e+00	8.187078675280300644e+00	-1.190233139045574484e+00	1.166834149080881744e+01
2.409585049672506862e+00	8.222034521104859550e+00	-1.227277896656828071e+00	1.179223047494986609e+01
2.415871703165322071e+00	8.235485100405258052e+00	-1.271160609377112394e+00	1.166913157326725425e+01
2.422160652369088840e+00	8.267062196229852944e+00	-1.365321726984418449e+00	1.173375917617902431e+01
2.428440167222748691e+00	8.300235717671339941e+00	-1.420623847719578281e+00	1.171288482031040523e+01
2.434717472383889803e+00	8.302113390710445628e+00	-1.467064466176424276e+00	1.161840299982550029e+01
2.441002456202044257e+00	8.338747204378856637e+00	-1.489052292870924221e+00	1.167535130533027932e+01
2.447289980304530488e+00	8.362934327747783669e+00	-1.561493265443597789e+00	1.171471162923917930e+01
2.453571844729242279e+00	8.450111780247992144e+00	-1.692620943671445444e+00	1.185445277361218608e+01
2.459852705114058846e+00	8.424801755611220244e+00	-1.624921577649155013e+00	1.165243764215196975e+01
2.466139233225018934e+00	8.488353483776261754e+00	-1.758343503392889584e+00	1.178552742797809572e+01
2.472421963421291391e+00	8.496689738334211484e+00	-1.768406424000350974e+00	1.174445076919210962e+01
2.478698519174224568e+00	8.550338505729659033e+00	-1.879454969623647997e+00	1.183567622834193855e+01
2.484980841400355800e+00	8.572883860803244715e+00	-1.877370666423303636e+00	1.181649012668167131e+01
2.491269319409339822e+00	8.567796895480382702e+00	-1.903777729310729194e+00	1.169010982226529904e+01
2.497548505139029373e+00	8.629800932955822290e+00	-1.991087243368705462e+00	1.177559971268120442e+01
2.503831667172610853e+00	8.651893463200940104e+00	-2.064126626175462942e+00	1.173646577216190856e+01
2.510117938323931153e+00	8.670854360675100736e+00	-2.061255610860133647e+00	1.173858272738102215e+01
2.516400733681277480e+00	8.715048043490394747e+00	-2.134712362981249001e+00	1.174384713339041220e+01
2.522688226833368130e+00	8.727086757655291294e+00	-2.135507847868679754e+00	1.174397099215589257e+01
2.528971695852665569e+00	8.772682860710283137e+00	-2.222455975657313232e+00	1.182422120203070826e+01
2.535252039407670299e+00	8.794326124758622854e+00	-2.297235858955032572e+00	1.169680940850401996e+01
2.541537514142774512e+00	8.794297548741864645e+00	-2.300744366937051311e+00	1.167910015019951864e+01
2.547823008847572179e+00	8.828414400896466674e+00	-2.357249059082373144e+00	1.168372294471535788e+01
2.554100666580690238e+00	8.855335876914367077e+00	-2.432248111777502331e+00	1.165077618776721913e+01
2.560376788884177301e+00	8.914812152122539857e+00	-2.451868222252038265e+00	1.178384609377257419e+01
2.566667521601497359e+00	8.942090562793509889e+00	-2.476092086899481348e+00	1.175343156557766733e+01
2.572955062237090473e+00	8.971294580113736927e+00	-2.538022902955616722e+00	1.178300269726848626e+01
2.579233771797999175e+00	8.992481457509157394e+00	-2.530170998028236973e+00	1.177250120950163925e+01
2.585520164300948220e+00	9.051960419719744522e+00	-2.688676600649906323e+00	1.174222077114671769e+01
2.591805130332431872e+00	9.051895305847828865e+00	-2.675026190099442314e+00	1.167695233486227480e+01
2.598084074692260881e+00	9.077561256449662608e+00	-2.716979265376185282e+00	1.171814458496464262e+01
2.604360404197643586e+00	9.127415016336120956e+00	-2.746587567812633690e+00	1.176943682100142574e+01
2.610647185140439142e+00	9.132773068998682575e+00	-2.786113004667790882e+00	1.166620615099679981e+01
2.616931864059273138e+00	9.173001554226736687e+00	-2.886074165037291639e+00	1.168685626631010521e+01
2.623206107911065565e+00	9.217220102042594121e+00	-2.885824474110713300e+00	1.173346237644905266e+01
2.629491626543270844e+00	9.203600291502176844e+00	-2.842452836728329046e+00	1.157743772990886377e+01
2.635778507982642349e+00	9.254821155103352126e+00	-2.976132396453689655e+00	1.171812663203400007e+01
2.642061039325260818e+00	9.257775987002972329e+00	-2.921528621541608306e+00	1.152084840055086801e+01
2.648343840729305843e+00	9.297938978574523006e+00	-2.998041667109363040e+00	1.166377237148178203e+01
2.654631838974855551e+00	9.340082050134713043e+00	-3.062733694563678721e+00	1.170068545811417060e+01
2.660919001246303761e+00	9.363267167098799248e+00	-3.039032680464419212e+00	1.155109793811474361e+01
2.667198525130066056e+00	9.406859238683278335e+00	-3.124743989447465786e+00	1.166197177950421349e+01
2.673484307038032526e+00	9.443849009964127461e+00	-3.180183874844018543e+00	1.166629872801878953e+01
2.679773388053849459e+00	9.465357826597740498e+00	-3.151716806549829553e+00	1.165831809898779348e+01
2.686058217632288692e+00	9.467686686875193658e+00	-3.163566071880282049e+00	1.157638782033912150e+01
2.692338738200057868e+00	9.515712988876041223e+00	-3.314705855036281790e+00	1.164967183112842086e+01
2.698618022887226964e+00	9.521768096849788421e+00	-3.292257971374246583e+00	1.153319316506544823e+01
2.704895450708277860e+00	9.559052353655248524e+00	-3.289708217662440592e+00	1.153649372633819503e+01
2.711175674923682166e+00	9.588821079934010783e+00	-3.326713121309146093e+00	1.150407343386558523e+01
2.717459832966957922e+00	9.628878556491976326e+00	-3.349524975971488683e+00	1.159399271122070907e+01
2.723745731959044569e+00	9.636316070047595161e+00	-3.372601974809809722e+00	1.154355135321960191e+01
2.730038414850594730e+00	9.674996371385169880e+00	-3.393261581826649387e+00	1.158116948359035803e+01
2.736317989800789441e+00	9.730772552997615676e+00	-3.454255154708513409e+00	1.159084371548400760e+01
2.742591858549239703e+00	9.734626002092278796e+00	-3.462642756297510616e+00	1.151975174588444695e+01
2.748879749010778362e+00	9.772535575873018132e+00	-3.487403470587694621e+00	1.153826258761979950e+01
2.755163403825859447e+00	9.780997951324101436e+00	-3.507575740405073361e+00	1.153022118530768125e+01
2.761446955625852073e+00	9.831472327641945341e+00	-3.623285507397310923e+00	1.158874899064616670e+01
2.767732088935374701e+00	9.839628752049527805e+00	-3.551445423412403990e+00	1.148553269317512004e+01
2.774015452421743966e+00	9.872568203532928521e+00	-3.553163853102670355e+00	1.147161446954066122e+01
2.780298635700591436e+00	9.928630339118768688e+00	-3.646845817521503719e+00	1.155173684397183287e+01
2.786577474762241380e+00	9.944890011697582466e+00	-3.692013186413362735e+00	1.155661764782951906e+01
2.792857983210164541e+00	9.984272360985039896e+00	-3.679204441559984939e+00	1.151358251923057985e+01
2.799143790920211483e+00	1.001428154773677548e+01	-3.728456370400284214e+00	1.159196765652766459e+01
2.805430058399325244e+00	1.001981256679459875e+01	-3.685206556828515279e+00	1.140012955152135277e+01
2.811715058209780072e+00	1.006081531446610633e+01	-3.716669993749139866e+00	1.143252398625444854e+01
2.817989272498773623e+00	1.011847841920566538e+01	-3.776336843941759724e+00	1.156584304743563330e+01
2.824269171595737760e+00	1.011870787626234325e+01	-3.794940862663661818e+00	1.141932586226155699e+01
2.830563016441804081e+00	1.016492065320378479e+01	-3.846555000404539459e+00	1.151651870133300370e+01
2.836848750951622034e+00	1.019897339875059394e+01	-3.858965855196937245e+00	1.150662203704635900e+01
2.843130027866129783e+00	1.021913463061440375e+01	-3.852879549630277012e+00	1.148602774710671426e+01
2.849413896912404986e+00	1.024585028914562201e+01	-3.866762042244232589e+00	1.154752836179796738e+01
2.855697464522425566e+00	1.028475056667112320e+01	-3.936468331883973715e+00	1.151752025155412795e+01
2.861978799810683594e+00	1.030925197690503303e+01	-3.955979131692295869e+00	1.153561790014073907e+01
2.868262469415629567e+00	1.032857583990141137e+01	-3.952088609105287809e+00	1.149900394692805250e+01
2.874547359206753860e+00	1.038205165923167961e+01	-3.955840853741924956e+00	1.149369393920345317e+01
2.880831111471525041e+00	1.041519573700786339e+01	-4.017447411576808847e+00	1.157040784461482552e+01
2.887113216972382546e+00	1.044374442624683752e+01	-4.009956533736880324e+00	1.153542293989526613e+01
2.893394504725182781e+00	1.049017246884766408e+01	-4.061248720745992635e+00	1.161556725400873979e+01
2.899673662137033592e+00	1.051475014575660971e+01	-4.041585048157770643e+00	1.149595604270548144e+01
2.905953958587380814e+00	1.054538302906831682e+01	-4.071098224091667994e+00	1.154487629246704294e+01
2.912241118105161064e+00	1.057908516887660433e+01	-4.063101706743578845e+00	1.160728207089992914e+01
2.918525996366671205e+00	1.059458278137640086e+01	-4.052624428491769848e+00	1.149737984147222569e+01
2.924809035425688819e+00	1.063373945952979405e+01	-4.130105965941349488e+00	1.163182140027733880e+01
2.931095916293684933e+00	1.065612801656246411e+01	-4.106740668279273088e+00	1.153017931454697020e+01
2.937378182606774413e+00	1.070861741501695086e+01	-4.168569018584226349e+00	1.158100160820281133e+01
2.943659980254369923e+00	1.072840282114823296e+01	-4.122575766638728822e+00	1.164289988877324866e+01
2.949946454403890250e+00	1.076720654330225635e+01	-4.173537237771404840e+00	1.161506999535600571e+01
2.956227653702202307e+00	1.078533482992143533e+01	-4.139579348605794351e+00	1.163110088736106817e+01
2.962510478867462993e+00	1.087037561730212687e+01	-4.206498307050948959e+00	1.173958275385995265e+01
2.968796535179442309e+00	1.088068828308848524e+01	-4.239098974319722046e+00	1.173063684724309219e+01
2.975077657376874907e+00	1.093745465855118759e+01	-4.340638524853987157e+00	1.176264451503529429e+01
2.981359866759223376e+00	1.096031584567996298e+01	-4.309285202661363279e+00	1.174958007894517564e+01
2.987646761575656562e+00	1.100456092164510125e+01	-4.286785478879821198e+00	1.183185362026415177e+01
2.993929038370399365e+00	1.106122892694715354e+01	-4.351678131160300111e+00	1.186354701409227808e+01
3.000206214840962726e+00	1.107615021636636854e+01	-4.336356437996085056e+00	1.190076401229410763e+01
3.006486172402415669e+00	1.110800143000348328e+01	-4.404485119436406748e+00	1.181074231377314199e+01
3.012769812211594456e+00	1.115824454762827500e+01	-4.395813879584605566e+00	1.196471214749929857e+01
3.019053144326170113e+00	1.119627019629845854e+01	-4.423744802036398305e+00	1.193070380156323296e+01
3.025337405144251424e+00	1.125100359534233974e+01	-4.441284366269556472e+00	1.201302908896663979e+01
3.031623734799107961e+00	1.128183931008967100e+01	-4.471850807783946280e+00	1.202820736310150451e+01
3.037908962055872575e+00	1.132052655906922034e+01	-4.453928538444536400e+00	1.210584012171277024e+01
3.044195067146031608e+00	1.136631368363729955e+01	-4.479639850558718273e+00	1.216651701524509477e+01
3.050475543482170426e+00	1.139484236559541941e+01	-4.513837964833988359e+00	1.214231888482952471e+01
3.056754954538277502e+00	1.147701116031131185e+01	-4.567071285909634959e+00	1.230344876634203466e+01
3.063040539557494668e+00	1.148380262843716970e+01	-4.544048402212488291e+00	1.224727343771049881e+01
3.069323699454357346e+00	1.154931386033836205e+01	-4.647499902910065650e+00	1.235308849817074694e+01
3.075610692642898769e+00	1.158848466394177379e+01	-4.637663896176134948e+00	1.240738631135143422e+01
3.081893798009918584e+00	1.162474079465081900e+01	-4.627234960836206668e+00	1.239138926730374912e+01
3.088174549548037717e+00	1.165385260121041000e+01	-4.627171820148606507e+00	1.243839319301176793e+01
3.094458635632868493e+00	1.171350387924329262e+01	-4.692887813258827201e+00	1.249380060816042004e+01
3.100743982931558840e+00	1.174803160733779528e+01	-4.689330110974937682e+00	1.251251789964526040e+01
3.107028111748448396e+00	1.181502882638923602e+01	-4.804764803063482859e+00	1.272197239332603225e+01
3.113309299655494300e+00	1.187633915128183126e+01	-4.760811791263107828e+00	1.269480015062407929e+01
3.119590662867241626e+00	1.192593218828861801e+01	-4.829414512319997854e+00	1.278722272678946581e+01
3.125874006820172912e+00	1.196666274132298824e+01	-4.848732902623401841e+00	1.286147227123747250e+01
3.132159251154602586e+00	1.200956542766651047e+01	-4.848982456645969386e+00	1.296373787708371772e+01
3.138439172765940643e+00	1.207560890372690920e+01	-4.918687965497204218e+00	1.305291029961213312e+01
3.144723867719826593e+00	1.212084344151244153e+01	-4.898087660546395661e+00	1.305231136007386539e+01
3.151003951258561031e+00	1.217325531696557128e+01	-4.978775502825258492e+00	1.317287395522120974e+01
3.157283664131563139e+00	1.223201867085405681e+01	-4.964287959968417319e+00	1.320415925257334777e+01
3.163569317183839935e+00	1.227946490014686454e+01	-5.034223748048407110e+00	1.333436615785186774e+01
3.169851661717792091e+00	1.232025325727037846e+01	-5.047884421457822235e+00	1.333872540026386844e+01
3.176137704316093657e+00	1.237831371435981076e+01	-5.096017748722302620e+00	1.341116334089615059e+01
3.182420924828643916e+00	1.245694267058059879e+01	-5.153048132280097171e+00	1.359783532712077836e+01
3.188702811875577581e+00	1.249370216257497290e+01	-5.150122303860010575e+00	1.365847938652608740e+01
3.194990520008989865e+00	1.256235490118618436e+01	-5.195376631047667892e+00	1.371168116413635119e+01
3.201275324656983834e+00	1.260838247060024386e+01	-5.239569738485864825e+00	1.379344031751477040e+01
3.207551352179861759e+00	1.266277667643135096e+01	-5.258164593270846510e+00	1.387876681554563163e+01
3.213835216737041645e+00	1.273898799869289000e+01	-5.304011771344484316e+00	1.405302918652457400e+01
3.220122579819103770e+00	1.263015903643695736e+01	-5.014525942119259838e+00	1.337252060290535560e+01
3.226406606618656525e+00	1.237990511818729722e+01	-4.396471632383441630e+00	1.214258783151150034e+01
3.232687390085645429e+00	1.218873920785327236e+01	-3.887542176301236996e+00	1.093913617928507165e+01
3.238969121280456331e+00	1.198026364957198808e+01	-3.425502227233240937e+00	9.824828615853723690e+00
3.245254751548589667e+00	1.179309961539711793e+01	-3.005194144323144467e+00	8.795096017755446027e+00
3.251534499036136783e+00	1.166120937036376048e+01	-2.705400027598039880e+00	7.905239955425160225e+00
3.257817780791052442e+00	1.151688379345591962e+01	-2.323602773793632448e+00	7.027654000369316201e+00
3.264102164154097263e+00	1.142075234372079784e+01	-2.078462661238293929e+00	6.271115930682176653e+00
3.270384152138468892e+00	1.131495180346930596e+01	-1.821926801550716846e+00	5.570405834126067823e+00
3.276669427476867735e+00	1.118537787948180195e+01	-1.551310895422002956e+00	4.789537553520158752e+00
3.282954688864507808e+00	1.109474045511203499e+01	-1.358354662068288476e+00	4.148705490738604063e+00
3.289237200334947264e+00	1.101543310983365842e+01	-1.190690129733228186e+00	3.474479771958319141e+00
3.295519587088236779e+00	1.095665648574079043e+01	-1.026030119604190105e+00	2.901469934757652691e+00
3.301805977329951958e+00	1.087084342146208193e+01	-8.324636549529039753e-01	2.340748851568255073e+00
3.308087486222440088e+00	1.081752060004606264e+01	-7.026465259795099394e-01	1.746770533579651952e+00
3.314367630234227313e+00	1.076449899276178179e+01	-6.140854976502111429e-01	1.229161363045365274e+00
3.320651909732194262e+00	1.073521341856788602e+01	-4.966516131742585438e-01	7.132209441639310032e-01
3.326931260376857047e+00	1.067982384177716959e+01	-4.196277752688984397e-01	2.681629061065372577e-01
3.333216512447217728e+00	1.065239967070847094e+01	-2.810046102507460786e-01	-2.501790093135600190e-01
3.339504489419978128e+00	1.060508750838545033e+01	-2.308315615904322216e-01	-6.677380316102781155e-01
3.345786804809928405e+00	1.059784382643732847e+01	-1.150764088429628712e-01	-1.120351122525053977e+00
3.352071130016277767e+00	1.056916894398665185e+01	-4.499976104591471571e-02	-1.515312838358623182e+00
3.358351496304225581e+00	1.054646526614618551e+01	1.891265810714016712e-02	-1.916660763815711377e+00
3.364630591073392019e+00	1.052801655195803932e+01	4.730641157334972841e-02	-2.372198184897847728e+00
3.370916305215045483e+00	1.051181289118202500e+01	8.489863094253649600e-02	-2.660796662085903375e+00
3.377197952029413752e+00	1.050275008481367855e+01	1.456184294554671577e-01	-3.054926754845052272e+00
3.383483063818085501e+00	1.050812734738863163e+01	1.594077823595358434e-01	-3.371453546083795327e+00
3.389769992424469969e+00	1.047757650449462474e+01	1.804842495506460143e-01	-3.757319380262847286e+00
3.396051330885982100e+00	1.047096944852301448e+01	2.369438837985890223e-01	-4.117853814843672744e+00
3.402330879139463971e+00	1.048520486545229247e+01	2.305411181663628850e-01	-4.420268995818607216e+00
3.408610488352048495e+00	1.048622777130164252e+01	2.754731938210076558e-01	-4.744317250356255400e+00
3.414897837696641236e+00	1.049577503108819698e+01	2.854012804757992683e-01	-5.056876796777732608e+00
3.421180484052105619e+00	1.051369619035652114e+01	2.582142512388830857e-01	-5.352933614374165039e+00
3.427461639653846870e+00	1.051941354226638303e+01	3.540517842472625243e-01	-5.668488134283044211e+00
3.433749159643459059e+00	1.054228443389077441e+01	2.661745069320547996e-01	-5.948856269129237262e+00
3.440032646656798310e+00	1.054097633248166233e+01	2.970670430668810313e-01	-6.254491201779228682e+00
3.446313366033385339e+00	1.055131885773969280e+01	2.930615478548569963e-01	-6.508637465021615220e+00
3.452600135384134905e+00	1.055988077635797318e+01	3.237704703533472173e-01	-6.836363198610532876e+00
3.458883152815406703e+00	1.058799502773300638e+01	2.777655223103583371e-01	-7.068307158078791730e+00
3.465163834403715448e+00	1.061376207464625487e+01	2.788090322434579327e-01	-7.307989556968006895e+00
3.471449329786229221e+00	1.062080708780666605e+01	2.360712499306941436e-01	-7.615845987633518277e+00
3.477734476754053894e+00	1.065136708039586999e+01	2.670241954449213417e-01	-7.888564412502089063e+00
3.484019652467224226e+00	1.064127104083250863e+01	2.401261489391593729e-01	-8.103083124921086622e+00
3.490297019369712928e+00	1.070330307937132552e+01	2.237826407221002456e-01	-8.323075626853247755e+00
3.496582486484379970e+00	1.071678674064716752e+01	1.921969409467561007e-01	-8.595293835141223582e+00
3.502868048046865024e+00	1.073777268196123025e+01	2.106083865074039885e-01	-8.847058349766145469e+00
3.509144649545451244e+00	1.076013038807223232e+01	1.747386106808189177e-01	-9.090585936326091243e+00
3.515428082003116295e+00	1.078776754594291987e+01	1.741326770228057153e-01	-9.317446493116403161e+00
3.521711031624695565e+00	1.083591393822688609e+01	1.309828224341564318e-01	-9.504137147858264356e+00
3.527991850954735664e+00	1.084894908204500830e+01	1.408218491602666600e-01	-9.761214312889935130e+00
3.534275545726699885e+00	1.087293509285786897e+01	8.577480003401166675e-02	-1.000273712626338529e+01
3.540562632020772149e+00	1.090582824491258229e+01	6.207804555300949073e-02	-1.019055518180222641e+01
3.546844410757220789e+00	1.094678057919113456e+01	6.777870064401313177e-02	-1.047024127182424458e+01
3.553131386753758836e+00	1.099360715003188105e+01	3.965287962168254771e-02	-1.065160059339727816e+01
3.559419203211965144e+00	1.101132910540871279e+01	-6.518418402053403156e-04	-1.085088722386137050e+01
3.565697971577579839e+00	1.104806125299488784e+01	-5.365798743546255911e-02	-1.104490105281166556e+01
3.571979559134798254e+00	1.108292429823032421e+01	-6.480417606801451569e-02	-1.131704708202060239e+01
3.578265774595833726e+00	1.109587472802997432e+01	-2.689712534276397435e-02	-1.159877302546938971e+01
3.584548309769353125e+00	1.114336545152921509e+01	-1.011232146758002937e-01	-1.170001749353498965e+01
3.590826843920031486e+00	1.117888158254152486e+01	-1.443993774003750064e-01	-1.194827319685621347e+01
3.597107306745233934e+00	1.121747621848362542e+01	-1.483416764577595026e-01	-1.207174254971203098e+01
3.603392831792229245e+00	1.126132415105745466e+01	-1.631147299281386631e-01	-1.233112211920349743e+01
3.609673209822572559e+00	1.128465800226836180e+01	-2.169938554734867631e-01	-1.252573338564215710e+01
3.615955412133016189e+00	1.133473068539690232e+01	-2.444084424466270722e-01	-1.271249112990772190e+01
3.622241607772384686e+00	1.137118886006964225e+01	-2.803130558324294919e-01	-1.293516611485057588e+01
3.628520252736676444e+00	1.140393412506881532e+01	-2.920874330551202491e-01	-1.307812148226155102e+01
3.634804827569451113e+00	1.143015417211343987e+01	-2.941492756523250707e-01	-1.332239594607860056e+01
3.641094981788862928e+00	1.147305894194588838e+01	-3.652982642382940903e-01	-1.349168274702406300e+01
3.647383514928639325e+00	1.152266576471386372e+01	-4.195301589005993037e-01	-1.367342498188224198e+01
3.653663283927725658e+00	1.157377453173872794e+01	-3.998863942253861326e-01	-1.389460748214209396e+01
3.659943504072155296e+00	1.159756989796123072e+01	-4.342414723888691763e-01	-1.407191121977062664e+01
3.666232000281138603e+00	1.164723245541958008e+01	-4.022971731587945965e-01	-1.432592206356060771e+01
3.672514211678317597e+00	1.168048626925441447e+01	-4.827023598315781094e-01	-1.443618952661646127e+01
3.678794154686042539e+00	1.172147604183074421e+01	-5.284805946536396126e-01	-1.458985949195214182e+01
3.685078621861909820e+00	1.177842896768852476e+01	-5.457436439273308793e-01	-1.482203690282883990e+01
3.691359210097977961e+00	1.181565311691521813e+01	-6.000843589680847634e-01	-1.498521812208065285e+01
3.697642368173791105e+00	1.185301866582767261e+01	-6.083223269427743274e-01	-1.516970730149580859e+01
3.703925796735277665e+00	1.191315028289399969e+01	-6.369806538272816399e-01	-1.536860497890279120e+01
3.710208240364660348e+00	1.192767101447792832e+01	-6.590775412423136581e-01	-1.553558398108014593e+01
3.716494593122387169e+00	1.197448111192702846e+01	-7.131734324629392940e-01	-1.566363084863028021e+01
3.722775386659595398e+00	1.201543001192786875e+01	-7.046216559538845958e-01	-1.591258449082326543e+01
3.729058392883481510e+00	1.206442593959035570e+01	-7.117087895277823817e-01	-1.609396153970617860e+01
3.735339748210807720e+00	1.211966715362945202e+01	-7.836418786032026684e-01	-1.626343011360128088e+01
3.741620776392969638e+00	1.214260689747824173e+01	-8.110828801565562740e-01	-1.639971401635480674e+01
3.747904795418762980e+00	1.220838546010294934e+01	-8.376688508449321446e-01	-1.660732069621721507e+01
3.754190633281219380e+00	1.224363702766740403e+01	-8.658578881913565617e-01	-1.681401045021249274e+01
3.760478208018912749e+00	1.227213242971194873e+01	-9.014253107860215053e-01	-1.693842462484250078e+01
3.766755538573464346e+00	1.233701019674649579e+01	-9.808395378828355105e-01	-1.709114305958091862e+01
3.773032090135151506e+00	1.236999662507312614e+01	-9.046975927958923469e-01	-1.734710147338694242e+01
3.779322553012896879e+00	1.243322109854270607e+01	-1.010197743694239758e+00	-1.743302092790450075e+01
3.785609109731308930e+00	1.245871657612499384e+01	-9.805431459374713832e-01	-1.770257529982458777e+01
3.791889825936295200e+00	1.251246444353115272e+01	-1.028866456256734896e+00	-1.785909528246187250e+01
3.798174822702435893e+00	1.254273265919170299e+01	-1.052059060063121665e+00	-1.801687017831700643e+01
3.804458658753491651e+00	1.257744746734639207e+01	-1.077092249680696723e+00	-1.821123606858936839e+01
3.810738438095723435e+00	1.263718068866661781e+01	-1.113822316566589254e+00	-1.828779914555889974e+01
3.817018850285747167e+00	1.268194668921135637e+01	-1.158217789516770679e+00	-1.851915233198597477e+01
3.823305314209427763e+00	1.276166832458204858e+01	-1.167902934469998488e+00	-1.875138532908739109e+01
3.829591295197792178e+00	1.277815322793763997e+01	-1.165287973716570669e+00	-1.887016659315117550e+01
3.835872296070849341e+00	1.282575961842750800e+01	-1.214748979080236380e+00	-1.910975246906899372e+01
3.842156279590906109e+00	1.290342824736547911e+01	-1.255285946304283806e+00	-1.922967077034205019e+01
3.848441511099312429e+00	1.292715615104071070e+01	-1.299827612581609948e+00	-1.934605241753386551e+01
3.854723334376886079e+00	1.298180348085880276e+01	-1.322509039079583282e+00	-1.954629977229322435e+01
3.861004740704794713e+00	1.303034192274285452e+01	-1.315247613144744587e+00	-1.973265852372338003e+01
3.867284336650660848e+00	1.308638628069673260e+01	-1.332614333986506638e+00	-1.997458689619068295e+01
3.873567367678779849e+00	1.315663897828403250e+01	-1.390593781368452575e+00	-2.010594271669879163e+01
3.879850662830422792e+00	1.318242563563770631e+01	-1.398214053420060887e+00	-2.027852641039521231e+01
3.886137063198143338e+00	1.322777241345919208e+01	-1.438696243631584437e+00	-2.044000357558239145e+01
3.892419463049126005e+00	1.326049733898993210e+01	-1.423175529480827040e+00	-2.066525621350962538e+01
3.898703740328622658e+00	1.330604979243351771e+01	-1.450576076615109677e+00	-2.082622974446081443e+01
3.904991458788179326e+00	1.335691390128209832e+01	-1.456060010368227298e+00	-2.097670468319651604e+01
3.911270842222104083e+00	1.341299042920650031e+01	-1.471832755365765744e+00	-2.123255133457506716e+01
3.917549806479573071e+00	1.352658556526386135e+01	-1.631115832023858125e+00	-2.126169242893220002e+01
3.923836006203090587e+00	1.351550396108053320e+01	-1.556072605646406037e+00	-2.155626705855419445e+01
3.930121452497870926e+00	1.359280133365432874e+01	-1.582901317310306810e+00	-2.175313470470154797e+01
3.936398172858230460e+00	1.365699297387233813e+01	-1.618739402388259974e+00	-2.189323607285045625e+01
3.942683040425962293e+00	1.368415843294982892e+01	-1.618247891994086585e+00	-2.211067401134434007e+01
3.948974759704379611e+00	1.376235686932954749e+01	-1.669727791246886417e+00	-2.224880195985703324e+01
3.955259227995065352e+00	1.378682567909963375e+01	-1.614766394737219279e+00	-2.253496046041418666e+01
3.961537174921395454e+00	1.388329777833750533e+01	-1.682308375316517113e+00	-2.269233146897775910e+01
3.967820217617139544e+00	1.390222467396132444e+01	-1.686247815347592161e+00	-2.286820532178470700e+01
3.974105559832568968e+00	1.394925466951637283e+01	-1.694735149290601761e+00	-2.300413672758898542e+01
3.980384727931198352e+00	1.401644614913056053e+01	-1.725857586726663451e+00	-2.320390511181464532e+01
3.986664590839849698e+00	1.406039889511388274e+01	-1.753090036596707479e+00	-2.341826085649999456e+01
3.992949619150675034e+00	1.413263198056983327e+01	-1.748621736527392390e+00	-2.364930230068808825e+01
3.999235075769965952e+00	1.416410472677131160e+01	-1.761447703679936749e+00	-2.382578214660975391e+01
4.005515715515433506e+00	1.423933441325755744e+01	-1.799838434482432525e+00	-2.398965245431325854e+01
4.011798434346478537e+00	1.428291548712058479e+01	-1.805202956863871222e+00	-2.421308751674491688e+01
4.018083716245132386e+00	1.431686710349151959e+01	-1.798819209807639874e+00	-2.439337129793726078e+01
4.024365700052603856e+00	1.438775714826503460e+01	-1.868204251960737583e+00	-2.449280722150114187e+01
4.030643960839860540e+00	1.443073668820225208e+01	-1.904730345705130556e+00	-2.470479174268526634e+01
4.036928708926215137e+00	1.452813970589341253e+01	-1.849518069276563592e+00	-2.504402455424206053e+01
4.043218157412017177e+00	1.457781206772712324e+01	-1.872653862786958001e+00	-2.526387668421840971e+01
4.049503019487663558e+00	1.462783518104888714e+01	-1.895713055421331061e+00	-2.541170921672757999e+01
4.055781898960511000e+00	1.467918944343559851e+01	-1.923416603476155951e+00	-2.557307552302725995e+01
4.062060795621602161e+00	1.474168577782823952e+01	-1.938467622520136491e+00	-2.586062245845766583e+01
4.068347865354716042e+00	1.478974661426581960e+01	-1.922107039690033714e+00	-2.596984306155469469e+01
4.074631027173265529e+00	1.482840619405696003e+01	-1.895918058653889959e+00	-2.625711291091235111e+01
4.080910837526078971e+00	1.488498915695204872e+01	-1.879810453516945756e+00	-2.651226265658327819e+01
4.087201203341442657e+00	1.496947470512174760e+01	-1.927077979019001353e+00	-2.673472061349835371e+01
4.093486818591942189e+00	1.503217835756042930e+01	-1.961954353648096117e+00	-2.691678770527074249e+01
4.099764387336505500e+00	1.510106189688024436e+01	-2.017419465187266336e+00	-2.707162264623182679e+01
4.106049166937662420e+00	1.514525112816568431e+01	-1.967908755865316550e+00	-2.738029012093700487e+01
4.112334559041358695e+00	1.522845376321853195e+01	-1.926765212936779381e+00	-2.766939325713763154e+01
4.118618926059533614e+00	1.525360631567226122e+01	-1.919576040853272270e+00	-2.788068639473672405e+01
4.124898942031112625e+00	1.531065555566514114e+01	-1.972205917088305061e+00	-2.807033906563371772e+01
4.131175432561665417e+00	1.535904568288358263e+01	-1.979814230571905753e+00	-2.823751855333823357e+01
4.137461563786142271e+00	1.541191047430513805e+01	-1.974566656862188463e+00	-2.848034459843998079e+01
4.143746006210170307e+00	1.549144108033429923e+01	-2.068223127722857324e+00	-2.852385982491592031e+01
4.150029800482964326e+00	1.556534341408245403e+01	-2.049732032688773575e+00	-2.886626426055019223e+01
4.156313390684649001e+00	1.564902782981408258e+01	-2.020440730973673826e+00	-2.920291642860325609e+01
4.162596105843763716e+00	1.568497198342287291e+01	-2.045294251306266631e+00	-2.935410235598499185e+01
4.168881843141768684e+00	1.573269535705766842e+01	-2.007185992852003054e+00	-2.966987884667032915e+01
4.175162111073220217e+00	1.581545578175412281e+01	-2.068468444215368685e+00	-2.980019844965666209e+01
4.181448573417560155e+00	1.583200464687033993e+01	-1.993531412355501464e+00	-3.013955721725518089e+01
4.187738782464171194e+00	1.595493345448932310e+01	-2.098667078083802373e+00	-3.024434697730668020e+01
4.194017437180169061e+00	1.598831200552771215e+01	-2.071219253748940670e+00	-3.051965620552264014e+01
4.200293572701767175e+00	1.608703514345079455e+01	-2.057497114243701297e+00	-3.090902663980102716e+01
4.206580195481546269e+00	1.614219396940694295e+01	-2.072111387434438790e+00	-3.106860888652227715e+01
4.212860644652220543e+00	1.622802624020231121e+01	-2.070558511705314242e+00	-3.141531471026441125e+01
4.219138153430114002e+00	1.630003583230985598e+01	-2.087949680769262795e+00	-3.157945739018549958e+01
4.225426162098283811e+00	1.634346400664623644e+01	-2.023031630569544159e+00	-3.199579489679259225e+01
4.231713506719782636e+00	1.637605164878618780e+01	-2.089086843701192908e+00	-3.207546232337936942e+01
4.237990056577191744e+00	1.643567215291924555e+01	-2.071303426958413851e+00	-3.231897687312707035e+01
4.244267783646744618e+00	1.650583815109605723e+01	-1.995859966178489930e+00	-3.280627010517142850e+01
4.250560660182562955e+00	1.661811859435007577e+01	-2.031318930006180690e+00	-3.297062910874503672e+01
4.256847734842668096e+00	1.660889095738512822e+01	-2.005355928724259051e+00	-3.322645739858350566e+01
4.263127100734456221e+00	1.672980792590287535e+01	-2.007370952006910514e+00	-3.354903173642360059e+01
4.269406860432507500e+00	1.680856704458343387e+01	-2.031884960097420922e+00	-3.381175097656393547e+01
4.275691671482192646e+00	1.685028569806569720e+01	-2.062012046740842930e+00	-3.404020610305953198e+01
4.281972414189518794e+00	1.692853568955013088e+01	-2.019186548203576237e+00	-3.434012178012955019e+01
4.288253516806755705e+00	1.698908989439851069e+01	-1.954100702230944453e+00	-3.475930313185640586e+01
4.294540520160492925e+00	1.709000177485670591e+01	-2.097978268652793243e+00	-3.481339076072026728e+01
4.300825742921731809e+00	1.715248978946382152e+01	-1.992781248445319120e+00	-3.532954992420381757e+01
4.307109835491901961e+00	1.720008137765080392e+01	-1.935480756801339020e+00	-3.565411913133679178e+01
4.313390926478413157e+00	1.731291101029305679e+01	-2.006748719588937746e+00	-3.584740090713889771e+01
4.319667979480563247e+00	1.730776758006333438e+01	-1.983578618448626818e+00	-3.615107197690308283e+01
4.325952598143786076e+00	1.746991396392584051e+01	-1.922653843763857839e+00	-3.660498638431000984e+01
4.332241647035422361e+00	1.747382880606908984e+01	-1.894268283400608599e+00	-3.692347605679475464e+01
4.338524445619096781e+00	1.755698450792226595e+01	-1.914266975584410613e+00	-3.719364449991730481e+01
4.344809348131129845e+00	1.763160142873590530e+01	-1.896182722555317834e+00	-3.755041333695830730e+01
4.351090699193166600e+00	1.766357628074665698e+01	-1.875921990347187318e+00	-3.782889301986332242e+01
4.357369710808320029e+00	1.779470724050875674e+01	-1.878272431250483931e+00	-3.819344913121503993e+01
4.363659348967174445e+00	1.776972680712723474e+01	-1.844656317273754675e+00	-3.845120564907141869e+01
4.369947418280990981e+00	1.793279197388907065e+01	-1.899414346466483217e+00	-3.887163827674510941e+01
4.376226569265827315e+00	1.791521757212388266e+01	-1.801665582111197095e+00	-3.911596618342981202e+01
4.382499356631129217e+00	1.801694636477270350e+01	-1.812365152974084515e+00	-3.954762168713502746e+01
4.388784975178015024e+00	1.810204598026077960e+01	-1.812834251796384910e+00	-3.983253897270180488e+01
4.395068696309480494e+00	1.810393889504426213e+01	-1.706417090423620442e+00	-4.042456427216864512e+01
4.401347962382031298e+00	1.824666511201174401e+01	-1.791334717927101750e+00	-4.053499141190077637e+01
4.407628405096517099e+00	1.825117999641457445e+01	-1.723196260255230872e+00	-4.098501864616922319e+01
4.413915862185140426e+00	1.831095357186658745e+01	-1.687894118375479424e+00	-4.143258874804848801e+01
4.420203163534264235e+00	1.845280146568951096e+01	-1.720021160856881837e+00	-4.177934766412986534e+01
4.426480311003382795e+00	1.835234980043636455e+01	-1.587908135773357099e+00	-4.221146644746634280e+01
4.432765973643649104e+00	1.856260697309047103e+01	-1.669106537818008107e+00	-4.245445838034399344e+01
4.439053392023870614e+00	1.853174449407677571e+01	-1.539509859289478699e+00	-4.307859459098902022e+01
4.445336141335588742e+00	1.864520033871849236e+01	-1.513052963003565399e+00	-4.343124719828735181e+01
4.451617241414883352e+00	1.860211192194748619e+01	-1.502402822254611747e+00	-4.369220609005256506e+01
4.457901500730311106e+00	1.858520049070947877e+01	-1.464346884541798843e+00	-4.400888435009067479e+01
4.464189501093017043e+00	1.878040664199282972e+01	-1.422300649675959372e+00	-4.467354515839591755e+01
4.470470197548729985e+00	1.872078509789691836e+01	-1.356947932466122220e+00	-4.512562026437249330e+01
4.476748044268524573e+00	1.884261326398101133e+01	-1.351032256020709532e+00	-4.545742879311975315e+01
4.483035990164653484e+00	1.878754051022060878e+01	-1.198585308086095758e+00	-4.610000006478738754e+01
4.489323331650528104e+00	1.883367069320283704e+01	-1.271499187024313082e+00	-4.626267097611834345e+01
4.495599111667934800e+00	1.890117956426637491e+01	-1.173034939226978990e+00	-4.695906947873797321e+01
4.501870922878794090e+00	1.885608850482066146e+01	-1.072355205945410672e+00	-4.746065201645684795e+01
4.508155162877705457e+00	1.891638166098779550e+01	-1.082458747935762355e+00	-4.774845824651105630e+01
4.514446451153479423e+00	1.883441154352221858e+01	-9.220924595498030119e-01	-4.831404711928639273e+01
4.520723894043856994e+00	1.889691243296279666e+01	-9.155049631100180552e-01	-4.877139470397284526e+01
4.527003782460155890e+00	1.887633460349311321e+01	-8.018758799615324229e-01	-4.937118298607783373e+01
4.533293086610313161e+00	1.886922670965302018e+01	-7.272776585050889642e-01	-4.987044603975193979e+01
4.539578989864040182e+00	1.882160853196590367e+01	-7.077344268884103728e-01	-5.026491510338311031e+01
4.545857164866476730e+00	1.879178500515749661e+01	-5.707569735370688901e-01	-5.089511057088853363e+01
4.552138955546025656e+00	1.875124680332151428e+01	-4.776594073912969751e-01	-5.143842126484947386e+01
4.558432046889146605e+00	1.876308107184746632e+01	-4.654564779487827542e-01	-5.190127827757524415e+01
4.564713463378488711e+00	1.873615208444550717e+01	-3.863628678774965186e-01	-5.230002475187777122e+01
4.570987274133244682e+00	1.878871530071499407e+01	-3.584468460302004389e-01	-5.285430502386562779e+01
4.577274818151045643e+00	1.883396105816397892e+01	-3.073974996054457121e-01	-5.335351869152573556e+01
4.583563263889338657e+00	1.887625550138498198e+01	-3.105717687759136925e-01	-5.377965032427868408e+01
4.589844917004465508e+00	1.889776132220149307e+01	-3.018111438364564636e-01	-5.414792089848238987e+01
4.596126259982004747e+00	1.888310025717748175e+01	-3.140222988031932672e-01	-5.438153274052431385e+01
4.602409075598298926e+00	1.896686427452932833e+01	-2.795662631689846411e-01	-5.497832293645509338e+01
4.608696634867644804e+00	1.907302380335578462e+01	-2.657686405023622078e-01	-5.549495308361932899e+01
4.614977646498861219e+00	1.907483597925290653e+01	-2.256571150668302272e-01	-5.582364041671666399e+01
4.621258953029527383e+00	1.917591055690743929e+01	-2.492488947840446334e-01	-5.628508935623023746e+01
4.627547993978874175e+00	1.918873230102228078e+01	-2.680672336476379036e-01	-5.653201503509254877e+01
4.633830152730579854e+00	1.922912788365382042e+01	-2.615205297236924409e-01	-5.692676627726713434e+01
4.640104005367354567e+00	1.930204463982520480e+01	-2.511541560963325703e-01	-5.727031947885164698e+01
4.646382060386754276e+00	1.931779684760529037e+01	-2.466521116629333543e-01	-5.764935572392570862e+01
4.652674213731970987e+00	1.945998978491110165e+01	-2.149572061092947795e-01	-5.832557687904481725e+01
4.658958291796220230e+00	1.955559725076114930e+01	-3.135830847970575430e-01	-5.862418198843867145e+01
4.665233615070169648e+00	1.964676355276394659e+01	-2.944639081453277463e-01	-5.912830586769366192e+01
4.671520675710307380e+00	1.967551897479300393e+01	-2.126406555414644961e-01	-5.957321795944938003e+01
4.677814351732177300e+00	1.980183259940286078e+01	-3.010877907737863346e-01	-5.996079154952620627e+01
4.684093699744638073e+00	1.986736478356138136e+01	-2.886454175255274701e-01	-6.038626874311288617e+01
4.690368661472568590e+00	1.988926954737742392e+01	-2.326338894307870275e-01	-6.069680740044994849e+01
4.696663270746453733e+00	2.000690143427512524e+01	-2.351925317767178669e-01	-6.127792306392831279e+01
4.702945459248681459e+00	2.007184747476869191e+01	-2.165206995558587866e-01	-6.166844855917251067e+01
4.709209170841929470e+00	2.018778323979600131e+01	-2.448592604859167465e-01	-6.214310949051155575e+01
4.715491634753063543e+00	2.028418933122939194e+01	-3.091580989296962567e-01	-6.252639013896126130e+01
4.721784316284933780e+00	2.027528036813341217e+01	-3.155436512853617703e-01	-6.269326458318158757e+01
4.728063062331094635e+00	2.028568982820492295e+01	-2.925711545403585911e-01	-6.289370440861943479e+01
4.734337423381671073e+00	2.053448567628162991e+01	-2.749268229665357555e-01	-6.383483667870729050e+01
4.740627024094544062e+00	2.058202492202550360e+01	-2.423991019101787436e-01	-6.425399415696118410e+01
4.746914995664547554e+00	2.072819597957035143e+01	-2.324052728024030567e-01	-6.484265449709343443e+01
4.753194740071086777e+00	2.083246715399587501e+01	-3.110644155299164826e-01	-6.523800813796738396e+01
4.759478891864783456e+00	2.085826692290133266e+01	-2.486020105942502723e-01	-6.555120899851310412e+01
4.765762396877359031e+00	2.097648478061275412e+01	-2.667138161264290819e-01	-6.605630404737928529e+01
4.772049481246195768e+00	2.106265996099452664e+01	-2.822011167590470215e-01	-6.643215539618246623e+01
4.778335091022592351e+00	2.123591435259584159e+01	-3.006916823725205856e-01	-6.710985599799181500e+01
4.784610831402393849e+00	2.139228210255608076e+01	-2.532191103649209518e-01	-6.783254865189508109e+01
4.790907306208476157e+00	2.135976828012344697e+01	-2.733520038918584860e-01	-6.785609650009175198e+01
4.797204047706418173e+00	2.150365867524649843e+01	-3.064186984979926920e-01	-6.838395167679232145e+01
4.803470827697504220e+00	2.155202487955067880e+01	-2.907403338683511307e-01	-6.870849814467977978e+01
4.809748850577324042e+00	2.173151264659456672e+01	-2.993003291497474128e-01	-6.944840130724449523e+01
4.816045316586602176e+00	2.183370512924884821e+01	-3.267583953165520971e-01	-6.986576736222002637e+01
4.822329240673497885e+00	2.195059066435889861e+01	-2.999357617145150812e-01	-7.037728671551653292e+01
4.828596758226470165e+00	2.208109652180340987e+01	-2.759032181201017675e-01	-7.097345681111096383e+01
4.834890332961369275e+00	2.212715216386322581e+01	-2.955411070361566028e-01	-7.126611779266650615e+01
4.841191655056394261e+00	2.229486390367742032e+01	-3.026304049755498271e-01	-7.195085179454964930e+01
4.847460407468000554e+00	2.238121250626087999e+01	-2.374662644873032358e-01	-7.241207892070710272e+01
4.853732128521334843e+00	2.243018196761157768e+01	-2.632695180706249305e-01	-7.264100879538558786e+01
4.860029138783373170e+00	2.271695841525640347e+01	-2.699416417981261307e-01	-7.374790646082684020e+01
4.866314601732018019e+00	2.266146433757955236e+01	-2.816128656766495042e-01	-7.366382340760621616e+01
4.872587026269203925e+00	2.279997061755712906e+01	-2.601750806501704760e-01	-7.423753829416790495e+01
4.878874221748241702e+00	2.293775948803808973e+01	-1.554617817234145161e-01	-7.495712532667758410e+01
4.885171078138658807e+00	2.309730218654433997e+01	-2.279090644110563502e-01	-7.551901738228752947e+01
4.891450629931857641e+00	2.332422785716926938e+01	-2.423499296514938506e-01	-7.634711973461203627e+01
4.897716482750221978e+00	2.339371367808613655e+01	-2.382971091333324631e-01	-7.669869399495679829e+01
4.904002834596266069e+00	2.356972265613832107e+01	-1.932105275976432890e-01	-7.750372288578668645e+01
4.910295858205786068e+00	2.358861693346927879e+01	-2.577661910178512539e-01	-7.758718179348537092e+01
4.916575188115905881e+00	2.379848863405277015e+01	-1.298912585778655704e-01	-7.849300827803979530e+01
4.922847946197084212e+00	2.386663542260800241e+01	-2.115667539916122886e-01	-7.877007801726961134e+01
4.929131667457151700e+00	2.401942427442240202e+01	-1.838008126181037705e-01	-7.944019688430591941e+01
4.935434460144239033e+00	2.423433061107709108e+01	-1.498759872802059301e-01	-8.028732136552365262e+01
4.941718513303545279e+00	2.419163806692776220e+01	-2.117397328833235670e-01	-8.019094584139581627e+01
4.947978624761803168e+00	2.443273373236808510e+01	-1.174511484867352129e-01	-8.122196710775664030e+01
4.954274999209829389e+00	2.469825412898839545e+01	-2.234061023481037911e-01	-8.207427327961447361e+01
4.960571094729937514e+00	2.474128088528054548e+01	-2.458866890483519807e-01	-8.225894353030179218e+01
4.966823207626954506e+00	2.486733085250829234e+01	-1.416026365729976810e-01	-8.294834867629465691e+01
4.973097418390337587e+00	2.516635252992144345e+01	-1.999784579722837519e-01	-8.397805045476548003e+01
4.979415129936382023e+00	2.536407610411881919e+01	-1.747593712637426355e-01	-8.475521231798207111e+01
4.985702082330368157e+00	2.544117681094925132e+01	-1.924417035253749853e-01	-8.510083378423418310e+01
4.991949985828016523e+00	2.553000419872536497e+01	-1.124730972800811329e-01	-8.559957801361737495e+01
4.998241586316924057e+00	2.561331173411641515e+01	-9.155955371482481231e-02	-8.599686448370009373e+01
5.004556635606089543e+00	2.588919123112353304e+01	-1.382329282727422504e-01	-8.693594606775205591e+01
5.010828655701208945e+00	2.594415913317479649e+01	-9.888719503884182971e-02	-8.729692630695510047e+01
5.017077229702536556e+00	2.610079444292342288e+01	-1.161832210993029996e-01	-8.788111857466263643e+01
5.023374414758113637e+00	2.627718583068733338e+01	-9.243070282280967109e-02	-8.859129671638160630e+01
5.029688873569548413e+00	2.655097706105494026e+01	-1.265801441218008805e-01	-8.957327023277284184e+01
5.035958413584124216e+00	2.691794918689140204e+01	-1.660462593457696923e-01	-9.082940949487675653e+01
5.042232667658486989e+00	2.681013051231102651e+01	-1.529749868469617302e-01	-9.062366989395135874e+01
5.048528755870775875e+00	2.716593092946026999e+01	-1.370727718816223129e-01	-9.192506032045291420e+01
5.054821121427484520e+00	2.731809326487265466e+01	-6.056701669244470704e-02	-9.260349653610217047e+01
5.061069509814582368e+00	2.752869203853886049e+01	-8.536918331310393293e-02	-9.339268457712486793e+01
5.067347812754101177e+00	2.758975546638559706e+01	-1.970761852188294416e-01	-9.353570689792626069e+01
5.073675050630431116e+00	2.771365394665238568e+01	-8.090356889366762116e-02	-9.420565851170218252e+01
5.079945928388977627e+00	2.811547286972264104e+01	-2.217939218031110549e-02	-9.568407728245334454e+01
5.086192992546071601e+00	2.841803954779211594e+01	-1.086429193362946216e-01	-9.667958883733417963e+01
5.092484128970163226e+00	2.840601890245714500e+01	-2.978466231727821406e-02	-9.688935546231644480e+01
5.098802924706086870e+00	2.863570147740196958e+01	-1.408812617006348633e-01	-9.758208521226153209e+01
5.105078217426394005e+00	2.897388827817568213e+01	-7.991277441417950211e-02	-9.888645171451940996e+01
5.111325076574067872e+00	2.909668271962254238e+01	-9.808506645311276806e-02	-9.935750272749854162e+01
5.117628358851224135e+00	2.940980215863435987e+01	-8.387894573761002504e-02	-1.005505358229792847e+02
5.123935939383525984e+00	2.948802903675479925e+01	-7.951690969892948047e-02	-1.008908288909275228e+02
5.130199176325612065e+00	2.971899181360261011e+01	-1.530387107181819251e-01	-1.016158400747305706e+02
5.136469985878846956e+00	3.010763465916369697e+01	-6.107106382889188056e-02	-1.031899471211363988e+02
5.142797788696348071e+00	3.040137896342930546e+01	-1.186258564030617940e-01	-1.041805671532411282e+02
5.149090378043822192e+00	3.043849369887351841e+01	-3.917761978657690117e-03	-1.045027786776584406e+02
5.155289879840074363e+00	3.100800606811481330e+01	-4.040595283895636464e-02	-1.064827313143336198e+02
5.161564521234301317e+00	3.116397022186972166e+01	-8.741742431558986726e-02	-1.070602841395823930e+02
5.167916673496016244e+00	3.123024915787110345e+01	-3.864542506867350152e-02	-1.073777314209940670e+02
5.174205974602950064e+00	3.138861491531065084e+01	1.286163472355687613e-02	-1.080308991162321206e+02
5.180434820793812456e+00	3.188444139226351837e+01	-7.341172733612548462e-02	-1.097224551454391275e+02
5.186729096569634656e+00	3.198907378579153615e+01	-3.749458050616568533e-02	-1.102205160031367512e+02
5.193058481037780894e+00	3.249497772730757816e+01	-2.471190447841177182e-02	-1.120361345797218746e+02
5.199319511444338460e+00	3.268485618930240122e+01	-5.447717438483230812e-02	-1.127049286492657245e+02
5.205574295584361799e+00	3.300388666028521811e+01	-4.956559788625466284e-02	-1.138804802343704665e+02
5.211894977074066126e+00	3.337310887565737261e+01	-3.240551760958482880e-02	-1.152527140387946218e+02
5.218201708336958511e+00	3.364003043548579086e+01	-3.890795324238673775e-02	-1.162156081119949391e+02
5.224411911780083351e+00	3.375260670913916528e+01	-3.994514307596900432e-02	-1.166286007515986825e+02
5.230677632666463239e+00	3.366093604890046009e+01	6.508263297230451432e-03	-1.164611444987332334e+02
5.237056729559757429e+00	3.473171235269404633e+01	3.618215276513413875e-02	-1.202663553580631088e+02
5.243336785035660697e+00	3.460774642979017557e+01	-9.540704441971814553e-02	-1.197268058429451401e+02
5.249493476178225038e+00	3.513296717358181809e+01	-8.418326282972207752e-02	-1.215767510852557791e+02
5.255787017738318134e+00	3.520812917983307955e+01	-9.850457169372951738e-02	-1.219456262492170424e+02
5.262205327426889845e+00	3.551263269745427920e+01	3.712494160050076181e-02	-1.231835270960608710e+02
5.268477758348532269e+00	3.654826291061584698e+01	-4.025266265282961137e-02	-1.267117726427637479e+02
5.274632213654732560e+00	3.646059224647253671e+01	-1.592564440017501734e-02	-1.264908228673325965e+02
5.280950543314659740e+00	3.688460479252574231e+01	-4.556305799655533534e-02	-1.280097101978018372e+02
5.287327645024750389e+00	3.696442012845927394e+01	-4.784883811981070073e-02	-1.283209554159436152e+02
5.293582359180156516e+00	3.747501049914831839e+01	-7.207144721318120562e-02	-1.300947986315335640e+02
5.299789992649893478e+00	3.807902381346143272e+01	2.528771551335648980e-03	-1.323416374441131609e+02
5.306111460381987222e+00	3.810815850833369467e+01	6.345930820790751659e-02	-1.325548123118323929e+02
5.312452717892129250e+00	3.901258387415545315e+01	7.887322856865582044e-02	-1.357513281776439271e+02
5.318650122853046724e+00	3.903286583973306989e+01	-1.159944627194133410e-01	-1.356388139756061548e+02
5.324923043129819789e+00	3.941377517861867119e+01	3.336952201360388753e-02	-1.372104724843204622e+02
5.331330237158205421e+00	3.939146921069308860e+01	2.735790907773093662e-04	-1.371314232930308492e+02
5.337586726886338617e+00	4.010143033064555596e+01	5.750958820426626400e-02	-1.396849100507974981e+02
5.343685192440848830e+00	4.126425224209567943e+01	-3.296498214541377508e-02	-1.436640023095865786e+02
5.350070659715249199e+00	4.095192127989439257e+01	5.994196994456679056e-02	-1.427678983202259531e+02
5.356556762554878226e+00	4.131053239555843959e+01	-6.384552081573557913e-02	-1.439211563949961885e+02
5.362691868684501095e+00	4.197044235625044450e+01	-7.449306779256208155e-02	-1.462108513475847360e+02
5.368769208912516966e+00	4.319553883648686110e+01	-2.247079458583350550e-02	-1.505756923377690839e+02
5.375270137997677722e+00	4.299746793130324107e+01	9.594988327816732568e-03	-1.499913346468412101e+02
5.381769983045385786e+00	4.339526677464472471e+01	4.100407711328294541e-02	-1.514459483746793182e+02
5.387701030372958222e+00	4.376153523769570342e+01	9.540315891131846693e-02	-1.527689574106548775e+02
5.393786668001271600e+00	4.445106107525119654e+01	6.552137511704911321e-02	-1.551912482596000871e+02
5.400446161099396569e+00	4.530513168390221779e+01	-6.002882124207746528e-02	-1.581052337814324176e+02
5.406957063684501463e+00	4.529192279785112873e+01	-4.671416343145321642e-02	-1.580934577681101416e+02
5.412655672453426270e+00	4.532515468788687940e+01	-7.227849993537310835e-02	-1.581676920537688602e+02
5.418821279260546575e+00	4.671566804411853013e+01	-6.554635826587326859e-03	-1.631712822683319075e+02
5.425690594366304076e+00	4.774954624097588862e+01	-1.889664428831187848e-02	-1.668142559869183401e+02
5.432217487502165376e+00	4.744239612829257169e+01	-2.971179316953986502e-02	-1.657534780251499171e+02
5.437649811577258241e+00	4.770465083649379068e+01	-7.671211479649302223e-02	-1.665725878788308023e+02
5.443914404015878006e+00	4.860608172451662767e+01	-4.939963898196007841e-02	-1.698308266202832044e+02
5.450953501686320202e+00	5.044796354261446680e+01	-2.731084354640484976e-02	-1.763346316280602650e+02
5.457483690405861232e+00	4.900336055300158478e+01	-3.119610730958422354e-02	-1.713059318342343431e+02
5.462715250135157241e+00	5.058823390342303838e+01	-3.605103706527848506e-02	-1.768069567307219359e+02
5.469033575551323523e+00	5.046422714878265481e+01	2.861922273084585577e-02	-1.764952148348472747e+02
5.476177730420278778e+00	5.145380417825740693e+01	-9.611376876074953501e-02	-1.798529649404864301e+02
5.482708935702562236e+00	5.239353658085974530e+01	-3.426416619827509641e-02	-1.832400772758518315e+02
5.487722405008360838e+00	5.424571933407825952e+01	-1.004104599889758254e-01	-1.896130633076068079e+02
5.494194284996126498e+00	5.198923199953579655e+01	3.071785176584749394e-02	-1.819026732683524870e+02
5.501391471009256406e+00	5.354604324698416207e+01	-1.026068081634290002e-01	-1.872293108328169922e+02
5.507128202673079009e+00	5.512115048049427202e+01	-4.281782336069814288e-02	-1.928134923723658574e+02
5.512278020050448646e+00	6.026350990444922928e+01	1.950467324478380449e-02	-2.108802248482335813e+02
5.519395563377015534e+00	5.755020397249474229e+01	5.077236569587532944e-02	-2.014307769648270607e+02
5.526598678609708770e+00	5.509320345934110463e+01	-5.752833554400352267e-02	-1.927357690597176543e+02
5.532162682462509196e+00	5.282006978748388804e+01	-1.701889121254946194e-02	-1.848292145957889261e+02
5.537397124017139127e+00	5.693540118647325698e+01	7.276643874636955223e-02	-1.993260138184596713e+02
5.544582756485218589e+00	6.309356994374958560e+01	4.046039580372536720e-02	-2.208549157671689898e+02
5.551739327507637434e+00	6.616302024687630023e+01	2.324030698935303924e-02	-2.315853728866854055e+02
5.557493306674907707e+00	5.155051187210361263e+01	4.884656065881913534e-02	-1.804724517477289965e+02
5.562281709102816940e+00	5.243283659161896537e+01	-6.638860281251134088e-02	-1.834458663186292142e+02
5.569272720323164449e+00	1.995106012817530328e+01	3.551025784987516670e-02	-6.986413486789837179e+01
