8.899641224696953554e-03	1.344661833886097156e+04	-1.173199843955046390e+03	-5.023251789439008462e+03
1.507912216506557788e-02	1.938439649662444208e+04	1.439265621989591637e+04	-4.992618556463056848e+03
2.144790186456836667e-02	1.353799330739541801e+04	1.004906418020819001e+04	-1.954444220564584157e+03
2.783660776489276650e-02	1.199407956764287519e+04	1.480096860806994482e+04	3.641148935132473525e+03
3.435099785803411021e-02	7.321216443799844455e+03	8.525282868257780137e+03	1.820862608482019823e+03
4.047886761425745911e-02	5.909192897795774115e+03	6.390843944015695342e+03	1.600748294148472269e+03
4.676716683575679601e-02	4.645610003164496447e+03	4.105822105540681150e+03	2.531576153328879286e+02
5.308225101765951665e-02	4.079063212637611286e+03	4.013385980208738602e+03	1.814813982433414594e+03
5.945362440940590160e-02	3.938624736753537945e+03	3.604323717030601983e+03	1.806841861402333791e+02
6.576224814588792211e-02	3.764525535692472204e+03	3.613294399795036043e+03	1.606992021475048205e+02
7.196632906698736953e-02	3.046570171733880670e+03	2.712702980478259633e+03	-3.561334665246059927e+01
7.827860915688347743e-02	2.407226220054485111e+03	2.367590876988123000e+03	-1.911687592647396343e+02
8.470398945834539672e-02	1.986032825972530190e+03	1.926677740422552006e+03	2.975159226068665248e+02
9.096854620527369817e-02	1.625269707200595803e+03	1.704774075505044038e+03	2.762759898157954694e+02
9.720789776830213169e-02	1.331410999194563828e+03	1.280674998262250028e+03	3.054680027259162785e+02
1.034763038959366499e-01	1.308630915443779031e+03	1.311541129004867571e+03	2.554247327981622107e+02
1.097576444254559219e-01	1.209543792494732088e+03	1.286550024668765445e+03	1.209146099348015468e+02
1.160543084780093354e-01	1.160203661429127578e+03	1.093768438934485630e+03	-3.436201104646201543e+01
1.223669666537485351e-01	1.159232748327607396e+03	1.154395781040474048e+03	1.686146277666085211e+02
1.286817263090294094e-01	1.019013358979646000e+03	9.300479475896072472e+02	-4.426003344833219444e+01
1.349500801664080818e-01	9.404950566273909089e+02	1.014037613195095332e+03	2.948423597416780808e+02
1.411949558842147678e-01	7.853545363031902298e+02	7.757294716450169290e+02	1.459956476210790584e+02
1.475133575747468451e-01	6.970416878930778921e+02	7.224796516908498916e+02	1.318413416102492022e+02
1.537865074252268427e-01	6.300254614039504304e+02	6.112028481859739486e+02	-2.576851637095554182e+01
1.600657544051110326e-01	5.684304728168415295e+02	5.989527505700655183e+02	1.172703128903762746e+02
1.663991168687080635e-01	5.733546287364404179e+02	6.241105941111691209e+02	1.242543079181887151e+02
1.727195645776442856e-01	5.420204368381215545e+02	5.693628985214421618e+02	7.059791757949736279e+01
1.789765213377084718e-01	5.314771224656825552e+02	5.568991589773117994e+02	1.412422838801414287e+02
1.852353690647852158e-01	4.944960740022188475e+02	4.831301787077383665e+02	6.465650997600809546e+01
1.914806787341157279e-01	4.564877083025310753e+02	4.590097145969547796e+02	7.680049076499344096e+01
1.977889868651535599e-01	4.277537000042086106e+02	4.454647794870812163e+02	8.752187668614428162e+01
2.040937735447724277e-01	3.864571406143300578e+02	4.110822956873846579e+02	7.244581421711956182e+01
2.103939302609846018e-01	3.567154746911234611e+02	3.784971939451021967e+02	5.754842895795480473e+01
2.166909709822301688e-01	3.314045614655197483e+02	3.412617336885629129e+02	8.589097388516529463e+01
2.229700281216152047e-01	3.200867002826333874e+02	3.376335779798820909e+02	5.229575047623414719e+01
2.292620027086341994e-01	3.087204418999364179e+02	3.061075577720781666e+02	4.445684818382558490e+01
2.355141508366812297e-01	2.989990189145219688e+02	3.173801915843848178e+02	4.959344811875585890e+01
2.417910583817859116e-01	2.857278811406500836e+02	3.059307064534229994e+02	5.882919293500754065e+01
2.480856539439619257e-01	2.715006499575567318e+02	2.896325773938112320e+02	4.981155440617500574e+01
2.543492256872954549e-01	2.550138791186494132e+02	2.705081228529214172e+02	6.522606754942155760e+01
2.606334251884805386e-01	2.451217507197683858e+02	2.725017672109254363e+02	5.697980381177023901e+01
2.669257370896960802e-01	2.230500028550152933e+02	2.291682851361783264e+02	5.754481151864133182e+01
2.732423343141155980e-01	2.175769441678557143e+02	2.375879436090590389e+02	5.778454299942945482e+01
2.795529680084415936e-01	2.100250706464223924e+02	2.304660213661692580e+02	6.457456506519220341e+01
2.858366292314493129e-01	1.967721795830066185e+02	2.107683518927204886e+02	4.117946005090155381e+01
2.920876271394311496e-01	1.913174312901185488e+02	2.064619799928567545e+02	5.111309309850621929e+01
2.983449844439822751e-01	1.827578615731447940e+02	2.050624966861681457e+02	5.889311023155888591e+01
3.046382639407197446e-01	1.762530229501670647e+02	1.891999512621192707e+02	4.593857154865715131e+01
3.109279127003197196e-01	1.678805793691101655e+02	1.875352240124608159e+02	5.638709761290331812e+01
3.172168171618398036e-01	1.629433571262545968e+02	1.811051219300669857e+02	4.536255030038719127e+01
3.235187567944423082e-01	1.551363287821675954e+02	1.756222535793388602e+02	4.915578068725568528e+01
3.298168217550395687e-01	1.512375602134953851e+02	1.665167316360755478e+02	4.564329665612913800e+01
3.361176429457156667e-01	1.434928161488357716e+02	1.583330609812154250e+02	3.927300199528817615e+01
3.423700375709273769e-01	1.379953967774886792e+02	1.508700968427219209e+02	4.013357468238680781e+01
3.486478192666269682e-01	1.335986580178253007e+02	1.493022448515305314e+02	4.628983129695264154e+01
3.549411614411318028e-01	1.272088499801315180e+02	1.372993416801812998e+02	3.371041211820264749e+01
3.611916935421040642e-01	1.256388018262120596e+02	1.458291249453659191e+02	5.310941133323034080e+01
3.674767089563572564e-01	1.209644428691552918e+02	1.312690699939512058e+02	2.834505212737292368e+01
3.737647795277591056e-01	1.161954017781299342e+02	1.307163169171654999e+02	3.796355945327530890e+01
3.800654031475132477e-01	1.113942400247553763e+02	1.226438271062248759e+02	3.333405632179407974e+01
3.863539861259823738e-01	1.075703871551249762e+02	1.183381578161491774e+02	3.740519883465879047e+01
3.926140181364449755e-01	1.032993401709712344e+02	1.177759146229020075e+02	3.529017795710412031e+01
3.989264500321934581e-01	1.014411330836661449e+02	1.151316861632211612e+02	3.616288476383905959e+01
4.052073244576828714e-01	9.785359487475071205e+01	1.106097796105771920e+02	3.546219386345427438e+01
4.114916477570477182e-01	9.432108691366593689e+01	1.067455898505373426e+02	3.497755056192630718e+01
4.177814272116491257e-01	9.114368175061009936e+01	1.012125041657481290e+02	2.541926588209987159e+01
4.240400648725131116e-01	8.926658619885141377e+01	1.022791225260808119e+02	3.173008491266484654e+01
4.303425690270192283e-01	8.562810748162831942e+01	9.514814536493105379e+01	2.977986472028550935e+01
4.366358560255625965e-01	8.422295229521567705e+01	9.673730060549112864e+01	3.364834612017877902e+01
4.428996183220763605e-01	8.179650445162059214e+01	9.335995515699310943e+01	3.177864631566038156e+01
4.491634418529859563e-01	7.811671345890950136e+01	8.813642980560911155e+01	2.803234497662795732e+01
4.554414146254732731e-01	7.671903668609776616e+01	8.736119542788517833e+01	3.044404963736133496e+01
4.617634470301058558e-01	7.410401486469248766e+01	8.353752789907724718e+01	2.881774559828955162e+01
4.680644242023710433e-01	7.161891364134542926e+01	8.026419902827669262e+01	2.728401713086437752e+01
4.743485242764365895e-01	6.973302390260896289e+01	7.905246128573969600e+01	2.632130475335872077e+01
4.806356136815400082e-01	6.774083075001833265e+01	7.666230562335468335e+01	2.531625769331607856e+01
4.869019258388697646e-01	6.603538084664999985e+01	7.532549734855177803e+01	2.743351747260080487e+01
4.931697099599955947e-01	6.454806850264670004e+01	7.423876829549583078e+01	2.668698479076175190e+01
4.994506747144535908e-01	6.255413461963186705e+01	6.864920101209003178e+01	2.274855499894035304e+01
5.057159051335421429e-01	6.136704609087141904e+01	7.060141503612715042e+01	2.540475046886714949e+01
5.119923996268095356e-01	5.902608152155949739e+01	6.777294443187142292e+01	2.492877940688867611e+01
5.183126097768406826e-01	5.747279993078637261e+01	6.450786823782613055e+01	2.232877891399608927e+01
5.246089638029100000e-01	5.591327610853675623e+01	6.261897594123062305e+01	2.172489539425381366e+01
5.308757308483337267e-01	5.505123515906410603e+01	6.263091636392366723e+01	2.325908094650907998e+01
5.371573527946726934e-01	5.353723596000743612e+01	6.025511122896888594e+01	2.245098533447757561e+01
5.434579563783791256e-01	5.193936469579727344e+01	5.885022141298975384e+01	2.274574717760865639e+01
5.497430652392217842e-01	5.091838715353846823e+01	5.803083389372171297e+01	2.127463519693320038e+01
5.559937427501778773e-01	4.918122490617431453e+01	5.554504065764871967e+01	2.272438551488605185e+01
5.622854676609657654e-01	4.788137031608294336e+01	5.355678550593876963e+01	2.009369547048214599e+01
5.686011537227265711e-01	4.678809629167529494e+01	5.263530597824743751e+01	1.943674408661157571e+01
5.748804589422079614e-01	4.596129020196917025e+01	5.204074570792957388e+01	1.915122915107959045e+01
5.811550210340560296e-01	4.490695196701614833e+01	5.119144025289858035e+01	2.048848633594667845e+01
5.874394496660968468e-01	4.403044972439236915e+01	4.988288409192814044e+01	2.048401311383346979e+01
5.937176220296899176e-01	4.282892372876107601e+01	4.791729615003692544e+01	1.914923672530989407e+01
5.999971954793682505e-01	4.168910929438671786e+01	4.596211148919349654e+01	1.719759532573831251e+01
6.062679115124277596e-01	4.101860067605912974e+01	4.684546725936221634e+01	1.886802601502584409e+01
6.125469576444534381e-01	3.988668499613677199e+01	4.477954493264253699e+01	1.760350129872005454e+01
6.188477733041515272e-01	3.886267109637852002e+01	4.414242573852713036e+01	1.895251317367450739e+01
6.251310567437898813e-01	3.815217794740895130e+01	4.300005781153956264e+01	1.850222423845147546e+01
6.314027450383210560e-01	3.723566897526419694e+01	4.196019549319017727e+01	1.767570938339681064e+01
6.377003562732055375e-01	3.636186170008259921e+01	4.096800566916621023e+01	1.673124125957198771e+01
6.439857783314556494e-01	3.561958226517604942e+01	4.011780293946985410e+01	1.695004357754898194e+01
6.502685417166111925e-01	3.501140669530628458e+01	3.978980507248203224e+01	1.629838662243480840e+01
6.565586117699038216e-01	3.426927119315274695e+01	3.833883647024109820e+01	1.565705038311367936e+01
6.628369282359254377e-01	3.354966620100352515e+01	3.728120707091395758e+01	1.546747983403725435e+01
6.691185444962194362e-01	3.279115666693175513e+01	3.672107762347542348e+01	1.497022296003912167e+01
6.754070198575605755e-01	3.212982953472831582e+01	3.595652766193423133e+01	1.521592616624505112e+01
6.816835514593204692e-01	3.125356769971555337e+01	3.547982873304670193e+01	1.602813896241745439e+01
6.879592533861698112e-01	3.056487802722507752e+01	3.441362605718256162e+01	1.542199306347744425e+01
6.942344317039531587e-01	3.029986151898992830e+01	3.442408909877630663e+01	1.581331197863197424e+01
7.005175402434737908e-01	2.948241311556891731e+01	3.274071606855547145e+01	1.485045460269138040e+01
7.068124956608716758e-01	2.875640876624721542e+01	3.197618926447579923e+01	1.394934268127611610e+01
7.131019009674921527e-01	2.829282402859297818e+01	3.168093710238144212e+01	1.474459087500650689e+01
7.193918251171427247e-01	2.762907689069799844e+01	3.133885408917429061e+01	1.411495585105474859e+01
7.256833807598113140e-01	2.698759762839871712e+01	2.937268531515662673e+01	1.347082777768850015e+01
7.319652682709349989e-01	2.661612791781086784e+01	2.958973688895879306e+01	1.272356487473278186e+01
7.382507990484923344e-01	2.624592846177830197e+01	2.966244851008083927e+01	1.398474260439302874e+01
7.445265842115937893e-01	2.575778856365307945e+01	2.918602234955717734e+01	1.375798069083893616e+01
7.507871101942712455e-01	2.510547179552515829e+01	2.803935687578689340e+01	1.331114674744009641e+01
7.570758465316046459e-01	2.462368251521956353e+01	2.732552277322480094e+01	1.228901138963206030e+01
7.633641233600957365e-01	2.408343479573562362e+01	2.629651664810854683e+01	1.227109222816779344e+01
7.696462959862266917e-01	2.380877865456238851e+01	2.646487665927437405e+01	1.265361012827439602e+01
7.759394865175414102e-01	2.328863122900325422e+01	2.563742391923294051e+01	1.243371522807848173e+01
7.822329141989586843e-01	2.281779785434301999e+01	2.560047876234028763e+01	1.271434388360939494e+01
7.885314936520240181e-01	2.235821429285032380e+01	2.470319675916548974e+01	1.235843495635218581e+01
7.947896566979522071e-01	2.201818945085026158e+01	2.455067820029967152e+01	1.224088262708993469e+01
8.010491096592354809e-01	2.163901423438743876e+01	2.406054433815842231e+01	1.211112178984672916e+01
8.073364061727361651e-01	2.123846266338866684e+01	2.346796544650353766e+01	1.139961453691851645e+01
8.136229488373866170e-01	2.089348344400717750e+01	2.316764822961398096e+01	1.113347232379864948e+01
8.199152998961036776e-01	2.036272465889231498e+01	2.236611615791165519e+01	1.111364261412420085e+01
8.261952636392789762e-01	2.011173341188417396e+01	2.209871043192714524e+01	1.068679073132424229e+01
8.324897070080405914e-01	1.968067344244075301e+01	2.171761593528010437e+01	1.125069288472450779e+01
8.387959309210778480e-01	1.934848682395809405e+01	2.115861733154868674e+01	1.096131303862583373e+01
8.450634639703045181e-01	1.893606770686907126e+01	2.055455208984872684e+01	1.085437895960286170e+01
8.513282867562648182e-01	1.869991690093032943e+01	2.048037129592836436e+01	1.054491776838273154e+01
8.576198263902009566e-01	1.828710441466636993e+01	1.985799437534733158e+01	1.046608824149461725e+01
8.639058477062415697e-01	1.815498929966632602e+01	2.008487874623092040e+01	1.048812147391966931e+01
8.701838745487597837e-01	1.765220083390614647e+01	1.930813441501080163e+01	1.015901510022727905e+01
8.764641096075268534e-01	1.739871158388880446e+01	1.879177922019258773e+01	9.804411053279995514e+00
8.827503873399735745e-01	1.713357294801707909e+01	1.890188292107790602e+01	9.865049623833217041e+00
8.890332768393869323e-01	1.686759633051834584e+01	1.844184977463696029e+01	9.623168613918478442e+00
8.953084247113127780e-01	1.650367539427197627e+01	1.776293512928053175e+01	9.514532912253928387e+00
9.015956521667095602e-01	1.630345155831308546e+01	1.762101803150600787e+01	9.398127305809206078e+00
9.078833328094829680e-01	1.607937102040854072e+01	1.738810795063595194e+01	9.864703512464865653e+00
9.141744106319863450e-01	1.572001811055190501e+01	1.680164302099570151e+01	9.048208637901215212e+00
9.204630817717615043e-01	1.547900609353920309e+01	1.673228947990738646e+01	9.175902429453458353e+00
9.267434415264711456e-01	1.527274969650365577e+01	1.652517745094982615e+01	8.943694924126273094e+00
9.330324197354928906e-01	1.505775465615094433e+01	1.609814675630078185e+01	8.963648072429576175e+00
9.393265785573878812e-01	1.474288622131309268e+01	1.584360017713026991e+01	8.701191578400340632e+00
9.455974810398196650e-01	1.454648837374424453e+01	1.550521412790738296e+01	8.922843713508218144e+00
9.518660018545171964e-01	1.439455809024029165e+01	1.574260420292799445e+01	8.927430620797325744e+00
9.581413255531838757e-01	1.419997146584922199e+01	1.535760922246019966e+01	8.826040065972126314e+00
9.644350945109106954e-01	1.387992292658828042e+01	1.504261608466711486e+01	8.654685864647035487e+00
9.707355633568249820e-01	1.361800336856929938e+01	1.454006327175605939e+01	8.184335195277053998e+00
9.770080768450029041e-01	1.344027352792273966e+01	1.449358699722951371e+01	8.359770905941909191e+00
9.832823325363413414e-01	1.322614829546544968e+01	1.422503211249988375e+01	8.053635401299208851e+00
9.895569691966674686e-01	1.308505435511582604e+01	1.401200179564022363e+01	8.211082691302754810e+00
9.958456301921106979e-01	1.280278265923101522e+01	1.361502732217741674e+01	7.962818833880224823e+00
1.002136210743837408e+00	1.267576419620526806e+01	1.350509869367918370e+01	7.756243985109670724e+00
1.008404825335135424e+00	1.245891148987674590e+01	1.318856446412312167e+01	7.577909810816413128e+00
1.014694149836243398e+00	1.227786257351723620e+01	1.311265202568407595e+01	7.934051782681281750e+00
1.020992555437297167e+00	1.207321472082359648e+01	1.290231781658729560e+01	7.665432050236412387e+00
1.027273980437394485e+00	1.195096437457859118e+01	1.278797104683947161e+01	7.835969010861238537e+00
1.033559181896017254e+00	1.171773004156263376e+01	1.255574231248738748e+01	7.616970342852870779e+00
1.039847557392594934e+00	1.159412144878805861e+01	1.234052647996653818e+01	7.602543396671610942e+00
1.046126974943305088e+00	1.138667478229659835e+01	1.209910056204400419e+01	7.293770039172294162e+00
1.052403436811028659e+00	1.116855583282417719e+01	1.182306841424828114e+01	7.154097333833440153e+00
1.058680704651608684e+00	1.109995244118589852e+01	1.187533583238430879e+01	7.422504428240011443e+00
1.064964333065789193e+00	1.096088885158352966e+01	1.175687144646385640e+01	7.299906378311986188e+00
1.071256777440835473e+00	1.077697653165837721e+01	1.145602460814968815e+01	7.110669002057151467e+00
1.077544048801078125e+00	1.059084773437540505e+01	1.118996546307815976e+01	6.919437076991207469e+00
1.083824820188043603e+00	1.043426764027622333e+01	1.099421238680454138e+01	6.940131921225451528e+00
1.090108023942816695e+00	1.032855517132905732e+01	1.098622360999916303e+01	7.021671321402503274e+00
1.096389665956643222e+00	1.016417903605692707e+01	1.076724251168048774e+01	6.762968861977013191e+00
1.102681132058841440e+00	1.003128692051379467e+01	1.054820872101809037e+01	6.830104837860089262e+00
1.108963047594879958e+00	9.909026113951940218e+00	1.055158332639119578e+01	6.702853541541442084e+00
1.115225428463759272e+00	9.772511173649339966e+00	1.041519142925261221e+01	6.720711714656973257e+00
1.121502127614767863e+00	9.628919996420206573e+00	1.018895529778104425e+01	6.618560812683049299e+00
1.127792573824792033e+00	9.527883211875098013e+00	1.010967613641711260e+01	6.530663909636951203e+00
1.134089552668382961e+00	9.346578942283750635e+00	9.817004285709529654e+00	6.449827458680055692e+00
1.140364049650405942e+00	9.199503218152951689e+00	9.606082503083882784e+00	6.251548049539586316e+00
1.146639180320979445e+00	9.101922699600409672e+00	9.621000420576510948e+00	6.457010900855107316e+00
1.152942412991649901e+00	9.019093988440408438e+00	9.455692963748999702e+00	6.243389829830411131e+00
1.159228906751078814e+00	8.891399585470852074e+00	9.393279206203027698e+00	6.258748929632148794e+00
1.165508721887268173e+00	8.767579002665849330e+00	9.284219563380712970e+00	6.288826383558027366e+00
1.171793076256210320e+00	8.624095567258263983e+00	9.070392483042384768e+00	6.073790598048585565e+00
1.178087436369658958e+00	8.520088073078655455e+00	8.958132994722095788e+00	5.927600469560678320e+00
1.184367654251526902e+00	8.388234744162391010e+00	8.741468978235603871e+00	5.865397784389660529e+00
1.190634642299266632e+00	8.371394373007245093e+00	8.909154374015075817e+00	6.187139715743312784e+00
1.196912208834400859e+00	8.243858962594559969e+00	8.726645268593777871e+00	6.017519481088420719e+00
1.203201577354146234e+00	8.119803909695091804e+00	8.568608970375187539e+00	5.981532501659973633e+00
1.209486844441705733e+00	8.050292521836873050e+00	8.499021618184851690e+00	5.922365216927413911e+00
1.215763902074809888e+00	7.904394518285265292e+00	8.314916481059572817e+00	5.760019288664184778e+00
1.222049755171146668e+00	7.842243005130757894e+00	8.257294873696181980e+00	5.818370582227759158e+00
1.228340616621486969e+00	7.728045160296704630e+00	8.102586398307099813e+00	5.738495973237688119e+00
1.234632986576932767e+00	7.655535803827437924e+00	8.116916994459550949e+00	5.790016388515326184e+00
1.240902247176856488e+00	7.541186329870956939e+00	7.942537770073934134e+00	5.696159633346403517e+00
1.247174839144687519e+00	7.474940271372664036e+00	7.918274336526368806e+00	5.713314755247383303e+00
1.253465459933442272e+00	7.390207018138104544e+00	7.830202462344957759e+00	5.815568142023449738e+00
1.259749951892178421e+00	7.288045460991287250e+00	7.676327082216418241e+00	5.512467629245592526e+00
1.266032143127253873e+00	7.218068327609004520e+00	7.638064486343366433e+00	5.530401729706397873e+00
1.272316288472006507e+00	7.122034013991825674e+00	7.538080647518635047e+00	5.583521533941603998e+00
1.278604155058621350e+00	7.053953854356146635e+00	7.587307460501544476e+00	5.513949799403891738e+00
1.284886588933593865e+00	6.979987216978397413e+00	7.432988065078405704e+00	5.615764191234966063e+00
1.291175420066583257e+00	6.889514701796229268e+00	7.317328317854866704e+00	5.454106950637440221e+00
1.297465726373772332e+00	6.808528519337618157e+00	7.188187160360709704e+00	5.399589293454083005e+00
1.303741827011944299e+00	6.757616357138675589e+00	7.254166247879145324e+00	5.529187987165641083e+00
1.310017322922761851e+00	6.671361206650831654e+00	7.190807828736470952e+00	5.530034861777734179e+00
1.316301447662886703e+00	6.603659871089599953e+00	7.111157512159821614e+00	5.372858027131067082e+00
1.322586760363303249e+00	6.533570158773031267e+00	7.064749318900513053e+00	5.520500700966804786e+00
1.328865492452874664e+00	6.459317380149111720e+00	6.947503257379741726e+00	5.372918442887356427e+00
1.335144804954555564e+00	6.393363893215314064e+00	6.802048210806669992e+00	5.329701986700098537e+00
1.341440516272275119e+00	6.333923786093430763e+00	6.840535177046707993e+00	5.297929665647836295e+00
1.347730868417094552e+00	6.240622546651674263e+00	6.660603727730397772e+00	5.227128703318452807e+00
1.354001589994877630e+00	6.196055002926938116e+00	6.724325777543325167e+00	5.353910921805847600e+00
1.360282609297778444e+00	6.156739982567446923e+00	6.683954619977612310e+00	5.361485994307338743e+00
1.366565686457597906e+00	6.065927476599833668e+00	6.508804651863737689e+00	5.215804546783540552e+00
1.372851498482432708e+00	6.020350415252236687e+00	6.552232816290203488e+00	5.359654865673149082e+00
1.379135372929401804e+00	5.967484630454517713e+00	6.508720733826297788e+00	5.321679813509418544e+00
1.385409567149057164e+00	5.894151886244234362e+00	6.437525321306449833e+00	5.249976724603004463e+00
1.391698641219299315e+00	5.854299462416838296e+00	6.470972523905849982e+00	5.329672664489170764e+00
1.397984451439470810e+00	5.810212459274215036e+00	6.442922520415256926e+00	5.369091860122298776e+00
1.404267883409181961e+00	5.743398802293902428e+00	6.389298375124720764e+00	5.357409541303513656e+00
1.410554779484869181e+00	5.695817386515838798e+00	6.320312639910723007e+00	5.314677247039064412e+00
1.416837833547465397e+00	5.640257939886154759e+00	6.255398004058546846e+00	5.374841842128100566e+00
1.423118177187137068e+00	5.608524647300065169e+00	6.241016438519520371e+00	5.318826585475147972e+00
1.429397801164240089e+00	5.536374789015193087e+00	6.169905734364215633e+00	5.260634927518161419e+00
1.435686921822787232e+00	5.482142924932960959e+00	6.145700241436686362e+00	5.359922888220259196e+00
1.441977121769299597e+00	5.456773485323810569e+00	6.188928735473712806e+00	5.378330654675722577e+00
1.448253667853332427e+00	5.414726082244707861e+00	6.143699992619534811e+00	5.447482330693307340e+00
1.454532348972172651e+00	5.399957441512230893e+00	6.147435362017064975e+00	5.455376105990922042e+00
1.460819319151879903e+00	5.339233344988350893e+00	6.072245388422520485e+00	5.475207870934035270e+00
1.467110364402026468e+00	5.280025898478690749e+00	6.064827542618952627e+00	5.409909841836625155e+00
1.473392908948962132e+00	5.225098015124515882e+00	6.010575557585178252e+00	5.466821819621923595e+00
1.479669965243598950e+00	5.191667349910070506e+00	5.934666562529618439e+00	5.485158108618487738e+00
1.485956144602843532e+00	5.157420031568637597e+00	5.961479397167301464e+00	5.439072998107595147e+00
1.492233610763115115e+00	5.134063451452192339e+00	5.968742333312937021e+00	5.560355150332223495e+00
1.498502470379980078e+00	5.098393990361554273e+00	5.988324052641105233e+00	5.612054279834370440e+00
1.504785752051182701e+00	5.045758786750073277e+00	5.883061442648285677e+00	5.490642220125736550e+00
1.511075991894575976e+00	5.011855339327115466e+00	5.904508265735440631e+00	5.577487288208065053e+00
1.517361634985162189e+00	4.980144517859645958e+00	5.876088829485143883e+00	5.630690175556742894e+00
1.523648570969130533e+00	4.946548030938880736e+00	5.881959660554357150e+00	5.690294933430485536e+00
1.529938035715892264e+00	4.914560115757543812e+00	5.858653124136660395e+00	5.683918369870635701e+00
1.536230176913891965e+00	4.891552491675518866e+00	5.869890534675584526e+00	5.733036908933188514e+00
1.542510718779388279e+00	4.867579695228114289e+00	5.853912518824765598e+00	5.795739402009012942e+00
1.548783963082980275e+00	4.837105785047965512e+00	5.843632251576572401e+00	5.832363680995650057e+00
1.555073069779651318e+00	4.799143641696363538e+00	5.830478546664009443e+00	5.834301686496205619e+00
1.561357324927233892e+00	4.776539470266242482e+00	5.819819560939537340e+00	5.844218625032849168e+00
1.567629121053141006e+00	4.747241832867065803e+00	5.824144198803010042e+00	5.880496016879520838e+00
1.573913697404382583e+00	4.724119776620158362e+00	5.842466936224754548e+00	5.924338693760134333e+00
1.580203545230874029e+00	4.686260619165192765e+00	5.816685937679932472e+00	5.938042637119447242e+00
1.586485393434537983e+00	4.672004239654033775e+00	5.783076635205498306e+00	6.016191203903286322e+00
1.592760014263005841e+00	4.665527025002115913e+00	5.870901159439743111e+00	6.131272100902110722e+00
1.599046436394670812e+00	4.629176417356041462e+00	5.794451344529798931e+00	6.090320287690230039e+00
1.605342136637478934e+00	4.606019950927533024e+00	5.774211809404551587e+00	6.150317090217622962e+00
1.611619860919608627e+00	4.569742393657130641e+00	5.771026003570758789e+00	6.118483169753609729e+00
1.617897597081673799e+00	4.559434134054802357e+00	5.786062293788426736e+00	6.261204461285407419e+00
1.624183235481122756e+00	4.532582257710985552e+00	5.780484408410391239e+00	6.204770245630675696e+00
1.630464598531913722e+00	4.522408222318014204e+00	5.853307650216120983e+00	6.369568063210463649e+00
1.636748985747638274e+00	4.500166577114241839e+00	5.799807351831197444e+00	6.408459293494428444e+00
1.643030923698886259e+00	4.482734033289350606e+00	5.788637569232946589e+00	6.447289613608859327e+00
1.649309176648513064e+00	4.475203794420307801e+00	5.807191065050844259e+00	6.499450808941428015e+00
1.655593633940351861e+00	4.424779651939219072e+00	5.758464429701909637e+00	6.394929131621061913e+00
1.661879571405086464e+00	4.444605506821582175e+00	5.858230659105837290e+00	6.635153899289243817e+00
1.668169361685170271e+00	4.418749090625505360e+00	5.790936305876249968e+00	6.577620748871425782e+00
1.674450151530487485e+00	4.420555799843868705e+00	5.854643947316731989e+00	6.742644205772547750e+00
1.680722718978495900e+00	4.388994885413708857e+00	5.796345580645025031e+00	6.736956644860605081e+00
1.687013891340952476e+00	4.366119010511108733e+00	5.759400872745976230e+00	6.707347068851394312e+00
1.693308984907921033e+00	4.367131910132330042e+00	5.851443371269549054e+00	6.838512038744501531e+00
1.699582147428448486e+00	4.361207300784240459e+00	5.903936393235904134e+00	6.915525123038473332e+00
1.705863747055134105e+00	4.339590550165714156e+00	5.801312937030398409e+00	6.861936602595237744e+00
1.712154434283889470e+00	4.342815007002820415e+00	5.855688201993170416e+00	6.987419018961357864e+00
1.718438381579399321e+00	4.311968343024351391e+00	5.824105647469434821e+00	6.965169734497687060e+00
1.724721264464063930e+00	4.305397350730907569e+00	5.857492809101610298e+00	7.124688806109459982e+00
1.730997441276920679e+00	4.290573573242840055e+00	5.845748082460704431e+00	7.127552684007133266e+00
1.737287073528269499e+00	4.288492027462657674e+00	5.827043204716058078e+00	7.180895947086335163e+00
1.743567991878527401e+00	4.296414526262976707e+00	5.886861272438382642e+00	7.290592429154913567e+00
1.749840680212231048e+00	4.282948711482724491e+00	5.925689673343347508e+00	7.396601777188154259e+00
1.756128549091961144e+00	4.268021823936360093e+00	5.882396750573728461e+00	7.382830833628318601e+00
1.762413535324792502e+00	4.277577803554524216e+00	5.916687603322191791e+00	7.464172305990112832e+00
1.768696187669963837e+00	4.269318860638098734e+00	5.935389934527621314e+00	7.542516136394326942e+00
1.774979359379055266e+00	4.273260530947229796e+00	5.962840125173345385e+00	7.699819070451274783e+00
1.781265555576432957e+00	4.263215820700456682e+00	6.005036410654508217e+00	7.749465622636820150e+00
1.787549427830244619e+00	4.272878753211807101e+00	6.010675174500272888e+00	7.837326347826883755e+00
1.793834120011633004e+00	4.243543018574140291e+00	5.920901305068927201e+00	7.742872663740355321e+00
1.800115051552487300e+00	4.241817699874703251e+00	5.939167191722743766e+00	7.866322447804001250e+00
1.806393904854530330e+00	4.258742517470418321e+00	6.063506825087586094e+00	8.052409990037633136e+00
1.812674089667083432e+00	4.252872681759622076e+00	6.008395478810832913e+00	8.009290626466528451e+00
1.818956920109354058e+00	4.252032045457858622e+00	6.055531911897427122e+00	8.137451721818454331e+00
1.825244164118212220e+00	4.244293723045845290e+00	6.039051784699723591e+00	8.231078220873865092e+00
1.831527256642196955e+00	4.260057941062156850e+00	6.044920319823065213e+00	8.263407265060576989e+00
1.837811294935716599e+00	4.242009770310050776e+00	5.995457414209864666e+00	8.231780572783687688e+00
1.844100717411196744e+00	4.255074429300520933e+00	6.075339894948907471e+00	8.406162848467351623e+00
1.850384816792487230e+00	4.252960770851596628e+00	6.044535724834509516e+00	8.400137988363526986e+00
1.856666059735203822e+00	4.243674104713352158e+00	6.050540723871671744e+00	8.484761774088118713e+00
1.862947728675613979e+00	4.272211142595465638e+00	6.114052449083452245e+00	8.695480546444683156e+00
1.869229324466858078e+00	4.275703502507782083e+00	6.137661438509992351e+00	8.711586396584110048e+00
1.875517616802973686e+00	4.255428310574952633e+00	6.039447608135906975e+00	8.669598538005679700e+00
1.881800769033795229e+00	4.267067897869052828e+00	6.051253337911162156e+00	8.734742056926085851e+00
1.888078863416442710e+00	4.271736285933634747e+00	6.097766883996190046e+00	8.908763229593438027e+00
1.894353975182237582e+00	4.282022775873232767e+00	6.094057593183824117e+00	8.952762126540330101e+00
1.900642716154182565e+00	4.273054481954776662e+00	6.013425599840993563e+00	8.906151920708904157e+00
1.906933494748685121e+00	4.305362426245865848e+00	6.163379639931545029e+00	9.194353588282668355e+00
1.913207568676573933e+00	4.314927720689925472e+00	6.147829692971227722e+00	9.248066418770660491e+00
1.919490884732178992e+00	4.299825127371466493e+00	6.105468647451163910e+00	9.263811600247743527e+00
1.925776855684274480e+00	4.297316900360753422e+00	6.049772263236743441e+00	9.233083274112525274e+00
1.932064452961978152e+00	4.321999988980273599e+00	6.122217365308301851e+00	9.377998961193215521e+00
1.938342610030488800e+00	4.341214817790653768e+00	6.130001243596436389e+00	9.488029909168526288e+00
1.944618341543410178e+00	4.331811747997075912e+00	6.085213325919355043e+00	9.479927503277638223e+00
1.950906260203513876e+00	4.341496547165800912e+00	6.109960176545245147e+00	9.572970319042196863e+00
1.957194556613796488e+00	4.350797789619620382e+00	6.055334499900759226e+00	9.619361576100740052e+00
1.963479614559011432e+00	4.375205411386682286e+00	6.055743504184728287e+00	9.750914951512138273e+00
1.969760361532916226e+00	4.374767535808055996e+00	6.052651965766759012e+00	9.782474893844282704e+00
1.976048367034604736e+00	4.383768134822689788e+00	6.052511066714073351e+00	9.833574149684709553e+00
1.982337990217652335e+00	4.400229309740324446e+00	6.030647113112277857e+00	9.931638849909393940e+00
1.988617489259562721e+00	4.401924393787404632e+00	6.010079912040148464e+00	9.925367221197674894e+00
1.994896320665194178e+00	4.423144244795881086e+00	6.013035139989588274e+00	1.004907824211740675e+01
2.001179596222827151e+00	4.432100094266250068e+00	6.010855298260175061e+00	1.013407822336003328e+01
2.007459756923499761e+00	4.447205065806079105e+00	6.000815662103005543e+00	1.017389001927112524e+01
2.013737397779169935e+00	4.473366711944121832e+00	6.046229456308588546e+00	1.040789482254517928e+01
2.020017234677497164e+00	4.471834373609387292e+00	5.970463714093352969e+00	1.033070073853236259e+01
2.026310251015072783e+00	4.499861732181432927e+00	5.973335341459364400e+00	1.042644236491441667e+01
2.032600542948020284e+00	4.501369389594636949e+00	5.906427792303965418e+00	1.047463055138265808e+01
2.038873863192099289e+00	4.512480259041605102e+00	5.888180971763184779e+00	1.052774430718095644e+01
2.045154087821675404e+00	4.525884744275753491e+00	5.817600389608584166e+00	1.050818833430202481e+01
2.051444704514288730e+00	4.556923016074342137e+00	5.845470078322747121e+00	1.060466783215023945e+01
2.057730430280644729e+00	4.569638785815929971e+00	5.866895444649006031e+00	1.075585026306912617e+01
2.064013940455224461e+00	4.585159787325251202e+00	5.811479687498080970e+00	1.079637253238115413e+01
2.070299891179459895e+00	4.588822820308627648e+00	5.761356021219601331e+00	1.080055090295947018e+01
2.076589719964883951e+00	4.614272681995557512e+00	5.718965160251876512e+00	1.087000688801906279e+01
2.082865483794470673e+00	4.642905973742842640e+00	5.694799419573033816e+00	1.098792163038161362e+01
2.089134494859368640e+00	4.660419141069415794e+00	5.679354419290923772e+00	1.108101575362882585e+01
2.095424211360070288e+00	4.672813082958687581e+00	5.649266980207184652e+00	1.107829460021926238e+01
2.101707116664804254e+00	4.703505785902632574e+00	5.610574307289867946e+00	1.119331982402635184e+01
2.107986473933564309e+00	4.719395957107590078e+00	5.587898949602668530e+00	1.122200516350571853e+01
2.114271806543862375e+00	4.721455514119679009e+00	5.520698095328937960e+00	1.120607022090980820e+01
2.120552717288892275e+00	4.762966780732391214e+00	5.545289994069195316e+00	1.142663616853786124e+01
2.126836933207161717e+00	4.769811286968306696e+00	5.457915617823468679e+00	1.139547557798731603e+01
2.133122044791171845e+00	4.809843675215555336e+00	5.443847741310457344e+00	1.157983837836380836e+01
2.139411711910842673e+00	4.818751610956895526e+00	5.351853524554863739e+00	1.154343608490228945e+01
2.145697076775292089e+00	4.858920611800244593e+00	5.337904151511324358e+00	1.163840203150519237e+01
2.151973548606471276e+00	4.874513574971807373e+00	5.301555146066170288e+00	1.176359759008208528e+01
2.158259913555724108e+00	4.893373867716850789e+00	5.299997672091996570e+00	1.179015476853953537e+01
2.164545396699105506e+00	4.917761571125114806e+00	5.223795849218448417e+00	1.183523877049855599e+01
2.170830700377734068e+00	4.941063330942482068e+00	5.161115838046129944e+00	1.189753627618966902e+01
2.177114138849150393e+00	4.969266655140408773e+00	5.134150929697744559e+00	1.200146960710460320e+01
2.183387647576827018e+00	4.996933585065489680e+00	5.027544952671846978e+00	1.207845226882214718e+01
2.189670273687676971e+00	5.021083879645937387e+00	4.990513323025333570e+00	1.206842721925701589e+01
2.195960147934207463e+00	5.063011715939056856e+00	4.963144686812417383e+00	1.220118982708641120e+01
2.202242556317716371e+00	5.068078902130931596e+00	4.861686098790189092e+00	1.212839284496063463e+01
2.208521655981037668e+00	5.101108049602655292e+00	4.833907998177821241e+00	1.232032028323190431e+01
2.214804637081333016e+00	5.130634670810133358e+00	4.795299242678427554e+00	1.235527242246422119e+01
2.221092583349425276e+00	5.176107467250610661e+00	4.719482043453722575e+00	1.250309208348432755e+01
2.227372893591468728e+00	5.196902228123410517e+00	4.631121963334456915e+00	1.250530122776254949e+01
2.233657161144248171e+00	5.210616132614097396e+00	4.558809897228472074e+00	1.250419129693042208e+01
2.239943485394438660e+00	5.250005660268197261e+00	4.522207191922400504e+00	1.262072307112668135e+01
2.246224175264620815e+00	5.266696218281519570e+00	4.380573283792897676e+00	1.256003446092237041e+01
2.252506378421252009e+00	5.324116249823791058e+00	4.386748494011589727e+00	1.278530263123293942e+01
2.258783417054270437e+00	5.358485281274467660e+00	4.378449135846337548e+00	1.292757455643871367e+01
2.265069077371457684e+00	5.363298696231563412e+00	4.213811042087123759e+00	1.277836028516958500e+01
2.271350377044131452e+00	5.433784742694871106e+00	4.202027997199012432e+00	1.306449180810281518e+01
2.277633995145353918e+00	5.458498706365875641e+00	4.065205962243169324e+00	1.304106541688512877e+01
2.283922419579920149e+00	5.484971223013246799e+00	3.970513780394581360e+00	1.308771149922081101e+01
2.290202874392252674e+00	5.519512246589566296e+00	3.916550600808224480e+00	1.314513692135827228e+01
2.296490779970905560e+00	5.550506538712449256e+00	3.860162686696580803e+00	1.322577004171761317e+01
2.302771769934229162e+00	5.596225028913439203e+00	3.791814108989524090e+00	1.338216737721326055e+01
2.309051364164305564e+00	5.631714765725596372e+00	3.727565911371931939e+00	1.336674649124266701e+01
2.315338502539088239e+00	5.661072000841516072e+00	3.631317868392720971e+00	1.343946478563030844e+01
2.321627336503874428e+00	5.691063275574872904e+00	3.525910379965765618e+00	1.344607704911107682e+01
2.327911878297218795e+00	5.732526324546216578e+00	3.435830490590503494e+00	1.358861684871041930e+01
2.334186238580297168e+00	5.787679661896321548e+00	3.383793465244683052e+00	1.368533847188908936e+01
2.340467971862688401e+00	5.822231018225147992e+00	3.257190626190328508e+00	1.367942377654288144e+01
2.346756940970738725e+00	5.853654141139301714e+00	3.155423009213660368e+00	1.376666148852325300e+01
2.353044444556199988e+00	5.891499302242150904e+00	3.052140125206182386e+00	1.375911516486102393e+01
2.359327653314069906e+00	5.944171542618044590e+00	2.996594185615301331e+00	1.391361442086519062e+01
2.365603048789861607e+00	5.970781199760931912e+00	2.892681844674643621e+00	1.392125636108224462e+01
2.371885911737665165e+00	6.007232223885068834e+00	2.867219673927545287e+00	1.405435517437956072e+01
2.378173303594019572e+00	6.086117307438594359e+00	2.762210145531994065e+00	1.424487687431838800e+01
2.384454016539381271e+00	6.092982457476680658e+00	2.617047769561357207e+00	1.415949532965496260e+01
2.390736447344785187e+00	6.173450041994414050e+00	2.545508552869632624e+00	1.436307762843809854e+01
2.397014133897952259e+00	6.179168413556859640e+00	2.370221379198561351e+00	1.422269774719344859e+01
2.403295490074321972e+00	6.236159273428332206e+00	2.343647530436600235e+00	1.440541863071650752e+01
2.409585049672506862e+00	6.279772903476587231e+00	2.242856260346337116e+00	1.445669829188604005e+01
2.415871703165322071e+00	6.322473831175176251e+00	2.151231695639930663e+00	1.450945004130125504e+01
2.422160652369088840e+00	6.379859144072795196e+00	2.038103894243762593e+00	1.465441564959165710e+01
2.428440167222748691e+00	6.436929791653057897e+00	1.910406223932654690e+00	1.473809880414947138e+01
2.434717472383889803e+00	6.469758757056260023e+00	1.826620525802780115e+00	1.478549208190421105e+01
2.441002456202044257e+00	6.536020933551651702e+00	1.637138184474489444e+00	1.489155482562064492e+01
2.447289980304530488e+00	6.567748679493782049e+00	1.613104426404456948e+00	1.495084693173840584e+01
2.453571844729242279e+00	6.621324930866569147e+00	1.531627529751486749e+00	1.507874938198606962e+01
2.459852705114058846e+00	6.663916489869309956e+00	1.469715882166670484e+00	1.508459650729197143e+01
2.466139233225018934e+00	6.696373744217351209e+00	1.289979729218063920e+00	1.510799721616298541e+01
2.472421963421291391e+00	6.755875687736574875e+00	1.183582298308975211e+00	1.522401550387786706e+01
2.478698519174224568e+00	6.802481498319878916e+00	1.051537591947771189e+00	1.529318464802874900e+01
2.484980841400355800e+00	6.848322201832881539e+00	9.578894654274198173e-01	1.530491298632306041e+01
2.491269319409339822e+00	6.877151552939011481e+00	8.822539837443238442e-01	1.532247217717321419e+01
2.497548505139029373e+00	6.963650746361204291e+00	6.571877588664355452e-01	1.548530169683564850e+01
2.503831667172610853e+00	7.014416986709314905e+00	6.537191577247956076e-01	1.555775771065076007e+01
2.510117938323931153e+00	7.071589068720738780e+00	5.580016554538578255e-01	1.568336754322437088e+01
2.516400733681277480e+00	7.106580934514127534e+00	4.394354615735072134e-01	1.571686118612583449e+01
2.522688226833368130e+00	7.165555055093009607e+00	3.785952769435542153e-01	1.581801833639468313e+01
2.528971695852665569e+00	7.222107152320100809e+00	2.200836040151965822e-01	1.590843676366650072e+01
2.535252039407670299e+00	7.261909331501605003e+00	1.080144701300942284e-01	1.591447248973649131e+01
2.541537514142774512e+00	7.326067533275235633e+00	2.305537864364539877e-02	1.598466521852241407e+01
2.547823008847572179e+00	7.400701895628303717e+00	-2.117814064206362812e-01	1.618642316870843700e+01
2.554100666580690238e+00	7.457979164478941492e+00	-2.776926563707518003e-01	1.623496849306668111e+01
2.560376788884177301e+00	7.483008807928658079e+00	-3.275268285172417415e-01	1.623281217971866042e+01
2.566667521601497359e+00	7.550999554506870659e+00	-4.436424256473923133e-01	1.628682857458468192e+01
2.572955062237090473e+00	7.582364644084196748e+00	-5.475556437221875683e-01	1.630613788344329151e+01
2.579233771797999175e+00	7.636453175708658669e+00	-6.561773056691454498e-01	1.638694537215774005e+01
2.585520164300948220e+00	7.713929731783649046e+00	-8.008139756523324770e-01	1.652888466418862734e+01
2.591805130332431872e+00	7.787230495149036535e+00	-9.367066276826010451e-01	1.668548691424386377e+01
2.598084074692260881e+00	7.825341153814453499e+00	-1.027596721316320627e+00	1.664097273603803373e+01
2.604360404197643586e+00	7.880223195520631663e+00	-1.145224714504105457e+00	1.671007869414342295e+01
2.610647185140439142e+00	7.906793992669823190e+00	-1.262063545184268110e+00	1.666149958385283369e+01
2.616931864059273138e+00	7.955872264215020806e+00	-1.330087932028884534e+00	1.675635314964787526e+01
2.623206107911065565e+00	8.026446144902749325e+00	-1.482356261262775865e+00	1.683795985828416164e+01
2.629491626543270844e+00	8.083346392547792192e+00	-1.540359616797564168e+00	1.694742557315019127e+01
2.635778507982642349e+00	8.172942507967702497e+00	-1.694257496597818990e+00	1.719989894703907751e+01
2.642061039325260818e+00	8.206671168588119514e+00	-1.828951221745396261e+00	1.702105375859879643e+01
2.648343840729305843e+00	8.263577701003784526e+00	-1.841339356363598467e+00	1.720876991379404686e+01
2.654631838974855551e+00	8.291857101408307784e+00	-1.978807388586008686e+00	1.712575073537473003e+01
2.660919001246303761e+00	8.337333296378716341e+00	-2.084112939163024425e+00	1.720493168850849131e+01
2.667198525130066056e+00	8.420252072442599101e+00	-2.180484612058188887e+00	1.733208328528528952e+01
2.673484307038032526e+00	8.478554890198935823e+00	-2.327198974157472566e+00	1.737685529358092751e+01
2.679773388053849459e+00	8.560097975791084224e+00	-2.455058374945365163e+00	1.757614988662110278e+01
2.686058217632288692e+00	8.605471670774521797e+00	-2.600442672560020263e+00	1.751958351648394085e+01
2.692338738200057868e+00	8.665566437494049978e+00	-2.685573929452835795e+00	1.761256106927302056e+01
2.698618022887226964e+00	8.694914980935168458e+00	-2.681103108448194217e+00	1.764691457519072415e+01
2.704895450708277860e+00	8.777171926948364344e+00	-2.869781634426167738e+00	1.769969930761578780e+01
2.711175674923682166e+00	8.819226597921320021e+00	-2.927441791972516416e+00	1.775351765507729596e+01
2.717459832966957922e+00	8.876697554618839803e+00	-2.989991515979560699e+00	1.781068251543384662e+01
2.723745731959044569e+00	8.925579866398567930e+00	-3.091730166206398067e+00	1.782312253551458880e+01
2.730038414850594730e+00	8.992852881927948516e+00	-3.243400373071948728e+00	1.791896865049776721e+01
2.736317989800789441e+00	9.059195703432125768e+00	-3.311724325955696102e+00	1.800710628632132426e+01
2.742591858549239703e+00	9.073197153770637513e+00	-3.413855890069073862e+00	1.791460118124528833e+01
2.748879749010778362e+00	9.153252229265062212e+00	-3.499615780783010166e+00	1.800396027759189366e+01
2.755163403825859447e+00	9.229568321368173400e+00	-3.629032021996684509e+00	1.817142559560186044e+01
2.761446955625852073e+00	9.267333327088119077e+00	-3.658013176665340538e+00	1.806888597768670479e+01
2.767732088935374701e+00	9.324387524654282444e+00	-3.831887385173284422e+00	1.821282565346207249e+01
2.774015452421743966e+00	9.359146963077224157e+00	-3.810258462408945501e+00	1.818893169696491441e+01
2.780298635700591436e+00	9.427067520997002958e+00	-3.974025778924636931e+00	1.825365638580178285e+01
2.786577474762241380e+00	9.486492943807029121e+00	-4.073531977422933714e+00	1.830377485225428558e+01
2.792857983210164541e+00	9.546594345766948209e+00	-4.125578404639127506e+00	1.835242281830830180e+01
2.799143790920211483e+00	9.613588472245888639e+00	-4.226162033295965514e+00	1.850000662516126226e+01
2.805430058399325244e+00	9.671544172341276280e+00	-4.346298375499843658e+00	1.854954315708579315e+01
2.811715058209780072e+00	9.718844138480578820e+00	-4.357809029441765958e+00	1.852626175156363431e+01
2.817989272498773623e+00	9.775386188172801027e+00	-4.448081122410264321e+00	1.862166768359279700e+01
2.824269171595737760e+00	9.816860363742671680e+00	-4.546804732736135612e+00	1.845520594873379139e+01
2.830563016441804081e+00	9.901036515402608984e+00	-4.677971790071211444e+00	1.871044749728712020e+01
2.836848750951622034e+00	9.928250067189681616e+00	-4.669028539050126270e+00	1.866154814370829840e+01
2.843130027866129783e+00	9.981917095595115086e+00	-4.784318840970070319e+00	1.867611929363651413e+01
2.849413896912404986e+00	1.008561126177130696e+01	-4.996135302961240754e+00	1.886938297050082980e+01
2.855697464522425566e+00	1.011298110239620662e+01	-5.005997720747117796e+00	1.877797359925915899e+01
2.861978799810683594e+00	1.015318896835682416e+01	-5.046854269552475181e+00	1.881601524030818595e+01
2.868262469415629567e+00	1.020954947366199228e+01	-5.066783757743168692e+00	1.885194088686410296e+01
2.874547359206753860e+00	1.029329390415244738e+01	-5.159759065101589215e+00	1.902479637253784972e+01
2.880831111471525041e+00	1.036810805746673303e+01	-5.311181985014379769e+00	1.914196015475191359e+01
2.887113216972382546e+00	1.039213521843014476e+01	-5.357744822371302007e+00	1.903651867606779646e+01
2.893394504725182781e+00	1.046711718955357640e+01	-5.497102385791398760e+00	1.916748834562174864e+01
2.899673662137033592e+00	1.050831709961878424e+01	-5.481062666750779577e+00	1.912445736057425094e+01
2.905953958587380814e+00	1.055715939711719464e+01	-5.547456819631238822e+00	1.914131907875121996e+01
2.912241118105161064e+00	1.062158236538010136e+01	-5.720119270968377911e+00	1.919449320448146068e+01
2.918525996366671205e+00	1.065925787440512451e+01	-5.613337610258983368e+00	1.928306255070969399e+01
2.924809035425688819e+00	1.074901889917316744e+01	-5.810646664985665844e+00	1.937027078850362471e+01
2.931095916293684933e+00	1.079087216700140317e+01	-5.839683644246274952e+00	1.928163651269612799e+01
2.937378182606774413e+00	1.086152149130068700e+01	-5.889084109493478714e+00	1.946515910033208385e+01
2.943659980254369923e+00	1.088711244711100434e+01	-5.930576736980397889e+00	1.938059814482539522e+01
2.949946454403890250e+00	1.094968456799630196e+01	-5.947879775752610954e+00	1.940850092106029834e+01
2.956227653702202307e+00	1.099620003277363978e+01	-6.069187913042597415e+00	1.938245925468113739e+01
2.962510478867462993e+00	1.110483429020313828e+01	-6.206463023622792008e+00	1.959951560040826735e+01
2.968796535179442309e+00	1.114343223840647923e+01	-6.251439445541855378e+00	1.966197466564257113e+01
2.975077657376874907e+00	1.121136030309293652e+01	-6.358199591183039345e+00	1.967166962260122176e+01
2.981359866759223376e+00	1.125133711295123895e+01	-6.330994446712250756e+00	1.973485890191927083e+01
2.987646761575656562e+00	1.130689392804578297e+01	-6.345027048085401411e+00	1.978055911017406743e+01
2.993929038370399365e+00	1.137599443337729710e+01	-6.494570680739161439e+00	1.984844379855287499e+01
3.000206214840962726e+00	1.144886506925683456e+01	-6.566387787149301936e+00	2.000266933291076299e+01
3.006486172402415669e+00	1.149877463951005474e+01	-6.584639067450474670e+00	1.994444178390123668e+01
3.012769812211594456e+00	1.156885120768638231e+01	-6.724452879878589862e+00	1.998709547205536907e+01
3.019053144326170113e+00	1.162712468475037753e+01	-6.756920137514224933e+00	2.008270625039412849e+01
3.025337405144251424e+00	1.168459742647620025e+01	-6.760340738490348222e+00	2.010848880143992190e+01
3.031623734799107961e+00	1.174682053869810261e+01	-6.814170431139506157e+00	2.020889962334276646e+01
3.037908962055872575e+00	1.183628845339877955e+01	-6.990634050580654346e+00	2.031016077670226494e+01
3.044195067146031608e+00	1.187272069931820084e+01	-6.991732825017583863e+00	2.036864591794111234e+01
3.050475543482170426e+00	1.192204062946612275e+01	-7.002614502028488452e+00	2.029463175206271330e+01
3.056754954538277502e+00	1.202346621603550858e+01	-7.171825042117476734e+00	2.047094719426814180e+01
3.063040539557494668e+00	1.207148502509603816e+01	-7.220502485728762743e+00	2.049678133752379239e+01
3.069323699454357346e+00	1.210526066794758826e+01	-7.185118071454008160e+00	2.047726383908069181e+01
3.075610692642898769e+00	1.219316192439695357e+01	-7.294608556629760265e+00	2.060101014865191615e+01
3.081893798009918584e+00	1.229548260991034958e+01	-7.370094544434833139e+00	2.079674045064771803e+01
3.088174549548037717e+00	1.230988927869070082e+01	-7.352930463485639834e+00	2.072972366499967478e+01
3.094458635632868493e+00	1.234707367240975628e+01	-7.426050799360122134e+00	2.070394311594193582e+01
3.100743982931558840e+00	1.245363707344854021e+01	-7.533031236944017550e+00	2.087796135218370708e+01
3.107028111748448396e+00	1.250125524769483754e+01	-7.621185544764907505e+00	2.099832691976876475e+01
3.113309299655494300e+00	1.264744206261464754e+01	-7.828089656360301518e+00	2.122256888814369091e+01
3.119590662867241626e+00	1.263205548312443405e+01	-7.743200777163885995e+00	2.112597132398367350e+01
3.125874006820172912e+00	1.275546793356078368e+01	-7.852171365031141548e+00	2.134484087939013719e+01
3.132159251154602586e+00	1.282537074098570251e+01	-7.901602785134311802e+00	2.140186335534082929e+01
3.138439172765940643e+00	1.288195414194468036e+01	-7.875794416773638673e+00	2.153596346831527697e+01
3.144723867719826593e+00	1.297658480380835933e+01	-8.006678471449554024e+00	2.167443637592903372e+01
3.151003951258561031e+00	1.303843109318581561e+01	-8.078782129386969046e+00	2.180701846235918495e+01
3.157283664131563139e+00	1.310542368685467807e+01	-8.254881718566224436e+00	2.176407329688693792e+01
3.163569317183839935e+00	1.315260220644309186e+01	-8.130814181056116752e+00	2.184651660233415882e+01
3.169851661717792091e+00	1.324576973109754441e+01	-8.215538199715366474e+00	2.202835052871038357e+01
3.176137704316093657e+00	1.332462605794372656e+01	-8.297174457826033134e+00	2.214129180209474512e+01
3.182420924828643916e+00	1.338376169366462953e+01	-8.328557691863480272e+00	2.230570789544828969e+01
3.188702811875577581e+00	1.346980894092873626e+01	-8.431627303961054309e+00	2.233658110866278079e+01
3.194990520008989865e+00	1.357943510318057179e+01	-8.601315096934461835e+00	2.258076767679149555e+01
3.201275324656983834e+00	1.362306514900839183e+01	-8.565518197759088181e+00	2.260967755884523100e+01
3.207551352179861759e+00	1.371611540435492493e+01	-8.605946395181449660e+00	2.275507830650025909e+01
3.213835216737041645e+00	1.380819390905552702e+01	-8.815287892949424275e+00	2.292881145137071286e+01
3.220122579819103770e+00	1.344016192985391989e+01	-7.838846833694765870e+00	2.127700817681029832e+01
3.226406606618656525e+00	1.275688508707771263e+01	-6.306961006445657603e+00	1.847828060680327411e+01
3.232687390085645429e+00	1.219301030847413791e+01	-5.025760635665768916e+00	1.598722412286248762e+01
3.238969121280456331e+00	1.170464299050823342e+01	-3.907881962846096346e+00	1.390025103415715080e+01
3.245254751548589667e+00	1.126796524544931444e+01	-3.006133039427593800e+00	1.204154833028307081e+01
3.251534499036136783e+00	1.092659259178428499e+01	-2.296840219201213618e+00	1.044856012575741033e+01
3.257817780791052442e+00	1.062685887990318001e+01	-1.611211809654754745e+00	9.032617028494257738e+00
3.264102164154097263e+00	1.037154836599070151e+01	-1.149205669040466393e+00	7.818499168686201095e+00
3.270384152138468892e+00	1.015610767172125151e+01	-6.880611066192430236e-01	6.648041761330585331e+00
3.276669427476867735e+00	9.965120784824659239e+00	-2.993818122652759928e-01	5.638223420228419158e+00
3.282954688864507808e+00	9.779688988810685046e+00	1.014382168925743143e-02	4.662345766421559290e+00
3.289237200334947264e+00	9.619838886627956498e+00	3.471869220431512693e-01	3.749143556755853979e+00
3.295519587088236779e+00	9.517715135162227114e+00	5.443048143564129804e-01	2.998543513359484436e+00
3.301805977329951958e+00	9.383996705293693452e+00	7.678579915082766050e-01	2.275388975534899050e+00
3.308087486222440088e+00	9.290568433119872793e+00	9.536438705308447616e-01	1.519598407668393270e+00
3.314367630234227313e+00	9.197634806757511328e+00	1.139129248371993031e+00	8.417283049770042380e-01
3.320651909732194262e+00	9.122246561234005569e+00	1.205903667726134332e+00	3.229987368009910598e-01
3.326931260376857047e+00	9.031630501368651309e+00	1.377434876897654092e+00	-3.266439065934589880e-01
3.333216512447217728e+00	8.989257461485085088e+00	1.442294963666013174e+00	-8.547730634218380086e-01
3.339504489419978128e+00	8.948250110494678111e+00	1.528659021039102006e+00	-1.269365438607579888e+00
3.345786804809928405e+00	8.894067594958405820e+00	1.615422648769549330e+00	-1.812864247225292491e+00
3.352071130016277767e+00	8.868179056509717384e+00	1.638146252442825634e+00	-2.297888117828008170e+00
3.358351496304225581e+00	8.830410818723741784e+00	1.690325770697608920e+00	-2.623751564487585508e+00
3.364630591073392019e+00	8.806812869626032381e+00	1.730120005537423067e+00	-3.117930719090344471e+00
3.370916305215045483e+00	8.786190098755765732e+00	1.768986182318452727e+00	-3.478679825149634475e+00
3.377197952029413752e+00	8.767710504484291789e+00	1.814047142336373764e+00	-3.845002547503662882e+00
3.383483063818085501e+00	8.767310377224971418e+00	1.831773204749685524e+00	-4.194621349446358671e+00
3.389769992424469969e+00	8.763142617407812196e+00	1.836538491205741419e+00	-4.583256924299565327e+00
3.396051330885982100e+00	8.755396040707932315e+00	1.862562407134935594e+00	-4.947837360948109442e+00
3.402330879139463971e+00	8.785620316097523030e+00	1.852544314991789953e+00	-5.277734864097856970e+00
3.408610488352048495e+00	8.768104672999694316e+00	1.812667810620317121e+00	-5.552734351831102089e+00
3.414897837696641236e+00	8.797845363316099565e+00	1.801687163379107171e+00	-5.881206785196744669e+00
3.421180484052105619e+00	8.799307612595454131e+00	1.780957088593334126e+00	-6.128314391721756849e+00
3.427461639653846870e+00	8.803777634875617153e+00	1.825654841702000430e+00	-6.457075179752547633e+00
3.433749159643459059e+00	8.835466598645542291e+00	1.812254234426219801e+00	-6.737566384502557071e+00
3.440032646656798310e+00	8.840774287420053668e+00	1.796221155749417875e+00	-7.017661390728901161e+00
3.446313366033385339e+00	8.878250592709276745e+00	1.715183659388521020e+00	-7.256401097087199936e+00
3.452600135384134905e+00	8.910834964416377346e+00	1.705122301131213769e+00	-7.554825014855573784e+00
3.458883152815406703e+00	8.930386716316771611e+00	1.681508947924290620e+00	-7.779188884683265748e+00
3.465163834403715448e+00	8.971001321045406485e+00	1.620631247728468116e+00	-7.992729889792297371e+00
3.471449329786229221e+00	8.994925470071432727e+00	1.635879084905203174e+00	-8.251002655640359507e+00
3.477734476754053894e+00	9.035854937743497572e+00	1.557758060272336875e+00	-8.477709438660346208e+00
3.484019652467224226e+00	9.037686939130889385e+00	1.584856134532181438e+00	-8.747431625918093090e+00
3.490297019369712928e+00	9.108885035719620049e+00	1.510968289547230503e+00	-8.927610364019241018e+00
3.496582486484379970e+00	9.138890035916761079e+00	1.472608294973243748e+00	-9.105794097274431564e+00
3.502868048046865024e+00	9.160949494832415496e+00	1.446394287844008142e+00	-9.342886218227670625e+00
3.509144649545451244e+00	9.240765120941869526e+00	1.365903100178254892e+00	-9.580252499365304431e+00
3.515428082003116295e+00	9.249088467304169114e+00	1.368482616884392211e+00	-9.730942385939352235e+00
3.521711031624695565e+00	9.310216037088924423e+00	1.252853800833593212e+00	-9.957510153149769394e+00
3.527991850954735664e+00	9.350754983179994539e+00	1.271079281063075772e+00	-1.020605905286805459e+01
3.534275545726699885e+00	9.401679567722421638e+00	1.206137476709130407e+00	-1.033711704362253947e+01
3.540562632020772149e+00	9.441060774071749151e+00	1.149360183127908552e+00	-1.055124960293363756e+01
3.546844410757220789e+00	9.483960357815274023e+00	1.142752323063200404e+00	-1.079596433153152724e+01
3.553131386753758836e+00	9.560374832172296777e+00	1.053335103509509985e+00	-1.093054278383677591e+01
3.559419203211965144e+00	9.602111156530277469e+00	1.020517618125927894e+00	-1.112023045241319608e+01
3.565697971577579839e+00	9.679293907039566491e+00	9.569793601293871133e-01	-1.129545508191955960e+01
3.571979559134798254e+00	9.730154154928232657e+00	9.360424695889691948e-01	-1.148860690561167885e+01
3.578265774595833726e+00	9.758204128610101336e+00	8.631855391672681455e-01	-1.169252353132373479e+01
3.584548309769353125e+00	9.853681133946512460e+00	7.859299782094002484e-01	-1.180349342116150702e+01
3.590826843920031486e+00	9.866163167649379062e+00	7.865936559937163342e-01	-1.199720842027328693e+01
3.597107306745233934e+00	9.944258299424367564e+00	6.977711768736024611e-01	-1.217592546327459324e+01
3.603392831792229245e+00	1.001126663980910791e+01	6.988722057948401067e-01	-1.239361978267631770e+01
3.609673209822572559e+00	1.006717438501580553e+01	5.790416002271803197e-01	-1.248905432313321739e+01
3.615955412133016189e+00	1.015452089862052176e+01	5.430994582395906045e-01	-1.269238608415722602e+01
3.622241607772384686e+00	1.018213917637964450e+01	4.885876913808383515e-01	-1.283389149034271881e+01
3.628520252736676444e+00	1.027608539628842443e+01	4.117487792222968568e-01	-1.300285672764440470e+01
3.634804827569451113e+00	1.031615087406394693e+01	3.756590005816418110e-01	-1.314790640443671244e+01
3.641094981788862928e+00	1.038796195662952293e+01	2.869269845071650282e-01	-1.328983433037357287e+01
3.647383514928639325e+00	1.045161026414712246e+01	2.536593388932620874e-01	-1.347565744165985713e+01
3.653663283927725658e+00	1.051777076423207902e+01	1.767658991028384086e-01	-1.363345337252299494e+01
3.659943504072155296e+00	1.060912017844784039e+01	1.344472890590231173e-01	-1.381736119682390829e+01
3.666232000281138603e+00	1.065192825739561933e+01	7.400941157379201107e-02	-1.392015993970415799e+01
3.672514211678317597e+00	1.072225291744887521e+01	3.212109716264500980e-02	-1.406455679343987697e+01
3.678794154686042539e+00	1.081694661610948671e+01	-5.760000360723617485e-02	-1.422053928515494903e+01
3.685078621861909820e+00	1.083891394900668104e+01	-6.147373046168797678e-02	-1.439512990910780665e+01
3.691359210097977961e+00	1.094713399696280476e+01	-1.697022441432979589e-01	-1.451024938925878871e+01
3.697642368173791105e+00	1.101480949318560221e+01	-2.247194756629771195e-01	-1.471234279910347276e+01
3.703925796735277665e+00	1.109833770717127521e+01	-3.183736546571598325e-01	-1.480546588389159091e+01
3.710208240364660348e+00	1.113467546239116146e+01	-3.551158220992210457e-01	-1.494455968858026829e+01
3.716494593122387169e+00	1.122672824141804071e+01	-3.982644097271849093e-01	-1.510692630024447958e+01
3.722775386659595398e+00	1.129199448363585745e+01	-4.971564821671078382e-01	-1.521500638600294231e+01
3.729058392883481510e+00	1.137894261586135869e+01	-5.146184137180663809e-01	-1.541990768119334199e+01
3.735339748210807720e+00	1.146091905875936412e+01	-5.872390747096117858e-01	-1.554289306591786612e+01
3.741620776392969638e+00	1.153111372201736273e+01	-7.097337399482795961e-01	-1.561574171052236082e+01
3.747904795418762980e+00	1.160037618781928614e+01	-7.591370290251052699e-01	-1.576922061985841772e+01
3.754190633281219380e+00	1.166521540214286645e+01	-8.265693952077087792e-01	-1.588988254224701180e+01
3.760478208018912749e+00	1.174952742578834908e+01	-8.590532250550299009e-01	-1.610717541771884243e+01
3.766755538573464346e+00	1.182931476216117872e+01	-9.309651562392486923e-01	-1.617396778234283872e+01
3.773032090135151506e+00	1.190541599186027000e+01	-1.002883950904884802e+00	-1.631307698610513413e+01
3.779322553012896879e+00	1.201676323336983643e+01	-1.087050039192128725e+00	-1.644845172083418561e+01
3.785609109731308930e+00	1.204569549380873461e+01	-1.118635623911408139e+00	-1.663186500426926884e+01
3.791889825936295200e+00	1.214356769395048374e+01	-1.241339810740325511e+00	-1.664289220174334361e+01
3.798174822702435893e+00	1.223098212769783366e+01	-1.284552580039165726e+00	-1.686260072056211712e+01
3.804458658753491651e+00	1.226764901570333777e+01	-1.357280299122459954e+00	-1.697118092772845444e+01
3.810738438095723435e+00	1.239028771243784099e+01	-1.457568073943541043e+00	-1.706332124875642720e+01
3.817018850285747167e+00	1.243106621398761114e+01	-1.459910381571942972e+00	-1.722411683612045152e+01
3.823305314209427763e+00	1.252923033277310516e+01	-1.583094000011481040e+00	-1.728001295535820958e+01
3.829591295197792178e+00	1.262024428802437903e+01	-1.594266182905597740e+00	-1.754140032218993284e+01
3.835872296070849341e+00	1.268196481919675911e+01	-1.704593651337250604e+00	-1.759346380606221771e+01
3.842156279590906109e+00	1.279201371597274495e+01	-1.811508469653001052e+00	-1.766680313523563939e+01
3.848441511099312429e+00	1.284294875260288293e+01	-1.818328844016578349e+00	-1.790810739041361543e+01
3.854723334376886079e+00	1.295389412104266036e+01	-1.936876302399126670e+00	-1.799136077139269219e+01
3.861004740704794713e+00	1.304347729095032093e+01	-2.023442937504758454e+00	-1.804138441739655718e+01
3.867284336650660848e+00	1.311177325333096100e+01	-2.035340199533342442e+00	-1.828735032687329820e+01
3.873567367678779849e+00	1.318699494510590320e+01	-2.151252109782993749e+00	-1.826995153157896823e+01
3.879850662830422792e+00	1.324537118163708627e+01	-2.224537561543121100e+00	-1.843850955637243771e+01
3.886137063198143338e+00	1.339606351765929659e+01	-2.318273735013546055e+00	-1.861645984588094649e+01
3.892419463049126005e+00	1.344466131433800093e+01	-2.375637078653227707e+00	-1.867062813917703323e+01
3.898703740328622658e+00	1.351814318435384621e+01	-2.454095081808157275e+00	-1.877413712059570727e+01
3.904991458788179326e+00	1.361439438856094775e+01	-2.543045344091136251e+00	-1.890845703651240939e+01
3.911270842222104083e+00	1.368390711350147626e+01	-2.541447539022780866e+00	-1.913983907603611456e+01
3.917549806479573071e+00	1.377769027023154713e+01	-2.589599821422462700e+00	-1.933115204139841126e+01
3.923836006203090587e+00	1.384336321274243886e+01	-2.667086979020640847e+00	-1.942511694960032287e+01
3.930121452497870926e+00	1.397375476964254304e+01	-2.851099538804375388e+00	-1.939872556787441127e+01
3.936398172858230460e+00	1.401828662263013925e+01	-2.884376346273269665e+00	-1.956792598646181247e+01
3.942683040425962293e+00	1.410404033252003053e+01	-2.901993971411586326e+00	-1.979253758640848915e+01
3.948974759704379611e+00	1.421877805638008496e+01	-3.030077834713113205e+00	-1.982213715796538622e+01
3.955259227995065352e+00	1.426708094654743064e+01	-3.009410770084036457e+00	-2.013205915694239323e+01
3.961537174921395454e+00	1.440411887472495778e+01	-3.205478084049238507e+00	-2.004281331762838292e+01
3.967820217617139544e+00	1.444629710989981142e+01	-3.160226077635662989e+00	-2.031838337048848331e+01
3.974105559832568968e+00	1.452024130806990954e+01	-3.263278576289573518e+00	-2.039230505579100239e+01
3.980384727931198352e+00	1.462610977490882824e+01	-3.300189559760082769e+00	-2.057032716956542018e+01
3.986664590839849698e+00	1.472293042312451306e+01	-3.396399269996469794e+00	-2.076454489253000446e+01
3.992949619150675034e+00	1.482345879741399663e+01	-3.555969180583619327e+00	-2.069996720174298588e+01
3.999235075769965952e+00	1.488189398214602654e+01	-3.514605283302007166e+00	-2.106431033446351719e+01
4.005515715515433506e+00	1.498483208274635459e+01	-3.564616621201874391e+00	-2.121855561825509540e+01
4.011798434346478537e+00	1.504640055214653849e+01	-3.662067823089126151e+00	-2.128542692624531796e+01
4.018083716245132386e+00	1.514885025668087160e+01	-3.725052612096647842e+00	-2.143868921684523343e+01
4.024365700052603856e+00	1.524703426318344768e+01	-3.870218216394687438e+00	-2.146569570364815149e+01
4.030643960839860540e+00	1.530106205915449102e+01	-3.832251725495592343e+00	-2.173340420664671058e+01
4.036928708926215137e+00	1.544888879374341606e+01	-3.981123504796638457e+00	-2.184316119097182707e+01
4.043218157412017177e+00	1.547709074282076891e+01	-3.986378021943933536e+00	-2.203017236589310457e+01
4.049503019487663558e+00	1.558660714501213640e+01	-4.058703550479281219e+00	-2.225225574313667920e+01
4.055781898960511000e+00	1.566908235931152760e+01	-4.125855014287846956e+00	-2.230770463590364372e+01
4.062060795621602161e+00	1.574664393111454608e+01	-4.152044473282655801e+00	-2.256661970948855966e+01
4.068347865354716042e+00	1.584815978781668022e+01	-4.303812695141135514e+00	-2.254617715903975395e+01
4.074631027173265529e+00	1.595008277397706387e+01	-4.317208473525894874e+00	-2.283496404427532767e+01
4.080910837526078971e+00	1.601441778954528417e+01	-4.364283629389420938e+00	-2.303187365390921570e+01
4.087201203341442657e+00	1.614976426191959291e+01	-4.449469922421428691e+00	-2.321594716488704080e+01
4.093486818591942189e+00	1.618880634355422288e+01	-4.499422289359136684e+00	-2.332636197750715112e+01
4.099764387336505500e+00	1.632944491052577263e+01	-4.581314094476171661e+00	-2.350024929375272364e+01
4.106049166937662420e+00	1.632478297035814663e+01	-4.591213646511255853e+00	-2.367322760690229444e+01
4.112334559041358695e+00	1.654325488226500340e+01	-4.710988718509617534e+00	-2.387599801377975695e+01
4.118618926059533614e+00	1.655348126370404671e+01	-4.641005329292210213e+00	-2.418834948394079376e+01
4.124898942031112625e+00	1.666595047057976586e+01	-4.814903909841172336e+00	-2.423704469882211754e+01
4.131175432561665417e+00	1.674968554378567021e+01	-4.844530526862878439e+00	-2.438705932503310692e+01
4.137461563786142271e+00	1.678379872347839097e+01	-4.831492570808489262e+00	-2.466283557300814522e+01
4.143746006210170307e+00	1.697577128956412196e+01	-4.959482245694881719e+00	-2.481947218492865304e+01
4.150029800482964326e+00	1.700627165126401508e+01	-4.966714324684075699e+00	-2.512641509336440393e+01
4.156313390684649001e+00	1.709710354721136127e+01	-5.023025546640662142e+00	-2.525244278653602947e+01
4.162596105843763716e+00	1.718732373110517031e+01	-5.057434416176615599e+00	-2.552179097276718522e+01
4.168881843141768684e+00	1.723147785290240463e+01	-5.105748351794898277e+00	-2.567048803043115512e+01
4.175162111073220217e+00	1.739517480434940211e+01	-5.208057950371194345e+00	-2.588703313061226652e+01
4.181448573417560155e+00	1.739326796654596663e+01	-5.108675293737593215e+00	-2.621380381226373757e+01
4.187738782464171194e+00	1.754449964868995693e+01	-5.261927933109054045e+00	-2.631464885028723089e+01
4.194017437180169061e+00	1.762975758999293774e+01	-5.288668588494614298e+00	-2.655405754258039508e+01
4.200293572701767175e+00	1.768693312010683627e+01	-5.264015414638326895e+00	-2.694523437709690938e+01
4.206580195481546269e+00	1.780332228518971860e+01	-5.386967353381972856e+00	-2.696640512772227538e+01
4.212860644652220543e+00	1.786283673003605799e+01	-5.394507350639035970e+00	-2.731616492422210030e+01
4.219138153430114002e+00	1.803690120633139671e+01	-5.503133848722383981e+00	-2.746598921180569164e+01
4.225426162098283811e+00	1.803472848242267190e+01	-5.338271617065997177e+00	-2.800945954163664808e+01
4.231713506719782636e+00	1.818418268184729669e+01	-5.480254396921321103e+00	-2.809829749868508841e+01
4.237990056577191744e+00	1.826345926251151752e+01	-5.577295494597376724e+00	-2.822805029659392773e+01
4.244267783646744618e+00	1.827186477497676620e+01	-5.500032544706894733e+00	-2.864536544636339599e+01
4.250560660182562955e+00	1.848375628879518118e+01	-5.613712856184536193e+00	-2.882903910660876790e+01
4.256847734842668096e+00	1.843256210171138676e+01	-5.479628234388433938e+00	-2.926746393940464230e+01
4.263127100734456221e+00	1.861697275375083649e+01	-5.675687868663413127e+00	-2.936032916103096468e+01
4.269406860432507500e+00	1.865603330161280482e+01	-5.587303411496367112e+00	-2.979324878725816106e+01
4.275691671482192646e+00	1.871581596833829408e+01	-5.667200441213561035e+00	-2.993896784484516616e+01
4.281972414189518794e+00	1.886727409579785686e+01	-5.650073977141815362e+00	-3.037496126896413173e+01
4.288253516806755705e+00	1.891336905825003356e+01	-5.660293399839129158e+00	-3.062548578677424516e+01
4.294540520160492925e+00	1.899949028566336651e+01	-5.716974832875185264e+00	-3.079899963316782063e+01
4.300825742921731809e+00	1.907259850529744583e+01	-5.692341502798433872e+00	-3.121140293965290624e+01
4.307109835491901961e+00	1.916418297173861518e+01	-5.638552933086844909e+00	-3.166147162891497757e+01
4.313390926478413157e+00	1.927032732460854803e+01	-5.730121784296640541e+00	-3.179435203393808962e+01
4.319667979480563247e+00	1.924246797504459039e+01	-5.486610441938292837e+00	-3.259850317842413858e+01
4.325952598143786076e+00	1.943992220931203718e+01	-5.759041808653078576e+00	-3.247075636575083024e+01
4.332241647035422361e+00	1.941994970787092001e+01	-5.651215276732548531e+00	-3.288645402984082722e+01
4.338524445619096781e+00	1.958192557677825008e+01	-5.738285070525476428e+00	-3.323723478659767494e+01
4.344809348131129845e+00	1.957085521952152263e+01	-5.579821187572949093e+00	-3.366705389654121916e+01
4.351090699193166600e+00	1.964003657228823840e+01	-5.619615126148109319e+00	-3.404078187530912203e+01
4.357369710808320029e+00	1.981735352527942595e+01	-5.712191633562495596e+00	-3.425885441558400402e+01
4.363659348967174445e+00	1.981282371306596701e+01	-5.527046123568551295e+00	-3.495914473833942537e+01
4.369947418280990981e+00	1.993635240653248175e+01	-5.697310769091149751e+00	-3.505734981415976392e+01
4.376226569265827315e+00	1.989335211991890873e+01	-5.600638983300596507e+00	-3.534089905413247834e+01
4.382499356631129217e+00	1.998391774692738920e+01	-5.556523133689711180e+00	-3.589656310030301967e+01
4.388784975178015024e+00	2.010325499976724828e+01	-5.546197929878361244e+00	-3.632899741634469848e+01
4.395068696309480494e+00	2.000867204519976283e+01	-5.269304130188433355e+00	-3.704421059093023416e+01
4.401347962382031298e+00	2.025440093657579865e+01	-5.414732010601555068e+00	-3.724271541791419793e+01
4.407628405096517099e+00	2.017512383172940105e+01	-5.244709755003852614e+00	-3.778366298204276319e+01
4.413915862185140426e+00	2.027984884413515232e+01	-5.219600375959395855e+00	-3.838105751494605045e+01
4.420203163534264235e+00	2.037238592326550801e+01	-5.183249995065530413e+00	-3.876859066188424663e+01
4.426480311003382795e+00	2.018981462632589086e+01	-4.813809462488237045e+00	-3.953982224119143041e+01
4.432765973643649104e+00	2.054175845479632301e+01	-5.218608453430426231e+00	-3.944311596770563000e+01
4.439053392023870614e+00	2.030579362992032344e+01	-4.910235450131651191e+00	-4.008641495202424210e+01
4.445336141335588742e+00	2.055794810509551951e+01	-5.010484462479330325e+00	-4.052166462353188336e+01
4.451617241414883352e+00	2.047427855953114317e+01	-4.809349470227984646e+00	-4.117733865478837885e+01
4.457901500730311106e+00	2.040195973522023820e+01	-4.587945059045765106e+00	-4.180114031657249996e+01
4.464189501093017043e+00	2.055414258836915664e+01	-4.671644297253202183e+00	-4.219246251206276099e+01
4.470470197548729985e+00	2.036971825550575232e+01	-4.304367670801926060e+00	-4.300256030283252073e+01
4.476748044268524573e+00	2.062277749269608051e+01	-4.487812924875179021e+00	-4.328773430825594914e+01
4.483035990164653484e+00	2.047360514529424336e+01	-4.107633980556892439e+00	-4.428157226380742628e+01
4.489323331650528104e+00	2.045959629441583516e+01	-4.091157644538042426e+00	-4.455726122308003312e+01
4.495599111667934800e+00	2.042456605118680102e+01	-3.877854229705409050e+00	-4.529072871887721874e+01
4.501870922878794090e+00	2.035750690569718913e+01	-3.609600640938083416e+00	-4.618566562462260094e+01
4.508155162877705457e+00	2.047665693075105509e+01	-3.676338510081288646e+00	-4.651964645632705952e+01
4.514446451153479423e+00	2.021937673003162317e+01	-3.268572942405272297e+00	-4.737344036265120906e+01
4.520723894043856994e+00	2.029200169147189925e+01	-3.191445753649730932e+00	-4.798214637785161329e+01
4.527003782460155890e+00	2.012532805357200871e+01	-2.888834299275013340e+00	-4.889858126043954911e+01
4.533293086610313161e+00	2.002213195036547688e+01	-2.629157445900279555e+00	-4.959866508955530406e+01
4.539578989864040182e+00	1.989740331620341252e+01	-2.346644705602537240e+00	-5.036301386936879965e+01
4.545857164866476730e+00	1.979574271387012985e+01	-2.099323881906468348e+00	-5.121412339005189551e+01
4.552138955546025656e+00	1.969556037565558881e+01	-1.900082364014489933e+00	-5.193490021743630791e+01
4.558432046889146605e+00	1.957835022385135559e+01	-1.771434274692293753e+00	-5.244457247646402465e+01
4.564713463378488711e+00	1.963470786968285609e+01	-1.577039647020290980e+00	-5.336784741020365175e+01
4.570987274133244682e+00	1.955372894458307798e+01	-1.530158922991107451e+00	-5.366139574756860497e+01
4.577274818151045643e+00	1.964987775474630283e+01	-1.474412654217180041e+00	-5.442826659946724277e+01
4.583563263889338657e+00	1.968948823381935398e+01	-1.334473580680857197e+00	-5.515694882879913763e+01
4.589844917004465508e+00	1.968412581165941333e+01	-1.362095940768833557e+00	-5.535839354641549193e+01
4.596126259982004747e+00	1.975059136274477112e+01	-1.281529355363281830e+00	-5.603638414870217588e+01
4.602409075598298926e+00	1.984240987676504986e+01	-1.217060336165783685e+00	-5.673735405277950150e+01
4.608696634867644804e+00	1.983170108738427473e+01	-1.272570169209901625e+00	-5.687193152960165321e+01
4.614977646498861219e+00	1.995355504510362366e+01	-1.220132322650251400e+00	-5.758537908166349695e+01
4.621258953029527383e+00	2.006851292158303934e+01	-1.237621072005909761e+00	-5.818087717603521014e+01
4.627547993978874175e+00	2.018607370446624216e+01	-1.232228911168423702e+00	-5.879197479225895506e+01
4.633830152730579854e+00	2.029314207973437689e+01	-1.213916923928618496e+00	-5.937603836522601597e+01
4.640104005367354567e+00	2.037422660643708738e+01	-1.249488330272721104e+00	-5.972297203958429890e+01
4.646382060386754276e+00	2.047117769224669814e+01	-1.201942080763844345e+00	-6.038800098202322175e+01
4.652674213731970987e+00	2.050895205409332789e+01	-1.159258189777518044e+00	-6.077916052131852354e+01
4.658958291796220230e+00	2.065868213981434920e+01	-1.200994029060287405e+00	-6.135611089362224391e+01
4.665233615070169648e+00	2.076334480025297680e+01	-1.326246814351611736e+00	-6.172883999712850311e+01
4.671520675710307380e+00	2.080671008873436634e+01	-1.255436693580749274e+00	-6.215360725087598581e+01
4.677814351732177300e+00	2.095846363103825638e+01	-1.225988370452071097e+00	-6.282900982817815816e+01
4.684093699744638073e+00	2.118511156445115517e+01	-1.236846641057749885e+00	-6.368118141633349438e+01
4.690368661472568590e+00	2.124355589557736934e+01	-1.307318813925477663e+00	-6.398263153029372319e+01
4.696663270746453733e+00	2.135050782688536586e+01	-1.220787395630782424e+00	-6.462742201208901349e+01
4.702945459248681459e+00	2.153187123064200748e+01	-1.312616023311272917e+00	-6.525547877432398991e+01
4.709209170841929470e+00	2.156591084284875848e+01	-1.268475505447128837e+00	-6.554379206119250512e+01
4.715491634753063543e+00	2.172193702311692221e+01	-1.251491341744634500e+00	-6.626204378830398412e+01
4.721784316284933780e+00	2.177977816334647088e+01	-1.250641976724991222e+00	-6.660950971200550441e+01
4.728063062331094635e+00	2.200219509195758150e+01	-1.230662418371880173e+00	-6.747281099843935692e+01
4.734337423381671073e+00	2.212318132767062195e+01	-1.300391086388758444e+00	-6.792295483823465929e+01
4.740627024094544062e+00	2.228531694911922756e+01	-1.228522491542104689e+00	-6.876060578616429098e+01
4.746914995664547554e+00	2.234534714889479190e+01	-1.285317458189054074e+00	-6.897967960461788550e+01
4.753194740071086777e+00	2.263249422990597282e+01	-1.326639755987609082e+00	-6.996819968841015225e+01
4.759478891864783456e+00	2.271505164247678366e+01	-1.337871086613924954e+00	-7.040239676007873015e+01
4.765762396877359031e+00	2.281926835562336819e+01	-1.267514538228022625e+00	-7.098442350056019734e+01
4.772049481246195768e+00	2.302739862065809717e+01	-1.287544993202124788e+00	-7.173853102051816677e+01
4.778335091022592351e+00	2.307589921676889588e+01	-1.254757607235522654e+00	-7.208235806880709617e+01
4.784610831402393849e+00	2.322207726443734188e+01	-1.289160746286099002e+00	-7.267603421416704634e+01
4.790907306208476157e+00	2.347980034539570582e+01	-1.267855435321209701e+00	-7.367435161550004352e+01
4.797204047706418173e+00	2.362905843055649768e+01	-1.294442153027733022e+00	-7.422208477397494164e+01
4.803470827697504220e+00	2.380365207806291039e+01	-1.266381633670814688e+00	-7.501845207379629699e+01
4.809748850577324042e+00	2.397094791839075612e+01	-1.341443488102313841e+00	-7.559700611834178119e+01
4.816045316586602176e+00	2.411507629506084172e+01	-1.314694808739456322e+00	-7.621251156728995113e+01
4.822329240673497885e+00	2.425878575603469756e+01	-1.218426304322361764e+00	-7.694844964553580269e+01
4.828596758226470165e+00	2.434001920608437786e+01	-1.265380408747179386e+00	-7.728331709936722405e+01
4.834890332961369275e+00	2.458880056926962610e+01	-1.257488649002153513e+00	-7.825859100124459644e+01
4.841191655056394261e+00	2.475303999060289684e+01	-1.214644501027581924e+00	-7.898955518752121918e+01
4.847460407468000554e+00	2.492988992647406121e+01	-1.303477831748132143e+00	-7.957057842925846103e+01
4.853732128521334843e+00	2.498661120214610776e+01	-1.207512921936201744e+00	-7.998740178558090008e+01
4.860029138783373170e+00	2.529095602903566231e+01	-1.257799221079817231e+00	-8.111979212950900830e+01
4.866314601732018019e+00	2.538449102223161447e+01	-1.198747491764953432e+00	-8.158314975672138303e+01
4.872587026269203925e+00	2.557555112023180399e+01	-1.237945139391677829e+00	-8.224535287288671270e+01
4.878874221748241702e+00	2.572075671500557448e+01	-1.223492544801275006e+00	-8.292949830363940578e+01
4.885171078138658807e+00	2.581441863264411651e+01	-1.155694579088962781e+00	-8.347055971359870341e+01
4.891450629931857641e+00	2.605168586509649842e+01	-1.097919414923643311e+00	-8.439258117931244385e+01
4.897716482750221978e+00	2.615175406634672584e+01	-1.201614610386054993e+00	-8.467633074192639242e+01
4.904002834596266069e+00	2.631811408660609430e+01	-1.184396581121594627e+00	-8.544972918851438237e+01
4.910295858205786068e+00	2.656190450052728380e+01	-1.102901628840304404e+00	-8.647087782695471958e+01
4.916575188115905881e+00	2.666073026312713168e+01	-1.157642696475860378e+00	-8.683743378398803259e+01
4.922847946197084212e+00	2.703038768010812021e+01	-1.181448861640077341e+00	-8.813855775590725727e+01
4.929131667457151700e+00	2.702139568873903031e+01	-1.125004866996081709e+00	-8.834354926753226778e+01
4.935434460144239033e+00	2.723936394461421884e+01	-1.105748252069656212e+00	-8.915139804226976139e+01
4.941718513303545279e+00	2.750453776826165964e+01	-1.046217950432832389e+00	-9.022928923197414974e+01
4.947978624761803168e+00	2.763072546501303250e+01	-1.011805637465202690e+00	-9.087508953679748913e+01
4.954274999209829389e+00	2.776408131962547188e+01	-1.036860932160271753e+00	-9.138096837913819570e+01
4.960571094729937514e+00	2.806577183416152010e+01	-9.805498989659905407e-01	-9.252232861324425528e+01
4.966823207626954506e+00	2.810806474077703143e+01	-9.899523984267002419e-01	-9.282767698465383432e+01
4.973097418390337587e+00	2.856062142269655979e+01	-1.037387565722114990e+00	-9.438281969836171470e+01
4.979415129936382023e+00	2.858748083358818093e+01	-9.434319878554218164e-01	-9.469951152656167892e+01
4.985702082330368157e+00	2.863426888069850307e+01	-9.400625325253127995e-01	-9.496048886464284067e+01
4.991949985828016523e+00	2.893451827687481170e+01	-9.347351918492025069e-01	-9.605331944237644848e+01
4.998241586316924057e+00	2.910861400499616636e+01	-9.380434702055797658e-01	-9.680403235934679174e+01
5.004556635606089543e+00	2.940035532259940965e+01	-9.006820414470395608e-01	-9.789096296314332335e+01
5.010828655701208945e+00	2.951047471053293592e+01	-8.004328496222268274e-01	-9.849176555242092945e+01
5.017077229702536556e+00	2.979167205010820396e+01	-8.428129716355545753e-01	-9.948264141860691723e+01
5.023374414758113637e+00	2.998240575144922815e+01	-8.719961304867469565e-01	-1.001952950331113072e+02
5.029688873569548413e+00	3.021096783449468148e+01	-8.114599355536454839e-01	-1.011748963904938563e+02
5.035958413584124216e+00	3.042351348016376278e+01	-7.913942247084890802e-01	-1.019706913867892979e+02
5.042232667658486989e+00	3.076334519561799397e+01	-6.787691922028007419e-01	-1.034001041370331109e+02
5.048528755870775875e+00	3.077805470835155432e+01	-7.334610186348573535e-01	-1.035065347647033605e+02
5.054821121427484520e+00	3.108133262599953994e+01	-7.534766474485637966e-01	-1.045844936547842110e+02
5.061069509814582368e+00	3.150536074636104900e+01	-6.660046661659955181e-01	-1.062184152691304604e+02
5.067347812754101177e+00	3.134220076263888188e+01	-6.756845783116961490e-01	-1.057552489758757730e+02
5.073675050630431116e+00	3.178957609777069493e+01	-6.080166922100633808e-01	-1.074846337462986696e+02
5.079945928388977627e+00	3.215165871161554634e+01	-6.436674512161779660e-01	-1.087260040623818469e+02
5.086192992546071601e+00	3.218538698004002896e+01	-7.413256454899159742e-01	-1.087900777782032691e+02
5.092484128970163226e+00	3.227841810597752925e+01	-5.645757834803043496e-01	-1.094808782217739207e+02
5.098802924706086870e+00	3.263117322403195431e+01	-5.734860275067602542e-01	-1.107400058983142799e+02
5.105078217426394005e+00	3.304570767292781142e+01	-5.213874433671173980e-01	-1.122749807403521345e+02
5.111325076574067872e+00	3.302525678175414470e+01	-5.498347847523861187e-01	-1.122610018860069516e+02
5.117628358851224135e+00	3.325724200751007942e+01	-4.945973004426051922e-01	-1.132408193651344988e+02
5.123935939383525984e+00	3.389073927505436501e+01	-6.037551394359496060e-01	-1.153447140430986195e+02
5.130199176325612065e+00	3.383490703566733515e+01	-4.601648121904154398e-01	-1.153688004891788950e+02
5.136469985878846956e+00	3.404308859579186475e+01	-4.599170389708263085e-01	-1.162277893377582956e+02
5.142797788696348071e+00	3.424571488376707151e+01	-4.765395193120934847e-01	-1.169571899685451086e+02
5.149090378043822192e+00	3.464691109804125801e+01	-4.917660632879521376e-01	-1.184139761636865842e+02
5.155289879840074363e+00	3.494464627816689273e+01	-3.980177267703802202e-01	-1.195944506036784247e+02
5.161564521234301317e+00	3.536779458897814266e+01	-3.571779079295719916e-01	-1.212334152849670375e+02
5.167916673496016244e+00	3.566361418974607034e+01	-3.840575696121230620e-01	-1.222505842975375572e+02
5.174205974602950064e+00	3.577838068253063852e+01	-3.839963693848952309e-01	-1.227085357722234420e+02
5.180434820793812456e+00	3.614891577275213308e+01	-3.677317402227595622e-01	-1.240763818660613964e+02
5.186729096569634656e+00	3.643118141252865172e+01	-2.677118589686026673e-01	-1.252746879579313912e+02
5.193058481037780894e+00	3.659978418744383788e+01	-2.680548995976211879e-01	-1.259235464475295458e+02
5.199319511444338460e+00	3.732061298367441537e+01	-3.303053992080740020e-01	-1.283606476985575853e+02
5.205574295584361799e+00	3.730628831081541819e+01	-3.020608949886882666e-01	-1.284523638696283854e+02
5.211894977074066126e+00	3.795460255942784045e+01	-3.250300435515172670e-01	-1.307647556450322099e+02
5.218201708336958511e+00	3.823871381123713320e+01	-3.915991029018114911e-01	-1.316931746381313246e+02
5.224411911780083351e+00	3.783351084864310110e+01	-2.732721889748399580e-01	-1.304892507313556393e+02
5.230677632666463239e+00	3.867485373786549729e+01	-2.085931932822259749e-01	-1.335636501181568292e+02
5.237056729559757429e+00	3.868182989694349061e+01	-2.015581250212728770e-01	-1.336656136792713312e+02
5.243336785035660697e+00	3.925739146498482768e+01	-3.098063134843722088e-01	-1.355745597945695238e+02
5.249493476178225038e+00	4.003293131063195176e+01	-2.919779273481168946e-01	-1.383166689406465082e+02
5.255787017738318134e+00	4.039841563651159362e+01	-1.612472746745265140e-01	-1.398669096291942537e+02
5.262205327426889845e+00	4.047894674435139706e+01	-1.796072942874471223e-01	-1.401569942574384697e+02
5.268477758348532269e+00	4.050939205132344512e+01	-1.358012385675616829e-01	-1.403563686065544402e+02
5.274632213654732560e+00	4.111179376450646572e+01	-1.560971005897225927e-01	-1.424622508638614988e+02
5.280950543314659740e+00	4.201015130143305498e+01	-1.160052963347477512e-01	-1.457227406119661737e+02
5.287327645024750389e+00	4.206905684682199364e+01	-1.240577815747723883e-01	-1.459714083272749008e+02
5.293582359180156516e+00	4.220301692095169699e+01	-1.050910450534805890e-01	-1.464719088156453495e+02
5.299789992649893478e+00	4.297932930034759380e+01	-1.989485431470637278e-01	-1.491666907779454334e+02
5.306111460381987222e+00	4.311077848519619948e+01	-2.297998444449148858e-01	-1.496319820370828779e+02
5.312452717892129250e+00	4.375250728108933629e+01	-5.580787052009252708e-02	-1.520824917538974717e+02
5.318650122853046724e+00	4.403280314080232927e+01	-5.022960977342527666e-02	-1.530957428065877650e+02
5.324923043129819789e+00	4.496350155106492252e+01	-1.086210036101871584e-01	-1.563774961925177820e+02
5.331330237158205421e+00	4.509725277793187104e+01	-1.268402168400433461e-01	-1.568665333841385348e+02
5.337586726886338617e+00	4.511348685350698418e+01	-1.035290681184664330e-01	-1.569664928771513530e+02
5.343685192440848830e+00	4.618089541833239053e+01	-5.369555801399965994e-02	-1.607589438584949164e+02
5.350070659715249199e+00	4.564632952014210332e+01	-9.482075603050263771e-03	-1.590635282018469923e+02
5.356556762554878226e+00	4.750270330953383535e+01	-7.134205549344192765e-02	-1.654880798378380575e+02
5.362691868684501095e+00	4.721988743623037976e+01	-8.870282710963074690e-02	-1.644985707333218556e+02
5.368769208912516966e+00	4.771789594485982633e+01	2.679926541341710530e-02	-1.663959255105702084e+02
5.375270137997677722e+00	4.875613566648789288e+01	-6.943550936994669076e-02	-1.700098266992189338e+02
5.381769983045385786e+00	4.838829874081469029e+01	5.982810687917274745e-02	-1.688917606534519393e+02
5.387701030372958222e+00	4.943007617955031208e+01	5.671281873519606713e-03	-1.724354407553175577e+02
5.393786668001271600e+00	5.018525881377162534e+01	-5.658838524518433610e-02	-1.750753566644116574e+02
5.400446161099396569e+00	5.053826593324561145e+01	1.100253613568304492e-02	-1.764531278778598562e+02
5.406957063684501463e+00	5.131099087865683828e+01	-1.049256094014770629e-01	-1.790549158219224353e+02
5.412655672453426270e+00	5.123049259321479809e+01	3.654803005950666567e-02	-1.788933154024347800e+02
5.418821279260546575e+00	5.183850996244456155e+01	-6.343203001028613341e-02	-1.810032387123643787e+02
5.425690594366304076e+00	5.365218324888845558e+01	-1.808325095476647631e-02	-1.874342834764082681e+02
5.432217487502165376e+00	5.297297052505887649e+01	5.299666067284533599e-02	-1.851515626628161044e+02
5.437649811577258241e+00	5.434293419905078082e+01	-2.379692346026137176e-02	-1.898217747720909188e+02
5.443914404015878006e+00	5.476869381721894570e+01	-1.141372744010621387e-01	-1.913035468772143304e+02
5.450953501686320202e+00	5.595198821112355603e+01	-2.497440488506889184e-02	-1.955841213572470565e+02
5.457483690405861232e+00	5.627946068696557091e+01	9.082798262746017218e-03	-1.967811302941473457e+02
5.462715250135157241e+00	5.608765767073563779e+01	-2.217121579293581113e-01	-1.958331938291896677e+02
5.469033575551323523e+00	5.760372414042482347e+01	-1.375448569926539799e-01	-2.012944968775607890e+02
5.476177730420278778e+00	5.566823592636894347e+01	8.277309959586297283e-02	-1.947793078333737071e+02
5.482708935702562236e+00	5.708448673891641079e+01	6.987985827348346113e-02	-1.997458441817301491e+02
5.487722405008360838e+00	6.242648955117149256e+01	-1.384850606954145247e-01	-2.181892430419168534e+02
5.494194284996126498e+00	6.056395255139999279e+01	-5.382458122495070718e-02	-2.118169011401068076e+02
5.501391471009256406e+00	6.105420018564995388e+01	-3.506749289872965886e-02	-2.135663449118121093e+02
5.507128202673079009e+00	6.163910200922346405e+01	6.462988923247217632e-02	-2.157339580248050481e+02
5.512278020050448646e+00	6.525183717850906362e+01	-1.409379524938154590e-02	-2.282967689523238164e+02
5.519395563377015534e+00	6.143200157284796603e+01	3.490337030154958692e-02	-2.149953646185637410e+02
5.526598678609708770e+00	6.307029586777225205e+01	1.065775601525234539e-02	-2.207186880985672985e+02
5.532162682462509196e+00	7.105040221209239348e+01	1.348449039932350102e-01	-2.487762221841067856e+02
5.537397124017139127e+00	6.995315305476417223e+01	1.073433277559419224e-02	-2.448210710472782807e+02
5.544582756485218589e+00	6.598127403841840533e+01	-1.989313743734802062e-02	-2.308985784705958793e+02
5.551739327507637434e+00	6.922954027010533196e+01	1.475453742521551925e-01	-2.424427756785121915e+02
5.557493306674907707e+00	8.475538109817144061e+01	9.590079151415271952e-02	-2.967352757295530523e+02
5.562281709102816940e+00	7.404809647690487395e+01	-1.022298657968809532e-01	-2.590634864691901953e+02
5.569272720323164449e+00	1.294363536452112271e+02	-4.312925211825642535e-02	-4.529834890041894937e+02
