8.899641224696953554e-03	9.435485918239464809e+03	4.019816936392114258e+03	-3.040252606842860041e+04
1.507912216506557788e-02	1.174928822267441501e+04	1.216195677866535152e+04	-1.698541922212631619e+02
2.144790186456836667e-02	1.651189450015477269e+04	1.623358340088864861e+04	-1.967256646559418414e+03
2.783660776489276650e-02	1.097574215051688770e+04	9.442989288575809042e+03	-1.443457447904487267e+01
3.435099785803411021e-02	1.024273412042019299e+04	9.014299317071248879e+03	1.747785115300972620e+03
4.047886761425745911e-02	9.060503713958130902e+03	8.004852127020761145e+03	1.551353549338240100e+03
4.676716683575679601e-02	9.091446576898422791e+03	9.529280774058493989e+03	1.137797480775094527e+03
5.308225101765951665e-02	7.271246513044869062e+03	6.886408499529247820e+03	2.624791817252307283e+03
5.945362440940590160e-02	6.778746823588267944e+03	5.928799738468756004e+03	1.053309681828589646e+03
6.576224814588792211e-02	5.846744178569525502e+03	5.114576517235173924e+03	2.410226915711096808e+03
7.196632906698736953e-02	5.298739943063995270e+03	3.694941256950497518e+03	4.224394620306508159e+02
7.827860915688347743e-02	5.501318103096459708e+03	3.573017462245061779e+03	-8.938393090970595267e+02
8.470398945834539672e-02	4.793745289074517132e+03	4.293542068519391250e+03	7.874134519971911459e+02
9.096854620527369817e-02	4.414699673395739410e+03	3.966192710865875597e+03	4.089656002232344463e+02
9.720789776830213169e-02	4.122197694950747973e+03	4.055261971475862538e+03	1.100702694488549469e+03
1.034763038959366499e-01	3.773615828158366639e+03	3.515955620648136573e+03	4.898366802042645531e+02
1.097576444254559219e-01	3.214613906152620984e+03	3.021632205663192963e+03	1.852327967509713744e+02
1.160543084780093354e-01	2.966608146511822270e+03	2.569602271414781626e+03	3.508899593701698336e+02
1.223669666537485351e-01	2.548935195036585810e+03	2.159612434206213948e+03	3.985397700086344344e+02
1.286817263090294094e-01	2.552606816554909528e+03	2.142308237239025857e+03	1.385657510500362264e+02
1.349500801664080818e-01	2.309100581859009708e+03	2.094742512446981436e+03	6.596312618348107435e+02
1.411949558842147678e-01	2.145231082634546510e+03	1.495550838650297692e+03	9.137564481929759097e+01
1.475133575747468451e-01	2.090149204924429341e+03	1.578157811217483641e+03	3.471189217027251175e+02
1.537865074252268427e-01	1.947750326416633698e+03	1.491596035937217039e+03	5.406819706008166548e+01
1.600657544051110326e-01	1.837188472487237732e+03	1.266612357828929589e+03	2.860227242173487525e+02
1.663991168687080635e-01	1.678770251624786397e+03	1.193198817737630407e+03	3.009557156001419003e+02
1.727195645776442856e-01	1.602449291867375678e+03	1.078721736568374808e+03	5.138052736004480181e+01
1.789765213377084718e-01	1.469066780463944269e+03	1.085067813254318935e+03	8.111883794449269658e+01
1.852353690647852158e-01	1.412134986099262960e+03	9.543131951520640541e+02	1.387117769371812592e+01
1.914806787341157279e-01	1.300669989268615609e+03	8.784417388334837824e+02	2.185866154867954378e+02
1.977889868651535599e-01	1.226281731258024365e+03	7.919511597122238982e+02	1.937811211991477478e+02
2.040937735447724277e-01	1.167905533734314531e+03	7.809034376664956199e+02	8.714885673167859181e+01
2.103939302609846018e-01	1.103980631467510875e+03	7.101245182167881467e+02	1.685501106081616740e+02
2.166909709822301688e-01	1.052967152143055273e+03	6.808065737397412249e+02	1.586825135688624755e+02
2.229700281216152047e-01	9.938889386628001148e+02	6.031031200478553274e+02	1.469066577299595053e+02
2.292620027086341994e-01	9.240921564457978548e+02	5.162167597854935366e+02	2.277549589962373844e+01
2.355141508366812297e-01	9.038017677905487517e+02	5.111674467629486571e+02	1.594142810033370665e+02
2.417910583817859116e-01	8.461150786830760353e+02	5.041322983700865166e+02	1.068969886642120741e+02
2.480856539439619257e-01	7.973456517344687882e+02	4.172707658911468798e+02	8.906243161559460475e+01
2.543492256872954549e-01	7.572310553539504099e+02	4.205242833035127319e+02	1.534268105366822965e+02
2.606334251884805386e-01	7.228848029427701931e+02	3.623875898204056512e+02	9.470896728248960983e+01
2.669257370896960802e-01	6.856224866025030451e+02	3.205727481523182973e+02	1.012793849796435097e+02
2.732423343141155980e-01	6.521913562847275898e+02	2.834224186799829113e+02	9.826600233072723256e+01
2.795529680084415936e-01	6.165628238807131538e+02	2.574057234530137634e+02	1.022704406714398715e+02
2.858366292314493129e-01	6.069781063694595105e+02	2.843115906552421848e+02	9.188187486296652651e+01
2.920876271394311496e-01	5.837875163486688734e+02	2.415255968576778116e+02	1.153262165952627356e+02
2.983449844439822751e-01	5.487871463502998495e+02	2.086550281684432377e+02	1.010527620928884147e+02
3.046382639407197446e-01	5.257618943258778472e+02	2.237610173477847297e+02	1.066512882714111186e+02
3.109279127003197196e-01	5.024329085564588127e+02	1.758319091474646143e+02	8.393717896631713415e+01
3.172168171618398036e-01	4.832846484959957252e+02	1.781138595920391197e+02	9.786502859009122801e+01
3.235187567944423082e-01	4.612211275097245107e+02	1.630616788636178285e+02	8.469717099165367813e+01
3.298168217550395687e-01	4.456243581109825413e+02	1.426764985486982482e+02	1.018181916047932276e+02
3.361176429457156667e-01	4.227688825364235186e+02	1.356796295047533079e+02	7.993508064422125869e+01
3.423700375709273769e-01	4.079687710544490642e+02	1.139737142817164113e+02	8.200326175293858455e+01
3.486478192666269682e-01	3.881899000273061802e+02	1.044662859548953548e+02	1.021512529600045838e+02
3.549411614411318028e-01	3.782459703892249081e+02	1.026729642550242545e+02	9.226049801299750186e+01
3.611916935421040642e-01	3.608560802296557313e+02	9.214117075318718264e+01	9.812620296436716671e+01
3.674767089563572564e-01	3.484989161877855395e+02	6.592517463218241858e+01	7.074724657392839333e+01
3.737647795277591056e-01	3.412240267989192262e+02	6.958900870851392995e+01	9.111026981558495663e+01
3.800654031475132477e-01	3.193025271615833276e+02	5.166278487601949365e+01	6.597070647249560693e+01
3.863539861259823738e-01	3.153847904094620844e+02	4.685542195585271230e+01	8.311944300214483405e+01
3.926140181364449755e-01	3.039528463695527876e+02	4.089903157965810010e+01	8.669198711471837271e+01
3.989264500321934581e-01	2.899298571318217341e+02	3.657257940493213511e+01	7.834475136565144737e+01
4.052073244576828714e-01	2.824801099385302336e+02	2.988890766758344952e+01	7.957833107645700466e+01
4.114916477570477182e-01	2.698860580778160170e+02	1.832258683773509134e+01	7.151133438443940804e+01
4.177814272116491257e-01	2.622259104288746698e+02	2.344352288248199301e+01	7.447696965423776305e+01
4.240400648725131116e-01	2.527223034022089792e+02	1.037755107877317684e+01	6.752653579832224295e+01
4.303425690270192283e-01	2.444380123010438979e+02	1.219749907683016232e+01	7.083711296708146676e+01
4.366358560255625965e-01	2.368678501654604815e+02	6.799403646729007988e+00	8.541776238727887005e+01
4.428996183220763605e-01	2.308085751630673315e+02	2.710572770616576754e+00	7.306352041026099187e+01
4.491634418529859563e-01	2.212374050460336719e+02	3.203158657495245532e+00	6.902179162386556754e+01
4.554414146254732731e-01	2.136205140240848266e+02	-5.830117560252083386e+00	7.407624896483044097e+01
4.617634470301058558e-01	2.087042425147815266e+02	-1.214448722269810688e+01	7.638515909721499497e+01
4.680644242023710433e-01	2.021273505654300209e+02	-1.105634916786894806e+01	7.044129450155818972e+01
4.743485242764365895e-01	1.948784547574398118e+02	-1.458442711558547522e+01	7.032560550365032270e+01
4.806356136815400082e-01	1.887509898126710368e+02	-1.716266402569083027e+01	6.532390051316204449e+01
4.869019258388697646e-01	1.819533409172099994e+02	-1.965375556211288099e+01	6.542105582590804147e+01
4.931697099599955947e-01	1.769962650426374751e+02	-2.082871589774831733e+01	6.314646995052724066e+01
4.994506747144535908e-01	1.726856127719345579e+02	-2.823029634964777657e+01	6.987103201349061976e+01
5.057159051335421429e-01	1.685190624958207763e+02	-2.574939366227084747e+01	6.582276206962895060e+01
5.119923996268095356e-01	1.633688380642977052e+02	-2.898583752559082427e+01	7.422119825612321620e+01
5.183126097768406826e-01	1.583456505551638145e+02	-3.252061485223602233e+01	6.893661283951490759e+01
5.246089638029100000e-01	1.538996485248462136e+02	-3.072759093202921221e+01	6.702486304142053086e+01
5.308757308483337267e-01	1.499373704177128275e+02	-3.205857074064797274e+01	6.505720006673146827e+01
5.371573527946726934e-01	1.447548044839772388e+02	-3.474943466445749607e+01	6.502801047854383398e+01
5.434579563783791256e-01	1.412783612377000395e+02	-3.601187752368964112e+01	6.479329215109842721e+01
5.497430652392217842e-01	1.376298163866617870e+02	-3.840829641465165167e+01	6.282980064915354745e+01
5.559937427501778773e-01	1.337561788204639015e+02	-4.053389888679345887e+01	6.852781716909946397e+01
5.622854676609657654e-01	1.301023847657114061e+02	-3.712123083098294529e+01	5.935692018655610269e+01
5.686011537227265711e-01	1.267602072199465937e+02	-4.324398361081846787e+01	6.268898104726536502e+01
5.748804589422079614e-01	1.246942153343053832e+02	-4.373973285750582818e+01	6.323316531988503186e+01
5.811550210340560296e-01	1.207891248853657231e+02	-4.232268281947159494e+01	6.498813917693387054e+01
5.874394496660968468e-01	1.167348498680729136e+02	-4.266049508561558667e+01	6.077467583901842829e+01
5.937176220296899176e-01	1.151937803315024098e+02	-4.199988752247766399e+01	5.952799307547533658e+01
5.999971954793682505e-01	1.107342787658700303e+02	-4.338958974485092313e+01	5.918830655590357281e+01
6.062679115124277596e-01	1.097831700744830954e+02	-4.286765542912987570e+01	5.930960339104196066e+01
6.125469576444534381e-01	1.073497037659604842e+02	-4.440491080793504608e+01	6.021160352424504936e+01
6.188477733041515272e-01	1.044077941077205907e+02	-4.363985662518708608e+01	6.041513786020462362e+01
6.251310567437898813e-01	1.003243263621290140e+02	-4.318484673358266690e+01	5.811535510272566540e+01
6.314027450383210560e-01	9.979830145634093697e+01	-4.490835182713167484e+01	5.606472930084410677e+01
6.377003562732055375e-01	9.698799751109375222e+01	-4.717443929279281889e+01	5.810720196676853533e+01
6.439857783314556494e-01	9.477484192171533550e+01	-4.558450336572268213e+01	5.738422319950331740e+01
6.502685417166111925e-01	9.197511046871984774e+01	-4.606937232478345834e+01	5.733199228321343810e+01
6.565586117699038216e-01	8.997827581103005912e+01	-4.457201317963726694e+01	5.509380080708334049e+01
6.628369282359254377e-01	8.852710034026095798e+01	-4.528570773818566408e+01	5.570537640794054113e+01
6.691185444962194362e-01	8.622976402014545272e+01	-4.559159764887498767e+01	5.567467569422760221e+01
6.754070198575605755e-01	8.522249400378152018e+01	-4.751683206394110925e+01	5.654538263889832450e+01
6.816835514593204692e-01	8.306312818064618853e+01	-4.614807250870673272e+01	5.389629313626616636e+01
6.879592533861698112e-01	8.076580511965282483e+01	-4.657926691221113202e+01	5.406591181990614103e+01
6.942344317039531587e-01	7.942340998699935994e+01	-4.596966384843837261e+01	5.514868461527299814e+01
7.005175402434737908e-01	7.754832578016660705e+01	-4.568455651935599349e+01	5.343228767168552196e+01
7.068124956608716758e-01	7.577190619560194307e+01	-4.730181818684726380e+01	5.288359319975734962e+01
7.131019009674921527e-01	7.419571622999019667e+01	-4.618457200973897869e+01	5.221444883041482399e+01
7.193918251171427247e-01	7.291811013795614826e+01	-4.518128522803144875e+01	5.154615077614816698e+01
7.256833807598113140e-01	7.113903009029895941e+01	-4.554045583077571990e+01	5.202124273486893458e+01
7.319652682709349989e-01	7.012106466696013740e+01	-4.524471056419903903e+01	5.210369718994646604e+01
7.382507990484923344e-01	6.890446238502646281e+01	-4.566084332401595702e+01	5.206856257893642947e+01
7.445265842115937893e-01	6.679760420576731406e+01	-4.395730808082659991e+01	4.964659408737865220e+01
7.507871101942712455e-01	6.620484672965470452e+01	-4.592004049233732133e+01	5.230018873922355738e+01
7.570758465316046459e-01	6.438897566539263551e+01	-4.453688300254874122e+01	4.897873178500224611e+01
7.633641233600957365e-01	6.324499703508884352e+01	-4.533136667073251402e+01	4.920337973298583023e+01
7.696462959862266917e-01	6.206877690120874291e+01	-4.393961497180234232e+01	4.969250138829951879e+01
7.759394865175414102e-01	6.111840603513710590e+01	-4.448953246352247248e+01	4.975273100310499075e+01
7.822329141989586843e-01	5.997431176001811082e+01	-4.337799393661742187e+01	4.787494504632203984e+01
7.885314936520240181e-01	5.885692241353008569e+01	-4.340388538870426061e+01	4.726249795877379256e+01
7.947896566979522071e-01	5.740702395480552411e+01	-4.249948814892947979e+01	4.760746068078419313e+01
8.010491096592354809e-01	5.645735339215782744e+01	-4.223959486040450884e+01	4.656525692711650066e+01
8.073364061727361651e-01	5.553125409331379103e+01	-4.312655969479850171e+01	4.792972320819210097e+01
8.136229488373866170e-01	5.472161461097658020e+01	-4.299776920186663176e+01	4.741718640769570214e+01
8.199152998961036776e-01	5.378735402850940517e+01	-4.195636935582846405e+01	4.676542398399622869e+01
8.261952636392789762e-01	5.258691369844889607e+01	-4.153197601039806841e+01	4.555640311805533571e+01
8.324897070080405914e-01	5.170723699601624901e+01	-4.119398340245893309e+01	4.602403616463895020e+01
8.387959309210778480e-01	5.065728301992721327e+01	-4.082020575862257061e+01	4.484969021171883696e+01
8.450634639703045181e-01	4.978692524115420781e+01	-4.067616905735621202e+01	4.450602183392798139e+01
8.513282867562648182e-01	4.934001874650417818e+01	-4.113739873653966583e+01	4.541166268863040045e+01
8.576198263902009566e-01	4.824422611943146677e+01	-3.992277169401873493e+01	4.409110633707160076e+01
8.639058477062415697e-01	4.748028754911026539e+01	-3.993643777359184810e+01	4.355608038636427892e+01
8.701838745487597837e-01	4.687860814108724128e+01	-3.965195379878097981e+01	4.408346171438066108e+01
8.764641096075268534e-01	4.619139699126205301e+01	-3.954151086662881198e+01	4.386260946203023536e+01
8.827503873399735745e-01	4.540403795586787083e+01	-3.926596544645264686e+01	4.300404583304479900e+01
8.890332768393869323e-01	4.465903478331242127e+01	-3.857040602770931770e+01	4.303785384090647170e+01
8.953084247113127780e-01	4.367494533553515623e+01	-3.821946774487862086e+01	4.203844400345525401e+01
9.015956521667095602e-01	4.315035311556142972e+01	-3.805072361703418693e+01	4.186895913682661785e+01
9.078833328094829680e-01	4.242720362732816852e+01	-3.798086643519960859e+01	4.178539907160701006e+01
9.141744106319863450e-01	4.185276474445197437e+01	-3.712494916029711334e+01	4.139330596536439799e+01
9.204630817717615043e-01	4.115561373413063961e+01	-3.717489756240492937e+01	4.144133854789473759e+01
9.267434415264711456e-01	4.059271689281406736e+01	-3.644264393428506565e+01	4.091440987603838408e+01
9.330324197354928906e-01	4.014722943789536913e+01	-3.728223961439989154e+01	4.153232887005500373e+01
9.393265785573878812e-01	3.931893146824927499e+01	-3.579737476653813388e+01	4.056282250332125727e+01
9.455974810398196650e-01	3.884230257209797799e+01	-3.587473567140284558e+01	3.964494241219870929e+01
9.518660018545171964e-01	3.818366920048691782e+01	-3.535551535276907487e+01	3.959027669535081628e+01
9.581413255531838757e-01	3.771897263677638534e+01	-3.528066366538738663e+01	3.999915069090025810e+01
9.644350945109106954e-01	3.720816885002533780e+01	-3.493039049813582864e+01	3.949708391485485492e+01
9.707355633568249820e-01	3.670604007132277502e+01	-3.467604338583127088e+01	3.915633436754106356e+01
9.770080768450029041e-01	3.623075392329095479e+01	-3.435357286891967732e+01	3.897930231641991128e+01
9.832823325363413414e-01	3.570272946161888683e+01	-3.412102902955220429e+01	3.868899066573165157e+01
9.895569691966674686e-01	3.512316359526159459e+01	-3.383514881187034717e+01	3.846169118663148367e+01
9.958456301921106979e-01	3.469521381907924251e+01	-3.307877860093583422e+01	3.782551105141654091e+01
1.002136210743837408e+00	3.422928973234407835e+01	-3.288125718668118935e+01	3.746795682252502502e+01
1.008404825335135424e+00	3.381949871515841721e+01	-3.299320754182235760e+01	3.764822997244497316e+01
1.014694149836243398e+00	3.310757021705936864e+01	-3.202519639807180596e+01	3.679915638645532994e+01
1.020992555437297167e+00	3.292836518426177150e+01	-3.229967447503686628e+01	3.694010207149996461e+01
1.027273980437394485e+00	3.261597024028191782e+01	-3.206628962387708270e+01	3.690195029691510342e+01
1.033559181896017254e+00	3.206337825566104272e+01	-3.133057473170490681e+01	3.673925881602004750e+01
1.039847557392594934e+00	3.164237525114732463e+01	-3.115004802818850038e+01	3.618459967915510589e+01
1.046126974943305088e+00	3.116312761750860005e+01	-3.089207472640039498e+01	3.636864285057399115e+01
1.052403436811028659e+00	3.095095289727606414e+01	-3.090940718544210952e+01	3.602825699333084231e+01
1.058680704651608684e+00	3.035546038830427307e+01	-3.002093405152897887e+01	3.488459198103328163e+01
1.064964333065789193e+00	3.024906971186453575e+01	-3.042228583177109513e+01	3.581532404502923583e+01
1.071256777440835473e+00	2.975098139019258525e+01	-2.980281832857572155e+01	3.535810480227996777e+01
1.077544048801078125e+00	2.943864171410315578e+01	-2.953256511849916777e+01	3.497385091047281236e+01
1.083824820188043603e+00	2.907035246433169107e+01	-2.931876537666302696e+01	3.496153574802991670e+01
1.090108023942816695e+00	2.866363168508987869e+01	-2.890502932793739177e+01	3.455177234209147485e+01
1.096389665956643222e+00	2.841936130901004987e+01	-2.877610788572656020e+01	3.444595741866717020e+01
1.102681132058841440e+00	2.804300049035798281e+01	-2.813472440768619265e+01	3.379148676081488389e+01
1.108963047594879958e+00	2.785040932787613599e+01	-2.833234143020755980e+01	3.423245173998851953e+01
1.115225428463759272e+00	2.739592857909279999e+01	-2.760923013915303059e+01	3.345089579758213461e+01
1.121502127614767863e+00	2.715379689662913520e+01	-2.761868294348542463e+01	3.362189651022588066e+01
1.127792573824792033e+00	2.681494284035931130e+01	-2.726888709310165027e+01	3.321142952605734422e+01
1.134089552668382961e+00	2.628010806057584503e+01	-2.654076962430978170e+01	3.240861772408297270e+01
1.140364049650405942e+00	2.611351519743105243e+01	-2.649239678828498512e+01	3.243745065800371918e+01
1.146639180320979445e+00	2.591278135713355013e+01	-2.640464096087715973e+01	3.255323513092173471e+01
1.152942412991649901e+00	2.564157933034137571e+01	-2.617206127866725751e+01	3.236140467640496610e+01
1.159228906751078814e+00	2.539479672373603947e+01	-2.601326587895559328e+01	3.209584469231479886e+01
1.165508721887268173e+00	2.510861446241011308e+01	-2.573237303575611890e+01	3.178774232917498566e+01
1.171793076256210320e+00	2.468453742963894726e+01	-2.511386256616354373e+01	3.148466304436965402e+01
1.178087436369658958e+00	2.462579315594723184e+01	-2.523618773340710320e+01	3.145710996107885293e+01
1.184367654251526902e+00	2.428113840161753600e+01	-2.492909116594021768e+01	3.113221817901361632e+01
1.190634642299266632e+00	2.410750868968382576e+01	-2.457377912127043729e+01	3.096948342498288298e+01
1.196912208834400859e+00	2.386124264881291879e+01	-2.430076319318557765e+01	3.062327544604031004e+01
1.203201577354146234e+00	2.367321222511216305e+01	-2.420518866800831503e+01	3.073371021046253659e+01
1.209486844441705733e+00	2.334557427644457661e+01	-2.383403232931372528e+01	3.043479785991842945e+01
1.215763902074809888e+00	2.318385080653438024e+01	-2.376360746332001739e+01	3.042524671114291124e+01
1.222049755171146668e+00	2.286704757736922033e+01	-2.331051953384010744e+01	2.990354787624578847e+01
1.228340616621486969e+00	2.268767174686799137e+01	-2.316257364759088588e+01	3.000915566707854865e+01
1.234632986576932767e+00	2.255290148958618701e+01	-2.317876751964461235e+01	3.000514786790706268e+01
1.240902247176856488e+00	2.233971611810602553e+01	-2.273079478056408931e+01	2.961599189831157730e+01
1.247174839144687519e+00	2.211962767539183616e+01	-2.272777927881755033e+01	2.942665809548615385e+01
1.253465459933442272e+00	2.200007854193378876e+01	-2.259574138522427234e+01	2.952788230522807211e+01
1.259749951892178421e+00	2.176804066491892442e+01	-2.226762397467779309e+01	2.918062063890235436e+01
1.266032143127253873e+00	2.148482267049069705e+01	-2.204616334128934696e+01	2.882273738271352670e+01
1.272316288472006507e+00	2.120368749066399872e+01	-2.153636760983556186e+01	2.822284698095608491e+01
1.278604155058621350e+00	2.126941767891019808e+01	-2.187974650309658742e+01	2.877456088473790530e+01
1.284886588933593865e+00	2.095523422242770195e+01	-2.130023250112145305e+01	2.839874712917516675e+01
1.291175420066583257e+00	2.084226455534513534e+01	-2.126751796601654476e+01	2.819974299496205461e+01
1.297465726373772332e+00	2.062366389349423201e+01	-2.096777461797339370e+01	2.794778066896787294e+01
1.303741827011944299e+00	2.042651630354976078e+01	-2.062086883435321383e+01	2.762526360787695623e+01
1.310017322922761851e+00	2.038872276725532018e+01	-2.072006812747077120e+01	2.789239347319566065e+01
1.316301447662886703e+00	2.017026254030535881e+01	-2.044122750519822418e+01	2.760518759359878160e+01
1.322586760363303249e+00	2.001829321398898642e+01	-2.041032255135455742e+01	2.757137770527280907e+01
1.328865492452874664e+00	1.971769782495986689e+01	-1.993764167232706086e+01	2.702939709007468139e+01
1.335144804954555564e+00	1.976959333188573353e+01	-2.002427185360885886e+01	2.739675373004159553e+01
1.341440516272275119e+00	1.956317376858377344e+01	-1.980968459108439816e+01	2.700929743264607907e+01
1.347730868417094552e+00	1.937124779953995812e+01	-1.951917274211621489e+01	2.691823274512822195e+01
1.354001589994877630e+00	1.920937342840658957e+01	-1.933775921347056581e+01	2.657295293348374088e+01
1.360282609297778444e+00	1.908922010682511683e+01	-1.926893355344039094e+01	2.648543329851133521e+01
1.366565686457597906e+00	1.891470141898036772e+01	-1.901514668591516255e+01	2.620960816677801830e+01
1.372851498482432708e+00	1.870061967558584115e+01	-1.860401138714900782e+01	2.584235412103656060e+01
1.379135372929401804e+00	1.876667922723393644e+01	-1.893051993110537623e+01	2.642927840257435435e+01
1.385409567149057164e+00	1.855442650895698264e+01	-1.859735396551255349e+01	2.587878123817031550e+01
1.391698641219299315e+00	1.836537782806256658e+01	-1.842920103196019355e+01	2.559094973947716767e+01
1.397984451439470810e+00	1.828187041402860302e+01	-1.828381278503714213e+01	2.568227668835360333e+01
1.404267883409181961e+00	1.817210751645466971e+01	-1.829479296424916512e+01	2.553273774344045677e+01
1.410554779484869181e+00	1.805899027477037677e+01	-1.792283300712229632e+01	2.519073945550976035e+01
1.416837833547465397e+00	1.792146562200381510e+01	-1.782567488730598981e+01	2.511526916867045500e+01
1.423118177187137068e+00	1.778707644779864339e+01	-1.758830412617991712e+01	2.484929936095453940e+01
1.429397801164240089e+00	1.768808637505498993e+01	-1.743923154134770925e+01	2.488170100014366781e+01
1.435686921822787232e+00	1.758269399349944706e+01	-1.741542978159223409e+01	2.477936409598025591e+01
1.441977121769299597e+00	1.750458124458398501e+01	-1.729252305874116757e+01	2.462911883009733671e+01
1.448253667853332427e+00	1.739459708303768792e+01	-1.716630046455443548e+01	2.452587107917710441e+01
1.454532348972172651e+00	1.725270985284357295e+01	-1.700736606740279910e+01	2.426117152552131984e+01
1.460819319151879903e+00	1.713831629911221199e+01	-1.679587317482789643e+01	2.403373765046887200e+01
1.467110364402026468e+00	1.702064968345439411e+01	-1.660284240198150130e+01	2.389900002933027778e+01
1.473392908948962132e+00	1.697541442467534978e+01	-1.669569795461203654e+01	2.398105605571969789e+01
1.479669965243598950e+00	1.686568471701655625e+01	-1.642445717297722041e+01	2.377344959783234657e+01
1.485956144602843532e+00	1.671977901795015242e+01	-1.634402671264717100e+01	2.350532105902816582e+01
1.492233610763115115e+00	1.663831616551223647e+01	-1.623372071981295051e+01	2.356984149022212449e+01
1.498502470379980078e+00	1.657510405142379994e+01	-1.620174153753478663e+01	2.338791541730334345e+01
1.504785752051182701e+00	1.656337265899385613e+01	-1.613984050188780373e+01	2.355372430401568096e+01
1.511075991894575976e+00	1.640106820339358862e+01	-1.588950645519819282e+01	2.311472368183975945e+01
1.517361634985162189e+00	1.635680471344765508e+01	-1.592886773794510979e+01	2.322174711476330700e+01
1.523648570969130533e+00	1.623593823191502494e+01	-1.576346857490619691e+01	2.296804381253966909e+01
1.529938035715892264e+00	1.612958851051286047e+01	-1.561583914802252160e+01	2.289887473749540447e+01
1.536230176913891965e+00	1.603665951361188036e+01	-1.538971136006365192e+01	2.258488558322565254e+01
1.542510718779388279e+00	1.591121455867820700e+01	-1.524083207797303174e+01	2.243781218820559076e+01
1.548783963082980275e+00	1.588456843306978250e+01	-1.526766522281010197e+01	2.252717457400884271e+01
1.555073069779651318e+00	1.578463282936645840e+01	-1.509365876044495991e+01	2.228649518521463335e+01
1.561357324927233892e+00	1.567695826302156270e+01	-1.493113519699579506e+01	2.207351077793925143e+01
1.567629121053141006e+00	1.562542940853663431e+01	-1.487589638503040668e+01	2.194058986656650845e+01
1.573913697404382583e+00	1.553321377684159188e+01	-1.471327216945366878e+01	2.184563388009990348e+01
1.580203545230874029e+00	1.548765096079520376e+01	-1.460877227591963212e+01	2.170119424530006214e+01
1.586485393434537983e+00	1.536438243077598997e+01	-1.437801218526333003e+01	2.143992465055217522e+01
1.592760014263005841e+00	1.535655974960097225e+01	-1.446670181435278302e+01	2.158456170027003651e+01
1.599046436394670812e+00	1.533636177969470360e+01	-1.452991580340542299e+01	2.146383046181411203e+01
1.605342136637478934e+00	1.520141119995422407e+01	-1.436536260818876087e+01	2.135197182832941820e+01
1.611619860919608627e+00	1.520474521687377134e+01	-1.435487938503379013e+01	2.131258088914609772e+01
1.617897597081673799e+00	1.510283764530957917e+01	-1.416475849350818983e+01	2.120323127744789815e+01
1.624183235481122756e+00	1.503424035752166255e+01	-1.417776529443105460e+01	2.107906268088236246e+01
1.630464598531913722e+00	1.491635727568992209e+01	-1.393301611138574003e+01	2.079297367267190921e+01
1.636748985747638274e+00	1.486439829789043188e+01	-1.389192359380275654e+01	2.068740824660730482e+01
1.643030923698886259e+00	1.483370552583654955e+01	-1.393625613550200093e+01	2.082615178705294312e+01
1.649309176648513064e+00	1.478522090737112649e+01	-1.373822026921975947e+01	2.068924747651946916e+01
1.655593633940351861e+00	1.478732824656584732e+01	-1.378115676207104201e+01	2.061139278050391610e+01
1.661879571405086464e+00	1.467974604262398941e+01	-1.366146829253229988e+01	2.045659702013806935e+01
1.668169361685170271e+00	1.464768659950961549e+01	-1.365375121718976636e+01	2.037758251043993241e+01
1.674450151530487485e+00	1.465989761470429009e+01	-1.364384508171506738e+01	2.040714005277748910e+01
1.680722718978495900e+00	1.460277372193473688e+01	-1.351777957223498206e+01	2.027180306920569919e+01
1.687013891340952476e+00	1.455616783473765352e+01	-1.358256793830801179e+01	2.025185247062799476e+01
1.693308984907921033e+00	1.435832915169061330e+01	-1.312348858080155267e+01	1.973096154915371159e+01
1.699582147428448486e+00	1.433750511744372957e+01	-1.313004856098332773e+01	1.971825657993019476e+01
1.705863747055134105e+00	1.433293157332554024e+01	-1.312876038528768596e+01	1.968434118726703019e+01
1.712154434283889470e+00	1.432483824582189058e+01	-1.309289317964556076e+01	1.977935284721457165e+01
1.718438381579399321e+00	1.424364528499428495e+01	-1.309392149854037690e+01	1.956528775785469776e+01
1.724721264464063930e+00	1.416563893944372765e+01	-1.298085973603122945e+01	1.947545179617673838e+01
1.730997441276920679e+00	1.413759844573716862e+01	-1.290149546946050663e+01	1.938514826935817581e+01
1.737287073528269499e+00	1.413208767994900583e+01	-1.285204643040811412e+01	1.931437282996727234e+01
1.743567991878527401e+00	1.407906250977526241e+01	-1.286227348147506255e+01	1.935383802345762305e+01
1.749840680212231048e+00	1.401948522063999292e+01	-1.277907626240130767e+01	1.914215709566762769e+01
1.756128549091961144e+00	1.388441907378492779e+01	-1.251103713921746952e+01	1.880841950823858255e+01
1.762413535324792502e+00	1.390317481587191040e+01	-1.254529491129565422e+01	1.879762893264771506e+01
1.768696187669963837e+00	1.385788783701675975e+01	-1.248423399378565612e+01	1.878720512910280860e+01
1.774979359379055266e+00	1.382534461700359962e+01	-1.247522028171423969e+01	1.865364948563063763e+01
1.781265555576432957e+00	1.375745095248297112e+01	-1.230452510949482914e+01	1.841263414970163836e+01
1.787549427830244619e+00	1.378713809639558541e+01	-1.248556490876299030e+01	1.865781475151839786e+01
1.793834120011633004e+00	1.376424582754663462e+01	-1.242790644023696167e+01	1.859034084318356861e+01
1.800115051552487300e+00	1.367481208334562126e+01	-1.228433300169259645e+01	1.827001624255861145e+01
1.806393904854530330e+00	1.360206912222262332e+01	-1.207373641605215298e+01	1.815170537386896399e+01
1.812674089667083432e+00	1.361652434544081913e+01	-1.211879075190697996e+01	1.825387437246333988e+01
1.818956920109354058e+00	1.357051857527057237e+01	-1.213566524962305948e+01	1.805098627561177693e+01
1.825244164118212220e+00	1.352853948543317841e+01	-1.199880656308934057e+01	1.793164916703594969e+01
1.831527256642196955e+00	1.347006568805066351e+01	-1.187377105663457932e+01	1.776972052446168604e+01
1.837811294935716599e+00	1.347033256363453013e+01	-1.193599747463124672e+01	1.783939543920731907e+01
1.844100717411196744e+00	1.344139624138097666e+01	-1.195818168848321861e+01	1.784832195455877368e+01
1.850384816792487230e+00	1.340548135656244000e+01	-1.182963436024338044e+01	1.773812712300642147e+01
1.856666059735203822e+00	1.337243809909050363e+01	-1.180165055074137825e+01	1.753320603333363792e+01
1.862947728675613979e+00	1.336595903811039499e+01	-1.181142741528574014e+01	1.758184370078696546e+01
1.869229324466858078e+00	1.330700032864005600e+01	-1.166009877149955720e+01	1.734645953551108022e+01
1.875517616802973686e+00	1.326574014909411581e+01	-1.161461927286608642e+01	1.724501613980258696e+01
1.881800769033795229e+00	1.324613069781436714e+01	-1.165320100958865801e+01	1.724045705766519632e+01
1.888078863416442710e+00	1.316703095594948003e+01	-1.140591523420830100e+01	1.692817982791093101e+01
1.894353975182237582e+00	1.318654290601784673e+01	-1.148791223103924608e+01	1.713929747261362735e+01
1.900642716154182565e+00	1.320558800718159986e+01	-1.158009117033131830e+01	1.719082002835032696e+01
1.906933494748685121e+00	1.309860456790467254e+01	-1.126070685014517814e+01	1.685550072082337891e+01
1.913207568676573933e+00	1.308986852178159133e+01	-1.138437349148843047e+01	1.683936829696979487e+01
1.919490884732178992e+00	1.311295502445951300e+01	-1.139379821910171309e+01	1.692913744128183851e+01
1.925776855684274480e+00	1.307036750679607096e+01	-1.134876409634190608e+01	1.679147008173338307e+01
1.932064452961978152e+00	1.303941444999101051e+01	-1.126337906514195808e+01	1.667045539072467975e+01
1.938342610030488800e+00	1.302469817492910487e+01	-1.123506340402051684e+01	1.666729016450031153e+01
1.944618341543410178e+00	1.299890793142802714e+01	-1.123590493053028361e+01	1.650895649044417368e+01
1.950906260203513876e+00	1.299518183586268805e+01	-1.111966389093259089e+01	1.652512945142558465e+01
1.957194556613796488e+00	1.292726074838823358e+01	-1.102217993812392827e+01	1.632683405916337804e+01
1.963479614559011432e+00	1.286292021262870300e+01	-1.092661812160483414e+01	1.616632305862171393e+01
1.969760361532916226e+00	1.288467599971107980e+01	-1.101651353699261549e+01	1.620266294166207643e+01
1.976048367034604736e+00	1.287523168252709560e+01	-1.097788925985821251e+01	1.616705368944428045e+01
1.982337990217652335e+00	1.286609461906739682e+01	-1.096989314650570790e+01	1.605482611764952949e+01
1.988617489259562721e+00	1.278697728224584296e+01	-1.082158703290231827e+01	1.590380727611350586e+01
1.994896320665194178e+00	1.280287125237063428e+01	-1.079564320058250004e+01	1.592226475357084148e+01
2.001179596222827151e+00	1.272921862992467901e+01	-1.081289998975152322e+01	1.575247602935811564e+01
2.007459756923499761e+00	1.272944641819428568e+01	-1.070422206967812784e+01	1.570799646668091398e+01
2.013737397779169935e+00	1.269866248115118346e+01	-1.063769639385294319e+01	1.561498628763825458e+01
2.020017234677497164e+00	1.271483115653973073e+01	-1.067641637084421191e+01	1.566514291692052119e+01
2.026310251015072783e+00	1.262995169371991366e+01	-1.050288296828630763e+01	1.543221824421155830e+01
2.032600542948020284e+00	1.263920692935779222e+01	-1.047861412823301563e+01	1.536897564402808314e+01
2.038873863192099289e+00	1.261695466110825770e+01	-1.051034942400010941e+01	1.544259337371124197e+01
2.045154087821675404e+00	1.257152247087319985e+01	-1.038478671331557912e+01	1.515678629371452324e+01
2.051444704514288730e+00	1.258818724230985531e+01	-1.042756414661468689e+01	1.519440067560029028e+01
2.057730430280644729e+00	1.254574521287816147e+01	-1.035575961058789574e+01	1.509194893964511408e+01
2.064013940455224461e+00	1.256139950725907894e+01	-1.040498800577608662e+01	1.518759037889790697e+01
2.070299891179459895e+00	1.249253955656706871e+01	-1.027557482585179649e+01	1.492318664155120800e+01
2.076589719964883951e+00	1.247956440266345268e+01	-1.026052762339628899e+01	1.493859941460819485e+01
2.082865483794470673e+00	1.247191052702637215e+01	-1.020756823665396240e+01	1.486427666537247028e+01
2.089134494859368640e+00	1.244987862297764636e+01	-1.015858351568105533e+01	1.478323910864927981e+01
2.095424211360070288e+00	1.243681535390739334e+01	-1.011806769155710839e+01	1.472272317981370726e+01
2.101707116664804254e+00	1.243305441818998069e+01	-1.012848613692374933e+01	1.469983624420740576e+01
2.107986473933564309e+00	1.239291508877806791e+01	-1.007571364441586148e+01	1.456287659416467761e+01
2.114271806543862375e+00	1.235678203923499296e+01	-9.994999126391384436e+00	1.449622062130998223e+01
2.120552717288892275e+00	1.235702023985520626e+01	-9.974328420788788563e+00	1.433963852092101732e+01
2.126836933207161717e+00	1.230955866125079545e+01	-9.854247193967420770e+00	1.425915481547853325e+01
2.133122044791171845e+00	1.232768421379704904e+01	-9.908510464572067633e+00	1.432793160427201329e+01
2.139411711910842673e+00	1.230916754848035843e+01	-9.933592118678065574e+00	1.426731633229944407e+01
2.145697076775292089e+00	1.228409036015911759e+01	-9.802347237748699982e+00	1.414327345239062517e+01
2.151973548606471276e+00	1.229737935273550775e+01	-9.856170215326795159e+00	1.425758349839394157e+01
2.158259913555724108e+00	1.226616116820198243e+01	-9.767236828161921736e+00	1.405590526229891779e+01
2.164545396699105506e+00	1.222213690209596315e+01	-9.634090602653648361e+00	1.394024596445176378e+01
2.170830700377734068e+00	1.222573161264605623e+01	-9.637873121152686906e+00	1.387517835384728393e+01
2.177114138849150393e+00	1.220301962795090844e+01	-9.586998705532417731e+00	1.387441110030844627e+01
2.183387647576827018e+00	1.218192873022929312e+01	-9.601831645886752753e+00	1.375855345333594926e+01
2.189670273687676971e+00	1.213420315638672342e+01	-9.475131500186114053e+00	1.364066515244231503e+01
2.195960147934207463e+00	1.213532427529332125e+01	-9.466758726464041374e+00	1.358664937464666522e+01
2.202242556317716371e+00	1.212112855039197257e+01	-9.414418073752969462e+00	1.356857837538848877e+01
2.208521655981037668e+00	1.214148177711457599e+01	-9.448648473574579043e+00	1.362791007004078381e+01
2.214804637081333016e+00	1.210521864396805647e+01	-9.361301913695676546e+00	1.344752932024029768e+01
2.221092583349425276e+00	1.210335059658831725e+01	-9.375464700426658027e+00	1.345398145434355719e+01
2.227372893591468728e+00	1.205312272324708722e+01	-9.248071583130435869e+00	1.330023816379782353e+01
2.233657161144248171e+00	1.208465672063539564e+01	-9.344209903337830525e+00	1.334902513498997223e+01
2.239943485394438660e+00	1.203578275703294587e+01	-9.232183377105014799e+00	1.322550309914187316e+01
2.246224175264620815e+00	1.203189191416112891e+01	-9.147844176300159447e+00	1.314256427055509491e+01
2.252506378421252009e+00	1.201191119583575606e+01	-9.128642869650631653e+00	1.308659110787601954e+01
2.258783417054270437e+00	1.197157705039768238e+01	-8.984277730103562121e+00	1.300210509923483393e+01
2.265069077371457684e+00	1.198130414249489029e+01	-9.019287597198687223e+00	1.288434169265584117e+01
2.271350377044131452e+00	1.194015580856913772e+01	-8.926735793862714985e+00	1.285312160516395252e+01
2.277633995145353918e+00	1.195883669958420192e+01	-9.018946127609437369e+00	1.287889550090471502e+01
2.283922419579920149e+00	1.193625708418733211e+01	-8.933562654601830744e+00	1.282774794247180949e+01
2.290202874392252674e+00	1.191987338205166047e+01	-8.867362905010381269e+00	1.272319225113059993e+01
2.296490779970905560e+00	1.190050533923824538e+01	-8.832102441512086344e+00	1.268334588097343207e+01
2.302771769934229162e+00	1.189573343188541266e+01	-8.790315529847967824e+00	1.264477743623070616e+01
2.309051364164305564e+00	1.188692575924177852e+01	-8.748941984848430664e+00	1.252059666977674368e+01
2.315338502539088239e+00	1.186761951214781874e+01	-8.761840797421385219e+00	1.244649113520477002e+01
2.321627336503874428e+00	1.183408182455947077e+01	-8.679426980311752970e+00	1.243317771340267264e+01
2.327911878297218795e+00	1.187462744299532780e+01	-8.721782696584758909e+00	1.251012962875677026e+01
2.334186238580297168e+00	1.185370199094289312e+01	-8.656918782045174510e+00	1.243909138830342265e+01
2.340467971862688401e+00	1.181971436309796175e+01	-8.562694080859834855e+00	1.225014347851355900e+01
2.346756940970738725e+00	1.180407590740757762e+01	-8.560881718702422205e+00	1.225075834328734814e+01
2.353044444556199988e+00	1.178709511700222556e+01	-8.503734033547408089e+00	1.217577186807258549e+01
2.359327653314069906e+00	1.177118930246818707e+01	-8.459015539575382547e+00	1.206900834824180535e+01
2.365603048789861607e+00	1.173413445409127931e+01	-8.345084191377146965e+00	1.198146059275910957e+01
2.371885911737665165e+00	1.176919290448902089e+01	-8.421208411263878091e+00	1.203289407161535962e+01
2.378173303594019572e+00	1.175568988085287536e+01	-8.351941567248882592e+00	1.195589744597957171e+01
2.384454016539381271e+00	1.175566461029315057e+01	-8.377329628297975006e+00	1.197382310554097273e+01
2.390736447344785187e+00	1.169014012298059946e+01	-8.242850150270831122e+00	1.178821553194503480e+01
2.397014133897952259e+00	1.172425085669320666e+01	-8.257420041102170316e+00	1.183211017689837341e+01
2.403295490074321972e+00	1.169134809899836824e+01	-8.154192994312639442e+00	1.169052541912761534e+01
2.409585049672506862e+00	1.168481739347202897e+01	-8.155184192274944621e+00	1.174535996442944530e+01
2.415871703165322071e+00	1.168105630673332662e+01	-8.096824698914771190e+00	1.163487797510620148e+01
2.422160652369088840e+00	1.165758932573235995e+01	-8.082574972743023167e+00	1.161121461873315930e+01
2.428440167222748691e+00	1.165717696214703913e+01	-8.066356012435036860e+00	1.160532302737296995e+01
2.434717472383889803e+00	1.167948502415994305e+01	-8.049605823782339797e+00	1.156148345847327619e+01
2.441002456202044257e+00	1.166477101929543458e+01	-8.036126724287196765e+00	1.154317699131047270e+01
2.447289980304530488e+00	1.162637157161560886e+01	-7.922324589730124877e+00	1.137377159377830793e+01
2.453571844729242279e+00	1.161210918189328289e+01	-7.880262923051693846e+00	1.140763043812687805e+01
2.459852705114058846e+00	1.162848676895717936e+01	-7.872742153562120926e+00	1.135637555860535741e+01
2.466139233225018934e+00	1.158647386252801859e+01	-7.747194500925835392e+00	1.118982064217412109e+01
2.472421963421291391e+00	1.160944455468440140e+01	-7.855980195152135970e+00	1.133371541540508787e+01
2.478698519174224568e+00	1.160432426657993688e+01	-7.779018682876457369e+00	1.129094515651724429e+01
2.484980841400355800e+00	1.157362442095539734e+01	-7.707691596263778422e+00	1.112059582637773225e+01
2.491269319409339822e+00	1.156776159695523454e+01	-7.696844913407637989e+00	1.113273399034788902e+01
2.497548505139029373e+00	1.156285132139828065e+01	-7.673284785645646977e+00	1.108778726667765291e+01
2.503831667172610853e+00	1.154514737822479908e+01	-7.633495746653124137e+00	1.103997473192623069e+01
2.510117938323931153e+00	1.154887746481944610e+01	-7.621996792338612714e+00	1.106317052149904789e+01
2.516400733681277480e+00	1.156528560964080832e+01	-7.605258075229734516e+00	1.103263159024203155e+01
2.522688226833368130e+00	1.155874791511316957e+01	-7.543717561505321356e+00	1.097611860157894981e+01
2.528971695852665569e+00	1.152565464089593661e+01	-7.505496648360391099e+00	1.094664814705472367e+01
2.535252039407670299e+00	1.152623931825894310e+01	-7.506069077897004505e+00	1.088224921448484928e+01
2.541537514142774512e+00	1.151797491725841560e+01	-7.399769842627581973e+00	1.086557800787736028e+01
2.547823008847572179e+00	1.148987518696243448e+01	-7.333939984997210004e+00	1.068958388964737694e+01
2.554100666580690238e+00	1.152034201164685712e+01	-7.392840714051346573e+00	1.083386514232775255e+01
2.560376788884177301e+00	1.149531530670142132e+01	-7.319612607590213038e+00	1.071627115504475825e+01
2.566667521601497359e+00	1.151637919220646467e+01	-7.304700484460375343e+00	1.069766238717112650e+01
2.572955062237090473e+00	1.149062202960825729e+01	-7.247399293459380054e+00	1.064022328724025535e+01
2.579233771797999175e+00	1.148720492577655250e+01	-7.214817121666807331e+00	1.063490373054690608e+01
2.585520164300948220e+00	1.149903951626542664e+01	-7.244444531727468828e+00	1.065380884994605459e+01
2.591805130332431872e+00	1.147401541436835615e+01	-7.140872691722242926e+00	1.051093974727998415e+01
2.598084074692260881e+00	1.149329475876461970e+01	-7.153366794775720905e+00	1.064707308951360254e+01
2.604360404197643586e+00	1.147102101902079596e+01	-7.120991946952101692e+00	1.051109871659709150e+01
2.610647185140439142e+00	1.147352385832338939e+01	-7.129168925588309058e+00	1.047547821702309356e+01
2.616931864059273138e+00	1.146163741369604772e+01	-7.008814760775446295e+00	1.038406896092776321e+01
2.623206107911065565e+00	1.147458303483791298e+01	-7.008175370136147997e+00	1.045121170759380469e+01
2.629491626543270844e+00	1.147131949133505557e+01	-7.025114555298650920e+00	1.034238711480011297e+01
2.635778507982642349e+00	1.146989263455978936e+01	-6.979580342684508665e+00	1.036484442054276833e+01
2.642061039325260818e+00	1.144813707539888981e+01	-6.959747775464230735e+00	1.034926329645436738e+01
2.648343840729305843e+00	1.145358548204101545e+01	-6.901448936935732803e+00	1.032493310301739520e+01
2.654631838974855551e+00	1.145513743180153199e+01	-6.883271356016831710e+00	1.021009621070555617e+01
2.660919001246303761e+00	1.143526096750253096e+01	-6.834062698910003064e+00	1.017721998739280487e+01
2.667198525130066056e+00	1.145322560460152062e+01	-6.812842014690234649e+00	1.026043282717142269e+01
2.673484307038032526e+00	1.146327169797123346e+01	-6.852663736137563966e+00	1.026092641209847045e+01
2.679773388053849459e+00	1.145653921485062909e+01	-6.777125199064910177e+00	1.014888482736037467e+01
2.686058217632288692e+00	1.146099540612736689e+01	-6.748209973241745097e+00	1.017288382693865323e+01
2.692338738200057868e+00	1.147180117220960049e+01	-6.759907977199877571e+00	1.022068535746161366e+01
2.698618022887226964e+00	1.146024723151908553e+01	-6.651473484961864635e+00	1.010947187455331786e+01
2.704895450708277860e+00	1.143540762216809270e+01	-6.611475489439095021e+00	1.007372435357858187e+01
2.711175674923682166e+00	1.145339139182115673e+01	-6.664648865718659998e+00	1.010785237025844907e+01
2.717459832966957922e+00	1.147348425170698683e+01	-6.667944314703948550e+00	1.007834345080570060e+01
2.723745731959044569e+00	1.147233376982959818e+01	-6.597306354312594046e+00	1.003979630586567140e+01
2.730038414850594730e+00	1.146504119330039728e+01	-6.560949141495646231e+00	1.002435773180880396e+01
2.736317989800789441e+00	1.145830686747780192e+01	-6.549358511878041078e+00	9.980688697042465307e+00
2.742591858549239703e+00	1.147161494182404518e+01	-6.525060055572099671e+00	1.000812086242784460e+01
2.748879749010778362e+00	1.149545631106638766e+01	-6.545872631960373944e+00	1.002297504717249765e+01
2.755163403825859447e+00	1.146333399051936475e+01	-6.499982647854162465e+00	9.988787399639422304e+00
2.761446955625852073e+00	1.148685865905526526e+01	-6.477586801273940154e+00	9.972994673618208239e+00
2.767732088935374701e+00	1.148246804097332685e+01	-6.400873115038063332e+00	9.968981551228706550e+00
2.774015452421743966e+00	1.151503034651148205e+01	-6.417579853408217794e+00	9.976823573220004349e+00
2.780298635700591436e+00	1.149865937020928008e+01	-6.401557269173824061e+00	9.991187766379479029e+00
2.786577474762241380e+00	1.148299549664373131e+01	-6.275947504629561635e+00	9.841777171108269329e+00
2.792857983210164541e+00	1.153237569533802898e+01	-6.376399434158412483e+00	9.983783909181831007e+00
2.799143790920211483e+00	1.151067234604130540e+01	-6.322429810400987726e+00	9.928362272601793492e+00
2.805430058399325244e+00	1.154097435343853739e+01	-6.319025502970084140e+00	9.956306457681062483e+00
2.811715058209780072e+00	1.153784483831251428e+01	-6.251333907411501301e+00	9.923377058190547828e+00
2.817989272498773623e+00	1.153192383299793455e+01	-6.191131623689459573e+00	9.925710987420213627e+00
2.824269171595737760e+00	1.154706319506653855e+01	-6.249929537281896152e+00	9.929664955257941017e+00
2.830563016441804081e+00	1.153760564991334370e+01	-6.179422101450868787e+00	9.890603882788919776e+00
2.836848750951622034e+00	1.158143525602273449e+01	-6.180821461348934065e+00	9.935183562626638931e+00
2.843130027866129783e+00	1.153997692070279335e+01	-6.126654684322353717e+00	9.841811258064602441e+00
2.849413896912404986e+00	1.160128196038674453e+01	-6.159898338161333697e+00	9.949414522738800670e+00
2.855697464522425566e+00	1.158577616296876123e+01	-6.058124996372421300e+00	9.886336955038707686e+00
2.861978799810683594e+00	1.159532569084245246e+01	-6.111865581245027990e+00	9.957697609327304633e+00
2.868262469415629567e+00	1.160539281423962699e+01	-6.086254554588164112e+00	9.904017711820257475e+00
2.874547359206753860e+00	1.161057464342334455e+01	-6.082187368372571790e+00	9.934141360493271122e+00
2.880831111471525041e+00	1.162805492931400053e+01	-6.038035799234875434e+00	9.949778563044041846e+00
2.887113216972382546e+00	1.164875598796794343e+01	-6.041535839749834658e+00	9.943898124473623312e+00
2.893394504725182781e+00	1.164075386270989831e+01	-6.004182309843125509e+00	9.933754732979801716e+00
2.899673662137033592e+00	1.165307518082169658e+01	-6.000048241646174674e+00	9.946511922405276707e+00
2.905953958587380814e+00	1.167735138170245612e+01	-6.013933518252883026e+00	1.001669725683203360e+01
2.912241118105161064e+00	1.168036313222240352e+01	-5.933866552381579673e+00	9.995694902327695530e+00
2.918525996366671205e+00	1.171928259288859842e+01	-5.951371740498355045e+00	1.000626709100513878e+01
2.924809035425688819e+00	1.170613669888194686e+01	-5.947607282196456069e+00	9.966606530493644200e+00
2.931095916293684933e+00	1.173909369893494414e+01	-5.970501709885281727e+00	1.004082164305492597e+01
2.937378182606774413e+00	1.173815886989458868e+01	-5.906778365076217341e+00	1.003542200700962184e+01
2.943659980254369923e+00	1.177805440404904758e+01	-5.903788393888745212e+00	1.004887380807119968e+01
2.949946454403890250e+00	1.178355039804104720e+01	-5.947794478802882701e+00	1.008510346235486566e+01
2.956227653702202307e+00	1.179293040607765519e+01	-5.866949702616535589e+00	1.005341460354367378e+01
2.962510478867462993e+00	1.180197777105459700e+01	-5.903225963632383611e+00	1.008268394736784401e+01
2.968796535179442309e+00	1.182611969513797412e+01	-5.858479527049641256e+00	1.011472671007805957e+01
2.975077657376874907e+00	1.185453120525069615e+01	-5.868703618484631512e+00	1.016827567142611066e+01
2.981359866759223376e+00	1.186233355719865656e+01	-5.811976772648830725e+00	1.014417773954776614e+01
2.987646761575656562e+00	1.189864016949066539e+01	-5.872553620755659232e+00	1.020540984205600488e+01
2.993929038370399365e+00	1.193925391933780666e+01	-5.896693429453740976e+00	1.028327073118876278e+01
3.000206214840962726e+00	1.196010296324221400e+01	-5.879359934666964271e+00	1.036920972901176796e+01
3.006486172402415669e+00	1.196318704935510269e+01	-5.777466476313176891e+00	1.027444427474252642e+01
3.012769812211594456e+00	1.198493703445283032e+01	-5.790592191519504439e+00	1.038612787492002809e+01
3.019053144326170113e+00	1.201072559525761818e+01	-5.810373467271805481e+00	1.043320337642361650e+01
3.025337405144251424e+00	1.199180735819760457e+01	-5.775591876156049409e+00	1.029769424738607064e+01
3.031623734799107961e+00	1.202677848105476244e+01	-5.756199294248257381e+00	1.040293975795914250e+01
3.037908962055872575e+00	1.205473892896071675e+01	-5.747149068543475181e+00	1.037865344251569155e+01
3.044195067146031608e+00	1.209522794528985301e+01	-5.767217607318904093e+00	1.054930285771631482e+01
3.050475543482170426e+00	1.209586272903028359e+01	-5.704130950250221765e+00	1.042711258838900079e+01
3.056754954538277502e+00	1.212538668173780110e+01	-5.758451514353172485e+00	1.051584321747696116e+01
3.063040539557494668e+00	1.219149235792699848e+01	-5.808661556964141326e+00	1.065774492549759067e+01
3.069323699454357346e+00	1.222679372265997699e+01	-5.769810113052797895e+00	1.070472368796394846e+01
3.075610692642898769e+00	1.223317164869345142e+01	-5.760789333063485174e+00	1.073306799165567682e+01
3.081893798009918584e+00	1.223988057538084284e+01	-5.715056028604358573e+00	1.073701330550215438e+01
3.088174549548037717e+00	1.230374760020495550e+01	-5.727868709256921598e+00	1.080341509224623842e+01
3.094458635632868493e+00	1.231379264872448687e+01	-5.710214302548891396e+00	1.086218696011795082e+01
3.100743982931558840e+00	1.233731184635541922e+01	-5.710575812109457416e+00	1.090323913655303478e+01
3.107028111748448396e+00	1.236773698861803084e+01	-5.732635021543965870e+00	1.088672332925117736e+01
3.113309299655494300e+00	1.241430763976959106e+01	-5.744317464281279761e+00	1.099490685867990258e+01
3.119590662867241626e+00	1.242989978124250605e+01	-5.734181225268400794e+00	1.102368201521863966e+01
3.125874006820172912e+00	1.244870001321124775e+01	-5.695223661302683205e+00	1.106166225083893728e+01
3.132159251154602586e+00	1.250400844643083786e+01	-5.765398503516151685e+00	1.118121880599064077e+01
3.138439172765940643e+00	1.252550910374775128e+01	-5.743073251629622789e+00	1.125237172371673999e+01
3.144723867719826593e+00	1.258566231603793639e+01	-5.772273401676399907e+00	1.129606382461100722e+01
3.151003951258561031e+00	1.262819331761562225e+01	-5.691621200341088205e+00	1.139751696112548451e+01
3.157283664131563139e+00	1.264815807084853638e+01	-5.750878131061671894e+00	1.142255690938151069e+01
3.163569317183839935e+00	1.267719355678056203e+01	-5.698477831025774876e+00	1.144470997609535345e+01
3.169851661717792091e+00	1.270784576236888874e+01	-5.776416366307548067e+00	1.149912918134656614e+01
3.176137704316093657e+00	1.275639542487337330e+01	-5.759783889915750521e+00	1.159809669993718906e+01
3.182420924828643916e+00	1.280030140188633503e+01	-5.797471446842026310e+00	1.170544060370132478e+01
3.188702811875577581e+00	1.285426638967576984e+01	-5.796377967504168005e+00	1.177696657431723182e+01
3.194990520008989865e+00	1.287490134732542302e+01	-5.798246547360141889e+00	1.183104745855008488e+01
3.201275324656983834e+00	1.293287141094875103e+01	-5.811075665822277081e+00	1.193579333293499012e+01
3.207551352179861759e+00	1.297080495723004390e+01	-5.792331283858662694e+00	1.202879429540095479e+01
3.213835216737041645e+00	1.302010313168360156e+01	-5.809440918115984509e+00	1.206015728432055667e+01
3.220122579819103770e+00	1.296253063036199826e+01	-5.643744875675539063e+00	1.165104383873293514e+01
3.226406606618656525e+00	1.287535882698518641e+01	-5.393110538581277424e+00	1.097962018376166959e+01
3.232687390085645429e+00	1.278363554695039106e+01	-5.186571842877135019e+00	1.015053354152494691e+01
3.238969121280456331e+00	1.270905530934268413e+01	-4.923554230438941026e+00	9.631714428954675000e+00
3.245254751548589667e+00	1.263636785928337503e+01	-4.715629771067547438e+00	8.926065666240555529e+00
3.251534499036136783e+00	1.260940612941968553e+01	-4.620468826305875965e+00	8.440759209265157992e+00
3.257817780791052442e+00	1.254239918984033331e+01	-4.435783290265532308e+00	7.859602865704070851e+00
3.264102164154097263e+00	1.252853379229700792e+01	-4.373649114351690237e+00	7.403372073129364850e+00
3.270384152138468892e+00	1.245501319215578917e+01	-4.180580868028173747e+00	6.761640653154399772e+00
3.276669427476867735e+00	1.245747646124788233e+01	-4.139655241492833149e+00	6.370436453451091552e+00
3.282954688864507808e+00	1.242178026312315886e+01	-4.024651437172943602e+00	5.894814585706560806e+00
3.289237200334947264e+00	1.237982439434376403e+01	-3.978793278774793496e+00	5.325595345458050467e+00
3.295519587088236779e+00	1.238462061515567569e+01	-3.893055821874103373e+00	4.962765779937998722e+00
3.301805977329951958e+00	1.234345252546016525e+01	-3.789556031287932392e+00	4.557525173763099069e+00
3.308087486222440088e+00	1.232516433131391764e+01	-3.697073839155836872e+00	4.060327622561904271e+00
3.314367630234227313e+00	1.229411267040613787e+01	-3.577211432792279933e+00	3.586414880460864651e+00
3.320651909732194262e+00	1.228337555301555817e+01	-3.562907437498752827e+00	3.221877884942139225e+00
3.326931260376857047e+00	1.228299855997385137e+01	-3.517119882124502883e+00	2.804538499234618065e+00
3.333216512447217728e+00	1.226221286190216908e+01	-3.414168094106125206e+00	2.380986596356170271e+00
3.339504489419978128e+00	1.224841369491872456e+01	-3.422093815374706693e+00	2.081994538932406158e+00
3.345786804809928405e+00	1.225755511218429383e+01	-3.371113983969132644e+00	1.649569339046717875e+00
3.352071130016277767e+00	1.224351313024122767e+01	-3.278381629005556963e+00	1.279826988019502787e+00
3.358351496304225581e+00	1.222683708181260265e+01	-3.244699552357519501e+00	9.544074008091011363e-01
3.364630591073392019e+00	1.221133128836315329e+01	-3.189059099120102658e+00	4.997038324796531095e-01
3.370916305215045483e+00	1.220863170219470994e+01	-3.151226149859268855e+00	1.779525715594834911e-01
3.377197952029413752e+00	1.219717496621125719e+01	-3.102405332705580943e+00	-1.919558349697128574e-01
3.383483063818085501e+00	1.219399117158861579e+01	-3.013717640847013435e+00	-5.581685554059796495e-01
3.389769992424469969e+00	1.221375128834587542e+01	-3.082506982347410496e+00	-8.375756220847743183e-01
3.396051330885982100e+00	1.219575387660208143e+01	-2.925449920656324476e+00	-1.235249712718651915e+00
3.402330879139463971e+00	1.218105223954295546e+01	-2.932078694604846714e+00	-1.503853376794979768e+00
3.408610488352048495e+00	1.218543252375938479e+01	-2.923537874398969727e+00	-1.878042589984853850e+00
3.414897837696641236e+00	1.221632716255623485e+01	-2.864369132837750964e+00	-2.200608438237328102e+00
3.421180484052105619e+00	1.219219470190009780e+01	-2.808189832995577895e+00	-2.584654448735673959e+00
3.427461639653846870e+00	1.221150599154959338e+01	-2.833775461693338382e+00	-2.888691773586612666e+00
3.433749159643459059e+00	1.221192286647548819e+01	-2.808870355938924313e+00	-3.117698680523125709e+00
3.440032646656798310e+00	1.221045607653104881e+01	-2.768843150730754932e+00	-3.498359046635626690e+00
3.446313366033385339e+00	1.222648102945653470e+01	-2.776563892327283067e+00	-3.775048350076418480e+00
3.452600135384134905e+00	1.221940649277788893e+01	-2.719166831357395342e+00	-4.098501729102241420e+00
3.458883152815406703e+00	1.221759494440850347e+01	-2.659741686022134566e+00	-4.467407063839491599e+00
3.465163834403715448e+00	1.225789985205112309e+01	-2.715721630777812035e+00	-4.630255440007899459e+00
3.471449329786229221e+00	1.223316787620222534e+01	-2.631342362136845026e+00	-4.993023312850657369e+00
3.477734476754053894e+00	1.225471038717848771e+01	-2.657059776067373758e+00	-5.281594267281661814e+00
3.484019652467224226e+00	1.224169330659481147e+01	-2.567693853597027065e+00	-5.622813897468812883e+00
3.490297019369712928e+00	1.227572859750519285e+01	-2.608485020359491369e+00	-5.840488114399814634e+00
3.496582486484379970e+00	1.225590474879416014e+01	-2.547402094769897651e+00	-6.170983377259107172e+00
3.502868048046865024e+00	1.228825930181295156e+01	-2.510889303175873444e+00	-6.471949275996362161e+00
3.509144649545451244e+00	1.228225894416539532e+01	-2.515972998965642304e+00	-6.715290849360251890e+00
3.515428082003116295e+00	1.231788629710694494e+01	-2.509256005239547616e+00	-6.986876716102292662e+00
3.521711031624695565e+00	1.230389422662945087e+01	-2.477452257165059013e+00	-7.239876334092037347e+00
3.527991850954735664e+00	1.231626049413698887e+01	-2.442783785827850274e+00	-7.549446541557394141e+00
3.534275545726699885e+00	1.233030499509582434e+01	-2.441556173737706281e+00	-7.843487753954702768e+00
3.540562632020772149e+00	1.233765864020225855e+01	-2.406530277044085508e+00	-8.106157633767054449e+00
3.546844410757220789e+00	1.234589867516554307e+01	-2.403797404976969254e+00	-8.356454352750770198e+00
3.553131386753758836e+00	1.236393750550080384e+01	-2.381597814143590064e+00	-8.582912443121534452e+00
3.559419203211965144e+00	1.236596828713554963e+01	-2.367711375985235289e+00	-8.879651618450774109e+00
3.565697971577579839e+00	1.239415579952014035e+01	-2.387451984244934877e+00	-9.130817392994067916e+00
3.571979559134798254e+00	1.242093720528733769e+01	-2.353079709333478764e+00	-9.371512374735612383e+00
3.578265774595833726e+00	1.241392707392022388e+01	-2.321615627949690008e+00	-9.614588065883573620e+00
3.584548309769353125e+00	1.245523975913249970e+01	-2.373931142177769793e+00	-9.847969325002763341e+00
3.590826843920031486e+00	1.243435065959579688e+01	-2.311207381509388981e+00	-1.015241921181273455e+01
3.597107306745233934e+00	1.246167323540807459e+01	-2.309177461571954471e+00	-1.034143252993527007e+01
3.603392831792229245e+00	1.247159375710578288e+01	-2.243500908666253402e+00	-1.063323362929356719e+01
3.609673209822572559e+00	1.249862050797256252e+01	-2.209421867711661491e+00	-1.093896432103428218e+01
3.615955412133016189e+00	1.249114214033835424e+01	-2.234210678236095760e+00	-1.114090006223597484e+01
3.622241607772384686e+00	1.252987106538237327e+01	-2.213476206555835990e+00	-1.141053984958747058e+01
3.628520252736676444e+00	1.252611178210838538e+01	-2.249268302306971279e+00	-1.157558554035329301e+01
3.634804827569451113e+00	1.255283745828170794e+01	-2.189250644275112734e+00	-1.185739202251619595e+01
3.641094981788862928e+00	1.256547407711959785e+01	-2.177150962593739969e+00	-1.208847757519418487e+01
3.647383514928639325e+00	1.257414088883874115e+01	-2.166467965432228304e+00	-1.229824202187906934e+01
3.653663283927725658e+00	1.261354056408609381e+01	-2.214445207717499198e+00	-1.254436626800056764e+01
3.659943504072155296e+00	1.262031728009827880e+01	-2.123370123638841367e+00	-1.284307372244204792e+01
3.666232000281138603e+00	1.261903931372986243e+01	-2.124615676336121251e+00	-1.304221779909293488e+01
3.672514211678317597e+00	1.263903515240735587e+01	-2.083803972690390083e+00	-1.330400563778894352e+01
3.678794154686042539e+00	1.268172271051929911e+01	-2.118392493230147000e+00	-1.349477117090210321e+01
3.685078621861909820e+00	1.271591407174316224e+01	-2.135415410787213641e+00	-1.373897347394897572e+01
3.691359210097977961e+00	1.272299648860150789e+01	-2.110408443041850823e+00	-1.397660331244270004e+01
3.697642368173791105e+00	1.273901747334939749e+01	-2.074173924998096386e+00	-1.424279894862030105e+01
3.703925796735277665e+00	1.276507302555501511e+01	-2.096838963914114284e+00	-1.436494285449422037e+01
3.710208240364660348e+00	1.277314455769457524e+01	-2.040890772951616139e+00	-1.468313499570236580e+01
3.716494593122387169e+00	1.279951696702424613e+01	-2.056204848620367454e+00	-1.483107953951469327e+01
3.722775386659595398e+00	1.281824024856235589e+01	-2.002260954756985623e+00	-1.511516240535000399e+01
3.729058392883481510e+00	1.284749521683799856e+01	-2.042115931775795978e+00	-1.530370299528957467e+01
3.735339748210807720e+00	1.289948348755220664e+01	-2.094680707394245722e+00	-1.545634613962969972e+01
3.741620776392969638e+00	1.288132246033143780e+01	-2.009963900109357660e+00	-1.577440041681099814e+01
3.747904795418762980e+00	1.293464958869960668e+01	-2.034830666654587894e+00	-1.593498986472052614e+01
3.754190633281219380e+00	1.293411127102885239e+01	-1.991953582237595777e+00	-1.614105913342120502e+01
3.760478208018912749e+00	1.296356729277033537e+01	-1.958141635673793068e+00	-1.640384746412764372e+01
3.766755538573464346e+00	1.300387864062611243e+01	-1.960676184290345292e+00	-1.661476096161025140e+01
3.773032090135151506e+00	1.302708420274156786e+01	-1.934100498409477620e+00	-1.689139526458031071e+01
3.779322553012896879e+00	1.306679796239238378e+01	-1.982492911989630846e+00	-1.699994678440818774e+01
3.785609109731308930e+00	1.307550923824648592e+01	-1.953752100026900473e+00	-1.728358856158232726e+01
3.791889825936295200e+00	1.311056502358556486e+01	-1.926234303992840013e+00	-1.746930879426162875e+01
3.798174822702435893e+00	1.311331624091778458e+01	-1.977983799959498468e+00	-1.761775602477668912e+01
3.804458658753491651e+00	1.311788523091731484e+01	-1.902997027286153164e+00	-1.793711607841801481e+01
3.810738438095723435e+00	1.319311509113026482e+01	-1.949874764838237073e+00	-1.804319217324341906e+01
3.817018850285747167e+00	1.321927974443656062e+01	-1.886462720586743913e+00	-1.836199880727080469e+01
3.823305314209427763e+00	1.322482815905084941e+01	-1.881075533127584798e+00	-1.853293644649626870e+01
3.829591295197792178e+00	1.325336150282471870e+01	-1.879784505710111020e+00	-1.871693107907939435e+01
3.835872296070849341e+00	1.327995301914029902e+01	-1.857306563072099959e+00	-1.904306154511969496e+01
3.842156279590906109e+00	1.334202966483589137e+01	-1.858858756580764382e+00	-1.920029489217240126e+01
3.848441511099312429e+00	1.334723572349867915e+01	-1.861324339995902521e+00	-1.936631566399653437e+01
3.854723334376886079e+00	1.338385446444116411e+01	-1.895184881154357237e+00	-1.955676576025605939e+01
3.861004740704794713e+00	1.340395392517869588e+01	-1.843177179532637933e+00	-1.977076537163836889e+01
3.867284336650660848e+00	1.344856617426163048e+01	-1.837674613079511632e+00	-2.003069310381264145e+01
3.873567367678779849e+00	1.349365277281876452e+01	-1.847169872167166105e+00	-2.020002103038539687e+01
3.879850662830422792e+00	1.350423767988283963e+01	-1.802457375423614394e+00	-2.044362485817197594e+01
3.886137063198143338e+00	1.355680488167358533e+01	-1.844134435108964798e+00	-2.059760370687974529e+01
3.892419463049126005e+00	1.358151006905994507e+01	-1.826998846634918960e+00	-2.080691327812892766e+01
3.898703740328622658e+00	1.360901784144527582e+01	-1.805422132076996089e+00	-2.105542862948495042e+01
3.904991458788179326e+00	1.364852237241056443e+01	-1.792257257665987202e+00	-2.127380914452873384e+01
3.911270842222104083e+00	1.370864452545766099e+01	-1.768090257661101283e+00	-2.153648796646693597e+01
3.917549806479573071e+00	1.370433937174235517e+01	-1.795933379247385053e+00	-2.161548640714122627e+01
3.923836006203090587e+00	1.375608357402106741e+01	-1.730842948578833029e+00	-2.193209048917576709e+01
3.930121452497870926e+00	1.376850177844050904e+01	-1.742182735866677490e+00	-2.206662791217134156e+01
3.936398172858230460e+00	1.385000427006727364e+01	-1.806171338646867408e+00	-2.225193363815694170e+01
3.942683040425962293e+00	1.385167833540060123e+01	-1.734094503380708918e+00	-2.253299445151026958e+01
3.948974759704379611e+00	1.391689074244709445e+01	-1.722373620843221653e+00	-2.278668853929376326e+01
3.955259227995065352e+00	1.391148543700247231e+01	-1.713630798989008941e+00	-2.299028113132885665e+01
3.961537174921395454e+00	1.397172587282084955e+01	-1.691706231816113348e+00	-2.314586040886229057e+01
3.967820217617139544e+00	1.399682864730681331e+01	-1.690370072072077123e+00	-2.336259881426212104e+01
3.974105559832568968e+00	1.403355058044909498e+01	-1.729826781499289368e+00	-2.352265872257143187e+01
3.980384727931198352e+00	1.409112144834859848e+01	-1.677005585310723745e+00	-2.383317827140830403e+01
3.986664590839849698e+00	1.416609281087839811e+01	-1.688611796737546911e+00	-2.410550945416606083e+01
3.992949619150675034e+00	1.419009780598331538e+01	-1.700635472109793600e+00	-2.417353779775834255e+01
3.999235075769965952e+00	1.419436131421604053e+01	-1.686298086796966134e+00	-2.438995240714827872e+01
4.005515715515433506e+00	1.425083695526841865e+01	-1.677076248377684653e+00	-2.464201681479961081e+01
4.011798434346478537e+00	1.430509597831417246e+01	-1.657928094577837852e+00	-2.487708151473463047e+01
4.018083716245132386e+00	1.431261439204713248e+01	-1.601534503433261092e+00	-2.514266955509262047e+01
4.024365700052603856e+00	1.438304587231383458e+01	-1.689064405209535824e+00	-2.523325891820201150e+01
4.030643960839860540e+00	1.440382899650053972e+01	-1.608193117894523905e+00	-2.553727487470437296e+01
4.036928708926215137e+00	1.447940112861683559e+01	-1.622207413794310771e+00	-2.574309735202130156e+01
4.043218157412017177e+00	1.450372570499156133e+01	-1.623540133605861469e+00	-2.592724013193388188e+01
4.049503019487663558e+00	1.456021071293011460e+01	-1.601002623371760469e+00	-2.619150485407327622e+01
4.055781898960511000e+00	1.461696964421033407e+01	-1.631701562508711678e+00	-2.631357574411696021e+01
4.062060795621602161e+00	1.466037201652606115e+01	-1.609040409909761271e+00	-2.663238956731786899e+01
4.068347865354716042e+00	1.471211824342349672e+01	-1.618266992685485350e+00	-2.675513248061561811e+01
4.074631027173265529e+00	1.474349743562225257e+01	-1.563888995814980865e+00	-2.708794125611279924e+01
4.080910837526078971e+00	1.477954836556334151e+01	-1.587607417859365100e+00	-2.720409366790447692e+01
4.087201203341442657e+00	1.483624401941090198e+01	-1.531495957847862854e+00	-2.756821875695061053e+01
4.093486818591942189e+00	1.491143436755447915e+01	-1.554010810057647518e+00	-2.777125181961708833e+01
4.099764387336505500e+00	1.497417918595336062e+01	-1.572933676578629703e+00	-2.790096784857465551e+01
4.106049166937662420e+00	1.500515697850704910e+01	-1.530650326588374410e+00	-2.823950110799334468e+01
4.112334559041358695e+00	1.506897945189496291e+01	-1.537466911148128057e+00	-2.842497291988413011e+01
4.118618926059533614e+00	1.511320162919536791e+01	-1.508363680311650246e+00	-2.871110201200890444e+01
4.124898942031112625e+00	1.512966768611835988e+01	-1.525546530211447926e+00	-2.883173820232011764e+01
4.131175432561665417e+00	1.521525327993847476e+01	-1.555317493021788344e+00	-2.905179851913799638e+01
4.137461563786142271e+00	1.524313496482502828e+01	-1.465523859075480440e+00	-2.940652246599414354e+01
4.143746006210170307e+00	1.532735195135518502e+01	-1.507195675540303981e+00	-2.957124617287295720e+01
4.150029800482964326e+00	1.534702607451920997e+01	-1.487047903109829150e+00	-2.978294968782370589e+01
4.156313390684649001e+00	1.544968553562615554e+01	-1.463943161082641886e+00	-3.014051358695693850e+01
4.162596105843763716e+00	1.546882399140436704e+01	-1.462074665077844227e+00	-3.029630060615316012e+01
4.168881843141768684e+00	1.552800105383528617e+01	-1.424538114477664319e+00	-3.063829559878168141e+01
4.175162111073220217e+00	1.561331330982733334e+01	-1.519547463980074786e+00	-3.072737276576678767e+01
4.181448573417560155e+00	1.563172533385184515e+01	-1.409086826970578965e+00	-3.113929560540647401e+01
4.187738782464171194e+00	1.570181992706341134e+01	-1.380522755229997012e+00	-3.138478209650827111e+01
4.194017437180169061e+00	1.577514558660581301e+01	-1.429213677235415370e+00	-3.154392521818704509e+01
4.200293572701767175e+00	1.580668414661417209e+01	-1.398085696187084448e+00	-3.184308658356011534e+01
4.206580195481546269e+00	1.592766967015447754e+01	-1.447458826318607228e+00	-3.209994565903141250e+01
4.212860644652220543e+00	1.593863118880861940e+01	-1.310060183048888049e+00	-3.246843974662245103e+01
4.219138153430114002e+00	1.605321181439570921e+01	-1.408765036325997366e+00	-3.259237713698471595e+01
4.225426162098283811e+00	1.604328008470876910e+01	-1.394264646734675539e+00	-3.280923598490331727e+01
4.231713506719782636e+00	1.616037746387339524e+01	-1.404858265390940941e+00	-3.306603513645331560e+01
4.237990056577191744e+00	1.619350289574854074e+01	-1.390052945323603462e+00	-3.333622903323662001e+01
4.244267783646744618e+00	1.622093689348001178e+01	-1.298847779226870003e+00	-3.372842382508864034e+01
4.250560660182562955e+00	1.636211514146260626e+01	-1.358003293022068680e+00	-3.395587698735833015e+01
4.256847734842668096e+00	1.637717789868625573e+01	-1.319678751874128864e+00	-3.423474749737539469e+01
4.263127100734456221e+00	1.646065756681198167e+01	-1.294088322261977453e+00	-3.453900812737802539e+01
4.269406860432507500e+00	1.654283358307089458e+01	-1.325768637592503962e+00	-3.480647024934383182e+01
4.275691671482192646e+00	1.655208844683454927e+01	-1.284627316365914762e+00	-3.510425975988708558e+01
4.281972414189518794e+00	1.664856101998536175e+01	-1.298974970057159783e+00	-3.532773464832745702e+01
4.288253516806755705e+00	1.669648816740254205e+01	-1.239870610407902030e+00	-3.570371145554074843e+01
4.294540520160492925e+00	1.679035153823089388e+01	-1.222277741523279726e+00	-3.600271398950932422e+01
4.300825742921731809e+00	1.682718855979688755e+01	-1.235283775923935234e+00	-3.623122879258075812e+01
4.307109835491901961e+00	1.690179327942357546e+01	-1.234734139860749647e+00	-3.653339666532843211e+01
4.313390926478413157e+00	1.696697738878777528e+01	-1.262420790521850078e+00	-3.669769300749265994e+01
4.319667979480563247e+00	1.703393287746039064e+01	-1.183000848585456399e+00	-3.727498351067881543e+01
4.325952598143786076e+00	1.715810412138382546e+01	-1.294282081296822096e+00	-3.732535892360412788e+01
4.332241647035422361e+00	1.712296526121633278e+01	-1.111252052269192880e+00	-3.778120666099667346e+01
4.338524445619096781e+00	1.726830499090223014e+01	-1.199771055340638215e+00	-3.806304249764590963e+01
4.344809348131129845e+00	1.726771268276927529e+01	-1.185016602504488370e+00	-3.829081821050979784e+01
4.351090699193166600e+00	1.732355283383218136e+01	-1.074218450857187701e+00	-3.876317285250176070e+01
4.357369710808320029e+00	1.746758972924919462e+01	-1.185527880408885348e+00	-3.893897508081821712e+01
4.363659348967174445e+00	1.749727288709389583e+01	-1.070294589553185904e+00	-3.945263167466996634e+01
4.369947418280990981e+00	1.752735387804465361e+01	-1.141359083488193926e+00	-3.950458074870022074e+01
4.376226569265827315e+00	1.761580969028623755e+01	-1.128080502861913637e+00	-3.989146874778173668e+01
4.382499356631129217e+00	1.770042010023986379e+01	-1.059426166402557268e+00	-4.037974297427496140e+01
4.388784975178015024e+00	1.776634835635694643e+01	-1.105855067470993491e+00	-4.055306209105118143e+01
4.395068696309480494e+00	1.782221296608657113e+01	-9.776668391076998033e-01	-4.123635303560575949e+01
4.401347962382031298e+00	1.795132539115274284e+01	-1.090239542153334629e+00	-4.131728374910847634e+01
4.407628405096517099e+00	1.792462334790837630e+01	-9.828822606937037687e-01	-4.174574888554171537e+01
4.413915862185140426e+00	1.799600718703349855e+01	-9.902447084431772462e-01	-4.209152594146097925e+01
4.420203163534264235e+00	1.808290852197598042e+01	-9.571350942319000188e-01	-4.249547692882482863e+01
4.426480311003382795e+00	1.808492657314008056e+01	-8.284920830646732570e-01	-4.305963226563137169e+01
4.432765973643649104e+00	1.822763314073899465e+01	-9.501220179500058372e-01	-4.313054475686637090e+01
4.439053392023870614e+00	1.819153954222476699e+01	-8.462171277654262358e-01	-4.364550424878760282e+01
4.445336141335588742e+00	1.832886600755191608e+01	-9.264036468721917883e-01	-4.390833357902400280e+01
4.451617241414883352e+00	1.832946156334165622e+01	-7.963273066886774609e-01	-4.442884265283355916e+01
4.457901500730311106e+00	1.836881038349847017e+01	-7.619050120179549079e-01	-4.485440897275245220e+01
4.464189501093017043e+00	1.843934063059838735e+01	-7.446752653821449019e-01	-4.517917047643971529e+01
4.470470197548729985e+00	1.844954096807146726e+01	-6.187669355640627034e-01	-4.589740576822810425e+01
4.476748044268524573e+00	1.857448065046213159e+01	-7.055349722987539485e-01	-4.601823379150539495e+01
4.483035990164653484e+00	1.855235433152093449e+01	-5.507131265615339277e-01	-4.676028047861408510e+01
4.489323331650528104e+00	1.856192875083545957e+01	-6.215749270248712710e-01	-4.681015614765675537e+01
4.495599111667934800e+00	1.857993859350109389e+01	-5.481660303462421169e-01	-4.733393144699153510e+01
4.501870922878794090e+00	1.856700502893065163e+01	-4.779403107775873627e-01	-4.778539150641783095e+01
4.508155162877705457e+00	1.871503299391138953e+01	-4.746124343523688283e-01	-4.834527421910459566e+01
4.514446451153479423e+00	1.864270808188213380e+01	-3.762326331972106197e-01	-4.879530624719615872e+01
4.520723894043856994e+00	1.873141271884375669e+01	-3.335108827850176150e-01	-4.930031688428237402e+01
4.527003782460155890e+00	1.869415922759145232e+01	-2.900765424401904879e-01	-4.979621162103935461e+01
4.533293086610313161e+00	1.870313856141239839e+01	-2.894614930735593394e-01	-5.015529354985188348e+01
4.539578989864040182e+00	1.865381208386558498e+01	-1.526439302035799417e-01	-5.067334110081468168e+01
4.545857164866476730e+00	1.862720265807642406e+01	-7.801989260115896330e-02	-5.123339236541998787e+01
4.552138955546025656e+00	1.862805111005497949e+01	4.186454568874330845e-02	-5.183191489814320363e+01
4.558432046889146605e+00	1.860835851871537372e+01	-1.263790894067167575e-02	-5.212030556270766368e+01
4.564713463378488711e+00	1.869213615847562338e+01	1.133794058895228399e-02	-5.268077659848184879e+01
4.570987274133244682e+00	1.869810371640983249e+01	5.371670035947800903e-02	-5.310042605622583523e+01
4.577274818151045643e+00	1.867530717729397693e+01	3.152393595334349041e-02	-5.330005929981697932e+01
4.583563263889338657e+00	1.880546377693734073e+01	2.166865666424180534e-02	-5.394187632039095348e+01
4.589844917004465508e+00	1.884197099845444967e+01	-5.903456307189563351e-03	-5.424916804611563492e+01
4.596126259982004747e+00	1.890059657173527086e+01	5.083974204715228234e-02	-5.481237330736934155e+01
4.602409075598298926e+00	1.892257832690820152e+01	1.055596791063266593e-01	-5.519178982313967197e+01
4.608696634867644804e+00	1.892635686388515737e+01	7.747181838059324921e-02	-5.536127261854817760e+01
4.614977646498861219e+00	1.912887224528095587e+01	6.067288272065054361e-02	-5.617607520072712646e+01
4.621258953029527383e+00	1.910284399903118313e+01	4.463410024753756283e-02	-5.632848125170801268e+01
4.627547993978874175e+00	1.911604337001201870e+01	9.961007236988221603e-02	-5.667092879966781993e+01
4.633830152730579854e+00	1.912776434514312385e+01	3.561692697682888181e-02	-5.686533004284607529e+01
4.640104005367354567e+00	1.929126903434888618e+01	2.660643481218912323e-02	-5.748379866944513594e+01
4.646382060386754276e+00	1.934664434080371009e+01	-7.183696286940345448e-03	-5.787839765717605900e+01
4.652674213731970987e+00	1.934347922101553507e+01	6.934149220405576297e-02	-5.817714652093701488e+01
4.658958291796220230e+00	1.939589509719238336e+01	4.481346076819141960e-02	-5.845786628253059547e+01
4.665233615070169648e+00	1.944382827663407909e+01	5.886997970478696773e-02	-5.887106562930600973e+01
4.671520675710307380e+00	1.954672159324824676e+01	1.507725354991112654e-01	-5.947224347569372327e+01
4.677814351732177300e+00	1.956354178786310527e+01	6.290549440222142907e-02	-5.963514455964941163e+01
4.684093699744638073e+00	1.961924697418002239e+01	3.408257060119455895e-02	-5.993404665088733196e+01
4.690368661472568590e+00	1.975558378882682931e+01	7.614620233128771565e-02	-6.061112808919215666e+01
4.696663270746453733e+00	1.988179244430401127e+01	3.571685765525810241e-02	-6.111314631261008401e+01
4.702945459248681459e+00	1.986823775921875068e+01	3.410293029656821795e-02	-6.126659182290180183e+01
4.709209170841929470e+00	2.000658219487603517e+01	9.426852777936839400e-02	-6.191163787324295242e+01
4.715491634753063543e+00	2.014041347966733753e+01	2.459497484868974210e-02	-6.240826958137775904e+01
4.721784316284933780e+00	2.013932152308192158e+01	8.349268502316314899e-02	-6.269871061171903648e+01
4.728063062331094635e+00	2.025082414355975402e+01	6.592779212032742753e-02	-6.317358813870021095e+01
4.734337423381671073e+00	2.036506822485722523e+01	1.041880909671790006e-01	-6.371083106825623332e+01
4.740627024094544062e+00	2.036587490036246351e+01	1.436302320332130157e-02	-6.381370392170201455e+01
4.746914995664547554e+00	2.042375132705665308e+01	4.965686030455764011e-02	-6.419812380288915676e+01
4.753194740071086777e+00	2.056668551757006469e+01	7.291805877059300001e-02	-6.481930844159593619e+01
4.759478891864783456e+00	2.073615036375089460e+01	9.052358428873712171e-02	-6.554460446604139179e+01
4.765762396877359031e+00	2.078923208452168225e+01	2.413379015694613189e-02	-6.576655419621120302e+01
4.772049481246195768e+00	2.083532882377426887e+01	9.445903648637165098e-03	-6.601999403564310853e+01
4.778335091022592351e+00	2.094948667236484141e+01	1.114539420803316999e-02	-6.654316910240893890e+01
4.784610831402393849e+00	2.102061538945348929e+01	4.637406183953401290e-02	-6.700831502267863016e+01
4.790907306208476157e+00	2.107963485284620475e+01	1.792096379728647798e-02	-6.728112455093165067e+01
4.797204047706418173e+00	2.119122989240199928e+01	-3.145327785190741264e-03	-6.774965547690415235e+01
4.803470827697504220e+00	2.126680399536632748e+01	3.991088886376062406e-02	-6.816003962366332303e+01
4.809748850577324042e+00	2.139404564160660627e+01	5.934199704402490921e-02	-6.875413683151120381e+01
4.816045316586602176e+00	2.148902928153539804e+01	1.744896449239681860e-02	-6.917235859685524701e+01
4.822329240673497885e+00	2.163557468802154204e+01	-1.252257466928196738e-03	-6.972533416736301604e+01
4.828596758226470165e+00	2.166906190994049908e+01	-3.635838785448268495e-02	-6.993257203125868671e+01
4.834890332961369275e+00	2.189687908379697490e+01	2.782636983853181353e-02	-7.087763618327447546e+01
4.841191655056394261e+00	2.191843513265986942e+01	1.033281499080085375e-02	-7.108799329277810841e+01
4.847460407468000554e+00	2.205231726275831861e+01	1.046589009386503094e-01	-7.173758811944799163e+01
4.853732128521334843e+00	2.223640379369440367e+01	6.676490033909994459e-02	-7.241322362855727590e+01
4.860029138783373170e+00	2.231085333234546653e+01	3.011481565092229140e-02	-7.278142967835853483e+01
4.866314601732018019e+00	2.234798770846652971e+01	4.244122970819509677e-02	-7.305160763910792809e+01
4.872587026269203925e+00	2.258896104281006600e+01	3.234508678164600692e-02	-7.389355542473883531e+01
4.878874221748241702e+00	2.255880412880246055e+01	5.240013382327808611e-02	-7.398029846355584027e+01
4.885171078138658807e+00	2.285404494030182576e+01	1.601597837456817828e-03	-7.501642336743987016e+01
4.891450629931857641e+00	2.292418857625875717e+01	9.666049968555703864e-02	-7.544544633897676533e+01
4.897716482750221978e+00	2.305021155837198066e+01	-6.939734423794773066e-03	-7.583438296694916403e+01
4.904002834596266069e+00	2.306444372350874161e+01	5.150776874996217808e-02	-7.610053194563730017e+01
4.910295858205786068e+00	2.336478741755543354e+01	3.448778500546040987e-02	-7.716890298981024898e+01
4.916575188115905881e+00	2.338410193854651808e+01	-3.041356064664920214e-02	-7.724901306767571896e+01
4.922847946197084212e+00	2.347686894565751459e+01	2.415572250877820806e-02	-7.776306338067057311e+01
4.929131667457151700e+00	2.381749270585248723e+01	-2.676830934847716000e-03	-7.896600364120388349e+01
4.935434460144239033e+00	2.377784057279001928e+01	5.190208621678858714e-02	-7.897530792787443943e+01
4.941718513303545279e+00	2.397409114168546651e+01	4.877184985074730500e-02	-7.975082029940600137e+01
4.947978624761803168e+00	2.417731846802946905e+01	2.697393954375840869e-02	-8.055548639299176727e+01
4.954274999209829389e+00	2.431414976890226853e+01	-3.584586710749714661e-02	-8.099072270971153387e+01
4.960571094729937514e+00	2.440418465529365477e+01	5.915513299588858603e-02	-8.150960994636051282e+01
4.966823207626954506e+00	2.465184786162147290e+01	7.594615873284114860e-02	-8.248763879434858382e+01
4.973097418390337587e+00	2.467808069039435637e+01	1.392566121772413797e-02	-8.260943532773683273e+01
4.979415129936382023e+00	2.492319730818847745e+01	-3.741809455552096847e-02	-8.343530480959482531e+01
4.985702082330368157e+00	2.498401153896792337e+01	3.407172788709498384e-02	-8.385230200374299159e+01
4.991949985828016523e+00	2.523188633485565902e+01	5.214021845427014440e-02	-8.476068299686821206e+01
4.998241586316924057e+00	2.539889990535293052e+01	5.365041969832105156e-02	-8.544761887531593914e+01
5.004556635606089543e+00	2.553959208023535510e+01	-8.094244636893595246e-02	-8.585011707654982160e+01
5.010828655701208945e+00	2.565382430090801336e+01	3.067762964573703122e-02	-8.646983184181077320e+01
5.017077229702536556e+00	2.576632543481987625e+01	1.587397533537013641e-02	-8.691312933966983678e+01
5.023374414758113637e+00	2.594715670553454245e+01	-2.441101078120738038e-02	-8.757136047349509056e+01
5.029688873569548413e+00	2.614494457748042677e+01	2.522342086262121044e-02	-8.839433061096916333e+01
5.035958413584124216e+00	2.642433154904395565e+01	-2.880843165399871175e-02	-8.932643919349773398e+01
5.042232667658486989e+00	2.640688877504751986e+01	4.925328011812842022e-03	-8.944028852173345001e+01
5.048528755870775875e+00	2.664313228662581423e+01	-7.637078520468531390e-03	-9.031581141313206729e+01
5.054821121427484520e+00	2.673238822903481804e+01	-2.159261016011393419e-02	-9.066076845596201395e+01
5.061069509814582368e+00	2.712397301195925792e+01	-2.108297281738899173e-02	-9.208491946061587896e+01
5.067347812754101177e+00	2.725728831990691603e+01	1.015342456441855057e-01	-9.278052959277802358e+01
5.073675050630431116e+00	2.744954501691699633e+01	2.454587664098203947e-02	-9.343775083936863268e+01
5.079945928388977627e+00	2.778962361971955985e+01	-5.979849132291104735e-02	-9.455946800750790260e+01
5.086192992546071601e+00	2.798871947800874338e+01	-3.359703062013425640e-02	-9.531906547166487087e+01
5.092484128970163226e+00	2.788613217795268895e+01	4.187718615954951103e-03	-9.514725272524026423e+01
5.098802924706086870e+00	2.838190794472081890e+01	-4.597323110121251041e-03	-9.686377746293273105e+01
5.105078217426394005e+00	2.858633805343397327e+01	1.215501370264327613e-01	-9.778212221638210622e+01
5.111325076574067872e+00	2.874381610876720572e+01	2.407951749176059919e-03	-9.826808119378937079e+01
5.117628358851224135e+00	2.919557929844475197e+01	3.794841793252396595e-02	-9.994150692852895190e+01
5.123935939383525984e+00	2.898942489172926784e+01	3.592402135299892999e-03	-9.926600709590729821e+01
5.130199176325612065e+00	2.947890972493702222e+01	2.390399588533164560e-02	-1.009937865830217731e+02
5.136469985878846956e+00	2.972730079685190319e+01	8.012242717340727766e-03	-1.019752605936197227e+02
5.142797788696348071e+00	2.986601739382184206e+01	6.768647656207511798e-02	-1.025591111276690413e+02
5.149090378043822192e+00	2.986254786302823661e+01	3.283740601001898518e-02	-1.025733785796366533e+02
5.155289879840074363e+00	3.070392766927789552e+01	2.160352146964411579e-02	-1.054875580206596482e+02
5.161564521234301317e+00	3.079948144144664113e+01	-1.462095392558798029e-02	-1.058967816370303154e+02
5.167916673496016244e+00	3.090406550390267881e+01	2.991954131987427726e-02	-1.063556690050746738e+02
5.174205974602950064e+00	3.138063705863413588e+01	1.346849431064948283e-03	-1.079848052197474289e+02
5.180434820793812456e+00	3.116685974315282337e+01	-4.358672752080334709e-03	-1.073329765258616391e+02
5.186729096569634656e+00	3.160430900494757722e+01	2.301897438640847920e-02	-1.089595971298205228e+02
5.193058481037780894e+00	3.186769847596167082e+01	-4.845614810572738962e-02	-1.098410633306886695e+02
5.199319511444338460e+00	3.234106174411504497e+01	-2.675716737824511762e-02	-1.115309186621396975e+02
5.205574295584361799e+00	3.243934691832073725e+01	-1.023757554902604040e-02	-1.119605461327672060e+02
5.211894977074066126e+00	3.295354650400659580e+01	2.446393858188456588e-02	-1.138509859333044147e+02
5.218201708336958511e+00	3.349600746726105882e+01	-7.663772584012841504e-02	-1.156738979046052691e+02
5.224411911780083351e+00	3.346820084151453045e+01	-2.568438676246829686e-02	-1.156657286043411261e+02
5.230677632666463239e+00	3.411366916254389281e+01	-5.878885025904186101e-02	-1.179537065019684690e+02
5.237056729559757429e+00	3.402580699593661961e+01	5.484058054588284575e-02	-1.178472867600014382e+02
5.243336785035660697e+00	3.422763262746713764e+01	4.487723822434167703e-02	-1.185565734399117446e+02
5.249493476178225038e+00	3.477628520679245128e+01	3.535795263888933532e-02	-1.204682692952389544e+02
5.255787017738318134e+00	3.480587642414725025e+01	5.489164313356859927e-03	-1.206596823770411646e+02
5.262205327426889845e+00	3.571477421413302977e+01	1.179597101694982303e-01	-1.239573972607035444e+02
5.268477758348532269e+00	3.554259449144618799e+01	1.471974302588275121e-02	-1.232952890927329435e+02
5.274632213654732560e+00	3.581553169454532792e+01	-8.382516922900390410e-02	-1.241708007171293247e+02
5.280950543314659740e+00	3.623379402857319320e+01	9.455589301777986289e-02	-1.259177422906464017e+02
5.287327645024750389e+00	3.624994231946645584e+01	-6.171201587737774885e-02	-1.258404498550554109e+02
5.293582359180156516e+00	3.688407753248181109e+01	1.608291330240584766e-02	-1.281232437018191206e+02
5.299789992649893478e+00	3.781298667143450842e+01	8.053650596042090382e-02	-1.315084741531834709e+02
5.306111460381987222e+00	3.716877557877410965e+01	3.937882302710317417e-02	-1.292757929983364136e+02
5.312452717892129250e+00	3.810205545232176405e+01	1.218517232209082868e-01	-1.326332393032271284e+02
5.318650122853046724e+00	3.839618143770751857e+01	5.525797346086158690e-02	-1.336215043289531081e+02
5.324923043129819789e+00	3.905967089719830199e+01	-4.550378911888557781e-02	-1.359003054964430532e+02
5.331330237158205421e+00	3.894707262825189531e+01	4.997277103306699969e-02	-1.356527082437972354e+02
5.337586726886338617e+00	3.979393072833121181e+01	5.374813142658962928e-02	-1.386024112654429814e+02
5.343685192440848830e+00	3.960947226288675438e+01	3.027753907755160664e-02	-1.379662908967698058e+02
5.350070659715249199e+00	4.002814243390965743e+01	2.127387606471551826e-02	-1.395201729032925186e+02
5.356556762554878226e+00	4.135875240474131687e+01	1.285759788112080804e-01	-1.442882198681344619e+02
5.362691868684501095e+00	4.204100171731654001e+01	-4.224145133685239945e-02	-1.464736498333483894e+02
5.368769208912516966e+00	4.163442410759925139e+01	2.857392537485909517e-02	-1.451841298583582613e+02
5.375270137997677722e+00	4.254147595918404079e+01	-4.496081506951078721e-02	-1.483434948469373467e+02
5.381769983045385786e+00	4.316214595154526990e+01	9.950136468205986184e-02	-1.506825840515942900e+02
5.387701030372958222e+00	4.352904168914652416e+01	2.491405093435338381e-03	-1.518573040275732637e+02
5.393786668001271600e+00	4.379857083238385229e+01	-3.607082879706714068e-02	-1.528139149826578773e+02
5.400446161099396569e+00	4.499600248012638559e+01	7.553251584385005379e-02	-1.571658610229144699e+02
5.406957063684501463e+00	4.447870870396195642e+01	-7.072778698507066475e-02	-1.552354417488983529e+02
5.412655672453426270e+00	4.597617438350310692e+01	-1.439174601568417589e-01	-1.603609076632984340e+02
5.418821279260546575e+00	4.580621888030017885e+01	5.337588729791409303e-02	-1.600597135452004807e+02
5.425690594366304076e+00	4.561812395568178857e+01	-1.344868627085068699e-02	-1.593649492276078661e+02
5.432217487502165376e+00	4.757140004022829771e+01	4.914290276534066804e-02	-1.662893633941800715e+02
5.437649811577258241e+00	4.812459193236891508e+01	-2.078396809347010134e-03	-1.681205184788007614e+02
5.443914404015878006e+00	4.726494364454279662e+01	-7.234684861707886550e-02	-1.651280280263262341e+02
5.450953501686320202e+00	4.853745056404056157e+01	-4.843028853173159815e-02	-1.696326471542651859e+02
5.457483690405861232e+00	4.836834447159561989e+01	3.507302358807191933e-02	-1.691439792176906280e+02
5.462715250135157241e+00	5.073288940728615160e+01	9.819615441518071697e-02	-1.774553546314936341e+02
5.469033575551323523e+00	4.969640254827405812e+01	-6.393273284251164978e-02	-1.737155933150284000e+02
5.476177730420278778e+00	5.196167964931196792e+01	2.376462978596658934e-02	-1.817529069406299413e+02
5.482708935702562236e+00	4.925798089510158206e+01	4.627855842342592368e-02	-1.723531460341751540e+02
5.487722405008360838e+00	5.416827658139083468e+01	3.829238887138829844e-02	-1.894936212752560607e+02
5.494194284996126498e+00	5.245478739847912664e+01	-3.432866119597181159e-02	-1.834687301622214477e+02
5.501391471009256406e+00	5.290121715358964138e+01	1.128301553598281583e-02	-1.850861422714456239e+02
5.507128202673079009e+00	4.999760862851606191e+01	-1.198787709619478087e-01	-1.748116350672165993e+02
5.512278020050448646e+00	5.458751540202330688e+01	-3.079103787143627063e-02	-1.909677075913557189e+02
5.519395563377015534e+00	5.720418314130457560e+01	6.602213800897481499e-02	-2.002331599003388476e+02
5.526598678609708770e+00	5.601867404497246383e+01	-4.123280972670351208e-02	-1.959894460924475652e+02
5.532162682462509196e+00	5.337032087567500582e+01	1.523946917750771124e-01	-1.869266207419091472e+02
5.537397124017139127e+00	5.902791319757923105e+01	-5.270097587553739665e-02	-2.065216446454587071e+02
5.544582756485218589e+00	5.918681129960504705e+01	5.068576904347240480e-02	-2.071925170496550948e+02
5.551739327507637434e+00	6.029003565837470546e+01	1.284815763168375806e-02	-2.110196325822183780e+02
5.557493306674907707e+00	7.559100626672763212e+01	-2.774225883244640228e-02	-2.645353502791933806e+02
5.562281709102816940e+00	4.950358085596727875e+01	-1.112480373168231590e-01	-1.731485704450303444e+02
5.569272720323164449e+00	6.868203054735359103e+01	2.097340566965785746e-01	-2.405963379151066874e+02
