8.899641224696953554e-03	1.680462316824905865e+05	-1.110622201949186820e+04	-3.710483120439692866e+05
1.507912216506557788e-02	1.804222610212513246e+05	1.221294565518351592e+05	-5.770949740466225194e+04
2.144790186456836667e-02	9.601872616233049484e+04	6.025076729870974668e+04	-5.322397617680044641e+04
2.783660776489276650e-02	5.270933589568001480e+04	1.803099213805749969e+04	-4.387367764242579142e+03
3.435099785803411021e-02	4.431484158127078263e+04	2.918285123030367322e+04	1.668009674175108739e+04
4.047886761425745911e-02	3.834553176544055896e+04	1.736621315310443242e+04	2.439028800540681186e+04
4.676716683575679601e-02	3.200198954196188788e+04	8.410916947320392865e+03	-7.003188945641365535e+03
5.308225101765951665e-02	3.007316899637156530e+04	8.329508154873299645e+03	-3.300837667046865135e+03
5.945362440940590160e-02	2.640290450565528954e+04	1.006561813968315801e+04	-2.795870905707697602e+02
6.576224814588792211e-02	2.400550038192564898e+04	1.079115588819032018e+04	6.514444414402299799e+02
7.196632906698736953e-02	1.779963413696922362e+04	4.945706810283033519e+03	-2.342068997884976397e+03
7.827860915688347743e-02	1.493613180594211735e+04	6.615437749578624789e+03	-8.792347213187994157e+02
8.470398945834539672e-02	1.308274638940197474e+04	3.007278497312069248e+03	1.929012769238941019e+03
9.096854620527369817e-02	1.216147426188200370e+04	4.874927092232885116e+03	1.293635138454852154e+02
9.720789776830213169e-02	1.113070955964824134e+04	4.139970887697587386e+03	-8.072797464419306834e+01
1.034763038959366499e-01	1.044146813976163867e+04	3.579372786758789516e+03	4.806421276334544928e+02
1.097576444254559219e-01	9.867755646192164932e+03	2.221774254164741251e+03	-5.469974063504605510e+02
1.160543084780093354e-01	8.828665558992182923e+03	2.418659056172812143e+03	2.041150306599712678e+02
1.223669666537485351e-01	7.963477206381792712e+03	2.247087233775759159e+03	2.179359023177792665e+02
1.286817263090294094e-01	7.175719064264233566e+03	2.132300965518813882e+03	-4.009540698499413338e+02
1.349500801664080818e-01	6.687215517498549161e+03	2.327649094387254081e+03	1.668882161772147811e+03
1.411949558842147678e-01	6.066771675432634765e+03	1.439346152776025519e+03	-2.016943226496870807e+02
1.475133575747468451e-01	5.956560347385985551e+03	1.313689348723530884e+03	2.734112170476140022e+02
1.537865074252268427e-01	5.291783498385553685e+03	1.348476140565150672e+03	3.712711225824890704e+01
1.600657544051110326e-01	5.073089124540233570e+03	1.078067814261592048e+03	3.835794009146218286e+02
1.663991168687080635e-01	4.748848022398967260e+03	1.222860881490767952e+03	6.145099020182479990e+02
1.727195645776442856e-01	4.521587253777949627e+03	7.821508315453852447e+02	3.988171477008704642e+02
1.789765213377084718e-01	4.278353607509228823e+03	3.838091213149989471e+02	5.780682190014139223e+02
1.852353690647852158e-01	3.978724516885259618e+03	5.305075617636000516e+02	1.949498403632570387e+02
1.914806787341157279e-01	3.694264638925682902e+03	6.600204387727685571e+02	3.757036043514779067e+01
1.977889868651535599e-01	3.447751080217489744e+03	3.413672006961395482e+02	5.381841978201714483e+01
2.040937735447724277e-01	3.291388484709908880e+03	3.997242317884848148e+02	5.994772000044861215e+02
2.103939302609846018e-01	3.170621970812435848e+03	1.685084611624770048e+02	5.046848032990175170e+02
2.166909709822301688e-01	2.976884304186507961e+03	2.875317289888747041e+02	3.305344368705961529e+02
2.229700281216152047e-01	2.865053568815975723e+03	5.920889575739207800e+01	3.373196813449978890e+02
2.292620027086341994e-01	2.722875441052306996e+03	-3.036513383045581094e+01	2.757439514007252228e+02
2.355141508366812297e-01	2.559572441937306394e+03	-6.642605081909978537e+01	5.329333166202795837e+02
2.417910583817859116e-01	2.392847066704792724e+03	2.915712962181175882e+01	3.702517627057340519e+02
2.480856539439619257e-01	2.338206617284397907e+03	-1.480210871318921306e+02	3.647104665774543264e+02
2.543492256872954549e-01	2.212332945777070563e+03	-1.307480476103441163e+02	4.153673384756538098e+02
2.606334251884805386e-01	2.140595730706855193e+03	-2.190887611793503709e+02	3.853515538846851882e+02
2.669257370896960802e-01	2.044706114821527990e+03	-1.570552009195143057e+02	3.499055276265211205e+02
2.732423343141155980e-01	1.968318073489078188e+03	-2.530745291373218322e+02	4.462512910583041617e+02
2.795529680084415936e-01	1.868942094548490331e+03	-2.792878155487766776e+02	4.330670556404881495e+02
2.858366292314493129e-01	1.775449343821929233e+03	-3.553571753832365516e+02	2.503811246084011088e+02
2.920876271394311496e-01	1.706827911544273775e+03	-2.564923879570180247e+02	3.758532182447187893e+02
2.983449844439822751e-01	1.667597918864300709e+03	-3.669761460734932825e+02	4.009661673426518860e+02
3.046382639407197446e-01	1.597921347686727586e+03	-3.772419321501130298e+02	4.114542894658853811e+02
3.109279127003197196e-01	1.521666108311896551e+03	-3.900679861083737023e+02	3.932736234139137537e+02
3.172168171618398036e-01	1.468864854015155743e+03	-4.166540665444834417e+02	4.727856289972201580e+02
3.235187567944423082e-01	1.426172290915394115e+03	-4.343229874454951869e+02	4.454236680121661038e+02
3.298168217550395687e-01	1.370195543487924851e+03	-4.010159235047761968e+02	4.061389855687870636e+02
3.361176429457156667e-01	1.345496355900942717e+03	-4.541935943240000597e+02	4.149924524585945278e+02
3.423700375709273769e-01	1.266930686615349714e+03	-4.787427415423617845e+02	4.393760239040715305e+02
3.486478192666269682e-01	1.245918805445515090e+03	-4.627075410430398392e+02	4.107935267150936625e+02
3.549411614411318028e-01	1.206791290199036212e+03	-4.654790633322477902e+02	4.266793885824794756e+02
3.611916935421040642e-01	1.155802008774858905e+03	-4.844882285608691745e+02	4.895390844731973061e+02
3.674767089563572564e-01	1.113193370577680071e+03	-4.961402125051324106e+02	4.186470433930835497e+02
3.737647795277591056e-01	1.074002020058030666e+03	-5.015478898510423278e+02	4.577919275411586568e+02
3.800654031475132477e-01	1.038358707540379783e+03	-4.911482556849973093e+02	4.080535463954007014e+02
3.863539861259823738e-01	1.011105757165645969e+03	-4.841451758499701441e+02	4.437433089349406714e+02
3.926140181364449755e-01	9.741187158117069202e+02	-5.125367294451743874e+02	4.228156452287074671e+02
3.989264500321934581e-01	9.589453371521932468e+02	-5.210061301609880502e+02	4.500951189816821625e+02
4.052073244576828714e-01	9.303101972646728655e+02	-5.313449890510704563e+02	4.315452214439404202e+02
4.114916477570477182e-01	8.917841301307752246e+02	-5.146030708119377550e+02	4.496624558610474196e+02
4.177814272116491257e-01	8.665598842553549730e+02	-5.027095764872462382e+02	4.382059767967630250e+02
4.240400648725131116e-01	8.428377318904044841e+02	-5.030491513267512005e+02	4.036201908971406738e+02
4.303425690270192283e-01	8.210077948504153937e+02	-5.172779858196023497e+02	4.594408516615251870e+02
4.366358560255625965e-01	7.938850205514996787e+02	-4.977288728867305849e+02	4.494809824582076203e+02
4.428996183220763605e-01	7.746448345445323866e+02	-5.038571039525201058e+02	4.312633529184403756e+02
4.491634418529859563e-01	7.549891320660367455e+02	-5.086365699229507982e+02	4.040571651951474905e+02
4.554414146254732731e-01	7.312586167613999351e+02	-5.125506481611175786e+02	4.367791921981752239e+02
4.617634470301058558e-01	7.134547807925044935e+02	-5.124012511300144297e+02	4.447344364417572820e+02
4.680644242023710433e-01	7.006752397504791361e+02	-5.182992392645523978e+02	4.380151204123096136e+02
4.743485242764365895e-01	6.773925459206234336e+02	-5.029306855915774577e+02	4.234430693182472965e+02
4.806356136815400082e-01	6.585553234951995591e+02	-4.998119567300469157e+02	4.297296796337379874e+02
4.869019258388697646e-01	6.414950029197400454e+02	-5.175902360082469613e+02	4.277527293911481934e+02
4.931697099599955947e-01	6.242523199782111760e+02	-4.940985917482131526e+02	4.138802843637109277e+02
4.994506747144535908e-01	6.131200653592575236e+02	-4.978861649513744396e+02	4.215789297719073829e+02
5.057159051335421429e-01	5.990308941754418584e+02	-4.946704126261137731e+02	4.241717452277655980e+02
5.119923996268095356e-01	5.834984800784329764e+02	-5.038009344264222591e+02	4.448591240654313879e+02
5.183126097768406826e-01	5.676896444961524821e+02	-4.903559794936782055e+02	4.049637410765531627e+02
5.246089638029100000e-01	5.500840562960156603e+02	-4.897106703541854813e+02	3.953081134564923786e+02
5.308757308483337267e-01	5.389085880245530689e+02	-4.773183910606829841e+02	3.975363312946642509e+02
5.371573527946726934e-01	5.311102235613664106e+02	-4.883998704558483723e+02	4.054125421775823384e+02
5.434579563783791256e-01	5.157515740384176297e+02	-4.692400295925238538e+02	3.957990419721915600e+02
5.497430652392217842e-01	5.046835437536236668e+02	-4.855649857336977107e+02	4.085106503080075981e+02
5.559937427501778773e-01	4.941158664964967215e+02	-4.705770876158318288e+02	4.119622587069319479e+02
5.622854676609657654e-01	4.831368845770725784e+02	-4.703226032272529551e+02	4.037705882063769423e+02
5.686011537227265711e-01	4.754153651901374360e+02	-4.662937967491092763e+02	4.002042420731457923e+02
5.748804589422079614e-01	4.627084846846485107e+02	-4.539765203183209223e+02	3.958244598420073999e+02
5.811550210340560296e-01	4.569840042388438519e+02	-4.696959749327509712e+02	4.052159175913290028e+02
5.874394496660968468e-01	4.411877387406577213e+02	-4.514373917662907161e+02	3.879798875222099923e+02
5.937176220296899176e-01	4.355637530163739939e+02	-4.548411787223413967e+02	4.011784296673985182e+02
5.999971954793682505e-01	4.222940379605369685e+02	-4.381091245882359431e+02	3.840625265707882363e+02
6.062679115124277596e-01	4.154789512244613547e+02	-4.442705181926347109e+02	3.912347703807957942e+02
6.125469576444534381e-01	4.062951536180241874e+02	-4.345660318875251278e+02	3.781162415158750605e+02
6.188477733041515272e-01	3.960831069363311485e+02	-4.258115399339451983e+02	3.731097701819203394e+02
6.251310567437898813e-01	3.927459023029726382e+02	-4.334042122229442384e+02	3.877278754580472651e+02
6.314027450383210560e-01	3.822249195796046592e+02	-4.247820433298589933e+02	3.811168865691010978e+02
6.377003562732055375e-01	3.753555890906871468e+02	-4.249363938926147171e+02	3.804229126493156059e+02
6.439857783314556494e-01	3.684896870847305763e+02	-4.189262573080108041e+02	3.815344099069039885e+02
6.502685417166111925e-01	3.611069277174850072e+02	-4.134871254487781016e+02	3.700328926644861554e+02
6.565586117699038216e-01	3.533948991899877683e+02	-4.109788845356534921e+02	3.646568708075282643e+02
6.628369282359254377e-01	3.476410362982596780e+02	-4.042602599408774040e+02	3.603947183783243986e+02
6.691185444962194362e-01	3.413589524087865357e+02	-4.036539866304624411e+02	3.631795338762963752e+02
6.754070198575605755e-01	3.358854462848075286e+02	-4.000364690157671248e+02	3.620986147442791889e+02
6.816835514593204692e-01	3.292616456040983621e+02	-3.960322206280262662e+02	3.581598157557681361e+02
6.879592533861698112e-01	3.231355414488067481e+02	-3.921550587987402423e+02	3.528137481153119666e+02
6.942344317039531587e-01	3.166698097049514331e+02	-3.878313360127320379e+02	3.522456569372165518e+02
7.005175402434737908e-01	3.093443042809686290e+02	-3.816165987338077343e+02	3.490649522167319105e+02
7.068124956608716758e-01	3.035211847917344130e+02	-3.765120690534840264e+02	3.441512113574637510e+02
7.131019009674921527e-01	2.999087179123615101e+02	-3.768225053177133645e+02	3.463820180087993208e+02
7.193918251171427247e-01	2.956753074338069496e+02	-3.763559921449972308e+02	3.449329929351323472e+02
7.256833807598113140e-01	2.888887597514121239e+02	-3.665964476750586414e+02	3.382839299271235518e+02
7.319652682709349989e-01	2.849715997774636662e+02	-3.668228248281203605e+02	3.354017746642037423e+02
7.382507990484923344e-01	2.815542190106251610e+02	-3.661579599366585853e+02	3.416071893033916922e+02
7.445265842115937893e-01	2.747429219326425596e+02	-3.557136418967816098e+02	3.294246944196860341e+02
7.507871101942712455e-01	2.699207209820324351e+02	-3.544565472867809035e+02	3.317810313228000609e+02
7.570758465316046459e-01	2.667286764670368484e+02	-3.513662878324939811e+02	3.256682925881095230e+02
7.633641233600957365e-01	2.623394908230483225e+02	-3.479972090037750263e+02	3.245098633265578201e+02
7.696462959862266917e-01	2.593883938154691577e+02	-3.479800664478364638e+02	3.265807584933775161e+02
7.759394865175414102e-01	2.548323280192468587e+02	-3.463154918552489221e+02	3.267346829777213770e+02
7.822329141989586843e-01	2.497217609144499022e+02	-3.376403712660717815e+02	3.218549721713725376e+02
7.885314936520240181e-01	2.450370874968488693e+02	-3.348055650542199260e+02	3.165590289756018478e+02
7.947896566979522071e-01	2.417849362668075344e+02	-3.325195578142498789e+02	3.124152775860679867e+02
8.010491096592354809e-01	2.378458090777097027e+02	-3.271224276862894840e+02	3.064552698799353152e+02
8.073364061727361651e-01	2.342941557906540879e+02	-3.250290567679631408e+02	3.097976153670519466e+02
8.136229488373866170e-01	2.309347914671259048e+02	-3.211869977721828491e+02	3.056789166284278281e+02
8.199152998961036776e-01	2.278248224654729768e+02	-3.204528588337626616e+02	3.077876751441232841e+02
8.261952636392789762e-01	2.231332314345265218e+02	-3.138466909857154405e+02	3.009109226033821187e+02
8.324897070080405914e-01	2.201131437862197799e+02	-3.108693671601691335e+02	2.985806405347815939e+02
8.387959309210778480e-01	2.161143449537071888e+02	-3.074428289117430495e+02	2.964032594087306620e+02
8.450634639703045181e-01	2.134859379481498252e+02	-3.059797424969304416e+02	2.937412877382838019e+02
8.513282867562648182e-01	2.102988678414361345e+02	-3.021978663607378053e+02	2.903284170842617300e+02
8.576198263902009566e-01	2.074843821292057839e+02	-3.010695166802160543e+02	2.924853613588334156e+02
8.639058477062415697e-01	2.055572730964655079e+02	-2.982813761143066245e+02	2.897997268071086978e+02
8.701838745487597837e-01	2.013434374530303614e+02	-2.945900162143288981e+02	2.865983061646737724e+02
8.764641096075268534e-01	1.968392684987130110e+02	-2.865072142741264543e+02	2.790752774147966875e+02
8.827503873399735745e-01	1.960366299116546429e+02	-2.883875941037661050e+02	2.815767748932757399e+02
8.890332768393869323e-01	1.932899162116497962e+02	-2.846481232344766568e+02	2.791847966791919475e+02
8.953084247113127780e-01	1.896339625418890478e+02	-2.810834671784650709e+02	2.758174430516947950e+02
9.015956521667095602e-01	1.865295358548207219e+02	-2.779112836133144810e+02	2.717417137742834257e+02
9.078833328094829680e-01	1.838138197464653274e+02	-2.746847890727079289e+02	2.699722467036074818e+02
9.141744106319863450e-01	1.832402696222660552e+02	-2.760814792604003856e+02	2.725157630214089863e+02
9.204630817717615043e-01	1.793722566064930675e+02	-2.696720905828044010e+02	2.658240093194970655e+02
9.267434415264711456e-01	1.769528925550942802e+02	-2.685529316261424810e+02	2.672550697014162893e+02
9.330324197354928906e-01	1.750438492404976785e+02	-2.658417609835361759e+02	2.643892653820514624e+02
9.393265785573878812e-01	1.715056135431963469e+02	-2.595208473566132170e+02	2.571307686978262268e+02
9.455974810398196650e-01	1.710939476673862316e+02	-2.636173611947498330e+02	2.645608141635033803e+02
9.518660018545171964e-01	1.663747427873834113e+02	-2.540487042874080714e+02	2.517636011922256785e+02
9.581413255531838757e-01	1.647235593066238550e+02	-2.535998672999257337e+02	2.541098978371997248e+02
9.644350945109106954e-01	1.619310138182756873e+02	-2.487397342554139357e+02	2.489038025298254411e+02
9.707355633568249820e-01	1.607593998658134069e+02	-2.490381523461313122e+02	2.489527606208040709e+02
9.770080768450029041e-01	1.587292861850410759e+02	-2.462298344044536691e+02	2.480427043951134465e+02
9.832823325363413414e-01	1.562047388087076740e+02	-2.425629096984819455e+02	2.428968540864596832e+02
9.895569691966674686e-01	1.549042978929925880e+02	-2.423236566381285684e+02	2.455332574224013626e+02
9.958456301921106979e-01	1.533193423057545886e+02	-2.402135609607539379e+02	2.433915969366101422e+02
1.002136210743837408e+00	1.501870898789240130e+02	-2.353445265023036654e+02	2.386335407911080608e+02
1.008404825335135424e+00	1.481796071048747194e+02	-2.331397590825124837e+02	2.358465204859872131e+02
1.014694149836243398e+00	1.469012032631760007e+02	-2.324258380539109794e+02	2.356541224789610283e+02
1.020992555437297167e+00	1.456032262772229728e+02	-2.311931590585367360e+02	2.359685331469447362e+02
1.027273980437394485e+00	1.433894790895328981e+02	-2.279746271981565826e+02	2.333889299076535622e+02
1.033559181896017254e+00	1.412200304302971574e+02	-2.245337076910963674e+02	2.286805025447882826e+02
1.039847557392594934e+00	1.391720074356544217e+02	-2.216613903069860214e+02	2.261295161739282378e+02
1.046126974943305088e+00	1.377969767885001318e+02	-2.206809041440865826e+02	2.270261570350403986e+02
1.052403436811028659e+00	1.362367031268834694e+02	-2.184507713944887257e+02	2.248699907298707785e+02
1.058680704651608684e+00	1.342656188028475128e+02	-2.155377516359380934e+02	2.210601629268799400e+02
1.064964333065789193e+00	1.337723024325105712e+02	-2.165315029341801107e+02	2.235710423332794505e+02
1.071256777440835473e+00	1.315230162915255505e+02	-2.122823816478061474e+02	2.193179951121559270e+02
1.077544048801078125e+00	1.294489665739411635e+02	-2.092941803566496617e+02	2.163575179756306284e+02
1.083824820188043603e+00	1.287298831564669115e+02	-2.092725485900496665e+02	2.167980874977945973e+02
1.090108023942816695e+00	1.269287282333492470e+02	-2.064630012724822450e+02	2.145853873587738292e+02
1.096389665956643222e+00	1.252056928076934383e+02	-2.040550880427240941e+02	2.119282545913056026e+02
1.102681132058841440e+00	1.242287302863003333e+02	-2.032942974013274409e+02	2.119210249803391264e+02
1.108963047594879958e+00	1.225457262565269474e+02	-2.004386891476358699e+02	2.085672056190497301e+02
1.115225428463759272e+00	1.208067822084786371e+02	-1.979782991260725566e+02	2.067647447217299259e+02
1.121502127614767863e+00	1.185717896901121122e+02	-1.938491843482471495e+02	2.020804618299854667e+02
1.127792573824792033e+00	1.179170967167615487e+02	-1.936121670478478904e+02	2.028197158025641045e+02
1.134089552668382961e+00	1.170617168644765655e+02	-1.923087718436681826e+02	2.021480487056019797e+02
1.140364049650405942e+00	1.150093428566093934e+02	-1.892063732360215624e+02	1.983846979784961491e+02
1.146639180320979445e+00	1.143583403147827937e+02	-1.890059530336506270e+02	1.982597200563213846e+02
1.152942412991649901e+00	1.129611115239740258e+02	-1.871505132835618213e+02	1.969363255184378261e+02
1.159228906751078814e+00	1.114913249925852199e+02	-1.850084392040010073e+02	1.946728705485855926e+02
1.165508721887268173e+00	1.103922603034237397e+02	-1.833270597320790216e+02	1.934688203044950399e+02
1.171793076256210320e+00	1.090786406011493312e+02	-1.816040743077155923e+02	1.928329163418515293e+02
1.178087436369658958e+00	1.074163386418622679e+02	-1.782870444347016701e+02	1.888013293625202209e+02
1.184367654251526902e+00	1.072544749441140226e+02	-1.789863488615253857e+02	1.902596964053664408e+02
1.190634642299266632e+00	1.056179886905724743e+02	-1.764571576463052622e+02	1.880323370568342227e+02
1.196912208834400859e+00	1.045851080477834074e+02	-1.747729188748155025e+02	1.858452654339901642e+02
1.203201577354146234e+00	1.038159000445173916e+02	-1.739930570276628998e+02	1.859752918159099977e+02
1.209486844441705733e+00	1.025593096675343787e+02	-1.721964879412966241e+02	1.841308178631562953e+02
1.215763902074809888e+00	1.016984279147052064e+02	-1.712309397698394378e+02	1.832145452225197459e+02
1.222049755171146668e+00	1.001608331052308785e+02	-1.681082773283926883e+02	1.798825225993269044e+02
1.228340616621486969e+00	9.968698822052309083e+01	-1.680599034991080316e+02	1.807353712735660736e+02
1.234632986576932767e+00	9.824253761937619345e+01	-1.654152237165422719e+02	1.774028285525488116e+02
1.240902247176856488e+00	9.768161214025320760e+01	-1.650569891111586287e+02	1.776779225963603039e+02
1.247174839144687519e+00	9.655653960432081817e+01	-1.639840055808082866e+02	1.769809425988638054e+02
1.253465459933442272e+00	9.525780851512541858e+01	-1.610175819543673299e+02	1.738502527765762409e+02
1.259749951892178421e+00	9.433493916213153341e+01	-1.597172143239519642e+02	1.718912482118887510e+02
1.266032143127253873e+00	9.317923178658740824e+01	-1.578712149323417293e+02	1.701211974001101055e+02
1.272316288472006507e+00	9.210610319807513235e+01	-1.559514126105908645e+02	1.684027293223262802e+02
1.278604155058621350e+00	9.167519813243831095e+01	-1.557195974036160351e+02	1.689607622308442672e+02
1.284886588933593865e+00	9.121806894020352274e+01	-1.554966551389111657e+02	1.687811767063720083e+02
1.291175420066583257e+00	8.995354243515456005e+01	-1.530222666117795143e+02	1.660997054273202593e+02
1.297465726373772332e+00	8.924655883726970274e+01	-1.523778315742095231e+02	1.661185193527608703e+02
1.303741827011944299e+00	8.823100186313951099e+01	-1.505915009380580614e+02	1.639325528339509219e+02
1.310017322922761851e+00	8.765885090258858270e+01	-1.495945043059744251e+02	1.635682620050472167e+02
1.316301447662886703e+00	8.589554322761095762e+01	-1.463427855776315596e+02	1.590086599055184706e+02
1.322586760363303249e+00	8.561006775428091942e+01	-1.462284809277472277e+02	1.594971178238864979e+02
1.328865492452874664e+00	8.472046728079709510e+01	-1.449103048768176052e+02	1.584918449764894035e+02
1.335144804954555564e+00	8.391738633460434471e+01	-1.435732084279788978e+02	1.574195434611772271e+02
1.341440516272275119e+00	8.328113452623721003e+01	-1.426138718907689054e+02	1.562632215133013460e+02
1.347730868417094552e+00	8.196623099910671328e+01	-1.399757084206683828e+02	1.533946950167911325e+02
1.354001589994877630e+00	8.132263120850446114e+01	-1.393421923936993494e+02	1.530029141580508849e+02
1.360282609297778444e+00	8.061297414902774960e+01	-1.379734470814719600e+02	1.514782574465082803e+02
1.366565686457597906e+00	8.039834159846746786e+01	-1.378719705577740058e+02	1.518306283731150472e+02
1.372851498482432708e+00	7.941954378726538266e+01	-1.365068791542924487e+02	1.502232809672558744e+02
1.379135372929401804e+00	7.860373156337034573e+01	-1.351452119131591871e+02	1.497434539318149120e+02
1.385409567149057164e+00	7.805681790843351564e+01	-1.342343077189233895e+02	1.481374919899633369e+02
1.391698641219299315e+00	7.746452694529808980e+01	-1.333788714870378556e+02	1.474168858347280775e+02
1.397984451439470810e+00	7.666544785866342693e+01	-1.319929959210099071e+02	1.463546772099489317e+02
1.404267883409181961e+00	7.592376215036924236e+01	-1.307562683141394473e+02	1.450591001162787848e+02
1.410554779484869181e+00	7.508961726265728487e+01	-1.293098718988130713e+02	1.433325830753722983e+02
1.416837833547465397e+00	7.466531962869991901e+01	-1.286338035456694229e+02	1.428214980415895354e+02
1.423118177187137068e+00	7.418921575892140652e+01	-1.279998099975874766e+02	1.423107362700170029e+02
1.429397801164240089e+00	7.350973636516273757e+01	-1.269479614575675868e+02	1.411464295254255319e+02
1.435686921822787232e+00	7.260364619073128267e+01	-1.251168343520567987e+02	1.392863027838460255e+02
1.441977121769299597e+00	7.196362256391937251e+01	-1.243770607471736440e+02	1.386893507623994140e+02
1.448253667853332427e+00	7.122553271853176682e+01	-1.231732787141516781e+02	1.376732195886875445e+02
1.454532348972172651e+00	7.075823231317870921e+01	-1.220942326847260091e+02	1.361863298180594199e+02
1.460819319151879903e+00	7.012857349335786239e+01	-1.211262649348656595e+02	1.350908036796350302e+02
1.467110364402026468e+00	6.930926085687096361e+01	-1.196377738549290370e+02	1.337081037604232279e+02
1.473392908948962132e+00	6.902026118623392392e+01	-1.195519545801800092e+02	1.339936824111477165e+02
1.479669965243598950e+00	6.819402629121181292e+01	-1.177491897151528377e+02	1.317622407224041581e+02
1.485956144602843532e+00	6.789275535326245858e+01	-1.173888674658126376e+02	1.315293649090924930e+02
1.492233610763115115e+00	6.700694788238591570e+01	-1.157282904753087820e+02	1.299022355720500741e+02
1.498502470379980078e+00	6.654249559637769096e+01	-1.148763035779632844e+02	1.289897499046025757e+02
1.504785752051182701e+00	6.638993358250314714e+01	-1.149719013717547682e+02	1.292380684495316530e+02
1.511075991894575976e+00	6.516675591169504855e+01	-1.125697797408066521e+02	1.263942607619477769e+02
1.517361634985162189e+00	6.535356566661431543e+01	-1.132339620859340670e+02	1.278189572871078212e+02
1.523648570969130533e+00	6.481649109152756694e+01	-1.123323113457738032e+02	1.265971920295446580e+02
1.529938035715892264e+00	6.387300749827002022e+01	-1.103971551405043954e+02	1.242470820153756819e+02
1.536230176913891965e+00	6.368733176797574203e+01	-1.104856492420255876e+02	1.247288274465172435e+02
1.542510718779388279e+00	6.280071385267387996e+01	-1.084736593046950190e+02	1.225926793046483567e+02
1.548783963082980275e+00	6.275079029407560682e+01	-1.088136704393500054e+02	1.233470185933519332e+02
1.555073069779651318e+00	6.195935661202642564e+01	-1.071837603962797374e+02	1.211723006790737713e+02
1.561357324927233892e+00	6.145423574411910295e+01	-1.062883459649347486e+02	1.200712777224100591e+02
1.567629121053141006e+00	6.096199618438980394e+01	-1.052334292147340449e+02	1.191309776650919332e+02
1.573913697404382583e+00	6.017090228440419253e+01	-1.038121240859998125e+02	1.175564729095463719e+02
1.580203545230874029e+00	6.025106927351940556e+01	-1.043212399180296757e+02	1.180747743413602109e+02
1.586485393434537983e+00	5.963886025999519092e+01	-1.030796367790620849e+02	1.170117872065024045e+02
1.592760014263005841e+00	5.921219468724085999e+01	-1.025025810230260390e+02	1.161290505167428364e+02
1.599046436394670812e+00	5.841534891378261563e+01	-1.008214811317117636e+02	1.144119979289744720e+02
1.605342136637478934e+00	5.840451719908496386e+01	-1.009754597604416517e+02	1.148412712473015063e+02
1.611619860919608627e+00	5.782430481063642702e+01	-9.997955793271543712e+01	1.136796210208919575e+02
1.617897597081673799e+00	5.731409985459654877e+01	-9.893119841768127287e+01	1.124120312636491121e+02
1.624183235481122756e+00	5.705293088466549278e+01	-9.865150801690045057e+01	1.122156419134206118e+02
1.630464598531913722e+00	5.672299646217606295e+01	-9.805599411666806020e+01	1.117371139771911572e+02
1.636748985747638274e+00	5.621201131588303923e+01	-9.717572882901524167e+01	1.107317354859234513e+02
1.643030923698886259e+00	5.584464888431806884e+01	-9.657263834795963930e+01	1.100894392675290021e+02
1.649309176648513064e+00	5.504157399337334766e+01	-9.482785994411911190e+01	1.081155629389580923e+02
1.655593633940351861e+00	5.491683234828034443e+01	-9.474093630806341082e+01	1.079529241724782054e+02
1.661879571405086464e+00	5.427737224218999756e+01	-9.342127678555614523e+01	1.067651601589543020e+02
1.668169361685170271e+00	5.437849227724972678e+01	-9.406422186018728837e+01	1.074926136527831062e+02
1.674450151530487485e+00	5.401144218895149862e+01	-9.326097887119719587e+01	1.067197984935774429e+02
1.680722718978495900e+00	5.334699375424405332e+01	-9.201184714321315994e+01	1.051342372296707310e+02
1.687013891340952476e+00	5.302828116612504061e+01	-9.145486970418770056e+01	1.045822761381699308e+02
1.693308984907921033e+00	5.243669049572879004e+01	-9.027122845069470713e+01	1.032105881993471144e+02
1.699582147428448486e+00	5.214557782555966980e+01	-8.968379366011059517e+01	1.025941877592690332e+02
1.705863747055134105e+00	5.219764139888653887e+01	-9.009432060215037552e+01	1.032422853261890197e+02
1.712154434283889470e+00	5.147346046681007437e+01	-8.842253122867612092e+01	1.012832618132024152e+02
1.718438381579399321e+00	5.104435950702308133e+01	-8.786570144423478723e+01	1.006817397852055080e+02
1.724721264464063930e+00	5.087517998116712192e+01	-8.758218999253745096e+01	1.004965449340092931e+02
1.730997441276920679e+00	5.044434164744954785e+01	-8.668984479929464726e+01	9.953576412202264123e+01
1.737287073528269499e+00	5.007837470526309431e+01	-8.615781123563627375e+01	9.885979763878371784e+01
1.743567991878527401e+00	4.959272811391272029e+01	-8.504802578155479864e+01	9.757410004452022179e+01
1.749840680212231048e+00	4.931162098142760897e+01	-8.461007777841989252e+01	9.731217369186030908e+01
1.756128549091961144e+00	4.907324410963307315e+01	-8.426822837298860236e+01	9.684958073495131714e+01
1.762413535324792502e+00	4.868011068227607296e+01	-8.352274915901757879e+01	9.595791036210030711e+01
1.768696187669963837e+00	4.854686648037993280e+01	-8.324862997724906677e+01	9.579263682597436969e+01
1.774979359379055266e+00	4.801950729315533550e+01	-8.207395995037971659e+01	9.452036876784242736e+01
1.781265555576432957e+00	4.770968986692838598e+01	-8.146934327415381460e+01	9.375451979107589295e+01
1.787549427830244619e+00	4.741271296987966366e+01	-8.113287231265009325e+01	9.341730590544003121e+01
1.793834120011633004e+00	4.722304460044192354e+01	-8.078293977220384647e+01	9.304321804933614715e+01
1.800115051552487300e+00	4.661991083095503541e+01	-7.954082635378948396e+01	9.155106741615242072e+01
1.806393904854530330e+00	4.633296190247511248e+01	-7.894713856397970630e+01	9.091035707179648284e+01
1.812674089667083432e+00	4.620395994332587719e+01	-7.892333352468715191e+01	9.098213061608851149e+01
1.818956920109354058e+00	4.591045333555870656e+01	-7.825220877388564134e+01	9.039234361039763144e+01
1.825244164118212220e+00	4.557573719705848703e+01	-7.772580749505701192e+01	8.974152172662775229e+01
1.831527256642196955e+00	4.519672566272722491e+01	-7.690676139217448792e+01	8.862777212352972356e+01
1.837811294935716599e+00	4.504218494039719900e+01	-7.669643567103199189e+01	8.873690560878941369e+01
1.844100717411196744e+00	4.492679782035949643e+01	-7.651999944969901435e+01	8.861403291423145845e+01
1.850384816792487230e+00	4.427594613099550003e+01	-7.512235198455354634e+01	8.668394918089954615e+01
1.856666059735203822e+00	4.399592104267959058e+01	-7.462941449050296683e+01	8.602188737546701702e+01
1.862947728675613979e+00	4.367471219854684250e+01	-7.399682463833200075e+01	8.548022673691123430e+01
1.869229324466858078e+00	4.366020276715502746e+01	-7.404462887566408824e+01	8.580689859360214200e+01
1.875517616802973686e+00	4.327998111463098496e+01	-7.335143872907937634e+01	8.462554494821694107e+01
1.881800769033795229e+00	4.294185868362154679e+01	-7.264710717868233303e+01	8.395018657603507961e+01
1.888078863416442710e+00	4.256444452161671421e+01	-7.186587939446911832e+01	8.308011092439369349e+01
1.894353975182237582e+00	4.253614057194252496e+01	-7.189565089221487426e+01	8.329401852173897680e+01
1.900642716154182565e+00	4.238591892189810295e+01	-7.163559378317752646e+01	8.287471597918207067e+01
1.906933494748685121e+00	4.185780815615972017e+01	-7.060643944111967585e+01	8.171271445637304964e+01
1.913207568676573933e+00	4.184433452058509317e+01	-7.068649778696654096e+01	8.210292033040612125e+01
1.919490884732178992e+00	4.126041665063929997e+01	-6.927250987861843612e+01	8.031087997110891763e+01
1.925776855684274480e+00	4.121871578100211764e+01	-6.936925628662777399e+01	8.035804995191163869e+01
1.932064452961978152e+00	4.098848493253541392e+01	-6.892011243045634217e+01	7.995374182007535069e+01
1.938342610030488800e+00	4.055690936298628202e+01	-6.802454413630043462e+01	7.883083078111464204e+01
1.944618341543410178e+00	4.059666311962012486e+01	-6.828865990555934218e+01	7.923232944926027699e+01
1.950906260203513876e+00	4.013668593836944609e+01	-6.717890592356788204e+01	7.787953888073487008e+01
1.957194556613796488e+00	3.988374253042809414e+01	-6.677810407885858979e+01	7.754975483794562763e+01
1.963479614559011432e+00	3.983971544653082475e+01	-6.679846344950911430e+01	7.755745092608685809e+01
1.969760361532916226e+00	3.955166431077155664e+01	-6.621417499138946994e+01	7.678219080531579266e+01
1.976048367034604736e+00	3.924581145743687216e+01	-6.560193564805312860e+01	7.616207408022161474e+01
1.982337990217652335e+00	3.909443283296094762e+01	-6.520838871324231434e+01	7.575816424109210345e+01
1.988617489259562721e+00	3.884352491722394518e+01	-6.479099350292801773e+01	7.523257709814942018e+01
1.994896320665194178e+00	3.855500956081364450e+01	-6.420880945061243494e+01	7.467083631522773146e+01
2.001179596222827151e+00	3.831913604650643634e+01	-6.378191859045615786e+01	7.408732351970469665e+01
2.007459756923499761e+00	3.815091701552881176e+01	-6.355746035182006182e+01	7.393871983734530318e+01
2.013737397779169935e+00	3.792188992191096020e+01	-6.297362474125308296e+01	7.318062737388382288e+01
2.020017234677497164e+00	3.763872266771493003e+01	-6.236989626697124578e+01	7.250920221718817515e+01
2.026310251015072783e+00	3.740542623255388577e+01	-6.200193854852211217e+01	7.205184095135321343e+01
2.032600542948020284e+00	3.734788740142259655e+01	-6.178459000378377652e+01	7.199356687534786658e+01
2.038873863192099289e+00	3.705810276381434676e+01	-6.141464659042092222e+01	7.133734374107031329e+01
2.045154087821675404e+00	3.701262642174318529e+01	-6.124100403016509375e+01	7.134058662859379751e+01
2.051444704514288730e+00	3.668993696910899871e+01	-6.059178303277851541e+01	7.063257331933057515e+01
2.057730430280644729e+00	3.655108451715037177e+01	-6.036436802523790845e+01	7.038041248937784644e+01
2.064013940455224461e+00	3.637907904972903594e+01	-6.006106742367555995e+01	7.011016319115741169e+01
2.070299891179459895e+00	3.611532501858270194e+01	-5.944059483142757472e+01	6.926945629193706111e+01
2.076589719964883951e+00	3.588859338374724217e+01	-5.904559988747747212e+01	6.882857322994270532e+01
2.082865483794470673e+00	3.572649582629702536e+01	-5.866474350759801126e+01	6.844595467614496442e+01
2.089134494859368640e+00	3.544901732622377466e+01	-5.813294393204258625e+01	6.768603701927757754e+01
2.095424211360070288e+00	3.532910696842129994e+01	-5.794348450449768961e+01	6.740054138772046599e+01
2.101707116664804254e+00	3.513114200718175084e+01	-5.750455939742283817e+01	6.716025645995634363e+01
2.107986473933564309e+00	3.501484303239101337e+01	-5.733297600111276893e+01	6.698384747067208878e+01
2.114271806543862375e+00	3.466888932466308404e+01	-5.658748947438859744e+01	6.603876250902779077e+01
2.120552717288892275e+00	3.441130309870584369e+01	-5.597505338648336703e+01	6.531293985350278319e+01
2.126836933207161717e+00	3.437948368058036408e+01	-5.602094749287775244e+01	6.544749135393635697e+01
2.133122044791171845e+00	3.414455263709618293e+01	-5.553019273185395832e+01	6.489387790772269682e+01
2.139411711910842673e+00	3.410515703170162283e+01	-5.557904901109089479e+01	6.496748442167570659e+01
2.145697076775292089e+00	3.381456700523243342e+01	-5.482172815933919452e+01	6.404896291836391242e+01
2.151973548606471276e+00	3.361919922056833343e+01	-5.445107073850746104e+01	6.351720721990676566e+01
2.158259913555724108e+00	3.361978228648328582e+01	-5.453577074869491526e+01	6.373766312562600689e+01
2.164545396699105506e+00	3.335829860488374976e+01	-5.397185915924522703e+01	6.300359041002047888e+01
2.170830700377734068e+00	3.314501356014545763e+01	-5.356656878010276301e+01	6.261693162111730970e+01
2.177114138849150393e+00	3.284181335524650081e+01	-5.288450947574328609e+01	6.188543612657677073e+01
2.183387647576827018e+00	3.282475275681941440e+01	-5.297315609502111045e+01	6.197776187917250468e+01
2.189670273687676971e+00	3.271965984090163460e+01	-5.268922401600327277e+01	6.169485938485632914e+01
2.195960147934207463e+00	3.250863417128097410e+01	-5.225094960853405723e+01	6.111748332421104379e+01
2.202242556317716371e+00	3.244619438487525542e+01	-5.225458667418659786e+01	6.123642535497480566e+01
2.208521655981037668e+00	3.207311586443356077e+01	-5.135184290929768736e+01	6.014289185957819228e+01
2.214804637081333016e+00	3.208496476043273304e+01	-5.147713272100956772e+01	6.024232893901709218e+01
2.221092583349425276e+00	3.186036165134906284e+01	-5.088520477373393902e+01	5.963642206670089507e+01
2.227372893591468728e+00	3.173529315068713785e+01	-5.069385664116897772e+01	5.949654111716775162e+01
2.233657161144248171e+00	3.157300137282850372e+01	-5.034044867815990898e+01	5.900375085519569041e+01
2.239943485394438660e+00	3.142466424436854666e+01	-5.006248762247356865e+01	5.866735877189746873e+01
2.246224175264620815e+00	3.139220963532680031e+01	-5.006925657263273877e+01	5.866063266368159645e+01
2.252506378421252009e+00	3.116706803338948362e+01	-4.957568973660605849e+01	5.813889714833140943e+01
2.258783417054270437e+00	3.098723998915830435e+01	-4.923780962368331870e+01	5.773492516565698196e+01
2.265069077371457684e+00	3.085724823209241663e+01	-4.888306413383067905e+01	5.740662981972018031e+01
2.271350377044131452e+00	3.074900142955943494e+01	-4.873817567805755147e+01	5.723877880864245782e+01
2.277633995145353918e+00	3.054859547014558174e+01	-4.828794847982057092e+01	5.664032862030887827e+01
2.283922419579920149e+00	3.042316915058643545e+01	-4.803971461363465778e+01	5.640228862077318439e+01
2.290202874392252674e+00	3.035090612401972621e+01	-4.791915835796552869e+01	5.632645095277026570e+01
2.296490779970905560e+00	3.018097980899786137e+01	-4.751388930458432469e+01	5.584850439987431514e+01
2.302771769934229162e+00	3.008347019697989211e+01	-4.735585196587407353e+01	5.570395229372620349e+01
2.309051364164305564e+00	2.994805629478867104e+01	-4.698911951943964027e+01	5.536983503425872755e+01
2.315338502539088239e+00	2.983522696909052030e+01	-4.691894914659282279e+01	5.519394604886325340e+01
2.321627336503874428e+00	2.966678294845093333e+01	-4.648645252145298912e+01	5.473790238938576636e+01
2.327911878297218795e+00	2.955764122033380659e+01	-4.620965529743240552e+01	5.446604354562840911e+01
2.334186238580297168e+00	2.933432228657919438e+01	-4.576112070840820678e+01	5.388575029797812022e+01
2.340467971862688401e+00	2.916324810627788366e+01	-4.544859284885054507e+01	5.346372475792113477e+01
2.346756940970738725e+00	2.908026867670658788e+01	-4.523793902005008505e+01	5.330453992241512395e+01
2.353044444556199988e+00	2.903342221311139681e+01	-4.518139613821248446e+01	5.323528741385553076e+01
2.359327653314069906e+00	2.889433538976017957e+01	-4.486381361940485135e+01	5.296786934501474065e+01
2.365603048789861607e+00	2.873681548601937052e+01	-4.450266112494068693e+01	5.253439682987029613e+01
2.371885911737665165e+00	2.857452140697430210e+01	-4.411325231429741933e+01	5.208174196343509266e+01
2.378173303594019572e+00	2.857630060180770926e+01	-4.422232985642056491e+01	5.226331739788763997e+01
2.384454016539381271e+00	2.835462839131590940e+01	-4.371949353349560141e+01	5.165026121643528967e+01
2.390736447344785187e+00	2.832609649810709840e+01	-4.361845039497634247e+01	5.155092758816863352e+01
2.397014133897952259e+00	2.821326990891956399e+01	-4.339917285525665136e+01	5.132648629204040702e+01
2.403295490074321972e+00	2.808125818585144984e+01	-4.309199910374729825e+01	5.097495421161884366e+01
2.409585049672506862e+00	2.801752212302586642e+01	-4.297673285835917767e+01	5.097398921203279087e+01
2.415871703165322071e+00	2.793787341844297600e+01	-4.286360548174623375e+01	5.075032302382178528e+01
2.422160652369088840e+00	2.769449398825215525e+01	-4.229702218777369893e+01	4.997866220269067128e+01
2.428440167222748691e+00	2.777369559700195012e+01	-4.251350650741542125e+01	5.051852870074832680e+01
2.434717472383889803e+00	2.757113557879777943e+01	-4.211750275934153365e+01	4.987986337108689838e+01
2.441002456202044257e+00	2.747658261896423326e+01	-4.181598928149654881e+01	4.957443986512930678e+01
2.447289980304530488e+00	2.727699315317524409e+01	-4.141698398625160138e+01	4.912944416106852685e+01
2.453571844729242279e+00	2.728377763800169475e+01	-4.147892936177564849e+01	4.917584941532274456e+01
2.459852705114058846e+00	2.721872622825328136e+01	-4.133989718694543569e+01	4.906235535039949269e+01
2.466139233225018934e+00	2.693815938969300561e+01	-4.073111222467058212e+01	4.829276899715792837e+01
2.472421963421291391e+00	2.695222965258045988e+01	-4.071507138029571848e+01	4.830939043839983071e+01
2.478698519174224568e+00	2.688808452370671276e+01	-4.064857881130198791e+01	4.836246708394050131e+01
2.484980841400355800e+00	2.669780670913334575e+01	-4.016460545667278126e+01	4.780091882767897005e+01
2.491269319409339822e+00	2.663817832528934204e+01	-4.005448323714043823e+01	4.764695372476256807e+01
2.497548505139029373e+00	2.659199610037655503e+01	-3.999882835421164629e+01	4.758161648237297925e+01
2.503831667172610853e+00	2.647732871327108839e+01	-3.966956536662980426e+01	4.732234978967598238e+01
2.510117938323931153e+00	2.642438411776176466e+01	-3.957509922046484263e+01	4.709345418671544081e+01
2.516400733681277480e+00	2.627835413061539427e+01	-3.927967384296883324e+01	4.680615753306274485e+01
2.522688226833368130e+00	2.620263767849476721e+01	-3.914752335201011135e+01	4.676860767708211597e+01
2.528971695852665569e+00	2.606588804231946099e+01	-3.882471524736584456e+01	4.633212782010718200e+01
2.535252039407670299e+00	2.609859416000292143e+01	-3.884361446966899223e+01	4.636531042674939584e+01
2.541537514142774512e+00	2.596583996845017950e+01	-3.858418903034998237e+01	4.612110614236652850e+01
2.547823008847572179e+00	2.583827462783357376e+01	-3.829931769989527623e+01	4.573799720145202485e+01
2.554100666580690238e+00	2.581661403405022526e+01	-3.834552066842392293e+01	4.588572044587571952e+01
2.560376788884177301e+00	2.573893223250437856e+01	-3.806208752875794943e+01	4.557069498506616156e+01
2.566667521601497359e+00	2.566393244384047279e+01	-3.790821578689374860e+01	4.547955145821716627e+01
2.572955062237090473e+00	2.546905219606470538e+01	-3.746748038449850782e+01	4.488499708907117736e+01
2.579233771797999175e+00	2.539646262686276046e+01	-3.725692453856704134e+01	4.459849054918988998e+01
2.585520164300948220e+00	2.540207403820470233e+01	-3.730566269173151994e+01	4.479140634429338519e+01
2.591805130332431872e+00	2.529041017298916927e+01	-3.706093490464081697e+01	4.443880471570977164e+01
2.598084074692260881e+00	2.528869202167086527e+01	-3.704041817257947145e+01	4.448320027866670046e+01
2.604360404197643586e+00	2.506920427959494546e+01	-3.653846388609333218e+01	4.383746761843011086e+01
2.610647185140439142e+00	2.512949933246352074e+01	-3.668958244145919423e+01	4.410574983540679739e+01
2.616931864059273138e+00	2.501498237194742558e+01	-3.651425406222244874e+01	4.389757167331588050e+01
2.623206107911065565e+00	2.488782129029333134e+01	-3.613318819311871266e+01	4.345884488528704281e+01
2.629491626543270844e+00	2.483022954154533579e+01	-3.598670594280004309e+01	4.325541376821524864e+01
2.635778507982642349e+00	2.486022663831121093e+01	-3.608396995429959020e+01	4.357912575201741134e+01
2.642061039325260818e+00	2.477956319647108430e+01	-3.594184791178984284e+01	4.325705708790069792e+01
2.648343840729305843e+00	2.472257324799206657e+01	-3.580223724375316152e+01	4.315206901656321037e+01
2.654631838974855551e+00	2.459955797398773569e+01	-3.542513733027938372e+01	4.277373481767444474e+01
2.660919001246303761e+00	2.457716318882662776e+01	-3.542250108398359032e+01	4.275859979315394810e+01
2.667198525130066056e+00	2.444040218127661745e+01	-3.505086351338609063e+01	4.237003863053617891e+01
2.673484307038032526e+00	2.445108453214510646e+01	-3.510196878835733258e+01	4.255139681372086358e+01
2.679773388053849459e+00	2.428328330898278153e+01	-3.466116984022803393e+01	4.202202375412753099e+01
2.686058217632288692e+00	2.433555730344206225e+01	-3.482682225180447233e+01	4.218774270637681667e+01
2.692338738200057868e+00	2.429236302561528404e+01	-3.474016971922654307e+01	4.209601319369942019e+01
2.698618022887226964e+00	2.419404525488178237e+01	-3.448229151511931434e+01	4.182822932146341799e+01
2.704895450708277860e+00	2.411293060124845411e+01	-3.428546306851048087e+01	4.158825884504152270e+01
2.711175674923682166e+00	2.408512712370243136e+01	-3.421021446907575125e+01	4.158112727139340592e+01
2.717459832966957922e+00	2.410190625533865472e+01	-3.423598386017363282e+01	4.173228827047974221e+01
2.723745731959044569e+00	2.400297928173913675e+01	-3.405026676885785974e+01	4.144051034278062673e+01
2.730038414850594730e+00	2.392017234612912091e+01	-3.381273706768499210e+01	4.118536764273973461e+01
2.736317989800789441e+00	2.393759472054056303e+01	-3.379621210928029740e+01	4.128819556789034806e+01
2.742591858549239703e+00	2.386582228506647141e+01	-3.364491359028023254e+01	4.109927548121191165e+01
2.748879749010778362e+00	2.384198615528382703e+01	-3.355493784562668935e+01	4.105611316424233337e+01
2.755163403825859447e+00	2.379097699006238642e+01	-3.344623237769555146e+01	4.090327027006416927e+01
2.761446955625852073e+00	2.371251663477580607e+01	-3.322650774594141154e+01	4.070500489078688844e+01
2.767732088935374701e+00	2.358109862548690927e+01	-3.290486260521889506e+01	4.033846964655678136e+01
2.774015452421743966e+00	2.364621189043399951e+01	-3.307751482371990903e+01	4.060398881646633384e+01
2.780298635700591436e+00	2.356055978053675659e+01	-3.289392296224527712e+01	4.032465624939217008e+01
2.786577474762241380e+00	2.351086302431659902e+01	-3.270453687212196314e+01	4.021139683590208591e+01
2.792857983210164541e+00	2.360652794755276318e+01	-3.293217130261216852e+01	4.049442912662088645e+01
2.799143790920211483e+00	2.347412949061871856e+01	-3.260186211995106476e+01	4.013613072742552390e+01
2.805430058399325244e+00	2.344884349838366333e+01	-3.254274422777442766e+01	4.008416539008136681e+01
2.811715058209780072e+00	2.341789242215850919e+01	-3.240063640584825322e+01	3.999294517886692546e+01
2.817989272498773623e+00	2.338488291262659402e+01	-3.234716850943262756e+01	3.993768713481221511e+01
2.824269171595737760e+00	2.331097424029387355e+01	-3.213423772707898962e+01	3.980055394290025106e+01
2.830563016441804081e+00	2.325121399882920770e+01	-3.200731499170054661e+01	3.963261638327828251e+01
2.836848750951622034e+00	2.333966069869232030e+01	-3.216146071482916113e+01	3.990342899382323338e+01
2.843130027866129783e+00	2.323159353475972466e+01	-3.190620912678576815e+01	3.953487396310159596e+01
2.849413896912404986e+00	2.320106628537018523e+01	-3.182775462338526040e+01	3.952917921937337553e+01
2.855697464522425566e+00	2.319810865983861703e+01	-3.177562709173647093e+01	3.946137534651608547e+01
2.861978799810683594e+00	2.309413419135230328e+01	-3.150710937178503812e+01	3.921521437088708240e+01
2.868262469415629567e+00	2.311815799800478644e+01	-3.152026341667087905e+01	3.924541501844315405e+01
2.874547359206753860e+00	2.312268136126552065e+01	-3.151835502784750886e+01	3.938170615991774071e+01
2.880831111471525041e+00	2.303297863697595460e+01	-3.129311161967190102e+01	3.911566712160952619e+01
2.887113216972382546e+00	2.304747123399877395e+01	-3.129726838283750823e+01	3.908562841496907225e+01
2.893394504725182781e+00	2.299790355466500458e+01	-3.117819778087748617e+01	3.899759360771844285e+01
2.899673662137033592e+00	2.303589370989291041e+01	-3.124438885707461111e+01	3.916529930725497621e+01
2.905953958587380814e+00	2.306419995102180565e+01	-3.129326736191899627e+01	3.925506880699365553e+01
2.912241118105161064e+00	2.300169805287498548e+01	-3.104297400406528240e+01	3.905624007405845788e+01
2.918525996366671205e+00	2.292005270130526640e+01	-3.090806471472826189e+01	3.884015094240631072e+01
2.924809035425688819e+00	2.289056885739312008e+01	-3.070911865411344976e+01	3.869654471659429618e+01
2.931095916293684933e+00	2.289842478700570894e+01	-3.071873549281589533e+01	3.875069869892200103e+01
2.937378182606774413e+00	2.294236717183770580e+01	-3.078564661524353951e+01	3.888324412684823983e+01
2.943659980254369923e+00	2.290630363777041367e+01	-3.070155464365104692e+01	3.882706113887308419e+01
2.949946454403890250e+00	2.281000172541078541e+01	-3.038504684835730174e+01	3.845514330572353856e+01
2.956227653702202307e+00	2.288843829743257885e+01	-3.056213854456692758e+01	3.872311267030435999e+01
2.962510478867462993e+00	2.295297355234010439e+01	-3.070696016144322016e+01	3.896280350727427333e+01
2.968796535179442309e+00	2.283378615965252934e+01	-3.033931386326663215e+01	3.850648160458364799e+01
2.975077657376874907e+00	2.287615463442276820e+01	-3.043323427728903496e+01	3.869683789059443058e+01
2.981359866759223376e+00	2.287802998922509801e+01	-3.035274819972482163e+01	3.870596140405135799e+01
2.987646761575656562e+00	2.280213242498893678e+01	-3.018673681391274144e+01	3.854256423668249454e+01
2.993929038370399365e+00	2.288349392804731153e+01	-3.028909591225241371e+01	3.869663566455064085e+01
3.000206214840962726e+00	2.284071769478801528e+01	-3.015746600992794768e+01	3.860734652964254821e+01
3.006486172402415669e+00	2.290046203119576518e+01	-3.025660158741699135e+01	3.872825026846366114e+01
3.012769812211594456e+00	2.289423424669604756e+01	-3.016768569893781660e+01	3.870942952604882947e+01
3.019053144326170113e+00	2.291106989283813888e+01	-3.023718018087278026e+01	3.889929676679062709e+01
3.025337405144251424e+00	2.285317710063284125e+01	-3.006021348780239322e+01	3.864773962107101113e+01
3.031623734799107961e+00	2.283777213384894011e+01	-2.993292042370206119e+01	3.853939268132497631e+01
3.037908962055872575e+00	2.286488810196904353e+01	-2.999479460513779827e+01	3.868220578600615767e+01
3.044195067146031608e+00	2.288853347115697900e+01	-2.998682895907503010e+01	3.873237783718777649e+01
3.050475543482170426e+00	2.291527372422984499e+01	-2.994345491058331987e+01	3.879562880430312077e+01
3.056754954538277502e+00	2.295329758280937682e+01	-2.996682008139615405e+01	3.887435753998093446e+01
3.063040539557494668e+00	2.299812251914987726e+01	-3.004669830973089262e+01	3.907316232855932014e+01
3.069323699454357346e+00	2.294701146331619412e+01	-2.991650113313985315e+01	3.886797176533473674e+01
3.075610692642898769e+00	2.295149029789072515e+01	-2.982432125363750686e+01	3.890170965974352413e+01
3.081893798009918584e+00	2.298118520977421397e+01	-2.985158654954046042e+01	3.894936092007015560e+01
3.088174549548037717e+00	2.302147475911922214e+01	-2.985942909742050588e+01	3.904934151315945456e+01
3.094458635632868493e+00	2.306609157420993839e+01	-2.993300367997057876e+01	3.921721857110424736e+01
3.100743982931558840e+00	2.307062706772548211e+01	-2.990274923828461695e+01	3.922747394927082354e+01
3.107028111748448396e+00	2.306508911911591753e+01	-2.979594359236243406e+01	3.919030291365763929e+01
3.113309299655494300e+00	2.314228258394948767e+01	-2.996694701847190956e+01	3.947991960208886297e+01
3.119590662867241626e+00	2.307216656053497417e+01	-2.968696930160860603e+01	3.918840347200707441e+01
3.125874006820172912e+00	2.318803185869873218e+01	-2.992589494557562091e+01	3.955314590835528321e+01
3.132159251154602586e+00	2.314575736713969434e+01	-2.975303189731826592e+01	3.941213305720874871e+01
3.138439172765940643e+00	2.320934885030370509e+01	-2.984652623707555819e+01	3.954377084532725917e+01
3.144723867719826593e+00	2.335076911068320982e+01	-3.010231608755415067e+01	3.994376030793189614e+01
3.151003951258561031e+00	2.324568124801393765e+01	-2.981106547264464268e+01	3.965365292537025965e+01
3.157283664131563139e+00	2.338245113167865696e+01	-3.004366300069738216e+01	3.997067171220319182e+01
3.163569317183839935e+00	2.334163042242443353e+01	-2.983935743807174745e+01	3.986093228631861507e+01
3.169851661717792091e+00	2.351296103685567118e+01	-3.017078158254532028e+01	4.033679205133550028e+01
3.176137704316093657e+00	2.350153163824542446e+01	-3.006536879353233260e+01	4.024199906923344372e+01
3.182420924828643916e+00	2.352756148998673069e+01	-3.004128555840133430e+01	4.032398688500500583e+01
3.188702811875577581e+00	2.359476754050378489e+01	-3.016041463582786974e+01	4.053321348881059549e+01
3.194990520008989865e+00	2.355904904028875890e+01	-3.001882756248677353e+01	4.042931212143740538e+01
3.201275324656983834e+00	2.371046758922176068e+01	-3.024943005759706338e+01	4.081681935657985605e+01
3.207551352179861759e+00	2.373798354659872700e+01	-3.026897124158796970e+01	4.085774164734882419e+01
3.213835216737041645e+00	2.374226202174066813e+01	-3.013166528010398437e+01	4.094401432362307958e+01
3.220122579819103770e+00	2.361510576964649388e+01	-2.985523132304184557e+01	4.016077348466733810e+01
3.226406606618656525e+00	2.307179101990382009e+01	-2.839779521958107367e+01	3.796066134567695372e+01
3.232687390085645429e+00	2.272877385770449621e+01	-2.753217517692953464e+01	3.639012739854063483e+01
3.238969121280456331e+00	2.243603666790690809e+01	-2.678829770973279878e+01	3.499722975051315643e+01
3.245254751548589667e+00	2.215039780153439608e+01	-2.609547418092881443e+01	3.362125738479925730e+01
3.251534499036136783e+00	2.198402533756627619e+01	-2.563167633366435538e+01	3.272781321637955898e+01
3.257817780791052442e+00	2.173128555188383970e+01	-2.499492536184254021e+01	3.145694180984827426e+01
3.264102164154097263e+00	2.155158097247952398e+01	-2.454797531356775409e+01	3.053060567745212595e+01
3.270384152138468892e+00	2.136012251984698196e+01	-2.401793098274751515e+01	2.951442115902458951e+01
3.276669427476867735e+00	2.128221457212968915e+01	-2.384476918282610569e+01	2.885555444415462745e+01
3.282954688864507808e+00	2.108103008049957694e+01	-2.331983786584519791e+01	2.786002066901907526e+01
3.289237200334947264e+00	2.094957008364128370e+01	-2.295051855470660840e+01	2.704030348412578277e+01
3.295519587088236779e+00	2.086461095849254832e+01	-2.266027561334723828e+01	2.630124698639994563e+01
3.301805977329951958e+00	2.066308887584702703e+01	-2.219837957384721250e+01	2.546557165776853537e+01
3.308087486222440088e+00	2.061024622021547259e+01	-2.206687271427674446e+01	2.485213877690365436e+01
3.314367630234227313e+00	2.043418933885274313e+01	-2.166989370130463044e+01	2.397145935418271279e+01
3.320651909732194262e+00	2.036625596998927890e+01	-2.139371613794032001e+01	2.336165479068129969e+01
3.326931260376857047e+00	2.023908227201413368e+01	-2.110460937881800092e+01	2.260529404320377367e+01
3.333216512447217728e+00	2.009720012438341286e+01	-2.071507254422955313e+01	2.181519724426887663e+01
3.339504489419978128e+00	2.009297912230486105e+01	-2.064734732881029800e+01	2.140923224388674129e+01
3.345786804809928405e+00	1.995852482180776022e+01	-2.037182551982905565e+01	2.069939907837136772e+01
3.352071130016277767e+00	1.996570975693013139e+01	-2.027286026492281934e+01	2.030415691389858068e+01
3.358351496304225581e+00	1.981592101987074273e+01	-1.988015209343882361e+01	1.956592820812671718e+01
3.364630591073392019e+00	1.967749155305892472e+01	-1.955996622708895316e+01	1.880839262798654943e+01
3.370916305215045483e+00	1.966977005074975082e+01	-1.949111608354428071e+01	1.842441753867161225e+01
3.377197952029413752e+00	1.954873050627837472e+01	-1.916537483377933881e+01	1.770834065431148119e+01
3.383483063818085501e+00	1.948714544147662053e+01	-1.906780888197691581e+01	1.730692923870658007e+01
3.389769992424469969e+00	1.944361523173672168e+01	-1.893254942686704823e+01	1.681621846331846371e+01
3.396051330885982100e+00	1.935450107268486164e+01	-1.876158572407898362e+01	1.624365057942304347e+01
3.402330879139463971e+00	1.928777857239023064e+01	-1.842265382013294683e+01	1.561619770490843706e+01
3.408610488352048495e+00	1.924334900936177206e+01	-1.837151595858459174e+01	1.522091872918637989e+01
3.414897837696641236e+00	1.919619227548925267e+01	-1.815997707308294196e+01	1.469578020058382073e+01
3.421180484052105619e+00	1.912302473927867652e+01	-1.800080441294472777e+01	1.427371643580743843e+01
3.427461639653846870e+00	1.906904313079269997e+01	-1.780678049572185628e+01	1.366174444935746735e+01
3.433749159643459059e+00	1.899742989683664263e+01	-1.765212122084166069e+01	1.318353237303893444e+01
3.440032646656798310e+00	1.896624182767978795e+01	-1.752375022185248810e+01	1.277988406026259405e+01
3.446313366033385339e+00	1.895853333486011749e+01	-1.744719722355998570e+01	1.239725235130019421e+01
3.452600135384134905e+00	1.881907268197674199e+01	-1.704020807983962271e+01	1.165427567095325934e+01
3.458883152815406703e+00	1.879962975883342224e+01	-1.694822623858074095e+01	1.127935453310100655e+01
3.465163834403715448e+00	1.880268996882797339e+01	-1.695513615913376526e+01	1.099075056375613713e+01
3.471449329786229221e+00	1.869234697427881287e+01	-1.669001766855200231e+01	1.039875048112289058e+01
3.477734476754053894e+00	1.871491018741834722e+01	-1.670796294583394825e+01	1.018943954281613884e+01
3.484019652467224226e+00	1.862636667109660848e+01	-1.639943013804846572e+01	9.476768719606502245e+00
3.490297019369712928e+00	1.859417628234825770e+01	-1.635902190079986340e+01	9.264125221044938741e+00
3.496582486484379970e+00	1.853037382981467829e+01	-1.611622718303102175e+01	8.714521193435013302e+00
3.502868048046865024e+00	1.849137801378188328e+01	-1.611132266547121716e+01	8.404198630723135111e+00
3.509144649545451244e+00	1.847387820297798555e+01	-1.590365825168421843e+01	7.958998222095716280e+00
3.515428082003116295e+00	1.846074959596150933e+01	-1.582401408502409623e+01	7.621447963525616487e+00
3.521711031624695565e+00	1.841450557575127434e+01	-1.573381558354391707e+01	7.272336438874798858e+00
3.527991850954735664e+00	1.835351155048717686e+01	-1.556958220107245161e+01	6.745392154612396496e+00
3.534275545726699885e+00	1.832959724832159765e+01	-1.543726954731746304e+01	6.361774165370309042e+00
3.540562632020772149e+00	1.832796195929728711e+01	-1.535654848392542959e+01	6.056925526249170133e+00
3.546844410757220789e+00	1.825681361132427583e+01	-1.520517871190589609e+01	5.569969435676386027e+00
3.553131386753758836e+00	1.825643707141789207e+01	-1.520063277437917648e+01	5.391607598835456372e+00
3.559419203211965144e+00	1.819445082050161844e+01	-1.496490018474029426e+01	4.834449491025853085e+00
3.565697971577579839e+00	1.815755326349567511e+01	-1.481438795974800726e+01	4.426566000422115899e+00
3.571979559134798254e+00	1.818683118984405667e+01	-1.483144757706617334e+01	4.210119360119170651e+00
3.578265774595833726e+00	1.808191532598625528e+01	-1.461754361561880167e+01	3.701960153718038882e+00
3.584548309769353125e+00	1.810114213090822233e+01	-1.457896136443997825e+01	3.423284231658892729e+00
3.590826843920031486e+00	1.804710566980196873e+01	-1.441094506308957790e+01	3.007851375568360908e+00
3.597107306745233934e+00	1.810300201228569250e+01	-1.443264881086731322e+01	2.821141939786879771e+00
3.603392831792229245e+00	1.805313694486293485e+01	-1.429133788278124406e+01	2.429277954168814535e+00
3.609673209822572559e+00	1.798220371540446649e+01	-1.410981585707689590e+01	2.013956933154904760e+00
3.615955412133016189e+00	1.797956659621369013e+01	-1.407024705386641017e+01	1.695724465281992499e+00
3.622241607772384686e+00	1.795172114172955702e+01	-1.393362892262448760e+01	1.248716899803439251e+00
3.628520252736676444e+00	1.800834835556090496e+01	-1.401300538563555520e+01	1.217208982520669336e+00
3.634804827569451113e+00	1.792455218638853509e+01	-1.381813941912012744e+01	7.739896933795256118e-01
3.641094981788862928e+00	1.791562377546103235e+01	-1.368048622144384474e+01	3.706314881306277398e-01
3.647383514928639325e+00	1.792430373151319856e+01	-1.363516460624836490e+01	6.764131795879219089e-02
3.653663283927725658e+00	1.785899778891975842e+01	-1.344966132202505449e+01	-3.481596330499611147e-01
3.659943504072155296e+00	1.788274964015192481e+01	-1.348895760243237696e+01	-4.680195696979333464e-01
3.666232000281138603e+00	1.784012658508634530e+01	-1.332118389947345882e+01	-9.703005908230426524e-01
3.672514211678317597e+00	1.787439835455965564e+01	-1.333148149822515727e+01	-1.119308870572256698e+00
3.678794154686042539e+00	1.787046567343902836e+01	-1.329309620197519415e+01	-1.390081723146615600e+00
3.685078621861909820e+00	1.786306019821108038e+01	-1.320535011890555843e+01	-1.681209605886070380e+00
3.691359210097977961e+00	1.786863113158870675e+01	-1.315066262918976925e+01	-1.981918465007937780e+00
3.697642368173791105e+00	1.779352473327214668e+01	-1.296303584261866604e+01	-2.408707932849974309e+00
3.703925796735277665e+00	1.776780821686822165e+01	-1.281247260694105705e+01	-2.771733839265597243e+00
3.710208240364660348e+00	1.778236209686142999e+01	-1.282836462880486827e+01	-2.965396035150142939e+00
3.716494593122387169e+00	1.784305359734676344e+01	-1.291369023806911542e+01	-3.059792470420056087e+00
3.722775386659595398e+00	1.780987249587510846e+01	-1.267837400481442245e+01	-3.583865516550622132e+00
3.729058392883481510e+00	1.782622594024214990e+01	-1.270321195319708352e+01	-3.765066800255397084e+00
3.735339748210807720e+00	1.777671421490568804e+01	-1.255314223042259592e+01	-4.063607091744288802e+00
3.741620776392969638e+00	1.779198907260959217e+01	-1.251915689223412720e+01	-4.398081880982272374e+00
3.747904795418762980e+00	1.781425272753616795e+01	-1.246700043770444566e+01	-4.644221212262801934e+00
3.754190633281219380e+00	1.778121733594859322e+01	-1.242088698006505787e+01	-4.884542286544990120e+00
3.760478208018912749e+00	1.777420925553292719e+01	-1.225651928431517490e+01	-5.304049835188049400e+00
3.766755538573464346e+00	1.776005372311573538e+01	-1.224513194490414669e+01	-5.449021115317745689e+00
3.773032090135151506e+00	1.775945644029117787e+01	-1.212085275454785105e+01	-5.844969802481134735e+00
3.779322553012896879e+00	1.782333077537061783e+01	-1.222961510750355885e+01	-5.930472305162539648e+00
3.785609109731308930e+00	1.773874247684022620e+01	-1.198650365990109457e+01	-6.449318064267765216e+00
3.791889825936295200e+00	1.780883811068838796e+01	-1.203740703993339878e+01	-6.557716502525591906e+00
3.798174822702435893e+00	1.779740184241916268e+01	-1.188577706345564167e+01	-6.919510163802581992e+00
3.804458658753491651e+00	1.774534452046480126e+01	-1.175727962823970962e+01	-7.343976101102635212e+00
3.810738438095723435e+00	1.785664465778272714e+01	-1.197936299118988401e+01	-7.155924858963494728e+00
3.817018850285747167e+00	1.772423613655598373e+01	-1.157895878631476982e+01	-7.931678361036887281e+00
3.823305314209427763e+00	1.782072167021609488e+01	-1.168709185876842405e+01	-7.933969965212686937e+00
3.829591295197792178e+00	1.778463760886299738e+01	-1.158242140025544487e+01	-8.295497892769475357e+00
3.835872296070849341e+00	1.780040729424205637e+01	-1.148365141268500977e+01	-8.683035117098919287e+00
3.842156279590906109e+00	1.787991288161896719e+01	-1.163592849714128619e+01	-8.565729459173484273e+00
3.848441511099312429e+00	1.778273927282581468e+01	-1.132687667885939575e+01	-9.200929678220424179e+00
3.854723334376886079e+00	1.783926816120630932e+01	-1.145912948520351904e+01	-9.149547889630243347e+00
3.861004740704794713e+00	1.785347837627494982e+01	-1.136409347163779771e+01	-9.495453499277934029e+00
3.867284336650660848e+00	1.786720296481460224e+01	-1.129684503303058207e+01	-9.813733623783008397e+00
3.873567367678779849e+00	1.789063661426380847e+01	-1.126276566719427308e+01	-1.000052331578440246e+01
3.879850662830422792e+00	1.782626088874788906e+01	-1.108593402077325329e+01	-1.044213872163001433e+01
3.886137063198143338e+00	1.796547669483950216e+01	-1.124145313693632531e+01	-1.041731333736271203e+01
3.892419463049126005e+00	1.790459251545786756e+01	-1.105790903105452472e+01	-1.089750327994596901e+01
3.898703740328622658e+00	1.797496244837642365e+01	-1.106918386996885673e+01	-1.105086042798947332e+01
3.904991458788179326e+00	1.796433222548018449e+01	-1.104247732214370714e+01	-1.126277687583697684e+01
3.911270842222104083e+00	1.790712721800754892e+01	-1.081987813949670496e+01	-1.178703049625140054e+01
3.917549806479573071e+00	1.803896923535453922e+01	-1.101900751527370304e+01	-1.170274647254359834e+01
3.923836006203090587e+00	1.798036194029084456e+01	-1.090048960227929342e+01	-1.203122529580430289e+01
3.930121452497870926e+00	1.807391225462998818e+01	-1.094268796088285889e+01	-1.215571305665184276e+01
3.936398172858230460e+00	1.801223219102405793e+01	-1.068341243157741616e+01	-1.270818370747186066e+01
3.942683040425962293e+00	1.806232277138071396e+01	-1.072096662835696534e+01	-1.289254679657687319e+01
3.948974759704379611e+00	1.809248437132375287e+01	-1.074806574256186131e+01	-1.295400968771401651e+01
3.955259227995065352e+00	1.803472842931344644e+01	-1.048572745045928656e+01	-1.355727060782199267e+01
3.961537174921395454e+00	1.814821062331187207e+01	-1.061476022569693178e+01	-1.361167517906931224e+01
3.967820217617139544e+00	1.810391874564546200e+01	-1.048136240229749738e+01	-1.395730766228224695e+01
3.974105559832568968e+00	1.815330199967567282e+01	-1.048185027325978247e+01	-1.410065440853075991e+01
3.980384727931198352e+00	1.824256748779646031e+01	-1.050691438275802625e+01	-1.432393821690015123e+01
3.986664590839849698e+00	1.814484732840795189e+01	-1.028124665245767666e+01	-1.481316907445452102e+01
3.992949619150675034e+00	1.827576995197522436e+01	-1.047812280749620228e+01	-1.472196142588329160e+01
3.999235075769965952e+00	1.819449914955949055e+01	-1.017213034400411864e+01	-1.527787616187391606e+01
4.005515715515433506e+00	1.831228840153919890e+01	-1.030384666902869917e+01	-1.535922259414382296e+01
4.011798434346478537e+00	1.831399917041866487e+01	-1.023476376132477839e+01	-1.564829012037168532e+01
4.018083716245132386e+00	1.828994774158203640e+01	-1.005508680604486393e+01	-1.606136033744075675e+01
4.024365700052603856e+00	1.837484075756277591e+01	-1.026047989357683043e+01	-1.593146976928738567e+01
4.030643960839860540e+00	1.835987119485596253e+01	-1.001291826273259922e+01	-1.656639567828272419e+01
4.036928708926215137e+00	1.846992287911160702e+01	-1.014644341577798237e+01	-1.655242530726999206e+01
4.043218157412017177e+00	1.846145229313603764e+01	-1.004211304470896948e+01	-1.688126151718466161e+01
4.049503019487663558e+00	1.849015873318032277e+01	-9.933412252921794305e+00	-1.729392998089361910e+01
4.055781898960511000e+00	1.852976295106559590e+01	-9.967655344025178721e+00	-1.740616470026503038e+01
4.062060795621602161e+00	1.846120814215620953e+01	-9.710895560654916991e+00	-1.793945580250162308e+01
4.068347865354716042e+00	1.865952120628955413e+01	-1.010713003144483046e+01	-1.759871239154534805e+01
4.074631027173265529e+00	1.859981667492500890e+01	-9.742510153657518046e+00	-1.838464110176837352e+01
4.080910837526078971e+00	1.866858757230836119e+01	-9.787483596508049999e+00	-1.853628565695405328e+01
4.087201203341442657e+00	1.866934967087805575e+01	-9.751852403206155984e+00	-1.870951191780794076e+01
4.093486818591942189e+00	1.867944529015949229e+01	-9.563685109195427358e+00	-1.920532866474914968e+01
4.099764387336505500e+00	1.878639406169325454e+01	-9.736353616559007662e+00	-1.913508356266950372e+01
4.106049166937662420e+00	1.871654990015369791e+01	-9.451902239014508211e+00	-1.980466168729985199e+01
4.112334559041358695e+00	1.885536857264525779e+01	-9.680975835543911501e+00	-1.965540474157019446e+01
4.118618926059533614e+00	1.883176954399897696e+01	-9.477420105688945995e+00	-2.015631642385957889e+01
4.124898942031112625e+00	1.890081066868909332e+01	-9.448681687047031375e+00	-2.047033314098613488e+01
4.131175432561665417e+00	1.902938742228464619e+01	-9.601392153301926413e+00	-2.047780777795840734e+01
4.137461563786142271e+00	1.892107724732863971e+01	-9.316245483939036731e+00	-2.100378512699881739e+01
4.143746006210170307e+00	1.914333676346272384e+01	-9.646208027038216670e+00	-2.084281995131741283e+01
4.150029800482964326e+00	1.907633593522320581e+01	-9.338595802856632488e+00	-2.147130014261173869e+01
4.156313390684649001e+00	1.913937221719390536e+01	-9.422286146778752425e+00	-2.155926343218608565e+01
4.162596105843763716e+00	1.918270955650787357e+01	-9.358763290043080829e+00	-2.185932109530584810e+01
4.168881843141768684e+00	1.913855650112463991e+01	-9.060601557305270504e+00	-2.255097534147046190e+01
4.175162111073220217e+00	1.926367636629957047e+01	-9.254074379520385918e+00	-2.247032449669962162e+01
4.181448573417560155e+00	1.922773353147471198e+01	-9.066345416646141686e+00	-2.297714114776222516e+01
4.187738782464171194e+00	1.934448448149292332e+01	-9.128118408951385376e+00	-2.316751036239956107e+01
4.194017437180169061e+00	1.935323028992757699e+01	-9.122569364032647954e+00	-2.329566147309086332e+01
4.200293572701767175e+00	1.937486703810828814e+01	-8.936734795544838406e+00	-2.388886960038585983e+01
4.206580195481546269e+00	1.950144576535372920e+01	-9.029390173209474568e+00	-2.398285821826034692e+01
4.212860644652220543e+00	1.942917037721638707e+01	-8.861543298569898752e+00	-2.442064416191989551e+01
4.219138153430114002e+00	1.959188296156307985e+01	-8.925656383177154041e+00	-2.459717847678523484e+01
4.225426162098283811e+00	1.959897485898662595e+01	-8.849164470939541616e+00	-2.496951081056393917e+01
4.231713506719782636e+00	1.964115174412851061e+01	-8.710796081416834369e+00	-2.544446625234447268e+01
4.237990056577191744e+00	1.969648929158000072e+01	-8.727062487415146563e+00	-2.559337711279344774e+01
4.244267783646744618e+00	1.969245559957423808e+01	-8.528535859706463995e+00	-2.619717558821910686e+01
4.250560660182562955e+00	1.984460792673489138e+01	-8.790778176896594687e+00	-2.601170238514120570e+01
4.256847734842668096e+00	1.975565782067726062e+01	-8.450512120520730974e+00	-2.676135382988879030e+01
4.263127100734456221e+00	1.990327968744446707e+01	-8.601557378348886118e+00	-2.680085432006233503e+01
4.269406860432507500e+00	1.994650669312869340e+01	-8.474788527320983533e+00	-2.725376774825277337e+01
4.275691671482192646e+00	1.988651786965417045e+01	-8.224604321855633060e+00	-2.789821641908141103e+01
4.281972414189518794e+00	2.007168666723828565e+01	-8.437994489999464776e+00	-2.785601227469841490e+01
4.288253516806755705e+00	1.996104627438272061e+01	-8.097574948902639846e+00	-2.862896200040503203e+01
4.294540520160492925e+00	2.014924434264716169e+01	-8.326423405714399095e+00	-2.855543088117187622e+01
4.300825742921731809e+00	2.015195977672029315e+01	-8.162695660447862878e+00	-2.908126656435418766e+01
4.307109835491901961e+00	2.013420804668880137e+01	-7.932196950964201854e+00	-2.969497483891558076e+01
4.313390926478413157e+00	2.027088867697374397e+01	-8.128336944398325770e+00	-2.960779166497251680e+01
4.319667979480563247e+00	2.017642612762615428e+01	-7.740531595241328056e+00	-3.048054652985953439e+01
4.325952598143786076e+00	2.044774429857442399e+01	-8.157521218582365563e+00	-3.015816037749685918e+01
4.332241647035422361e+00	2.025324381549650354e+01	-7.583125406795130807e+00	-3.123042890505971414e+01
4.338524445619096781e+00	2.044378991375192456e+01	-7.771110210675026053e+00	-3.135131943016429190e+01
4.344809348131129845e+00	2.042460201301651068e+01	-7.618615507078844828e+00	-3.179018853129411326e+01
4.351090699193166600e+00	2.036913156224087373e+01	-7.432151912858580900e+00	-3.228718263482195994e+01
4.357369710808320029e+00	2.058333935746168564e+01	-7.614450860113432640e+00	-3.231946523806607985e+01
4.363659348967174445e+00	2.049635196016970440e+01	-7.269976910311876317e+00	-3.315881001976643461e+01
4.369947418280990981e+00	2.063900738433225968e+01	-7.508739925223912870e+00	-3.310513759828675262e+01
4.376226569265827315e+00	2.058094612607900942e+01	-7.258232362943794591e+00	-3.367163091176466594e+01
4.382499356631129217e+00	2.055484186545296765e+01	-6.886321779051373326e+00	-3.456768899601950551e+01
4.388784975178015024e+00	2.074114953777705850e+01	-7.181545972412867407e+00	-3.449787342333043227e+01
4.395068696309480494e+00	2.056887800505231567e+01	-6.662174903021011119e+00	-3.553257530078820992e+01
4.401347962382031298e+00	2.087256163753188787e+01	-7.060306843441522595e+00	-3.535577562383723915e+01
4.407628405096517099e+00	2.073949387709139813e+01	-6.607223129143722673e+00	-3.627737236665436882e+01
4.413915862185140426e+00	2.073441500407933802e+01	-6.563644190588499683e+00	-3.664702177673401451e+01
4.420203163534264235e+00	2.089118867763810883e+01	-6.648055059061755756e+00	-3.686148929672955177e+01
4.426480311003382795e+00	2.059832135133439834e+01	-5.896197255552212191e+00	-3.824620190260753816e+01
4.432765973643649104e+00	2.110396499979118445e+01	-6.611975057578955983e+00	-3.772077988863815534e+01
4.439053392023870614e+00	2.066839846890819743e+01	-5.662498811664887555e+00	-3.926972675316327610e+01
4.445336141335588742e+00	2.086879416542400278e+01	-6.007952487603284375e+00	-3.906881201846685769e+01
4.451617241414883352e+00	2.080141662093047117e+01	-5.554784144136492685e+00	-4.016922416959352660e+01
4.457901500730311106e+00	2.069637782484277366e+01	-5.174224647899934304e+00	-4.103536389050831446e+01
4.464189501093017043e+00	2.089943396317378799e+01	-5.535421143281370249e+00	-4.083742851109193595e+01
4.470470197548729985e+00	2.060838813996675611e+01	-4.863313475775629335e+00	-4.211663952667885269e+01
4.476748044268524573e+00	2.085177197111087821e+01	-5.205751249945565817e+00	-4.198864295052376860e+01
4.483035990164653484e+00	2.063698517971079482e+01	-4.515452643670107236e+00	-4.346000732869768513e+01
4.489323331650528104e+00	2.071306445184236722e+01	-4.471417857352443903e+00	-4.384761545255339144e+01
4.495599111667934800e+00	2.054858714370807959e+01	-4.016471459592230175e+00	-4.475725930651116613e+01
4.501870922878794090e+00	2.036598480820079615e+01	-3.672864807635113582e+00	-4.550290415044089798e+01
4.508155162877705457e+00	2.060584093987657184e+01	-3.971021770034959708e+00	-4.559478197050538739e+01
4.514446451153479423e+00	2.031403476571442468e+01	-3.279617322496918508e+00	-4.693206707453244775e+01
4.520723894043856994e+00	2.034800929462283747e+01	-3.176414713937908196e+00	-4.743685374069288940e+01
4.527003782460155890e+00	2.014748616544977722e+01	-2.669920971057612835e+00	-4.860870425043373899e+01
4.533293086610313161e+00	2.007694896269326534e+01	-2.360898642569191797e+00	-4.943221699277589920e+01
4.539578989864040182e+00	1.995526013555101486e+01	-1.968450171383874681e+00	-5.036606527305681880e+01
4.545857164866476730e+00	1.977792981668459760e+01	-1.604362428507293270e+00	-5.123601252307388876e+01
4.552138955546025656e+00	1.966367054568380723e+01	-1.310430299298011914e+00	-5.203350039421808049e+01
4.558432046889146605e+00	1.959527274569085620e+01	-1.135447075198468214e+00	-5.270071348291244107e+01
4.564713463378488711e+00	1.955047783909675729e+01	-9.577109346844062676e-01	-5.323653177008912252e+01
4.570987274133244682e+00	1.957999774119015868e+01	-8.831626967642236536e-01	-5.383754294034110899e+01
4.577274818151045643e+00	1.959401395720447070e+01	-8.355528760329071769e-01	-5.428383048754142237e+01
4.583563263889338657e+00	1.958194422159907333e+01	-7.670858632498231966e-01	-5.468842155936544458e+01
4.589844917004465508e+00	1.962702826620022378e+01	-7.620012036683572187e-01	-5.509824514178504984e+01
4.596126259982004747e+00	1.968964019188150516e+01	-6.910252735612913977e-01	-5.574242211762884835e+01
4.602409075598298926e+00	1.970673254047430945e+01	-6.237292108393196477e-01	-5.614559885166694642e+01
4.608696634867644804e+00	1.977455794164000125e+01	-6.210419721118402014e-01	-5.658308953573254740e+01
4.614977646498861219e+00	1.972318719224457340e+01	-5.379209138735684403e-01	-5.688632009003795531e+01
4.621258953029527383e+00	1.979137076913501758e+01	-5.431345679469886667e-01	-5.734472683583171460e+01
4.627547993978874175e+00	1.985589572417777404e+01	-5.355907069252342501e-01	-5.774471438244496113e+01
4.633830152730579854e+00	1.986527350146658932e+01	-4.946512775410701335e-01	-5.813241757007073574e+01
4.640104005367354567e+00	1.998824737590823020e+01	-4.111291321341760119e-01	-5.878675733317771090e+01
4.646382060386754276e+00	2.003484092602840505e+01	-4.315524006537284629e-01	-5.919156059562779859e+01
4.652674213731970987e+00	1.998454858626849884e+01	-4.060045999488829938e-01	-5.932159017621503949e+01
4.658958291796220230e+00	2.013704933941759379e+01	-3.773030184090760408e-01	-5.998658540791294769e+01
4.665233615070169648e+00	2.009131827461993680e+01	-3.720860375209820714e-01	-6.009107218311113741e+01
4.671520675710307380e+00	2.015370227836427475e+01	-4.060041480536049630e-01	-6.046308299274375031e+01
4.677814351732177300e+00	2.028089319536002932e+01	-3.785239266796022184e-01	-6.110933453767188439e+01
4.684093699744638073e+00	2.027683459819659006e+01	-3.478411200520414304e-01	-6.131878100473441862e+01
4.690368661472568590e+00	2.043667151279323235e+01	-2.806510780117807968e-01	-6.207256676747849156e+01
4.696663270746453733e+00	2.053635880658249491e+01	-3.604972586816589386e-01	-6.246306814238175775e+01
4.702945459248681459e+00	2.047224481069106261e+01	-2.735996588374303151e-01	-6.262550156588501693e+01
4.709209170841929470e+00	2.068544248941709895e+01	-2.759519058785043777e-01	-6.340943134774994405e+01
4.715491634753063543e+00	2.069384089442514352e+01	-3.052923144734553396e-01	-6.360408748427503411e+01
4.721784316284933780e+00	2.073934037788560758e+01	-2.969946833279452636e-01	-6.400014708189137025e+01
4.728063062331094635e+00	2.085025126989612687e+01	-2.857954788902319354e-01	-6.445692698578062618e+01
4.734337423381671073e+00	2.086380936014693788e+01	-2.786293389009186217e-01	-6.468626464075065030e+01
4.740627024094544062e+00	2.101074456847706529e+01	-2.441575935124879193e-01	-6.542234290703960653e+01
4.746914995664547554e+00	2.100318634173775578e+01	-2.030778110465926711e-01	-6.562071486934381426e+01
4.753194740071086777e+00	2.114745862014888189e+01	-1.783898496696919300e-01	-6.624334951974869057e+01
4.759478891864783456e+00	2.125913750533436186e+01	-1.439669858759886623e-01	-6.682741519305918132e+01
4.765762396877359031e+00	2.129224754455116653e+01	-1.943252620769623518e-01	-6.701882243724415389e+01
4.772049481246195768e+00	2.143221094082493039e+01	-1.598045271505391940e-01	-6.764706977316868119e+01
4.778335091022592351e+00	2.158169162125207663e+01	-1.792277824495308036e-01	-6.823247725916347406e+01
4.784610831402393849e+00	2.150314174231946751e+01	-1.368219220640879141e-01	-6.823568229415950270e+01
4.790907306208476157e+00	2.162312804729727844e+01	-1.759545574350857289e-01	-6.871743398014379522e+01
4.797204047706418173e+00	2.177803043350602152e+01	-1.807585288996823303e-01	-6.934086488339278276e+01
4.803470827697504220e+00	2.176606709373954018e+01	-1.604235771795180787e-01	-6.948984969211053908e+01
4.809748850577324042e+00	2.196758453334452099e+01	-1.565223679730258222e-01	-7.030345853726119287e+01
4.816045316586602176e+00	2.192312443988918247e+01	-2.097806011520980951e-01	-7.023184016525394213e+01
4.822329240673497885e+00	2.219476883666904143e+01	-1.533456226470366335e-01	-7.132298543434333737e+01
4.828596758226470165e+00	2.223825875041934097e+01	-1.526463688532014862e-01	-7.159587393796672927e+01
4.834890332961369275e+00	2.236962313325860308e+01	-1.726124767718592856e-01	-7.217076830979115698e+01
4.841191655056394261e+00	2.239287784142557669e+01	-1.166177496688290821e-01	-7.244602230763391049e+01
4.847460407468000554e+00	2.254309014834370828e+01	-1.149362585022204036e-01	-7.304306140327236108e+01
4.853732128521334843e+00	2.270820437282871040e+01	-1.829761860162793241e-01	-7.360455749168113471e+01
4.860029138783373170e+00	2.280224673662455359e+01	-1.068068904415445247e-01	-7.417040067032155548e+01
4.866314601732018019e+00	2.283508337296358093e+01	-8.134196994169681783e-02	-7.442775765963267531e+01
4.872587026269203925e+00	2.309544810373355261e+01	-8.478988233302636734e-02	-7.537914526297223006e+01
4.878874221748241702e+00	2.311803836929119882e+01	-1.219654164783267603e-01	-7.558811195353682422e+01
4.885171078138658807e+00	2.324640116263310929e+01	-1.863209775418886785e-02	-7.627550348631959309e+01
4.891450629931857641e+00	2.340580642698227720e+01	-5.583649464030049359e-02	-7.680312818768892669e+01
4.897716482750221978e+00	2.354299526966964962e+01	-1.685803105170942673e-01	-7.720417541333186762e+01
4.904002834596266069e+00	2.352493616842190605e+01	-9.560655257403993801e-02	-7.745070418893583053e+01
4.910295858205786068e+00	2.385057138072105332e+01	-2.470092470962458389e-02	-7.867809936795678993e+01
4.916575188115905881e+00	2.389996689945300901e+01	-1.210361322746408563e-01	-7.884213738725735254e+01
4.922847946197084212e+00	2.395748892372880334e+01	-9.784007665033261913e-02	-7.920163265353227189e+01
4.929131667457151700e+00	2.408100698151352859e+01	-1.297787761403808304e-01	-7.971291397498033859e+01
4.935434460144239033e+00	2.437981503636803993e+01	-3.857598643771221331e-02	-8.086829143531311104e+01
4.941718513303545279e+00	2.436667378261099515e+01	-5.102020308806048260e-02	-8.092339069073518942e+01
4.947978624761803168e+00	2.455957839312877766e+01	-8.457050448351388638e-02	-8.167971608851600251e+01
4.954274999209829389e+00	2.462067940501931673e+01	-5.245546520117161382e-02	-8.198764794723156513e+01
4.960571094729937514e+00	2.487818101107008317e+01	-9.350894256931098492e-02	-8.289473812202474790e+01
4.966823207626954506e+00	2.503794838527823785e+01	1.277173457620459605e-02	-8.367063428184970064e+01
4.973097418390337587e+00	2.521136420703012249e+01	-5.957249011391138604e-02	-8.428420087617169543e+01
4.979415129936382023e+00	2.527655975003141720e+01	-7.805058070278597659e-02	-8.457612654462496948e+01
4.985702082330368157e+00	2.541449177390231640e+01	-9.834351554245465699e-02	-8.512281623310822454e+01
4.991949985828016523e+00	2.556339279090369487e+01	-5.132008536251233405e-02	-8.577686035775418816e+01
4.998241586316924057e+00	2.588088309194754189e+01	-1.228681655257321675e-01	-8.686750823479563621e+01
5.004556635606089543e+00	2.600820538638412316e+01	-3.881923414939017491e-02	-8.747612380642956964e+01
5.010828655701208945e+00	2.619564191754531990e+01	-4.043936710892741260e-02	-8.821679062488929901e+01
5.017077229702536556e+00	2.629131229338650400e+01	-2.729720514626837735e-02	-8.859102170421921585e+01
5.023374414758113637e+00	2.645069198635147600e+01	-3.715633958827309347e-02	-8.924806575955189203e+01
5.029688873569548413e+00	2.667002018219431392e+01	-2.270063794311083516e-02	-9.009370605087300987e+01
5.035958413584124216e+00	2.689116108602743438e+01	-4.661929582389771204e-02	-9.089310688941583294e+01
5.042232667658486989e+00	2.695213750510624706e+01	-2.967047779067516489e-02	-9.121998304923062051e+01
5.048528755870775875e+00	2.743251449525647345e+01	-6.239733824355338937e-02	-9.293440030368195437e+01
5.054821121427484520e+00	2.729523393370917361e+01	-1.311808853328096797e-02	-9.257485325823682842e+01
5.061069509814582368e+00	2.761164412849700511e+01	1.095124869553835978e-02	-9.377928789955610966e+01
5.067347812754101177e+00	2.773756505872017541e+01	-2.219954851584557756e-02	-9.426636035175189932e+01
5.073675050630431116e+00	2.805799804179434176e+01	-7.595731600588188220e-03	-9.545518260107667174e+01
5.079945928388977627e+00	2.832408523083225660e+01	-1.450831725592416702e-02	-9.642598059215148965e+01
5.086192992546071601e+00	2.843745932256060982e+01	-4.265392214389551739e-02	-9.683323714404640725e+01
5.092484128970163226e+00	2.872503442570826593e+01	-5.308203674153911394e-02	-9.794490697759556497e+01
5.098802924706086870e+00	2.899214895583476448e+01	2.967011914278703394e-02	-9.899435733324590103e+01
5.105078217426394005e+00	2.902367017620812462e+01	2.435348765269143405e-04	-9.915141378720919363e+01
5.111325076574067872e+00	2.931014525996949871e+01	-3.629904842428176293e-02	-1.001604699096516242e+02
5.117628358851224135e+00	2.946498551052111381e+01	3.236173376544781294e-02	-1.008514514519968799e+02
5.123935939383525984e+00	2.980461534369574750e+01	-2.763603808281061766e-02	-1.020116166646413944e+02
5.130199176325612065e+00	3.023200152686891684e+01	8.964857886593984027e-02	-1.036655922474526221e+02
5.136469985878846956e+00	3.024187695847406943e+01	1.140048862850694296e-02	-1.037118410247124132e+02
5.142797788696348071e+00	3.060732307730961566e+01	-1.581938139080926731e-02	-1.050199807712384512e+02
5.149090378043822192e+00	3.061934606909905199e+01	5.346405451625457772e-03	-1.051290519666641927e+02
5.155289879840074363e+00	3.089578121676696654e+01	-1.432174036694688346e-01	-1.059596757409595966e+02
5.161564521234301317e+00	3.100146249056406944e+01	5.669836121592248569e-03	-1.065975517405249491e+02
5.167916673496016244e+00	3.153709771129831907e+01	-7.487221912180183452e-03	-1.085076558549782817e+02
5.174205974602950064e+00	3.171418214523465195e+01	-5.880941709694281067e-02	-1.090811216548109428e+02
5.180434820793812456e+00	3.190657444037972823e+01	3.862956064606862944e-02	-1.099173443247588722e+02
5.186729096569634656e+00	3.225606130188134557e+01	-5.899531459749509515e-02	-1.111040660816316716e+02
5.193058481037780894e+00	3.251554419199077017e+01	-2.447220342179761907e-02	-1.121025458718367105e+02
5.199319511444338460e+00	3.296190955514108367e+01	-2.269688785295919872e-02	-1.136928698742576245e+02
5.205574295584361799e+00	3.319174275643327121e+01	-7.751436040949723216e-02	-1.144927249099507236e+02
5.211894977074066126e+00	3.346879447404108987e+01	-5.394193399670294681e-02	-1.155602250870182246e+02
5.218201708336958511e+00	3.365901793655777396e+01	-2.508387078493390376e-02	-1.162777245759540676e+02
5.224411911780083351e+00	3.399964618904439817e+01	-1.985184118255709645e-02	-1.175159761951370001e+02
5.230677632666463239e+00	3.423128987400678369e+01	5.765728910209576286e-02	-1.184953461268426764e+02
5.237056729559757429e+00	3.440400509622347158e+01	6.369983200491191599e-02	-1.191580361449226473e+02
5.243336785035660697e+00	3.500563729185768125e+01	-1.366916435356826769e-02	-1.211832442858689518e+02
5.249493476178225038e+00	3.510697315541343499e+01	-4.393962100952627722e-03	-1.215916527592084719e+02
5.255787017738318134e+00	3.553898126919458633e+01	-6.155949511840820565e-02	-1.231299059176743214e+02
5.262205327426889845e+00	3.597433103590410042e+01	-6.639284978867307507e-02	-1.246669964043191925e+02
5.268477758348532269e+00	3.671064766011956948e+01	-3.929229746074067164e-02	-1.272920047832096344e+02
5.274632213654732560e+00	3.655798111542227957e+01	4.058832646118829685e-02	-1.268749094464617713e+02
5.280950543314659740e+00	3.708335314663865745e+01	1.162416519872305591e-02	-1.287617318404162177e+02
5.287327645024750389e+00	3.721369183041163353e+01	2.753833558493637770e-02	-1.292725866712932543e+02
5.293582359180156516e+00	3.790184547866869025e+01	-7.068134121287447322e-03	-1.316321419545342906e+02
5.299789992649893478e+00	3.808713333630646503e+01	-3.877719706796071281e-02	-1.323331377662339605e+02
5.306111460381987222e+00	3.839741423246459107e+01	-3.150957357873967243e-03	-1.334978393622606347e+02
5.312452717892129250e+00	3.918385006387482150e+01	-1.151057954665220540e-01	-1.361442030103814318e+02
5.318650122853046724e+00	3.918552570287064185e+01	-2.333811167668207662e-02	-1.362760953295289710e+02
5.324923043129819789e+00	3.982658454415512495e+01	3.995132515911613974e-02	-1.386641968352162166e+02
5.331330237158205421e+00	3.986403746079693633e+01	-5.012531995057343398e-02	-1.387280836082340443e+02
5.337586726886338617e+00	4.031086369737739261e+01	3.363494083387164654e-03	-1.403623422718152369e+02
5.343685192440848830e+00	4.099418977232316053e+01	1.039494740062213256e-02	-1.427825828213598243e+02
5.350070659715249199e+00	4.129676472748256089e+01	2.496467370117318521e-02	-1.439506862165940504e+02
5.356556762554878226e+00	4.125350857887066525e+01	-4.118137052613212584e-02	-1.437502787855918882e+02
5.362691868684501095e+00	4.261769429517050867e+01	-4.067994655951937683e-02	-1.484988015539201172e+02
5.368769208912516966e+00	4.295676023893786066e+01	-7.318056442406224715e-02	-1.496912237604931306e+02
5.375270137997677722e+00	4.371475549182680709e+01	8.035094323542907313e-02	-1.525811763642270762e+02
5.381769983045385786e+00	4.304340653385028759e+01	3.243543820873213968e-02	-1.502090747608897061e+02
5.387701030372958222e+00	4.394760352358674282e+01	-1.328487823212524399e-01	-1.531793971302743671e+02
5.393786668001271600e+00	4.377951261324780319e+01	6.037223206224585567e-03	-1.527853367962568711e+02
5.400446161099396569e+00	4.609957250275791552e+01	-1.079297059499842726e-01	-1.608300550531568547e+02
5.406957063684501463e+00	4.667523535139044100e+01	-6.386478093756851881e-02	-1.629019392623216334e+02
5.412655672453426270e+00	4.666238876209457942e+01	-2.097539551810317093e-01	-1.626933193835035354e+02
5.418821279260546575e+00	4.809395083595502740e+01	-4.935596285039584030e-02	-1.679370344500055410e+02
5.425690594366304076e+00	4.799096535307427303e+01	1.949190505008391652e-02	-1.676915136029445819e+02
5.432217487502165376e+00	4.812611796606620373e+01	8.364245697680948791e-03	-1.681738586500686381e+02
5.437649811577258241e+00	4.770921748564791187e+01	-4.302078423656600925e-02	-1.666200597487490427e+02
5.443914404015878006e+00	4.860258937629084386e+01	8.777397617426707654e-02	-1.699617766414017979e+02
5.450953501686320202e+00	4.999725516143052317e+01	4.874848135277618649e-02	-1.748320418036498154e+02
5.457483690405861232e+00	4.900629837435637626e+01	3.634871438642710284e-02	-1.713808319847134101e+02
5.462715250135157241e+00	5.142306176892740410e+01	1.599352069529942910e-01	-1.799293090200918073e+02
5.469033575551323523e+00	5.107017333472668952e+01	3.405248752639628007e-02	-1.786216484671138289e+02
5.476177730420278778e+00	5.305280990110203021e+01	2.782904203748775770e-02	-1.855721473436041435e+02
5.482708935702562236e+00	5.330252755959302391e+01	9.007864378797399152e-02	-1.865432473156719198e+02
5.487722405008360838e+00	5.404707027889175919e+01	-1.354106348299874973e-01	-1.888812963592058622e+02
5.494194284996126498e+00	5.588034038487343480e+01	-5.143433452525475458e-02	-1.954301935971348314e+02
5.501391471009256406e+00	5.643825449232707570e+01	-1.043594698910724761e-01	-1.973425979120929412e+02
5.507128202673079009e+00	5.368390172317587883e+01	1.019603646362189121e-02	-1.878430853663552966e+02
5.512278020050448646e+00	5.607545509421871799e+01	-1.137415615309514405e-02	-1.961889335216348798e+02
5.519395563377015534e+00	5.373859058356964624e+01	-1.887091525430653269e-02	-1.880232615886788494e+02
5.526598678609708770e+00	6.177979298708104494e+01	-3.581059567377221919e-02	-2.161533846731336439e+02
5.532162682462509196e+00	5.488949133748739939e+01	-6.700625486829456245e-02	-1.920167381716879049e+02
5.537397124017139127e+00	5.733673027894315766e+01	7.515348866324104982e-02	-2.007337205118266752e+02
5.544582756485218589e+00	6.218633089550105097e+01	2.455271085624890007e-02	-2.176619821545053242e+02
5.551739327507637434e+00	6.153213505525557281e+01	9.834835938392044730e-02	-2.154532360137136209e+02
5.557493306674907707e+00	6.765683620400911025e+01	-5.601552305855123787e-02	-2.367380679604085003e+02
5.562281709102816940e+00	6.941334409369132175e+01	-2.931263105838222138e-02	-2.429150409435211202e+02
5.569272720323164449e+00	1.427797240102035232e+02	3.854407254862989712e-02	-4.997664131818546593e+02
