8.899641224696953554e-03	1.109857600033116469e+05	1.298265746721918695e+05	-4.839241441976565693e+04
1.507912216506557788e-02	1.042285051905133005e+05	8.122248331398164737e+04	2.851114395896280257e+04
2.144790186456836667e-02	5.582145370430336334e+04	3.750968550144885376e+04	-4.839128692335913365e+04
2.783660776489276650e-02	3.225897600485643125e+04	3.296243421808288258e+04	1.028928208583953165e+04
3.435099785803411021e-02	2.536170992354158443e+04	1.611048075239746868e+04	-7.023965952377180656e+03
4.047886761425745911e-02	2.168035043784006848e+04	1.240433039554615061e+04	5.460932587151062762e+03
4.676716683575679601e-02	1.892405473924173566e+04	1.492537077280792437e+04	-5.175444684475656686e+03
5.308225101765951665e-02	1.807991053372188253e+04	1.472488070014322329e+04	6.859378537384596711e+03
5.945362440940590160e-02	1.520430973021352838e+04	9.986751270550583286e+03	-2.777739340402114863e+02
6.576224814588792211e-02	1.428424277723697196e+04	1.247696570362875173e+04	3.197843257172098220e+03
7.196632906698736953e-02	1.025026205324802140e+04	7.789193562831222152e+03	2.207377827655054148e+02
7.827860915688347743e-02	8.342647032922910512e+03	5.828966089546441253e+03	-1.731191674915852673e+03
8.470398945834539672e-02	7.441737744491525518e+03	6.743602958888833200e+03	2.163490546250158332e+03
9.096854620527369817e-02	6.730144598119153670e+03	5.184063990684368946e+03	4.421165566651652057e+02
9.720789776830213169e-02	6.075317987274321240e+03	4.281223590717310799e+03	3.150328358572044749e+02
1.034763038959366499e-01	5.998093051931232367e+03	4.719420932667646412e+03	1.170487118001222598e+03
1.097576444254559219e-01	5.539454655121126052e+03	4.345450607646811477e+03	8.266991862630025025e+02
1.160543084780093354e-01	4.816329720470013854e+03	3.677573380417166391e+03	4.242615015476261533e+02
1.223669666537485351e-01	4.290759366402778141e+03	3.344882831486033410e+03	-8.571007763471346408e+00
1.286817263090294094e-01	3.680506127141335583e+03	2.581933313027534950e+03	4.050614162272623275e+02
1.349500801664080818e-01	3.452688083193980674e+03	2.478369857412168130e+03	6.419342249039010539e+02
1.411949558842147678e-01	3.166714351784749397e+03	2.150784442816717274e+03	2.415821333233272696e+02
1.475133575747468451e-01	3.054698788518278434e+03	2.176689608365655204e+03	2.956192228160081754e+02
1.537865074252268427e-01	2.767205956965218775e+03	1.603757382144272469e+03	-6.453325817872141101e+01
1.600657544051110326e-01	2.608268741805597074e+03	1.549128016629094418e+03	1.345635915740926976e+02
1.663991168687080635e-01	2.423804231943524428e+03	1.468739156729022852e+03	2.587244394461692423e+02
1.727195645776442856e-01	2.184455741092155677e+03	1.394952677082191485e+03	1.811992589308084121e+02
1.789765213377084718e-01	2.141991374399357028e+03	1.458074506166907440e+03	3.741245334890808181e+02
1.852353690647852158e-01	1.912632646300930219e+03	1.221976007245799337e+03	2.073057512799209690e+02
1.914806787341157279e-01	1.775250071348221809e+03	9.742614929299242021e+02	9.925822027127448166e+01
1.977889868651535599e-01	1.671067562428601150e+03	1.011810661314423896e+03	2.030815555523450655e+02
2.040937735447724277e-01	1.603505775780362228e+03	9.414340190710159959e+02	4.009030858969121596e+02
2.103939302609846018e-01	1.493848508806173868e+03	8.828612769426215436e+02	2.536016930474501407e+02
2.166909709822301688e-01	1.395498795551133753e+03	7.010807704373361275e+02	1.782608375802614091e+02
2.229700281216152047e-01	1.332268955905811026e+03	6.973347927769291346e+02	1.081445632977865188e+02
2.292620027086341994e-01	1.261416943753835540e+03	6.716792554079006550e+02	2.410231914969323839e+02
2.355141508366812297e-01	1.170702068709213336e+03	5.556231327555216239e+02	1.926768401000413746e+02
2.417910583817859116e-01	1.095208263188687852e+03	4.922291657337958100e+02	2.163442543728364740e+02
2.480856539439619257e-01	1.061791345707805704e+03	4.366205793265688726e+02	1.854428031348293189e+02
2.543492256872954549e-01	1.008662881519364760e+03	4.364402130417794865e+02	2.367202783018740604e+02
2.606334251884805386e-01	9.699773958216389929e+02	3.573609349236493813e+02	1.421849136981915080e+02
2.669257370896960802e-01	9.077453292614833344e+02	3.542778780196421167e+02	1.538701062451906978e+02
2.732423343141155980e-01	8.571555092940936902e+02	3.521205016022549898e+02	1.553754635806499778e+02
2.795529680084415936e-01	8.158979660533115066e+02	3.046500108031323180e+02	1.793087017930092486e+02
2.858366292314493129e-01	7.780477580352129507e+02	2.484955985202613533e+02	1.437243117370683478e+02
2.920876271394311496e-01	7.392415391527969177e+02	2.208098167687014097e+02	1.569189027545932618e+02
2.983449844439822751e-01	7.112671626815800892e+02	2.312897738902406104e+02	1.477887914325008012e+02
3.046382639407197446e-01	6.810270069985289183e+02	1.848912920141907819e+02	1.538341787297623000e+02
3.109279127003197196e-01	6.487682521064309640e+02	1.572841898505990912e+02	1.599336818118327415e+02
3.172168171618398036e-01	6.091701028411247307e+02	1.269350200811806246e+02	1.432621217122243706e+02
3.235187567944423082e-01	6.036959975112505390e+02	1.183488859108051798e+02	1.352019246713747123e+02
3.298168217550395687e-01	5.663701451264344087e+02	1.220069838445981105e+02	1.429622696820764247e+02
3.361176429457156667e-01	5.417119036124921649e+02	1.015882684909944089e+02	1.200194057992448791e+02
3.423700375709273769e-01	5.243945490897092441e+02	6.786063504861559181e+01	1.471354089234185949e+02
3.486478192666269682e-01	5.056439264236011581e+02	7.816679062674491263e+01	1.481131476707818138e+02
3.549411614411318028e-01	4.829731964107663202e+02	6.298531680021432777e+01	1.089923827920616617e+02
3.611916935421040642e-01	4.661791121265373476e+02	4.652929405609011582e+01	1.593779657870632889e+02
3.674767089563572564e-01	4.462072080526465356e+02	4.366980529199091166e+01	9.758654052104965615e+01
3.737647795277591056e-01	4.222086308542895949e+02	3.140289638159731567e+01	1.198321787734780628e+02
3.800654031475132477e-01	4.069219342477624082e+02	2.273099071017087880e+01	1.136682076497917819e+02
3.863539861259823738e-01	3.966101883462632713e+02	5.648053053542396285e+00	1.155165045666702497e+02
3.926140181364449755e-01	3.829970053759282109e+02	9.311593699845335692e+00	1.375855998735524395e+02
3.989264500321934581e-01	3.677243511640697875e+02	4.107457020205091069e+00	1.334122396082648550e+02
4.052073244576828714e-01	3.534695560921330184e+02	6.797617304371152969e+00	1.112398461375306624e+02
4.114916477570477182e-01	3.404113873839774556e+02	-1.317942612892528231e+01	1.197827801877094203e+02
4.177814272116491257e-01	3.312333407615874989e+02	-2.032595176623340905e+01	1.179213303621469606e+02
4.240400648725131116e-01	3.198789397419204192e+02	-2.106925189778654328e+01	1.146846496526442536e+02
4.303425690270192283e-01	3.089792805791231558e+02	-2.298146411230112562e+01	1.106655459438829752e+02
4.366358560255625965e-01	2.959067479715544096e+02	-3.752021492479400422e+01	1.126701285164724595e+02
4.428996183220763605e-01	2.858363519917184021e+02	-3.085470272831226524e+01	1.105906808212122456e+02
4.491634418529859563e-01	2.793134657419560654e+02	-4.288639316328258388e+01	1.059016977868671745e+02
4.554414146254732731e-01	2.697740210713204760e+02	-4.381412331865040954e+01	1.064353566047099520e+02
4.617634470301058558e-01	2.622013070775387291e+02	-3.973332756233591567e+01	1.088655513702886140e+02
4.680644242023710433e-01	2.549543032075801250e+02	-4.173611667729390007e+01	1.067794559605659259e+02
4.743485242764365895e-01	2.446934545745030505e+02	-5.384506264791610164e+01	1.011556849517757826e+02
4.806356136815400082e-01	2.363724586024082726e+02	-5.203308670826079663e+01	9.886928233632967533e+01
4.869019258388697646e-01	2.286744721375887934e+02	-5.624210009395921617e+01	1.106064717075696109e+02
4.931697099599955947e-01	2.248591460964001953e+02	-5.632673200224063947e+01	9.690548229799715330e+01
4.994506747144535908e-01	2.167053387293774165e+02	-5.751153477783675783e+01	9.885212717502533053e+01
5.057159051335421429e-01	2.093684654676978596e+02	-6.017804836318565265e+01	9.910003416871619208e+01
5.119923996268095356e-01	2.047675649260377782e+02	-5.848072911816252883e+01	1.020950972088907918e+02
5.183126097768406826e-01	1.999504813770149383e+02	-5.978986647174054525e+01	1.041808975819861729e+02
5.246089638029100000e-01	1.934757946825038459e+02	-5.856235337436712030e+01	9.618158048268492166e+01
5.308757308483337267e-01	1.883709334265942346e+02	-6.158057440957819040e+01	9.174672786628663346e+01
5.371573527946726934e-01	1.827347226555175723e+02	-6.321342030938353673e+01	9.457258257645825950e+01
5.434579563783791256e-01	1.788334380189272395e+02	-6.723092942728695220e+01	9.848326282243783680e+01
5.497430652392217842e-01	1.730795505548439053e+02	-6.667926962706830807e+01	9.329907721140757815e+01
5.559937427501778773e-01	1.684825649100841076e+02	-6.795047500888671266e+01	9.575840182682917145e+01
5.622854676609657654e-01	1.641170367987461987e+02	-6.710112221825310996e+01	9.431309737921995406e+01
5.686011537227265711e-01	1.596683857262443098e+02	-6.704721443752154642e+01	8.863128398927416640e+01
5.748804589422079614e-01	1.553018317320614585e+02	-6.709034962023783066e+01	8.966679090221613535e+01
5.811550210340560296e-01	1.530884189740950490e+02	-7.065920004876049632e+01	9.433225568413851647e+01
5.874394496660968468e-01	1.475454913576118656e+02	-6.933665473318525585e+01	8.911865325415492123e+01
5.937176220296899176e-01	1.450635724811382943e+02	-6.877561456762357750e+01	9.141483776229283365e+01
5.999971954793682505e-01	1.391113345390128870e+02	-7.017492280467205035e+01	8.255510642432180646e+01
6.062679115124277596e-01	1.372692484936708581e+02	-7.033375388402350836e+01	8.723845822461711919e+01
6.125469576444534381e-01	1.337543894955326778e+02	-7.189413246366389387e+01	8.659421161287406221e+01
6.188477733041515272e-01	1.311304993745917784e+02	-6.959408424743571686e+01	8.446061571024077352e+01
6.251310567437898813e-01	1.272964845780115581e+02	-7.117493664959619082e+01	8.380272682159427688e+01
6.314027450383210560e-01	1.251180808788275129e+02	-7.040812138812790977e+01	8.185617267711025136e+01
6.377003562732055375e-01	1.220240631930068105e+02	-7.088530776839307634e+01	8.371979227700482795e+01
6.439857783314556494e-01	1.188082357773678979e+02	-7.063300538229033521e+01	8.185057652148412899e+01
6.502685417166111925e-01	1.169739262483608826e+02	-7.142932264018163835e+01	8.356961644140446310e+01
6.565586117699038216e-01	1.136854386313192578e+02	-6.913927961493304508e+01	7.885380288922146974e+01
6.628369282359254377e-01	1.109503714406171184e+02	-6.912629846246133525e+01	8.008072687603197437e+01
6.691185444962194362e-01	1.088548536589649700e+02	-6.897200577391876664e+01	8.233202916068104571e+01
6.754070198575605755e-01	1.062624147715571894e+02	-6.729235852762596437e+01	7.629017380625180067e+01
6.816835514593204692e-01	1.042838489416476335e+02	-6.801764504470359896e+01	7.774875758435194939e+01
6.879592533861698112e-01	1.023907797985543340e+02	-6.891498992314784289e+01	7.730085847097278418e+01
6.942344317039531587e-01	1.000925384874571762e+02	-6.740176127036600917e+01	7.647963395078551230e+01
7.005175402434737908e-01	9.873096861098845523e+01	-6.919801590588976126e+01	7.869707181985678801e+01
7.068124956608716758e-01	9.549042678172580167e+01	-6.711527151583989337e+01	7.466326627706929742e+01
7.131019009674921527e-01	9.364024096035855393e+01	-6.664175706483391082e+01	7.314129455014462167e+01
7.193918251171427247e-01	9.183616480792052528e+01	-6.688958689613538411e+01	7.411063263541957724e+01
7.256833807598113140e-01	9.021189331974423453e+01	-6.693327887893680384e+01	7.429991229039836753e+01
7.319652682709349989e-01	8.834494467852327659e+01	-6.595911448101016106e+01	7.294006335760067827e+01
7.382507990484923344e-01	8.639414071367545489e+01	-6.427443390927874134e+01	7.036252551498222374e+01
7.445265842115937893e-01	8.475413622270205849e+01	-6.537468803076502866e+01	7.128446199055518662e+01
7.507871101942712455e-01	8.304660865992093477e+01	-6.446232598598774644e+01	7.139988247126025556e+01
7.570758465316046459e-01	8.182826405799927727e+01	-6.445840078836923226e+01	6.892314787690565936e+01
7.633641233600957365e-01	7.972886417941383286e+01	-6.357744896530595469e+01	6.871714825836089346e+01
7.696462959862266917e-01	7.891643442069141656e+01	-6.326889758437424405e+01	6.966520102700881978e+01
7.759394865175414102e-01	7.696169169208828009e+01	-6.216446386851425387e+01	6.792498127825568588e+01
7.822329141989586843e-01	7.555537899269022262e+01	-6.193010459092972297e+01	6.754778492012012237e+01
7.885314936520240181e-01	7.400552461690280381e+01	-6.126844223277519319e+01	6.675420110242311011e+01
7.947896566979522071e-01	7.305527470696127068e+01	-6.168407185834517037e+01	6.750694263375571325e+01
8.010491096592354809e-01	7.131328414347319722e+01	-5.919830532090143294e+01	6.489994590399996355e+01
8.073364061727361651e-01	7.021510623107751314e+01	-6.030759046687514768e+01	6.612830872357501732e+01
8.136229488373866170e-01	6.851596231509394386e+01	-5.863667640481316568e+01	6.378705964807065243e+01
8.199152998961036776e-01	6.745464895795292648e+01	-5.848469741451994963e+01	6.348569058777669483e+01
8.261952636392789762e-01	6.682819593791400337e+01	-5.893489997725253460e+01	6.366543773971360309e+01
8.324897070080405914e-01	6.515404394098061402e+01	-5.754041453747293389e+01	6.234893128932481687e+01
8.387959309210778480e-01	6.465065104804791929e+01	-5.833617777731893028e+01	6.302960054367375875e+01
8.450634639703045181e-01	6.318296800251561507e+01	-5.710998012093632781e+01	6.197027097837414544e+01
8.513282867562648182e-01	6.183612224135326585e+01	-5.589316137488574299e+01	6.077090563607089990e+01
8.576198263902009566e-01	6.107149738473740541e+01	-5.640087916864177942e+01	6.066666622252542851e+01
8.639058477062415697e-01	6.018642472552362221e+01	-5.588025893615130002e+01	6.009097628993495732e+01
8.701838745487597837e-01	5.914519145743901163e+01	-5.475685390712150280e+01	5.984091181303534057e+01
8.764641096075268534e-01	5.813079831073698500e+01	-5.457147513108308345e+01	5.910011387778230585e+01
8.827503873399735745e-01	5.705110811979009355e+01	-5.411261971313486185e+01	5.768957091059051123e+01
8.890332768393869323e-01	5.625739994978424363e+01	-5.389172616330714050e+01	5.851856125260158592e+01
8.953084247113127780e-01	5.516081706021733311e+01	-5.262434327866255757e+01	5.710145776418409014e+01
9.015956521667095602e-01	5.446086079498584809e+01	-5.250949379587369492e+01	5.698817935558135872e+01
9.078833328094829680e-01	5.332331248804044321e+01	-5.170227075150616258e+01	5.672630131262031483e+01
9.141744106319863450e-01	5.288490574141021483e+01	-5.201172424575729991e+01	5.674268598651489981e+01
9.204630817717615043e-01	5.194529996219276313e+01	-5.124181989087888667e+01	5.611258398809735581e+01
9.267434415264711456e-01	5.144418447393935168e+01	-5.120180787159367242e+01	5.593554533728323008e+01
9.330324197354928906e-01	5.037341999851589947e+01	-5.027752624770447198e+01	5.468155725691620006e+01
9.393265785573878812e-01	4.988118370933362655e+01	-5.044214160977730899e+01	5.555698514064094695e+01
9.455974810398196650e-01	4.930131716355445093e+01	-5.051300077570532210e+01	5.579574479955753219e+01
9.518660018545171964e-01	4.807190490149395856e+01	-4.899527885652567960e+01	5.309101317949811971e+01
9.581413255531838757e-01	4.771809568669659996e+01	-4.932040244026615738e+01	5.422614478982713138e+01
9.644350945109106954e-01	4.688199196997237550e+01	-4.847867947395994292e+01	5.344453766411609763e+01
9.707355633568249820e-01	4.625973657334274236e+01	-4.802622521522758348e+01	5.282172733620704719e+01
9.770080768450029041e-01	4.595121418484249887e+01	-4.831694021324305766e+01	5.367326577975017443e+01
9.832823325363413414e-01	4.460450810592499948e+01	-4.644419832656802072e+01	5.106841540055853557e+01
9.895569691966674686e-01	4.424957479423895990e+01	-4.691448139245215287e+01	5.218545655180856357e+01
9.958456301921106979e-01	4.358995106757478766e+01	-4.637092367039123531e+01	5.112442318607084957e+01
1.002136210743837408e+00	4.297042300701572515e+01	-4.564168061487616512e+01	5.061965611315661562e+01
1.008404825335135424e+00	4.239369742076914349e+01	-4.518731584856136863e+01	4.992561697275517929e+01
1.014694149836243398e+00	4.167994812986755448e+01	-4.448511716998682175e+01	4.975055569053728988e+01
1.020992555437297167e+00	4.136776370743941555e+01	-4.466533627372176340e+01	5.010273804179269064e+01
1.027273980437394485e+00	4.052256353648001408e+01	-4.360440022172658558e+01	4.884638000084134291e+01
1.033559181896017254e+00	4.011467480792145324e+01	-4.360590583776255613e+01	4.907867223810363555e+01
1.039847557392594934e+00	3.971870597169358774e+01	-4.319248423978454809e+01	4.876992279755624082e+01
1.046126974943305088e+00	3.896666445255083744e+01	-4.256761632951869245e+01	4.799751128245616627e+01
1.052403436811028659e+00	3.854811393930820174e+01	-4.189693037084238370e+01	4.756344550026450690e+01
1.058680704651608684e+00	3.807998767412083652e+01	-4.176366680407905818e+01	4.756327625987091068e+01
1.064964333065789193e+00	3.782699430602852431e+01	-4.173234793225405781e+01	4.735508437758177536e+01
1.071256777440835473e+00	3.709619625056595993e+01	-4.083378467514300070e+01	4.678412672388405014e+01
1.077544048801078125e+00	3.653133700427457597e+01	-4.020408590343750177e+01	4.570141377392837256e+01
1.083824820188043603e+00	3.655380224306434656e+01	-4.078651304018347190e+01	4.666154033808827251e+01
1.090108023942816695e+00	3.569323623625898279e+01	-3.977373909427118548e+01	4.561210772861640095e+01
1.096389665956643222e+00	3.544466632046533761e+01	-3.984020619692317666e+01	4.571030495951171702e+01
1.102681132058841440e+00	3.492066222794466057e+01	-3.910853635379287141e+01	4.527415004085827377e+01
1.108963047594879958e+00	3.460067753823272341e+01	-3.890055693311285978e+01	4.497183345794891807e+01
1.115225428463759272e+00	3.410379099411485981e+01	-3.817136372446543646e+01	4.433828566319262876e+01
1.121502127614767863e+00	3.357976686715867487e+01	-3.755666703082377467e+01	4.403305324634504103e+01
1.127792573824792033e+00	3.327413383798718627e+01	-3.748065490668827948e+01	4.372539301285431179e+01
1.134089552668382961e+00	3.290500941324132356e+01	-3.708069657626196403e+01	4.348291686378510690e+01
1.140364049650405942e+00	3.252661813577879713e+01	-3.678118818873026186e+01	4.298452849776646900e+01
1.146639180320979445e+00	3.223196795581073815e+01	-3.670321343363846722e+01	4.323359251269599213e+01
1.152942412991649901e+00	3.171811245264877854e+01	-3.587672667353073308e+01	4.203992964730967685e+01
1.159228906751078814e+00	3.138988983692675916e+01	-3.550344403068073973e+01	4.212246196363484074e+01
1.165508721887268173e+00	3.105961138696880042e+01	-3.533677175658930736e+01	4.202033419870945607e+01
1.171793076256210320e+00	3.082503448412728275e+01	-3.499465465655396912e+01	4.194348842085994988e+01
1.178087436369658958e+00	3.043898922870077328e+01	-3.445912038863146165e+01	4.138909979899014502e+01
1.184367654251526902e+00	3.024781888969529220e+01	-3.473114559873392437e+01	4.158550689381947763e+01
1.190634642299266632e+00	2.978208394337354648e+01	-3.411140903534541735e+01	4.088234333658955677e+01
1.196912208834400859e+00	2.939361378419343040e+01	-3.346867432867813363e+01	4.064484422013669729e+01
1.203201577354146234e+00	2.912338228928589245e+01	-3.319815040232472114e+01	4.021602949454600662e+01
1.209486844441705733e+00	2.883083070088600408e+01	-3.301412125814469078e+01	4.001387057757904842e+01
1.215763902074809888e+00	2.861386221027412091e+01	-3.276703690742377262e+01	4.009103713778725364e+01
1.222049755171146668e+00	2.823444726075697631e+01	-3.215584737676624627e+01	3.939107754344839663e+01
1.228340616621486969e+00	2.799350948009151097e+01	-3.219042226158155984e+01	3.936509083033913470e+01
1.234632986576932767e+00	2.767691786420814992e+01	-3.165402144199914503e+01	3.889540034218859432e+01
1.240902247176856488e+00	2.740619328790734599e+01	-3.131311632268964473e+01	3.898219724277623044e+01
1.247174839144687519e+00	2.726152199538332610e+01	-3.133006103985180246e+01	3.878316512178975017e+01
1.253465459933442272e+00	2.696582930995519689e+01	-3.094072160609185573e+01	3.863917337185856837e+01
1.259749951892178421e+00	2.666117014837138655e+01	-3.065400109470386170e+01	3.825626404936468816e+01
1.266032143127253873e+00	2.637416915547372653e+01	-3.012571395301075228e+01	3.784977756069767452e+01
1.272316288472006507e+00	2.612131569079448923e+01	-2.998257961108439673e+01	3.738382071487139058e+01
1.278604155058621350e+00	2.592670221891029669e+01	-2.976319381963221744e+01	3.753953743646590624e+01
1.284886588933593865e+00	2.575578131296939688e+01	-2.960419210989615380e+01	3.744067267979767166e+01
1.291175420066583257e+00	2.546255739753597425e+01	-2.924502671137511101e+01	3.715127810365626004e+01
1.297465726373772332e+00	2.515980473552380303e+01	-2.876758401906418428e+01	3.660049704575948226e+01
1.303741827011944299e+00	2.488354749957025547e+01	-2.835758805822914397e+01	3.632059874993090176e+01
1.310017322922761851e+00	2.487054087051390994e+01	-2.880293762015687875e+01	3.706015719014245491e+01
1.316301447662886703e+00	2.451757015504031756e+01	-2.799299488932593860e+01	3.614674065035094230e+01
1.322586760363303249e+00	2.427949774208286016e+01	-2.768432599700117080e+01	3.569604580949697947e+01
1.328865492452874664e+00	2.412070851809648531e+01	-2.769550566830772809e+01	3.568540159905298736e+01
1.335144804954555564e+00	2.392821891729106198e+01	-2.740821634567766552e+01	3.547013791286737927e+01
1.341440516272275119e+00	2.368574939925791867e+01	-2.710816518961547317e+01	3.528200431859336561e+01
1.347730868417094552e+00	2.337658087159503850e+01	-2.665081178647059446e+01	3.464147973845963691e+01
1.354001589994877630e+00	2.330448241610141480e+01	-2.671646723300577975e+01	3.490441404336502274e+01
1.360282609297778444e+00	2.306378838859443192e+01	-2.616434942257044227e+01	3.457155813818788914e+01
1.366565686457597906e+00	2.278878150803113201e+01	-2.586144483735830590e+01	3.388084421424292003e+01
1.372851498482432708e+00	2.258025600045600711e+01	-2.569952176147420531e+01	3.389396662489037482e+01
1.379135372929401804e+00	2.252308505106122283e+01	-2.555525794483045132e+01	3.394724736216893035e+01
1.385409567149057164e+00	2.229927625341344211e+01	-2.541965764490628032e+01	3.356282313122598993e+01
1.391698641219299315e+00	2.216358819790134760e+01	-2.506369138454772383e+01	3.346777908704471116e+01
1.397984451439470810e+00	2.203545013691721977e+01	-2.494041517511994144e+01	3.350253994954358916e+01
1.404267883409181961e+00	2.182569982377545159e+01	-2.470488365820733634e+01	3.320196363621347047e+01
1.410554779484869181e+00	2.164572274892705650e+01	-2.454050461282514917e+01	3.286909056396822137e+01
1.416837833547465397e+00	2.155791364348153394e+01	-2.445102969319259500e+01	3.292062433412626632e+01
1.423118177187137068e+00	2.139569495481645589e+01	-2.412930945577389963e+01	3.281850650675470149e+01
1.429397801164240089e+00	2.108152732136432661e+01	-2.374894820902189707e+01	3.204461050199174821e+01
1.435686921822787232e+00	2.098467319964721156e+01	-2.347153259575882345e+01	3.196406558758522465e+01
1.441977121769299597e+00	2.098426890343571927e+01	-2.371784660930526201e+01	3.236911818223085646e+01
1.448253667853332427e+00	2.067890989851229833e+01	-2.315666131574345599e+01	3.159852545408029556e+01
1.454532348972172651e+00	2.050500449501919320e+01	-2.298710792832781635e+01	3.147366091832029866e+01
1.460819319151879903e+00	2.044614456745001974e+01	-2.289005164693623229e+01	3.135477248944269490e+01
1.467110364402026468e+00	2.028804974149716500e+01	-2.268917584056325509e+01	3.117559116894972604e+01
1.473392908948962132e+00	2.031143642240571978e+01	-2.274379904702155386e+01	3.155414245154556596e+01
1.479669965243598950e+00	1.999679869236468122e+01	-2.217041214499418800e+01	3.077758599626855585e+01
1.485956144602843532e+00	1.979692387599843428e+01	-2.198998481965850971e+01	3.049551662880674741e+01
1.492233610763115115e+00	1.979934430470789408e+01	-2.202655149583972261e+01	3.064345442782114404e+01
1.498502470379980078e+00	1.963981191524190706e+01	-2.187584507596449868e+01	3.036037132859313559e+01
1.504785752051182701e+00	1.956317547800716028e+01	-2.180732493135613126e+01	3.048142156506708744e+01
1.511075991894575976e+00	1.925264542975507354e+01	-2.115357915573909864e+01	2.963657378494004746e+01
1.517361634985162189e+00	1.936851382282453216e+01	-2.147101905807432232e+01	3.016595630332125211e+01
1.523648570969130533e+00	1.919279657329422406e+01	-2.112821396824556075e+01	2.982941449677906931e+01
1.529938035715892264e+00	1.895144626498808549e+01	-2.081179921088517659e+01	2.932893112367540311e+01
1.536230176913891965e+00	1.892223950809255584e+01	-2.081826678845766665e+01	2.951241801988672009e+01
1.542510718779388279e+00	1.878079840159617220e+01	-2.065914681109464723e+01	2.917093774714120258e+01
1.548783963082980275e+00	1.870250956988300572e+01	-2.046456682355097101e+01	2.905720999733489052e+01
1.555073069779651318e+00	1.852993422211444852e+01	-2.015019771846558072e+01	2.864843684534284307e+01
1.561357324927233892e+00	1.846459533264362918e+01	-2.016494273097567813e+01	2.876878593283978347e+01
1.567629121053141006e+00	1.834927270569932034e+01	-1.996172125381154316e+01	2.843802415563670039e+01
1.573913697404382583e+00	1.826618325047908087e+01	-1.997771490753901347e+01	2.836564196125702608e+01
1.580203545230874029e+00	1.819457763806840944e+01	-1.982186519144497083e+01	2.823958832909067240e+01
1.586485393434537983e+00	1.809499466997066719e+01	-1.973958190964788528e+01	2.826519133346157631e+01
1.592760014263005841e+00	1.794815799158909186e+01	-1.945480899392088148e+01	2.784571178723946261e+01
1.599046436394670812e+00	1.788536646169972499e+01	-1.944781089535414509e+01	2.788805812285614039e+01
1.605342136637478934e+00	1.780665110370471282e+01	-1.917525121196215920e+01	2.766619491719789181e+01
1.611619860919608627e+00	1.770104407191801599e+01	-1.906019793674792240e+01	2.751660034140565259e+01
1.617897597081673799e+00	1.754979707742717565e+01	-1.890844845207749358e+01	2.726880683503721414e+01
1.624183235481122756e+00	1.751059949756056611e+01	-1.885511374131714746e+01	2.720668489601907680e+01
1.630464598531913722e+00	1.743450689173553059e+01	-1.878370445432290126e+01	2.721890657963741234e+01
1.636748985747638274e+00	1.733827614522958882e+01	-1.856404638503827798e+01	2.704449192979303618e+01
1.643030923698886259e+00	1.726498537975517067e+01	-1.855708610691591431e+01	2.682081950069653331e+01
1.649309176648513064e+00	1.711120616537097305e+01	-1.826418086814268094e+01	2.652269879685244902e+01
1.655593633940351861e+00	1.709157871142310725e+01	-1.822345154475913276e+01	2.643779941398678091e+01
1.661879571405086464e+00	1.696207315701878571e+01	-1.807231282848296772e+01	2.621532949932503698e+01
1.668169361685170271e+00	1.689065133404270114e+01	-1.796465762387862952e+01	2.613276412635188350e+01
1.674450151530487485e+00	1.686018541907992585e+01	-1.792892973401244561e+01	2.621864989707968263e+01
1.680722718978495900e+00	1.674200337526462690e+01	-1.769592122127196632e+01	2.587462748543316238e+01
1.687013891340952476e+00	1.666181588150307746e+01	-1.762570161320144280e+01	2.573596242073908869e+01
1.693308984907921033e+00	1.664519603859534413e+01	-1.756684520552198947e+01	2.572242184088983308e+01
1.699582147428448486e+00	1.654498629382956665e+01	-1.743590527148614200e+01	2.551977636995795251e+01
1.705863747055134105e+00	1.652655957028974498e+01	-1.746342774193895409e+01	2.547842676003280005e+01
1.712154434283889470e+00	1.637673812177437682e+01	-1.719737577974780507e+01	2.521186867694451195e+01
1.718438381579399321e+00	1.633533667793496491e+01	-1.721563554079084213e+01	2.522808582948118428e+01
1.724721264464063930e+00	1.620196688639691374e+01	-1.688890702824080847e+01	2.488600757986399969e+01
1.730997441276920679e+00	1.622881181405515960e+01	-1.703502244253595777e+01	2.502328906281783105e+01
1.737287073528269499e+00	1.608685718924353836e+01	-1.682463620176785213e+01	2.464348938120829047e+01
1.743567991878527401e+00	1.604495632108796954e+01	-1.668767499632740581e+01	2.460646526059273498e+01
1.749840680212231048e+00	1.592349509019510023e+01	-1.650454162736448893e+01	2.416004263459980450e+01
1.756128549091961144e+00	1.592360859420728936e+01	-1.650411972381354886e+01	2.423732093380928632e+01
1.762413535324792502e+00	1.590589168587730029e+01	-1.653200722350203122e+01	2.420775119062726688e+01
1.768696187669963837e+00	1.576721121500538736e+01	-1.624920330151279657e+01	2.398420622035586547e+01
1.774979359379055266e+00	1.576306050926792146e+01	-1.627270947172528182e+01	2.387382451310351783e+01
1.781265555576432957e+00	1.570079327018997972e+01	-1.613107855970687154e+01	2.385401904990241206e+01
1.787549427830244619e+00	1.565216068468374111e+01	-1.618762720982589087e+01	2.379599858490545827e+01
1.793834120011633004e+00	1.554171202687307485e+01	-1.591762524413451985e+01	2.338074013091393866e+01
1.800115051552487300e+00	1.549841194946144540e+01	-1.584264928318955334e+01	2.331892815894267912e+01
1.806393904854530330e+00	1.540638203638047088e+01	-1.570348415409940124e+01	2.308161712957171829e+01
1.812674089667083432e+00	1.544092593290713111e+01	-1.573011426307888705e+01	2.323765743013737861e+01
1.818956920109354058e+00	1.543150574349164650e+01	-1.578401357459657106e+01	2.327785533276324870e+01
1.825244164118212220e+00	1.529676567551581634e+01	-1.557662260266602949e+01	2.296064227572493621e+01
1.831527256642196955e+00	1.521542886073720702e+01	-1.542077310929845169e+01	2.261384513030775878e+01
1.837811294935716599e+00	1.523559608300229584e+01	-1.542489769739873751e+01	2.275379847254100696e+01
1.844100717411196744e+00	1.520051440524060915e+01	-1.538644074641735493e+01	2.275868670573724728e+01
1.850384816792487230e+00	1.514163213697704613e+01	-1.530413225870054994e+01	2.259706740467429142e+01
1.856666059735203822e+00	1.506673295631252785e+01	-1.524751063724555245e+01	2.233323287657016820e+01
1.862947728675613979e+00	1.501788697701075037e+01	-1.511230415148387962e+01	2.228348523204209286e+01
1.869229324466858078e+00	1.505057438093871802e+01	-1.523035843644146503e+01	2.243111256705555689e+01
1.875517616802973686e+00	1.493666459311877226e+01	-1.498867601075889588e+01	2.211670146302067153e+01
1.881800769033795229e+00	1.485732571872558161e+01	-1.482080913789338616e+01	2.185106509229357741e+01
1.888078863416442710e+00	1.480706199866579098e+01	-1.470605332513263619e+01	2.171100884310786583e+01
1.894353975182237582e+00	1.475432494954294249e+01	-1.471843168020284587e+01	2.164764835397394904e+01
1.900642716154182565e+00	1.470491684899629803e+01	-1.450592488447598782e+01	2.142328817329063284e+01
1.906933494748685121e+00	1.466788955888967116e+01	-1.458042659430815036e+01	2.136564762455531508e+01
1.913207568676573933e+00	1.464430194090253323e+01	-1.445881856568714774e+01	2.124682119451354012e+01
1.919490884732178992e+00	1.462626819441637949e+01	-1.453075513434476029e+01	2.126970281116394901e+01
1.925776855684274480e+00	1.455222671662771283e+01	-1.432763658514756777e+01	2.091987916356717747e+01
1.932064452961978152e+00	1.450218390486567621e+01	-1.427047077674489550e+01	2.085225758732418200e+01
1.938342610030488800e+00	1.449150953103855066e+01	-1.422670240138600839e+01	2.080142167060222036e+01
1.944618341543410178e+00	1.453521708659865475e+01	-1.440612081777684317e+01	2.097627943836377185e+01
1.950906260203513876e+00	1.440470113686566656e+01	-1.403257651105727000e+01	2.063181574277728814e+01
1.957194556613796488e+00	1.438795481861419923e+01	-1.405583539456700670e+01	2.053622193915517258e+01
1.963479614559011432e+00	1.432683836921137122e+01	-1.398930908213054813e+01	2.045433277869487299e+01
1.969760361532916226e+00	1.428441886386220006e+01	-1.386394937119522019e+01	2.029244719379498463e+01
1.976048367034604736e+00	1.425084693178306239e+01	-1.375556015755932471e+01	2.014383324650305340e+01
1.982337990217652335e+00	1.420769962671430697e+01	-1.369531419119236482e+01	2.010049737600191122e+01
1.988617489259562721e+00	1.421527579890148552e+01	-1.376992880810405673e+01	2.006710575448864020e+01
1.994896320665194178e+00	1.412824610712315732e+01	-1.355691204502431368e+01	1.979123927178717679e+01
2.001179596222827151e+00	1.410917451181660098e+01	-1.355449425168258237e+01	1.980729450711773509e+01
2.007459756923499761e+00	1.410489267507260180e+01	-1.353878056785864992e+01	1.978124239900252235e+01
2.013737397779169935e+00	1.402550893945352861e+01	-1.341800439469368023e+01	1.958345463630556438e+01
2.020017234677497164e+00	1.401158412596465297e+01	-1.337187782596545382e+01	1.950162257883519601e+01
2.026310251015072783e+00	1.398480682972485489e+01	-1.332355902351206467e+01	1.938611542263468124e+01
2.032600542948020284e+00	1.394594300315609914e+01	-1.325512779705761979e+01	1.923898022204924629e+01
2.038873863192099289e+00	1.396670713814662435e+01	-1.329887609534813819e+01	1.929295782058063224e+01
2.045154087821675404e+00	1.382555301318962648e+01	-1.298439579560177570e+01	1.889283383923325133e+01
2.051444704514288730e+00	1.387484853347425684e+01	-1.310394036393095085e+01	1.902263196406906332e+01
2.057730430280644729e+00	1.381325021522734353e+01	-1.300522332885569909e+01	1.886765206626991542e+01
2.064013940455224461e+00	1.380870169128295544e+01	-1.299547218301510298e+01	1.887987928153898309e+01
2.070299891179459895e+00	1.373655741916383910e+01	-1.284718636313824724e+01	1.863315695316718390e+01
2.076589719964883951e+00	1.371000298263976092e+01	-1.276172219540605468e+01	1.850267344288672433e+01
2.082865483794470673e+00	1.369480374653394428e+01	-1.277248857908644553e+01	1.851362857468835443e+01
2.089134494859368640e+00	1.367529085855654714e+01	-1.275309399343838379e+01	1.838481888070401027e+01
2.095424211360070288e+00	1.365628349837148825e+01	-1.269243566806248857e+01	1.837030033151013342e+01
2.101707116664804254e+00	1.362173028058792568e+01	-1.263681287785744978e+01	1.828157225665225027e+01
2.107986473933564309e+00	1.360834843005165418e+01	-1.258244309770561564e+01	1.817900944416181019e+01
2.114271806543862375e+00	1.356490438635693963e+01	-1.247828962901857963e+01	1.807412691316328690e+01
2.120552717288892275e+00	1.352354322195646219e+01	-1.244170834709328588e+01	1.792337970842591233e+01
2.126836933207161717e+00	1.349484808648590928e+01	-1.237880703917370617e+01	1.774661731639845641e+01
2.133122044791171845e+00	1.347927555824680290e+01	-1.234378736596258186e+01	1.778556406399452783e+01
2.139411711910842673e+00	1.343220282508051255e+01	-1.219894019103568716e+01	1.756953310711794103e+01
2.145697076775292089e+00	1.339709954412722404e+01	-1.222166893356756745e+01	1.753221109311896342e+01
2.151973548606471276e+00	1.334060208713421858e+01	-1.203554022549442948e+01	1.731236803060480156e+01
2.158259913555724108e+00	1.335005388203349419e+01	-1.202052044042327239e+01	1.733965819895836802e+01
2.164545396699105506e+00	1.336238051294856177e+01	-1.209317716562106249e+01	1.732801089755550450e+01
2.170830700377734068e+00	1.327716298174033582e+01	-1.188748797471513541e+01	1.706774060915540048e+01
2.177114138849150393e+00	1.328678782407262204e+01	-1.193177180552865302e+01	1.712717039940263675e+01
2.183387647576827018e+00	1.326699594949235639e+01	-1.188376135201283823e+01	1.703429046735083219e+01
2.189670273687676971e+00	1.326082410360948849e+01	-1.182096153855427545e+01	1.697830746402683744e+01
2.195960147934207463e+00	1.320704679380147617e+01	-1.163241987599806038e+01	1.680352108720451554e+01
2.202242556317716371e+00	1.317740941054816162e+01	-1.168124408235699896e+01	1.661878635806014159e+01
2.208521655981037668e+00	1.314536834530060005e+01	-1.162446670759622158e+01	1.662217443706957454e+01
2.214804637081333016e+00	1.313733780399685536e+01	-1.161281656802184514e+01	1.658440819199010718e+01
2.221092583349425276e+00	1.314928061997666120e+01	-1.164458271321918303e+01	1.660526802062455332e+01
2.227372893591468728e+00	1.308722270823217926e+01	-1.146650693240395924e+01	1.640259622151086916e+01
2.233657161144248171e+00	1.311397632487163101e+01	-1.150226008279326528e+01	1.643557347659473677e+01
2.239943485394438660e+00	1.304249273704030720e+01	-1.135326598416069999e+01	1.620788177665554741e+01
2.246224175264620815e+00	1.303685799768208931e+01	-1.131277316980403924e+01	1.619479652431618533e+01
2.252506378421252009e+00	1.297813707261995653e+01	-1.118289128332936322e+01	1.599017420454002547e+01
2.258783417054270437e+00	1.295861340717481092e+01	-1.115166761092546110e+01	1.590328939698342126e+01
2.265069077371457684e+00	1.293913928988079398e+01	-1.107489390646245653e+01	1.582308668916333083e+01
2.271350377044131452e+00	1.291825017747580162e+01	-1.112371318911311491e+01	1.584833751321638218e+01
2.277633995145353918e+00	1.290837296734516215e+01	-1.098651742899536643e+01	1.564491242408149496e+01
2.283922419579920149e+00	1.289848017495660670e+01	-1.095078280597939901e+01	1.565216396189135928e+01
2.290202874392252674e+00	1.289446275481792981e+01	-1.098648587164852408e+01	1.567811758050984494e+01
2.296490779970905560e+00	1.286220467461052763e+01	-1.087267056620600947e+01	1.547032102331514025e+01
2.302771769934229162e+00	1.281793164403996599e+01	-1.081956267061283583e+01	1.540734842655207615e+01
2.309051364164305564e+00	1.280245361511960311e+01	-1.074972608887592784e+01	1.534224366838292042e+01
2.315338502539088239e+00	1.278509370340689699e+01	-1.069598314362894342e+01	1.525551083526642593e+01
2.321627336503874428e+00	1.278675017605094411e+01	-1.067601907051016674e+01	1.522194795206433682e+01
2.327911878297218795e+00	1.276036822323973041e+01	-1.064577738183833056e+01	1.511287244961803822e+01
2.334186238580297168e+00	1.272411275840925349e+01	-1.046123912193224292e+01	1.498865310025848707e+01
2.340467971862688401e+00	1.270951732198098227e+01	-1.049414266821968411e+01	1.491490640781073118e+01
2.346756940970738725e+00	1.271604155383381318e+01	-1.050370196271421008e+01	1.495755585282788758e+01
2.353044444556199988e+00	1.267301979428819436e+01	-1.042101868429045908e+01	1.475235065677857094e+01
2.359327653314069906e+00	1.266170876715593785e+01	-1.038749430404154772e+01	1.469021148301192881e+01
2.365603048789861607e+00	1.262759907128198300e+01	-1.031208297878666791e+01	1.455541041894179699e+01
2.371885911737665165e+00	1.265405454654873729e+01	-1.035985613669443239e+01	1.467728277288846961e+01
2.378173303594019572e+00	1.262594352533718478e+01	-1.022350487081525472e+01	1.455037948678537241e+01
2.384454016539381271e+00	1.259526709952723245e+01	-1.015739149587705548e+01	1.443232296095491840e+01
2.390736447344785187e+00	1.257961701700021706e+01	-1.015473488723564621e+01	1.438008202269976188e+01
2.397014133897952259e+00	1.255015609065301341e+01	-1.005896186833344608e+01	1.429930014572524044e+01
2.403295490074321972e+00	1.254961762868478559e+01	-1.004867401995147880e+01	1.429054484238519507e+01
2.409585049672506862e+00	1.255071337927593511e+01	-1.005767821010265628e+01	1.426064339684111815e+01
2.415871703165322071e+00	1.253404418442427293e+01	-1.001619688776654193e+01	1.414309098327816372e+01
2.422160652369088840e+00	1.249530381365505249e+01	-9.902684735195503407e+00	1.408476373167703954e+01
2.428440167222748691e+00	1.247748231649611839e+01	-9.858274676705548245e+00	1.401207146709184848e+01
2.434717472383889803e+00	1.244062367674570169e+01	-9.749682669253049383e+00	1.382035275241633876e+01
2.441002456202044257e+00	1.244559601150874073e+01	-9.792279282798286744e+00	1.385533692226182367e+01
2.447289980304530488e+00	1.245592979434085734e+01	-9.738332839819316078e+00	1.381126295578923902e+01
2.453571844729242279e+00	1.244698824170212070e+01	-9.671054030809418833e+00	1.381810082504675385e+01
2.459852705114058846e+00	1.243350622224908086e+01	-9.670995142834982516e+00	1.369937579889014501e+01
2.466139233225018934e+00	1.239395760301801452e+01	-9.558914002299758295e+00	1.360925606381927366e+01
2.472421963421291391e+00	1.236063497960945057e+01	-9.472031825346428846e+00	1.349198413692654697e+01
2.478698519174224568e+00	1.238353354613256485e+01	-9.499263804924332533e+00	1.355400718517092429e+01
2.484980841400355800e+00	1.235244819121462356e+01	-9.409894235329279155e+00	1.339465131914125706e+01
2.491269319409339822e+00	1.232471099167089434e+01	-9.359698982381077670e+00	1.331321830425809694e+01
2.497548505139029373e+00	1.232327115595412614e+01	-9.346851002722825541e+00	1.327425341770534217e+01
2.503831667172610853e+00	1.230837361074097203e+01	-9.271316148096865106e+00	1.324173808022474930e+01
2.510117938323931153e+00	1.229158594274957927e+01	-9.230524558010015923e+00	1.316965234753437031e+01
2.516400733681277480e+00	1.230768618971152328e+01	-9.244293491393740680e+00	1.319894037210531756e+01
2.522688226833368130e+00	1.231702446385412664e+01	-9.213597050045187586e+00	1.314108200425839179e+01
2.528971695852665569e+00	1.227256109561994002e+01	-9.123969965276298666e+00	1.306431161686270137e+01
2.535252039407670299e+00	1.225441389418703864e+01	-9.030668031735874735e+00	1.291896049336185470e+01
2.541537514142774512e+00	1.226739869925368431e+01	-9.043559903941302380e+00	1.294577017018173670e+01
2.547823008847572179e+00	1.221911278670033418e+01	-8.983204976328973856e+00	1.283037705526864336e+01
2.554100666580690238e+00	1.228122424645394695e+01	-9.056121847736834596e+00	1.300527839466571223e+01
2.560376788884177301e+00	1.224701309664475524e+01	-8.909241620338670842e+00	1.276425447645049616e+01
2.566667521601497359e+00	1.222172818982104481e+01	-8.892677126108464947e+00	1.271883007651952369e+01
2.572955062237090473e+00	1.217727887779055607e+01	-8.786485076839470665e+00	1.257658944200863971e+01
2.579233771797999175e+00	1.217952108606528761e+01	-8.779743562363687914e+00	1.257675343423758640e+01
2.585520164300948220e+00	1.217424349745156675e+01	-8.752247988934682255e+00	1.256273985923625247e+01
2.591805130332431872e+00	1.218363861991827690e+01	-8.700273887018756369e+00	1.255745033944226208e+01
2.598084074692260881e+00	1.218007350384915810e+01	-8.649218820618086667e+00	1.256383509733984205e+01
2.604360404197643586e+00	1.215413522791163103e+01	-8.649056812413050466e+00	1.245546330823122894e+01
2.610647185140439142e+00	1.217689017116548555e+01	-8.650712383942760653e+00	1.247661447677150193e+01
2.616931864059273138e+00	1.215480143586938944e+01	-8.621237955887432136e+00	1.240019265091457434e+01
2.623206107911065565e+00	1.213585538071626857e+01	-8.541390490307426475e+00	1.234205429187103853e+01
2.629491626543270844e+00	1.212982549057405102e+01	-8.472592686697652198e+00	1.228627694697012274e+01
2.635778507982642349e+00	1.215166064894379794e+01	-8.486638411958773887e+00	1.231067675937153716e+01
2.642061039325260818e+00	1.214091355761670954e+01	-8.385284323744233603e+00	1.226750730118264165e+01
2.648343840729305843e+00	1.212411990050246757e+01	-8.406785241930359476e+00	1.219996738748505116e+01
2.654631838974855551e+00	1.210271441917953084e+01	-8.311026518365521198e+00	1.212796296600711088e+01
2.660919001246303761e+00	1.208937029863224666e+01	-8.270785619128323773e+00	1.199204996844452076e+01
2.667198525130066056e+00	1.208211319315951471e+01	-8.220010688091631934e+00	1.201510089457249464e+01
2.673484307038032526e+00	1.211164217166776780e+01	-8.285895655832478113e+00	1.213508927935688320e+01
2.679773388053849459e+00	1.211888619777172238e+01	-8.274692585112386922e+00	1.210154986813071254e+01
2.686058217632288692e+00	1.209762504071782452e+01	-8.166363054637256980e+00	1.197329356610683249e+01
2.692338738200057868e+00	1.210268714906219145e+01	-8.174850868379806457e+00	1.198911942360435745e+01
2.698618022887226964e+00	1.207694155078713472e+01	-8.093532899547815518e+00	1.187465859118683831e+01
2.704895450708277860e+00	1.206903669989860006e+01	-8.033960063403380758e+00	1.178305147790849716e+01
2.711175674923682166e+00	1.209765719145303997e+01	-8.034856867712068862e+00	1.180031263591062185e+01
2.717459832966957922e+00	1.210765176460920145e+01	-8.057826963969267453e+00	1.188327048245344031e+01
2.723745731959044569e+00	1.209656513213713858e+01	-8.035464385593700243e+00	1.180536387268440990e+01
2.730038414850594730e+00	1.207086941408134884e+01	-7.904507176599882889e+00	1.171680605701991063e+01
2.736317989800789441e+00	1.208583463573711470e+01	-7.917606905760012914e+00	1.177672728882869535e+01
2.742591858549239703e+00	1.207784859894087504e+01	-7.875420456724852691e+00	1.168552444056249584e+01
2.748879749010778362e+00	1.208581848259874469e+01	-7.831213893873666620e+00	1.165598847323325060e+01
2.755163403825859447e+00	1.207914988505815934e+01	-7.799488815693274901e+00	1.169227929709033731e+01
2.761446955625852073e+00	1.207618329149281067e+01	-7.830840091910376444e+00	1.167186399607559544e+01
2.767732088935374701e+00	1.208587010146966811e+01	-7.749262415515517866e+00	1.164399684244582289e+01
2.774015452421743966e+00	1.210008026025241001e+01	-7.719457811351531973e+00	1.160323111637398519e+01
2.780298635700591436e+00	1.212405017590358902e+01	-7.705415854320089686e+00	1.166420284245005945e+01
2.786577474762241380e+00	1.209400842016910715e+01	-7.690590621905698754e+00	1.162076121273981677e+01
2.792857983210164541e+00	1.209297259879786601e+01	-7.641043773348999757e+00	1.153612257281933751e+01
2.799143790920211483e+00	1.209865545442857204e+01	-7.586141071689827875e+00	1.154383088163739401e+01
2.805430058399325244e+00	1.209975370083156854e+01	-7.576011601093130210e+00	1.161963196456789227e+01
2.811715058209780072e+00	1.213187827887806591e+01	-7.645371002881064193e+00	1.155617485674775402e+01
2.817989272498773623e+00	1.212527785844880945e+01	-7.567365337034057227e+00	1.157352258098776687e+01
2.824269171595737760e+00	1.216250815824860076e+01	-7.570394619440965478e+00	1.156534388759739507e+01
2.830563016441804081e+00	1.212625663162256195e+01	-7.514287892323282314e+00	1.151970835703513352e+01
2.836848750951622034e+00	1.215364642543291573e+01	-7.510320511213077310e+00	1.156072795620561067e+01
2.843130027866129783e+00	1.212767835503193758e+01	-7.433003047899732429e+00	1.147782510318809379e+01
2.849413896912404986e+00	1.215925638626272054e+01	-7.363779512531450244e+00	1.149444777215240876e+01
2.855697464522425566e+00	1.217878767898115200e+01	-7.457546195807518430e+00	1.152497554594468099e+01
2.861978799810683594e+00	1.215857675104843771e+01	-7.382643487024139972e+00	1.145789286189815215e+01
2.868262469415629567e+00	1.217082906905229933e+01	-7.359952996193323216e+00	1.146922075220771475e+01
2.874547359206753860e+00	1.219033486302734914e+01	-7.312939890744725169e+00	1.146409344615952719e+01
2.880831111471525041e+00	1.219069785827517904e+01	-7.320544959079110292e+00	1.149418494818786129e+01
2.887113216972382546e+00	1.219756805945259437e+01	-7.285393508078763070e+00	1.150152480920011833e+01
2.893394504725182781e+00	1.222500331473846025e+01	-7.252231880181183143e+00	1.149099386148689383e+01
2.899673662137033592e+00	1.222639523041306830e+01	-7.250548834559291222e+00	1.150371485030409602e+01
2.905953958587380814e+00	1.225089235181032699e+01	-7.271568399318340425e+00	1.157801199492326916e+01
2.912241118105161064e+00	1.224461806777397932e+01	-7.167226879062640776e+00	1.152366553360266366e+01
2.918525996366671205e+00	1.225729803805483265e+01	-7.211400145891921021e+00	1.150403151029906468e+01
2.924809035425688819e+00	1.225712388457981561e+01	-7.157142085794165887e+00	1.147572482392596527e+01
2.931095916293684933e+00	1.229952176632111005e+01	-7.169735117258188239e+00	1.150074310332512795e+01
2.937378182606774413e+00	1.229214090680950910e+01	-7.121430456847742008e+00	1.153218398926926902e+01
2.943659980254369923e+00	1.231962273695218535e+01	-7.124462734888548532e+00	1.155564458525581273e+01
2.949946454403890250e+00	1.230719375246528990e+01	-7.083518340234729926e+00	1.150955596017995219e+01
2.956227653702202307e+00	1.233903258465142372e+01	-7.073837491088593943e+00	1.156868097138465146e+01
2.962510478867462993e+00	1.235411616413170499e+01	-7.078344318297856042e+00	1.160917078397119084e+01
2.968796535179442309e+00	1.236466290420586311e+01	-7.068945865012777219e+00	1.156776985641868549e+01
2.975077657376874907e+00	1.239174573233891152e+01	-7.077780036063139768e+00	1.165497501551850057e+01
2.981359866759223376e+00	1.240431993039926972e+01	-7.048854881447891074e+00	1.161404080601814925e+01
2.987646761575656562e+00	1.242545970126297661e+01	-7.061940013679802952e+00	1.170460965284175181e+01
2.993929038370399365e+00	1.243286131646861925e+01	-7.039495535371258050e+00	1.168559861975250236e+01
3.000206214840962726e+00	1.244999621745334117e+01	-6.993307593088812446e+00	1.167375007665996556e+01
3.006486172402415669e+00	1.245403802314317510e+01	-6.935475362709366820e+00	1.164051834464796897e+01
3.012769812211594456e+00	1.249487958020752920e+01	-7.001407651624929507e+00	1.176490713325005721e+01
3.019053144326170113e+00	1.251727091478385212e+01	-6.896819925218332870e+00	1.172828440227218394e+01
3.025337405144251424e+00	1.256016869845448447e+01	-6.956284469974621132e+00	1.183486583162077110e+01
3.031623734799107961e+00	1.256864728995073932e+01	-6.963011138818227863e+00	1.181100213343160199e+01
3.037908962055872575e+00	1.259719704924855321e+01	-6.959443236428478841e+00	1.194200014387457287e+01
3.044195067146031608e+00	1.262185713173467150e+01	-6.944629418032769230e+00	1.198291855230386282e+01
3.050475543482170426e+00	1.263684715019461180e+01	-6.945361336357793292e+00	1.192925280026792301e+01
3.056754954538277502e+00	1.264222464274008928e+01	-6.901523279325463278e+00	1.197788246061982065e+01
3.063040539557494668e+00	1.266724920060096160e+01	-6.901021467158771294e+00	1.198558957853907359e+01
3.069323699454357346e+00	1.273006069215285763e+01	-6.936655089124021956e+00	1.216556660294479286e+01
3.075610692642898769e+00	1.272918572536433324e+01	-6.874157237528660147e+00	1.208054528472108302e+01
3.081893798009918584e+00	1.277728315654647773e+01	-6.926946148659746783e+00	1.217775351463587263e+01
3.088174549548037717e+00	1.277474838963729198e+01	-6.908472907291281828e+00	1.207739990822980047e+01
3.094458635632868493e+00	1.283573602929229551e+01	-6.943897840229147356e+00	1.225614351540672331e+01
3.100743982931558840e+00	1.284142481851928430e+01	-6.891979340505645979e+00	1.221492177407987612e+01
3.107028111748448396e+00	1.288047740383511908e+01	-6.880236852334578934e+00	1.233454373193700171e+01
3.113309299655494300e+00	1.293077711188877821e+01	-6.955835949769093141e+00	1.251138184716022650e+01
3.119590662867241626e+00	1.292584435617352945e+01	-6.879414783702593184e+00	1.241443218608744559e+01
3.125874006820172912e+00	1.297468068395565055e+01	-6.903624879090822120e+00	1.248115759520681678e+01
3.132159251154602586e+00	1.299504464513353952e+01	-6.839680795583149120e+00	1.250427955668119573e+01
3.138439172765940643e+00	1.306578666791430798e+01	-6.867026239131185150e+00	1.267149582142607755e+01
3.144723867719826593e+00	1.310092176583551549e+01	-6.910897107653782179e+00	1.272877488262514234e+01
3.151003951258561031e+00	1.311473682904765603e+01	-6.841703530348485884e+00	1.272069346427577585e+01
3.157283664131563139e+00	1.317546225807972959e+01	-6.976390141218180574e+00	1.285787679192734245e+01
3.163569317183839935e+00	1.319492811251708808e+01	-6.937385400424446402e+00	1.293257208485664655e+01
3.169851661717792091e+00	1.323793510725020894e+01	-6.943298142558612440e+00	1.297195912545112684e+01
3.176137704316093657e+00	1.327540300247981264e+01	-6.983825695793040467e+00	1.305004087074084929e+01
3.182420924828643916e+00	1.328841307585466502e+01	-6.875507275789053629e+00	1.302232347105108090e+01
3.188702811875577581e+00	1.336513491333455583e+01	-6.955845752013591010e+00	1.315783232498798405e+01
3.194990520008989865e+00	1.341696316706304870e+01	-7.005146582628514196e+00	1.331823610690772952e+01
3.201275324656983834e+00	1.345353822168236491e+01	-6.988386599591188464e+00	1.338609929778112040e+01
3.207551352179861759e+00	1.347877358597850161e+01	-6.964325934774130644e+00	1.344033538961443064e+01
3.213835216737041645e+00	1.350200422447786686e+01	-6.923592914248128949e+00	1.343547576868640903e+01
3.220122579819103770e+00	1.347818271346157992e+01	-6.767965691285513508e+00	1.306895080082794180e+01
3.226406606618656525e+00	1.335946834821083051e+01	-6.465021061723635221e+00	1.225733749828800434e+01
3.232687390085645429e+00	1.326770010136532818e+01	-6.222858067963731976e+00	1.148640719581776715e+01
3.238969121280456331e+00	1.319843332913940159e+01	-6.031895780560464715e+00	1.086450120955693244e+01
3.245254751548589667e+00	1.309038273671080788e+01	-5.818674801039261268e+00	1.018225378905174949e+01
3.251534499036136783e+00	1.308416632271109670e+01	-5.665782434290250968e+00	9.685162431899879465e+00
3.257817780791052442e+00	1.298403962465739525e+01	-5.461254184876760398e+00	9.010261894195046750e+00
3.264102164154097263e+00	1.297836258330319126e+01	-5.378271384345066686e+00	8.543593547406345579e+00
3.270384152138468892e+00	1.289789228495492601e+01	-5.177573492432963498e+00	7.944117541238401969e+00
3.276669427476867735e+00	1.286652507898296172e+01	-5.087856680316074964e+00	7.463965164695513188e+00
3.282954688864507808e+00	1.282829807112364406e+01	-4.989380797941164403e+00	6.902058217091619596e+00
3.289237200334947264e+00	1.277403679168854467e+01	-4.844188046532478253e+00	6.427214184203807967e+00
3.295519587088236779e+00	1.275890408834694689e+01	-4.768833593101152957e+00	5.925053029396678106e+00
3.301805977329951958e+00	1.273506712547403907e+01	-4.678677010078717835e+00	5.538499107764158325e+00
3.308087486222440088e+00	1.273711037395682411e+01	-4.596366511877592487e+00	5.065057460954384361e+00
3.314367630234227313e+00	1.268270399830105966e+01	-4.485347135119089224e+00	4.638481600747674349e+00
3.320651909732194262e+00	1.267433476376461243e+01	-4.445050303522404711e+00	4.192721395669945395e+00
3.326931260376857047e+00	1.264691021584724062e+01	-4.363369965256684857e+00	3.777243102980981426e+00
3.333216512447217728e+00	1.262804221654333681e+01	-4.228274919889616790e+00	3.384997638693665323e+00
3.339504489419978128e+00	1.260002695335115064e+01	-4.190307251236463415e+00	2.965543508682811691e+00
3.345786804809928405e+00	1.257810910086012868e+01	-4.124174156527069535e+00	2.505215634814936809e+00
3.352071130016277767e+00	1.257057364988616577e+01	-4.068815445949933718e+00	2.106164062129318282e+00
3.358351496304225581e+00	1.257313311413871659e+01	-4.012909008449840442e+00	1.806878381509667175e+00
3.364630591073392019e+00	1.255085868513036829e+01	-3.985003104202053503e+00	1.414982930267012939e+00
3.370916305215045483e+00	1.253740721745439402e+01	-3.931557639393353121e+00	1.038270435116351198e+00
3.377197952029413752e+00	1.251762388231876422e+01	-3.788287463809314026e+00	6.165655308207913521e-01
3.383483063818085501e+00	1.253610941398314615e+01	-3.854501009523984667e+00	3.471044234608902102e-01
3.389769992424469969e+00	1.252580797645716970e+01	-3.783456953901485065e+00	-3.154042389248443157e-02
3.396051330885982100e+00	1.251135246635609910e+01	-3.686898480174265025e+00	-4.420262066558163228e-01
3.402330879139463971e+00	1.250531590485317324e+01	-3.685669407023187460e+00	-7.712582554022368031e-01
3.408610488352048495e+00	1.249994345893654568e+01	-3.601007628131561056e+00	-1.115976085717751198e+00
3.414897837696641236e+00	1.252378918873025349e+01	-3.643340064309035675e+00	-1.361699022583612528e+00
3.421180484052105619e+00	1.250255360614957567e+01	-3.550956606900548707e+00	-1.740594620064068510e+00
3.427461639653846870e+00	1.249271268725413364e+01	-3.473640851428580145e+00	-2.101142981594198655e+00
3.433749159643459059e+00	1.249778010911012238e+01	-3.490554725029041627e+00	-2.419573964049055004e+00
3.440032646656798310e+00	1.250068345395869507e+01	-3.418542108158296955e+00	-2.751640377237745572e+00
3.446313366033385339e+00	1.250978150825031854e+01	-3.430515793339564024e+00	-3.021073185430379393e+00
3.452600135384134905e+00	1.249681617372676712e+01	-3.386691010647739475e+00	-3.418415788335370742e+00
3.458883152815406703e+00	1.250257114277773240e+01	-3.361182963817658464e+00	-3.693721495877058114e+00
3.465163834403715448e+00	1.253530823078350487e+01	-3.319751593036374793e+00	-3.948504740951212177e+00
3.471449329786229221e+00	1.251033361930634946e+01	-3.239652480344312302e+00	-4.353181837374876295e+00
3.477734476754053894e+00	1.252579427444363347e+01	-3.281372858209806953e+00	-4.577157615967257343e+00
3.484019652467224226e+00	1.251307000145857984e+01	-3.204025352387140924e+00	-4.893714415263558770e+00
3.490297019369712928e+00	1.254518864316125892e+01	-3.217549516825454425e+00	-5.143345334659507273e+00
3.496582486484379970e+00	1.252758158059195104e+01	-3.183358036155838899e+00	-5.476693425982333885e+00
3.502868048046865024e+00	1.253937837825624868e+01	-3.163663076084313186e+00	-5.723401507556408419e+00
3.509144649545451244e+00	1.256579707259007606e+01	-3.182954955110507189e+00	-5.999871613184316388e+00
3.515428082003116295e+00	1.253569336153418234e+01	-3.065962268098046728e+00	-6.338978640654988617e+00
3.521711031624695565e+00	1.256850411247714483e+01	-3.079703212654234967e+00	-6.566160542155339286e+00
3.527991850954735664e+00	1.258260699250188708e+01	-3.062566048015692655e+00	-6.942993466530583468e+00
3.534275545726699885e+00	1.259446861551204222e+01	-3.023096548607888234e+00	-7.122439246457853201e+00
3.540562632020772149e+00	1.261380679071847233e+01	-3.046426834457230282e+00	-7.393141827257749377e+00
3.546844410757220789e+00	1.259907183524402896e+01	-2.957887349443148572e+00	-7.680158947675995051e+00
3.553131386753758836e+00	1.260939111675087787e+01	-3.000757313913446911e+00	-7.899010011554463695e+00
3.559419203211965144e+00	1.261944834273782945e+01	-2.937491294702959443e+00	-8.219347657173369015e+00
3.565697971577579839e+00	1.263199515965350983e+01	-2.982634416733995320e+00	-8.426546389709438145e+00
3.571979559134798254e+00	1.266506833101963103e+01	-2.973635199593046785e+00	-8.711244983326777103e+00
3.578265774595833726e+00	1.264824037570238247e+01	-2.903526606404816413e+00	-9.021120882970567578e+00
3.584548309769353125e+00	1.269448913066571905e+01	-2.917561674307677766e+00	-9.238761135712204364e+00
3.590826843920031486e+00	1.266184469205751206e+01	-2.822763525770893622e+00	-9.586910022047602453e+00
3.597107306745233934e+00	1.271970881166624245e+01	-2.896937235643108455e+00	-9.746694614594787254e+00
3.603392831792229245e+00	1.272444549972116157e+01	-2.858393742657142855e+00	-1.002318917986056235e+01
3.609673209822572559e+00	1.274273788390115314e+01	-2.820169021070968451e+00	-1.025983576396196639e+01
3.615955412133016189e+00	1.276060242545898049e+01	-2.834502589679679829e+00	-1.045204564310704320e+01
3.622241607772384686e+00	1.273487429394664616e+01	-2.756817889111676578e+00	-1.085112717224666845e+01
3.628520252736676444e+00	1.276126539852564612e+01	-2.782056877565090236e+00	-1.099003377126747161e+01
3.634804827569451113e+00	1.281417841320217654e+01	-2.769477940333068489e+00	-1.126566377955580123e+01
3.641094981788862928e+00	1.281704446861366442e+01	-2.763089324512672640e+00	-1.146664559573962983e+01
3.647383514928639325e+00	1.281850613547732110e+01	-2.703879760603748128e+00	-1.173430516066748730e+01
3.653663283927725658e+00	1.282863874746648314e+01	-2.702816663942660735e+00	-1.190896517301665014e+01
3.659943504072155296e+00	1.283712173728083350e+01	-2.662248756526711002e+00	-1.217957802929452349e+01
3.666232000281138603e+00	1.287069674504491879e+01	-2.673635719988051829e+00	-1.243701722747236005e+01
3.672514211678317597e+00	1.288337440077878249e+01	-2.689903822079994455e+00	-1.259961860245554632e+01
3.678794154686042539e+00	1.292303681561786277e+01	-2.656871601441745501e+00	-1.287120220160386275e+01
3.685078621861909820e+00	1.295634123589845110e+01	-2.641620218431455225e+00	-1.315480603058348663e+01
3.691359210097977961e+00	1.295831257998812802e+01	-2.590577803556699088e+00	-1.336884729919054138e+01
3.697642368173791105e+00	1.298298917092909122e+01	-2.589451332544967510e+00	-1.367353668006782108e+01
3.703925796735277665e+00	1.299069076586488158e+01	-2.592524638667821346e+00	-1.379449996059455685e+01
3.710208240364660348e+00	1.300277511742232761e+01	-2.561207706164861708e+00	-1.409105531665972322e+01
3.716494593122387169e+00	1.303603566948762449e+01	-2.546253057962737376e+00	-1.429634057555412419e+01
3.722775386659595398e+00	1.306640818883231070e+01	-2.536206779372733422e+00	-1.455319435174063081e+01
3.729058392883481510e+00	1.307556048062026832e+01	-2.540559001350584989e+00	-1.471575599118263078e+01
3.735339748210807720e+00	1.310529811023639191e+01	-2.542828938886128043e+00	-1.495062564768316626e+01
3.741620776392969638e+00	1.311623294448859589e+01	-2.491293504171749440e+00	-1.519994255290474783e+01
3.747904795418762980e+00	1.313517608509730117e+01	-2.480231409276360655e+00	-1.538818231241521239e+01
3.754190633281219380e+00	1.315983152053442673e+01	-2.496669269465307206e+00	-1.558630517268094273e+01
3.760478208018912749e+00	1.319782545056964551e+01	-2.474114556243486973e+00	-1.587738055303121598e+01
3.766755538573464346e+00	1.319798533912717708e+01	-2.463713563670632656e+00	-1.605436708169906623e+01
3.773032090135151506e+00	1.322158597254610157e+01	-2.427209137616696211e+00	-1.634763814767517331e+01
3.779322553012896879e+00	1.326316488179134723e+01	-2.458271486184077759e+00	-1.651727417643500218e+01
3.785609109731308930e+00	1.326060533315690826e+01	-2.396604407747187082e+00	-1.673180128894517438e+01
3.791889825936295200e+00	1.331745030383195427e+01	-2.418389499233896345e+00	-1.689954686135446948e+01
3.798174822702435893e+00	1.331899947799348283e+01	-2.421294822869227481e+00	-1.709799881159559831e+01
3.804458658753491651e+00	1.333781106453213994e+01	-2.371231088455129310e+00	-1.735757323858483048e+01
3.810738438095723435e+00	1.338741001616143933e+01	-2.431001514249175877e+00	-1.750701959969938670e+01
3.817018850285747167e+00	1.338836136742346028e+01	-2.360163776030092642e+00	-1.780764508181055916e+01
3.823305314209427763e+00	1.342284093062396622e+01	-2.350249257763223909e+00	-1.802386870502638772e+01
3.829591295197792178e+00	1.348521773725579820e+01	-2.366634901876878416e+00	-1.820359314483370383e+01
3.835872296070849341e+00	1.347390851033596704e+01	-2.317880808738317810e+00	-1.851154890522295560e+01
3.842156279590906109e+00	1.353155512999881793e+01	-2.329801330928328973e+00	-1.862474821622584642e+01
3.848441511099312429e+00	1.354859184159471752e+01	-2.304789952371061990e+00	-1.885902764688591660e+01
3.854723334376886079e+00	1.358719737760233492e+01	-2.308526550632879371e+00	-1.908701764142523771e+01
3.861004740704794713e+00	1.361218871316025592e+01	-2.304089039672363892e+00	-1.928896556321380729e+01
3.867284336650660848e+00	1.363675080775817428e+01	-2.224532153579076077e+00	-1.956823123743597392e+01
3.873567367678779849e+00	1.368074150074305351e+01	-2.303900663991515607e+00	-1.967618842199983931e+01
3.879850662830422792e+00	1.369411122359080579e+01	-2.275270588575745379e+00	-1.991496654931487953e+01
3.886137063198143338e+00	1.373598309169997300e+01	-2.287293331993057510e+00	-2.010422168122070730e+01
3.892419463049126005e+00	1.374545896165709813e+01	-2.226360110263192915e+00	-2.035183588594006565e+01
3.898703740328622658e+00	1.380777722494391746e+01	-2.242391987100353479e+00	-2.060178202494466859e+01
3.904991458788179326e+00	1.384950534951846812e+01	-2.209199643099793331e+00	-2.085130587614790443e+01
3.911270842222104083e+00	1.383566342511142011e+01	-2.215335209479284639e+00	-2.098269228869764902e+01
3.917549806479573071e+00	1.392142250659298774e+01	-2.204944172135458569e+00	-2.118664318451493500e+01
3.923836006203090587e+00	1.393241417499480050e+01	-2.130568280414828042e+00	-2.148572055606036812e+01
3.930121452497870926e+00	1.398083575010730506e+01	-2.202229641713225661e+00	-2.163523646391275079e+01
3.936398172858230460e+00	1.401014628031583165e+01	-2.180001156966902442e+00	-2.182343759202129263e+01
3.942683040425962293e+00	1.403878348501962492e+01	-2.137558589567288170e+00	-2.208301056822770647e+01
3.948974759704379611e+00	1.407740802660231694e+01	-2.124593110094421533e+00	-2.229153122103634743e+01
3.955259227995065352e+00	1.410927170889818782e+01	-2.093955304018022101e+00	-2.254332326954901333e+01
3.961537174921395454e+00	1.417499966923369570e+01	-2.168035707221719122e+00	-2.266098342991287140e+01
3.967820217617139544e+00	1.419090671833268225e+01	-2.100826226047075806e+00	-2.298609328366460502e+01
3.974105559832568968e+00	1.424106222200864202e+01	-2.099932105245325697e+00	-2.313354909529212478e+01
3.980384727931198352e+00	1.428086289344429005e+01	-2.082040217927210612e+00	-2.337706670351963112e+01
3.986664590839849698e+00	1.430067537607259887e+01	-2.081953099315719147e+00	-2.359016193853770815e+01
3.992949619150675034e+00	1.436339993433785978e+01	-2.109023427472497492e+00	-2.373265319162097953e+01
3.999235075769965952e+00	1.438444333768681105e+01	-2.050305199886614194e+00	-2.404035603236135188e+01
4.005515715515433506e+00	1.444045335283032294e+01	-2.054175482391073615e+00	-2.421091891285207964e+01
4.011798434346478537e+00	1.446142483530905487e+01	-2.043354305570062923e+00	-2.438709467597714209e+01
4.018083716245132386e+00	1.451554573069050846e+01	-2.042656676209723354e+00	-2.466636253878300522e+01
4.024365700052603856e+00	1.454195946526969507e+01	-2.051763990650659064e+00	-2.475206162876521532e+01
4.030643960839860540e+00	1.457237070575138382e+01	-1.991260226921169219e+00	-2.506498249150311608e+01
4.036928708926215137e+00	1.467363405849821056e+01	-2.011251658908288942e+00	-2.533284263706079287e+01
4.043218157412017177e+00	1.468249753856518147e+01	-1.974497316556061088e+00	-2.556729118528390643e+01
4.049503019487663558e+00	1.469940619887189115e+01	-1.999665541161675497e+00	-2.566674702233142469e+01
4.055781898960511000e+00	1.474989096055489490e+01	-1.981625636877127894e+00	-2.589527068342706784e+01
4.062060795621602161e+00	1.483788957446250656e+01	-1.984666943674429751e+00	-2.625888685754925689e+01
4.068347865354716042e+00	1.488283295846659549e+01	-1.986589117572299390e+00	-2.637624011367918442e+01
4.074631027173265529e+00	1.489973699583766553e+01	-1.909938228335946953e+00	-2.667005648022502129e+01
4.080910837526078971e+00	1.495968853040077384e+01	-1.919633191535567551e+00	-2.693559576723482607e+01
4.087201203341442657e+00	1.501673543461473237e+01	-1.937860211506529318e+00	-2.705491925241112483e+01
4.093486818591942189e+00	1.502699899291591912e+01	-1.923655625267931546e+00	-2.731587107488778443e+01
4.099764387336505500e+00	1.512869213692248316e+01	-1.936029401698666108e+00	-2.752409193081648198e+01
4.106049166937662420e+00	1.516210701679668205e+01	-1.938052651546642746e+00	-2.777077705851960943e+01
4.112334559041358695e+00	1.524085342848247215e+01	-1.933295167722776542e+00	-2.802259895948217050e+01
4.118618926059533614e+00	1.529082004703938225e+01	-1.858275856612028321e+00	-2.835299191380871520e+01
4.124898942031112625e+00	1.531338849014308323e+01	-1.842464658765112118e+00	-2.855388016350077507e+01
4.131175432561665417e+00	1.537560054130016418e+01	-1.847824139070148419e+00	-2.878323087516222145e+01
4.137461563786142271e+00	1.540741961501597679e+01	-1.842688412223224770e+00	-2.897836426378346530e+01
4.143746006210170307e+00	1.548926375074356443e+01	-1.893763719583499539e+00	-2.915452859993226298e+01
4.150029800482964326e+00	1.550485541952165924e+01	-1.824500288323143815e+00	-2.945417087279775004e+01
4.156313390684649001e+00	1.558205488389386595e+01	-1.832179091584320352e+00	-2.968105024411264736e+01
4.162596105843763716e+00	1.565496195282402070e+01	-1.821907956963753517e+00	-2.991425960128923123e+01
4.168881843141768684e+00	1.565739450614267803e+01	-1.801981436611157061e+00	-3.016078101408987777e+01
4.175162111073220217e+00	1.576334837626761498e+01	-1.840564195929420110e+00	-3.035491437996293485e+01
4.181448573417560155e+00	1.578575345859761470e+01	-1.782466517462598432e+00	-3.067812387792324813e+01
4.187738782464171194e+00	1.587743866632287570e+01	-1.782019144543970590e+00	-3.092217915762298119e+01
4.194017437180169061e+00	1.590559063077113500e+01	-1.761136743713266783e+00	-3.119742690720029898e+01
4.200293572701767175e+00	1.593553955382641085e+01	-1.741852205728269487e+00	-3.140476379068387658e+01
4.206580195481546269e+00	1.602629214866103879e+01	-1.741818658876335579e+00	-3.167092669732871002e+01
4.212860644652220543e+00	1.605702528670529361e+01	-1.679875309731410526e+00	-3.207616028069985958e+01
4.219138153430114002e+00	1.618712632047928679e+01	-1.783340586699166730e+00	-3.214716095839134624e+01
4.225426162098283811e+00	1.620280201109475726e+01	-1.697243586529588955e+00	-3.248553112606467863e+01
4.231713506719782636e+00	1.628830696421483282e+01	-1.792094836433816951e+00	-3.266470754311723113e+01
4.237990056577191744e+00	1.636812594615609129e+01	-1.759887640128964703e+00	-3.295496864008492821e+01
4.244267783646744618e+00	1.634941581032160585e+01	-1.624652161394486871e+00	-3.340530984587591234e+01
4.250560660182562955e+00	1.646691213520000119e+01	-1.710175458560834860e+00	-3.348092509823501928e+01
4.256847734842668096e+00	1.652684000199485936e+01	-1.608857093234569380e+00	-3.395706580109642658e+01
4.263127100734456221e+00	1.660086325082925995e+01	-1.664404576425335902e+00	-3.407237235085585070e+01
4.269406860432507500e+00	1.664825892575799315e+01	-1.648443003070714230e+00	-3.438530765418026647e+01
4.275691671482192646e+00	1.669578945170219697e+01	-1.588373394224510182e+00	-3.474380230332519659e+01
4.281972414189518794e+00	1.681112419408742653e+01	-1.621462481626530838e+00	-3.502396041230431223e+01
4.288253516806755705e+00	1.684245659507179482e+01	-1.605048629542214833e+00	-3.527175873562261188e+01
4.294540520160492925e+00	1.689282155486360892e+01	-1.602273883178929381e+00	-3.551520656926307851e+01
4.300825742921731809e+00	1.696712159963080069e+01	-1.548602711061420889e+00	-3.590484675251506275e+01
4.307109835491901961e+00	1.705745863719230471e+01	-1.496722829965344559e+00	-3.632196502714381836e+01
4.313390926478413157e+00	1.718064318298618076e+01	-1.619345684090716331e+00	-3.644788831080477820e+01
4.319667979480563247e+00	1.712310892943224871e+01	-1.470510054342501594e+00	-3.685514628497063683e+01
4.325952598143786076e+00	1.729236932594081821e+01	-1.616911412259234515e+00	-3.696052728732437487e+01
4.332241647035422361e+00	1.731861360834354358e+01	-1.494587672518973287e+00	-3.749196479314513653e+01
4.338524445619096781e+00	1.739714121955883996e+01	-1.498215330245800114e+00	-3.769449411753736001e+01
4.344809348131129845e+00	1.747726034957220520e+01	-1.463092911831287646e+00	-3.812819497419371828e+01
4.351090699193166600e+00	1.748905681327821426e+01	-1.419121287625583427e+00	-3.846903027671108788e+01
4.357369710808320029e+00	1.761658330156163643e+01	-1.481832316624696944e+00	-3.866310319209380708e+01
4.363659348967174445e+00	1.756236916762621902e+01	-1.428050947381176661e+00	-3.887036911409657591e+01
4.369947418280990981e+00	1.770016616980741375e+01	-1.394448421764217461e+00	-3.932658673939876337e+01
4.376226569265827315e+00	1.773634412973845187e+01	-1.392803339511319294e+00	-3.962695062719573968e+01
4.382499356631129217e+00	1.782578158150094438e+01	-1.280945028903357263e+00	-4.020015058080887371e+01
4.388784975178015024e+00	1.791322098340744873e+01	-1.361160454301221678e+00	-4.035311891021355990e+01
4.395068696309480494e+00	1.790422678507103882e+01	-1.261248047911206482e+00	-4.081318364662330112e+01
4.401347962382031298e+00	1.801451403787215710e+01	-1.300468991522758300e+00	-4.097603327264181416e+01
4.407628405096517099e+00	1.804343249304257668e+01	-1.224479461589432994e+00	-4.150590476965027165e+01
4.413915862185140426e+00	1.816252844601028471e+01	-1.241031272862245016e+00	-4.189839936854827585e+01
4.420203163534264235e+00	1.820665479395799480e+01	-1.266881196203986537e+00	-4.214386091706664672e+01
4.426480311003382795e+00	1.812492594691433112e+01	-1.035752011584037069e+00	-4.280093369421983596e+01
4.432765973643649104e+00	1.834940551138222631e+01	-1.256098688619881942e+00	-4.278223632256170816e+01
4.439053392023870614e+00	1.828289635300396654e+01	-1.019273934210582322e+00	-4.347885599983685978e+01
4.445336141335588742e+00	1.844479088943838363e+01	-1.153848656244557791e+00	-4.371561603983045785e+01
4.451617241414883352e+00	1.841836557256815254e+01	-9.645345766053990966e-01	-4.428029170635988976e+01
4.457901500730311106e+00	1.845990827390257039e+01	-9.516976002600811002e-01	-4.471283948772060057e+01
4.464189501093017043e+00	1.857715493377822114e+01	-1.024762340253793980e+00	-4.493859688844621303e+01
4.470470197548729985e+00	1.849037604044491445e+01	-9.049071910587906942e-01	-4.542492394914886944e+01
4.476748044268524573e+00	1.863896220087248068e+01	-9.582513224624399362e-01	-4.567779953597525378e+01
4.483035990164653484e+00	1.858550957648723667e+01	-7.391407511183282208e-01	-4.642189790596582810e+01
4.489323331650528104e+00	1.870363306578784446e+01	-7.887009527390035357e-01	-4.676354580312692377e+01
4.495599111667934800e+00	1.869030274368735078e+01	-7.480894882105068033e-01	-4.721598406173324491e+01
4.501870922878794090e+00	1.866192338863137934e+01	-5.419642232774499746e-01	-4.786418752328616222e+01
4.508155162877705457e+00	1.876651353398602495e+01	-7.008726026323914837e-01	-4.795974094017560674e+01
4.514446451153479423e+00	1.872097203934830745e+01	-4.483694700767505981e-01	-4.882870276010135058e+01
4.520723894043856994e+00	1.876820884291612046e+01	-5.147309433998245032e-01	-4.910935581230341285e+01
4.527003782460155890e+00	1.873552692629157690e+01	-3.726871192381889797e-01	-4.973709706620110893e+01
4.533293086610313161e+00	1.874547260763703349e+01	-3.946181576238162458e-01	-5.013449841952094488e+01
4.539578989864040182e+00	1.871803496202115369e+01	-2.376062303610174675e-01	-5.065664158295532360e+01
4.545857164866476730e+00	1.867230424437026670e+01	-1.462433145334457174e-01	-5.120526273676821205e+01
4.552138955546025656e+00	1.868021799211014056e+01	-8.793646253361757370e-02	-5.174873225701349355e+01
4.558432046889146605e+00	1.868605803012874844e+01	-3.196729040148300893e-02	-5.223844947782782100e+01
4.564713463378488711e+00	1.867955995691606219e+01	-3.598397169258621409e-02	-5.256809744481809332e+01
4.570987274133244682e+00	1.876558277885933634e+01	-8.736898685910370055e-02	-5.303448858358720486e+01
4.577274818151045643e+00	1.874545226713578572e+01	-1.760898453841418547e-03	-5.340038125671323854e+01
4.583563263889338657e+00	1.878188704759597272e+01	-3.933355876181546251e-02	-5.377156917005522985e+01
4.589844917004465508e+00	1.882963870528853079e+01	5.336625411432750071e-02	-5.425729367855428364e+01
4.596126259982004747e+00	1.888594099695306028e+01	4.578196885020000689e-02	-5.473251017586771638e+01
4.602409075598298926e+00	1.891375452668515322e+01	1.833305810635845606e-02	-5.505623410345311441e+01
4.608696634867644804e+00	1.903516080074765782e+01	5.466474914652959954e-02	-5.557797116028856976e+01
4.614977646498861219e+00	1.897365880215741996e+01	4.827878686606438402e-02	-5.574282687437980854e+01
4.621258953029527383e+00	1.914748968278040309e+01	5.772502044006442429e-02	-5.647944402675592102e+01
4.627547993978874175e+00	1.910386582428370872e+01	4.386521182508817951e-02	-5.657363732771960230e+01
4.633830152730579854e+00	1.921200317638164634e+01	1.566529613841228163e-03	-5.704881399363264194e+01
4.640104005367354567e+00	1.922908958885272668e+01	4.206495486180106963e-02	-5.731776009804710981e+01
4.646382060386754276e+00	1.925388006342829783e+01	-2.852099072437800503e-02	-5.757394595155871997e+01
4.652674213731970987e+00	1.936570993715840672e+01	2.413845708133802170e-02	-5.817518735731835022e+01
4.658958291796220230e+00	1.941814385416997624e+01	3.078398631851160527e-02	-5.853153041707395943e+01
4.665233615070169648e+00	1.959975950142753476e+01	6.194146389368952038e-02	-5.932835136765312711e+01
4.671520675710307380e+00	1.953217600018381006e+01	3.670100523847915491e-02	-5.927910381692570496e+01
4.677814351732177300e+00	1.961272389698469709e+01	9.902390170052363747e-04	-5.966535977093013798e+01
4.684093699744638073e+00	1.973131208728602104e+01	5.595210337449214172e-02	-6.030869951132920903e+01
4.690368661472568590e+00	1.976100328963457997e+01	4.917785490173115504e-02	-6.057409494464047839e+01
4.696663270746453733e+00	1.982321389636996400e+01	9.906628018965932259e-02	-6.103622248168559139e+01
4.702945459248681459e+00	1.989502894863769811e+01	4.869707814750744851e-02	-6.136081565327729237e+01
4.709209170841929470e+00	2.005032466001441449e+01	-3.335557213781521757e-02	-6.188857324859620945e+01
4.715491634753063543e+00	2.009879063072489203e+01	6.048046386496219035e-02	-6.234648274091431119e+01
4.721784316284933780e+00	2.023203696221595749e+01	5.718072166799791078e-02	-6.294051255825115732e+01
4.728063062331094635e+00	2.022373573532092550e+01	-4.810840720172520485e-02	-6.291799727127298070e+01
4.734337423381671073e+00	2.039447223831958311e+01	6.972788472149750449e-02	-6.375929396174191766e+01
4.740627024094544062e+00	2.043822382856013320e+01	7.015053960466983984e-02	-6.408798897110420967e+01
4.746914995664547554e+00	2.045096206709457221e+01	5.156178827206240461e-02	-6.426590160811191765e+01
4.753194740071086777e+00	2.060905268709138127e+01	4.011019724062746955e-02	-6.490333768567143125e+01
4.759478891864783456e+00	2.068069726737407166e+01	4.640229979210745009e-02	-6.531979391158026260e+01
4.765762396877359031e+00	2.071207457412432618e+01	-4.781337839368053622e-02	-6.546110197671342235e+01
4.772049481246195768e+00	2.079646334605433822e+01	2.926263285815043982e-02	-6.592376234166822258e+01
4.778335091022592351e+00	2.093537995651512063e+01	-1.196764671784550892e-02	-6.645060869477441656e+01
4.784610831402393849e+00	2.107008988413534922e+01	3.251703371201600593e-03	-6.707218478290208452e+01
4.790907306208476157e+00	2.114388189763494097e+01	4.955225240600606013e-03	-6.744764428133854040e+01
4.797204047706418173e+00	2.131171908674476967e+01	2.539924918909661905e-02	-6.814881008257528094e+01
4.803470827697504220e+00	2.139754036805329562e+01	6.441979616237805163e-03	-6.856156855063420608e+01
4.809748850577324042e+00	2.137528548656106508e+01	6.196830543370227679e-02	-6.871892071119492584e+01
4.816045316586602176e+00	2.153525669230259609e+01	1.454501004126841981e-02	-6.930422982549062283e+01
4.822329240673497885e+00	2.166316367274768595e+01	2.723356252961510460e-02	-6.986476009473521742e+01
4.828596758226470165e+00	2.168701090991470792e+01	-3.332923422804163344e-02	-7.000340117515271743e+01
4.834890332961369275e+00	2.184372972278882230e+01	-1.439015708189334691e-02	-7.069445404952405454e+01
4.841191655056394261e+00	2.192547215988481568e+01	1.638334005991216175e-02	-7.112327606007211500e+01
4.847460407468000554e+00	2.209029596821995867e+01	5.841549975988440113e-02	-7.180434906218513902e+01
4.853732128521334843e+00	2.225277469601668656e+01	1.049145660935397670e-02	-7.239454586906143163e+01
4.860029138783373170e+00	2.226733540931784461e+01	1.087689960883365774e-02	-7.260471848036152664e+01
4.866314601732018019e+00	2.230919650734914228e+01	-6.284517810126476201e-02	-7.278731518761011898e+01
4.872587026269203925e+00	2.257984231022479094e+01	1.907771633543263803e-02	-7.383080570173689239e+01
4.878874221748241702e+00	2.258968890220910808e+01	-4.190326432264886852e-02	-7.396975521723931024e+01
4.885171078138658807e+00	2.269883441239697319e+01	5.750172348217632429e-02	-7.455734673375862087e+01
4.891450629931857641e+00	2.293459810881963890e+01	1.054563163339850701e-02	-7.535550070405243162e+01
4.897716482750221978e+00	2.304896446610181115e+01	-2.143719059080245043e-02	-7.580688988645515280e+01
4.904002834596266069e+00	2.298877657676074548e+01	8.869370026179154015e-03	-7.583490901344096358e+01
4.910295858205786068e+00	2.332280506709803802e+01	-4.047482656790015593e-02	-7.696399970956200320e+01
4.916575188115905881e+00	2.336654058212524987e+01	6.001233136114440814e-02	-7.730659056543782981e+01
4.922847946197084212e+00	2.351855823301167092e+01	1.297171627245143413e-02	-7.788045083641563338e+01
4.929131667457151700e+00	2.379229312969851051e+01	2.609029799440016478e-02	-7.892206941773977746e+01
4.935434460144239033e+00	2.394380415184546962e+01	-1.276947869058038185e-02	-7.945053119033305222e+01
4.941718513303545279e+00	2.378655102110970887e+01	-5.853999367500079334e-03	-7.907947395381516742e+01
4.947978624761803168e+00	2.403824148989970766e+01	8.862568159707392632e-03	-8.005670138657639257e+01
4.954274999209829389e+00	2.429422124698725227e+01	-1.177739198275450615e-02	-8.094849165480108866e+01
4.960571094729937514e+00	2.437764720515976435e+01	-2.457279775445054756e-02	-8.133862400338816201e+01
4.966823207626954506e+00	2.449306986972247202e+01	4.674173037949663767e-02	-8.191909714082969174e+01
4.973097418390337587e+00	2.457611752625968649e+01	-3.402130419421071222e-02	-8.218239550495702872e+01
4.979415129936382023e+00	2.478735770753187850e+01	8.481855785433345396e-02	-8.316392143181197127e+01
4.985702082330368157e+00	2.506034380166801867e+01	1.253664710478711967e-02	-8.406323052647790917e+01
4.991949985828016523e+00	2.521873628926695687e+01	5.410402805857533054e-02	-8.473208755330041697e+01
4.998241586316924057e+00	2.531456626722209080e+01	4.555421633157125116e-02	-8.515466386074947991e+01
5.004556635606089543e+00	2.537712720132473621e+01	-2.554017979076849201e-02	-8.536228771356992695e+01
5.010828655701208945e+00	2.569229404161619001e+01	2.917756351197898015e-02	-8.658650527875838065e+01
5.017077229702536556e+00	2.593737799367398367e+01	3.751649212909094998e-03	-8.747205745275955735e+01
5.023374414758113637e+00	2.603496030802469718e+01	-5.252731416857549934e-02	-8.784380194528490904e+01
5.029688873569548413e+00	2.620854611940635337e+01	4.686440324627450665e-02	-8.862445863218184172e+01
5.035958413584124216e+00	2.622370268385146019e+01	-3.988247615841390703e-02	-8.862976652605630079e+01
5.042232667658486989e+00	2.642517576962930193e+01	5.892845044243645060e-03	-8.950930030864670073e+01
5.048528755870775875e+00	2.674374617623700701e+01	6.604288002852165551e-02	-9.072130219086857039e+01
5.054821121427484520e+00	2.692038802558618471e+01	-2.009406392941417638e-02	-9.129364032279831065e+01
5.061069509814582368e+00	2.707479520354595692e+01	-3.943655357650893180e-03	-9.193401144928206747e+01
5.067347812754101177e+00	2.726252109206580343e+01	3.596372130618076535e-02	-9.270044744811946202e+01
5.073675050630431116e+00	2.754321232281144916e+01	1.369611195679199499e-02	-9.373346484613159646e+01
5.079945928388977627e+00	2.763277004123882818e+01	-8.585240040817863905e-03	-9.408449631093179732e+01
5.086192992546071601e+00	2.780325499026650604e+01	-2.421917334396879451e-02	-9.468598138399019604e+01
5.092484128970163226e+00	2.798016963662459489e+01	-5.905679293114503986e-02	-9.539128374619600947e+01
5.098802924706086870e+00	2.796409551960528006e+01	2.463311961742326028e-02	-9.549537068065400547e+01
5.105078217426394005e+00	2.850625218793326354e+01	4.529819091211975679e-02	-9.742883673577109960e+01
5.111325076574067872e+00	2.885006581938029768e+01	-4.411666224444681789e-02	-9.856873964240610064e+01
5.117628358851224135e+00	2.882280416804329093e+01	-2.439149230683927694e-02	-9.859291404283300153e+01
5.123935939383525984e+00	2.924697196859931481e+01	3.296548630137644161e-03	-1.001410730361799466e+02
5.130199176325612065e+00	2.944227258105043887e+01	2.743892644315997636e-02	-1.008798920475431657e+02
5.136469985878846956e+00	2.937043839018637570e+01	1.854185650337032698e-02	-1.007598437569982366e+02
5.142797788696348071e+00	2.993100974620364596e+01	-1.100141767384646765e-02	-1.026850943365678575e+02
5.149090378043822192e+00	3.026797628319759426e+01	3.978704902303010355e-02	-1.039597846629800699e+02
5.155289879840074363e+00	3.045522107889022578e+01	-1.490866757965065605e-02	-1.045942195687140099e+02
5.161564521234301317e+00	3.045920072667569301e+01	4.588174471340116553e-04	-1.047489720417778045e+02
5.167916673496016244e+00	3.081650415260128284e+01	1.618016755371914916e-02	-1.060428236767393884e+02
5.174205974602950064e+00	3.109169564772453498e+01	8.392087645484665182e-03	-1.070078267013987841e+02
5.180434820793812456e+00	3.123971739754239252e+01	-1.598615633292572525e-03	-1.075858700067020095e+02
5.186729096569634656e+00	3.155077978326471566e+01	-4.344724277287108360e-02	-1.087184776674215385e+02
5.193058481037780894e+00	3.202766256728512673e+01	1.854191919388937723e-02	-1.104796920903048090e+02
5.199319511444338460e+00	3.223945703834507270e+01	-1.443750698561666913e-02	-1.112007368087090668e+02
5.205574295584361799e+00	3.221604270378232826e+01	-3.009925124318597531e-02	-1.111850504584367343e+02
5.211894977074066126e+00	3.280832713412018364e+01	-2.233066162236488350e-02	-1.133148877025404175e+02
5.218201708336958511e+00	3.330353794732508277e+01	2.598124861514527692e-02	-1.151057531007056411e+02
5.224411911780083351e+00	3.284639468660004979e+01	2.154640153460977287e-02	-1.135758468348174972e+02
5.230677632666463239e+00	3.386186725977339051e+01	1.102456674812870088e-02	-1.171560324357129019e+02
5.237056729559757429e+00	3.383439916193707120e+01	9.364262008200106846e-02	-1.172083758523488655e+02
5.243336785035660697e+00	3.417527523666564093e+01	5.017366901322486972e-02	-1.183759608445548110e+02
5.249493476178225038e+00	3.468197254444056910e+01	-8.821312993891803483e-03	-1.201114182074549888e+02
5.255787017738318134e+00	3.519084325580766404e+01	2.713085072843187708e-03	-1.219853300857042768e+02
5.262205327426889845e+00	3.600349116520556692e+01	-2.400403504660996584e-02	-1.248048709466278865e+02
5.268477758348532269e+00	3.540879179314016767e+01	2.567131887235342066e-02	-1.228540906950355946e+02
5.274632213654732560e+00	3.609136025462490238e+01	-5.535822566174395699e-03	-1.252119643954772670e+02
5.280950543314659740e+00	3.640709344585461338e+01	2.544478714268036401e-03	-1.264161692416265339e+02
5.287327645024750389e+00	3.691213575864561847e+01	-8.378916587172924313e-02	-1.280900472690484548e+02
5.293582359180156516e+00	3.694146457738639100e+01	1.053201406654414307e-01	-1.284248641321792945e+02
5.299789992649893478e+00	3.770098957175041932e+01	-8.274756171430829033e-02	-1.309444979738853192e+02
5.306111460381987222e+00	3.731946510455755117e+01	8.675212544310838270e-02	-1.298572201975173925e+02
5.312452717892129250e+00	3.839692130988244401e+01	-6.234576422200093643e-02	-1.334557817048374488e+02
5.318650122853046724e+00	3.888457469784820120e+01	-4.941727997844191922e-02	-1.351943855063549620e+02
5.324923043129819789e+00	3.908602716789549447e+01	-2.935424427477238002e-02	-1.360132073595912061e+02
5.331330237158205421e+00	3.925860456206184779e+01	1.707655167373810234e-02	-1.366912880630550546e+02
5.337586726886338617e+00	3.956059348988976154e+01	6.769142902337089984e-02	-1.378078984692967310e+02
5.343685192440848830e+00	3.997300941309443800e+01	9.574309405793555994e-02	-1.393161686637083960e+02
5.350070659715249199e+00	4.116370415537102190e+01	-2.824589624522438544e-02	-1.434279428867865249e+02
5.356556762554878226e+00	4.168544694351486868e+01	2.324986683882192609e-02	-1.453173082723659775e+02
5.362691868684501095e+00	4.197117821042169084e+01	6.788263384204848427e-02	-1.463735883923806398e+02
5.368769208912516966e+00	4.147089827591848632e+01	8.877594445810599311e-03	-1.445912778075170593e+02
5.375270137997677722e+00	4.284528209243240582e+01	3.368160817279736759e-03	-1.494582180747200653e+02
5.381769983045385786e+00	4.261943553249331273e+01	-6.419248112411138352e-02	-1.486312778827065131e+02
5.387701030372958222e+00	4.326241447631971226e+01	-9.461347849644241581e-02	-1.508415259951819110e+02
5.393786668001271600e+00	4.410056128451950030e+01	-2.417071774613877011e-02	-1.538752257484046879e+02
5.400446161099396569e+00	4.412564440085927941e+01	8.379373618784644040e-02	-1.541409218955313065e+02
5.406957063684501463e+00	4.416023264404640258e+01	-3.250053613659389506e-03	-1.542019810136722526e+02
5.412655672453426270e+00	4.530591676294150005e+01	-6.385024386476607222e-03	-1.581610659121785147e+02
5.418821279260546575e+00	4.614066325468576224e+01	-1.277606120530843103e-01	-1.610355603239285074e+02
5.425690594366304076e+00	4.675317567266142760e+01	1.591745687525444181e-02	-1.633651504847088347e+02
5.432217487502165376e+00	4.677965536353231357e+01	3.528248191946594531e-02	-1.634956053148476940e+02
5.437649811577258241e+00	4.818371033081626820e+01	2.071309388633673504e-02	-1.683502471299728427e+02
5.443914404015878006e+00	4.682272005558391470e+01	7.940642006736781111e-02	-1.637323062245012579e+02
5.450953501686320202e+00	4.829930096829988173e+01	-3.848240114209428540e-03	-1.688495024083950966e+02
5.457483690405861232e+00	4.862699242274201339e+01	-4.726566672180487760e-02	-1.699661640114448460e+02
5.462715250135157241e+00	4.965470300161187822e+01	2.521926714923529433e-02	-1.736087518589513934e+02
5.469033575551323523e+00	4.996970603338601791e+01	2.162386124538423493e-02	-1.747632284368408193e+02
5.476177730420278778e+00	5.067431970917814255e+01	-9.216376545972480849e-02	-1.771373848213719668e+02
5.482708935702562236e+00	5.371284682212603201e+01	-8.519489218518136453e-02	-1.877953702306748482e+02
5.487722405008360838e+00	4.836408477483050916e+01	1.800853358112974520e-02	-1.691661237872365291e+02
5.494194284996126498e+00	4.931576392271345810e+01	2.147321046315365731e-02	-1.725407612807644284e+02
5.501391471009256406e+00	5.420420856478236260e+01	3.742332453588277652e-02	-1.896743349282405688e+02
5.507128202673079009e+00	5.604820853636840639e+01	4.686112283199438816e-02	-1.961521792370164974e+02
5.512278020050448646e+00	5.197294678091055431e+01	-5.297161829301019753e-02	-1.817984382930715412e+02
5.519395563377015534e+00	5.445699148758546215e+01	9.512479970343712399e-03	-1.905673120100441622e+02
5.526598678609708770e+00	5.644365814887410693e+01	-7.535067305222099658e-03	-1.975114413822174413e+02
5.532162682462509196e+00	6.225598013060077562e+01	-8.051930037753463054e-02	-2.177872662980031464e+02
5.537397124017139127e+00	5.883549490534760196e+01	4.164896493474083694e-02	-2.059465761434257729e+02
5.544582756485218589e+00	6.090020413038431712e+01	-5.138374462039685397e-02	-2.130849485854733700e+02
5.551739327507637434e+00	6.378151270433727404e+01	-4.717946281191138375e-02	-2.231799068070554313e+02
5.557493306674907707e+00	5.741055418828881329e+01	3.792481097655272387e-02	-2.009706308645550052e+02
5.562281709102816940e+00	7.103419189358535846e+01	-6.466156934437364279e-02	-2.485512671764608683e+02
5.569272720323164449e+00	5.870887368319532129e+01	-7.268936551405709434e-02	-2.054076757358677980e+02
