8.899641224696953554e-03	9.699224724699584476e+04	6.668865072122856873e+03	-2.302942245430492330e+05
1.507912216506557788e-02	1.090371000323093613e+05	1.134353311719967169e+05	-3.835562277238813840e+04
2.144790186456836667e-02	5.758869563717594428e+04	5.395504714518041874e+04	-2.999465096959239963e+04
2.783660776489276650e-02	3.144093703886671574e+04	2.150485568509241784e+04	-1.818794904757410904e+03
3.435099785803411021e-02	2.655912911609376897e+04	2.913059268536061427e+04	1.372044448492180709e+04
4.047886761425745911e-02	2.266634968117142853e+04	1.989580102225863811e+04	1.782742610264281029e+04
4.676716683575679601e-02	1.851500158339831250e+04	1.147490715570567409e+04	-4.056430274193185596e+03
5.308225101765951665e-02	1.763699444802557264e+04	1.150467513148175567e+04	-2.236440602154272710e+03
5.945362440940590160e-02	1.553031068572307777e+04	1.189553976655309270e+04	1.069798665491082602e+03
6.576224814588792211e-02	1.413741507116962566e+04	1.143907013471061873e+04	1.158111827993712041e+03
7.196632906698736953e-02	1.010929580920937588e+04	6.442578459058480803e+03	-1.297469732208918458e+03
7.827860915688347743e-02	8.497692280962088262e+03	6.746431840334274966e+03	1.583292803634717671e+01
8.470398945834539672e-02	7.099889952862623431e+03	4.800072317469256632e+03	1.106825624893051327e+03
9.096854620527369817e-02	6.812421119247701427e+03	5.378383732813441384e+03	5.775208890066264757e+02
9.720789776830213169e-02	6.181930273727743952e+03	4.634404065432573589e+03	4.931276049321700725e+02
1.034763038959366499e-01	5.926022071863261772e+03	4.227124715652314080e+03	6.349296411916863008e+02
1.097576444254559219e-01	5.485083766399708111e+03	3.049012173373529549e+03	-4.051166640628168238e+02
1.160543084780093354e-01	4.768529904755636380e+03	3.079438015794074090e+03	3.872521309908163971e+02
1.223669666537485351e-01	4.187983469499385137e+03	2.866205645702304537e+03	4.623476942539274432e+02
1.286817263090294094e-01	3.711826327091889198e+03	2.534430214239279849e+03	1.339906029516109811e+02
1.349500801664080818e-01	3.489567055433346923e+03	2.804520390790564761e+03	1.069719222473882610e+03
1.411949558842147678e-01	3.131428150730234847e+03	2.104099329906438015e+03	1.052315302991522401e+02
1.475133575747468451e-01	3.043074048388717529e+03	1.902249318875535664e+03	1.541090245571692208e+02
1.537865074252268427e-01	2.752369719142071972e+03	1.734430522750417595e+03	1.757304765613741040e+02
1.600657544051110326e-01	2.635934129991126611e+03	1.655052354788193270e+03	3.507978876895785447e+02
1.663991168687080635e-01	2.446167721067877210e+03	1.658712415816994735e+03	4.446068670612739311e+02
1.727195645776442856e-01	2.227695829320397934e+03	1.365659382117614996e+03	3.045570029544011845e+02
1.789765213377084718e-01	2.081501763912412571e+03	1.141372439815768303e+03	3.803866369762951649e+02
1.852353690647852158e-01	1.913470809852955654e+03	1.108523067663556958e+03	2.013915786043420439e+02
1.914806787341157279e-01	1.788596138694530737e+03	1.103863576815588203e+03	1.130168958316222785e+02
1.977889868651535599e-01	1.645541922901759108e+03	8.585587231444944791e+02	1.055053573620414227e+02
2.040937735447724277e-01	1.580729499394640470e+03	8.961437826467952164e+02	3.102467625128251143e+02
2.103939302609846018e-01	1.493024389022257992e+03	7.653731478406466522e+02	2.675004348227420792e+02
2.166909709822301688e-01	1.413840789016647250e+03	7.395725133032044596e+02	1.969548877758198557e+02
2.229700281216152047e-01	1.329627549378920094e+03	6.163889694427451786e+02	2.457405548840714573e+02
2.292620027086341994e-01	1.240685370051011660e+03	5.346521524793703293e+02	1.343771082703846673e+02
2.355141508366812297e-01	1.166037344903083294e+03	5.503635986568144745e+02	2.786223836900940114e+02
2.417910583817859116e-01	1.103460848525333176e+03	5.074443379937607688e+02	2.404228673224187389e+02
2.480856539439619257e-01	1.061680549182711957e+03	4.401836411458732528e+02	1.369849143127871116e+02
2.543492256872954549e-01	9.993147381600930430e+02	4.162878073651473869e+02	1.668159148364711655e+02
2.606334251884805386e-01	9.619425688475133711e+02	3.856474498490535439e+02	1.645197574476967475e+02
2.669257370896960802e-01	9.101894747581549154e+02	3.327755559432760037e+02	1.481478719583742247e+02
2.732423343141155980e-01	8.494958275817856475e+02	2.915512306660593822e+02	1.807914640358859515e+02
2.795529680084415936e-01	8.112304893130904020e+02	2.812088367390430790e+02	1.832795580773271809e+02
2.858366292314493129e-01	7.737897922489628399e+02	2.323013708922850356e+02	7.222510774037718306e+01
2.920876271394311496e-01	7.420901924762525823e+02	2.460770716777535370e+02	1.601294320828961020e+02
2.983449844439822751e-01	7.184390174027450939e+02	1.942600791038592263e+02	1.597002554717387284e+02
3.046382639407197446e-01	6.765210419733037952e+02	1.762735009968065754e+02	1.572105479656949285e+02
3.109279127003197196e-01	6.509657023227223362e+02	1.355935033026403005e+02	1.488626146178994532e+02
3.172168171618398036e-01	6.157291502526414888e+02	1.305941130956202301e+02	1.389667226300299774e+02
3.235187567944423082e-01	5.963159288070326056e+02	1.402924301237629550e+02	1.469073972102557093e+02
3.298168217550395687e-01	5.712460186032888032e+02	1.086703968320318552e+02	1.404020292972433310e+02
3.361176429457156667e-01	5.487239113802430666e+02	1.044730788028924593e+02	1.456761869879928213e+02
3.423700375709273769e-01	5.193020156052459697e+02	7.832578410456305562e+01	1.464658206671670939e+02
3.486478192666269682e-01	5.074946272525871223e+02	7.046236048368682248e+01	1.109131930984495540e+02
3.549411614411318028e-01	4.805113194116208319e+02	5.156833411219890451e+01	1.278228731156537066e+02
3.611916935421040642e-01	4.664360790062601154e+02	6.054814276697334208e+01	1.657491807773985784e+02
3.674767089563572564e-01	4.407043740892506776e+02	3.739964966244004785e+01	1.265338413186590856e+02
3.737647795277591056e-01	4.278901103589558375e+02	2.801846306868478464e+01	1.432063267591457247e+02
3.800654031475132477e-01	4.073538606872601804e+02	2.408791028436082371e+01	1.070266550763843298e+02
3.863539861259823738e-01	3.984163484229454184e+02	1.763222200752572988e+01	1.167344294912657290e+02
3.926140181364449755e-01	3.813234433600322291e+02	4.233978478204218909e+00	1.145358709237845574e+02
3.989264500321934581e-01	3.677934917558614529e+02	3.248740090740804831e+00	1.240566888378386068e+02
4.052073244576828714e-01	3.542882768502815907e+02	-9.844437912711917704e+00	1.115656391692312610e+02
4.114916477570477182e-01	3.392707749923151823e+02	-8.063678212816698831e+00	1.113541320821334608e+02
4.177814272116491257e-01	3.319627303974035613e+02	-1.805835904949234916e+01	1.189170030431149883e+02
4.240400648725131116e-01	3.191158263799408701e+02	-2.725786139105959194e+01	1.075022759488968944e+02
4.303425690270192283e-01	3.109853968691995192e+02	-3.471178357140370707e+01	1.208623303580186672e+02
4.366358560255625965e-01	2.989459708100357602e+02	-3.170871669497144651e+01	1.160518321934027028e+02
4.428996183220763605e-01	2.843907958937689955e+02	-3.111020854133003510e+01	1.118692475017470827e+02
4.491634418529859563e-01	2.814255740660470337e+02	-3.755296366227008775e+01	1.084808141633602787e+02
4.554414146254732731e-01	2.708364821249862189e+02	-4.353069252943951994e+01	1.117294808078008543e+02
4.617634470301058558e-01	2.615235263267265964e+02	-4.708274800981101293e+01	1.145980889130522371e+02
4.680644242023710433e-01	2.556304316836992143e+02	-5.025951397885003047e+01	1.121183800798788326e+02
4.743485242764365895e-01	2.481153366195477474e+02	-5.356264620317468683e+01	1.078080585883274978e+02
4.806356136815400082e-01	2.389536818367141962e+02	-5.345993700622117473e+01	1.022608485158460212e+02
4.869019258388697646e-01	2.310896403249856803e+02	-5.598301816643288475e+01	1.033479577249127601e+02
4.931697099599955947e-01	2.246437663875940132e+02	-5.660676562249079069e+01	1.032642806664204755e+02
4.994506747144535908e-01	2.176427547825367697e+02	-5.822013388287209068e+01	1.005688432177927041e+02
5.057159051335421429e-01	2.123840048702881518e+02	-5.970333637784295178e+01	1.038389933621487273e+02
5.119923996268095356e-01	2.048319562641115112e+02	-6.406883827614788629e+01	1.040291046902332255e+02
5.183126097768406826e-01	1.997303571317218882e+02	-6.679992683411086318e+01	9.841695521371043753e+01
5.246089638029100000e-01	1.930434749650052026e+02	-6.623870999389606595e+01	9.904010387545436345e+01
5.308757308483337267e-01	1.880811563954745793e+02	-6.624658416647301351e+01	9.527722401348748349e+01
5.371573527946726934e-01	1.842563191143167955e+02	-6.723418182093614348e+01	9.015965558625947551e+01
5.434579563783791256e-01	1.785983763971929363e+02	-6.817150079292869691e+01	9.738321133748232228e+01
5.497430652392217842e-01	1.723238367341438675e+02	-6.855397801785626655e+01	8.926207797296109447e+01
5.559937427501778773e-01	1.690039569350697093e+02	-6.800471569104016112e+01	9.614485366467543770e+01
5.622854676609657654e-01	1.652417360903386054e+02	-6.874601778121390794e+01	9.498885421240264293e+01
5.686011537227265711e-01	1.607906577423023009e+02	-6.869186975152712193e+01	9.430448754706225145e+01
5.748804589422079614e-01	1.571693498521737240e+02	-7.229811569142789551e+01	9.378224407438582944e+01
5.811550210340560296e-01	1.524675320286591216e+02	-6.994935766183735382e+01	8.880897882002351196e+01
5.874394496660968468e-01	1.480627545684227186e+02	-7.094058862974225121e+01	8.885852512157202909e+01
5.937176220296899176e-01	1.455265860214219344e+02	-7.112258827566745367e+01	8.942227974304027782e+01
5.999971954793682505e-01	1.417351945837813503e+02	-6.966036152130035930e+01	8.676105810872975610e+01
6.062679115124277596e-01	1.386379295470993611e+02	-7.047884016624867343e+01	8.901794315354402443e+01
6.125469576444534381e-01	1.345812726166628011e+02	-6.985895330052879615e+01	8.671769086045415520e+01
6.188477733041515272e-01	1.305688668278360467e+02	-6.986140185762599231e+01	8.539751283934526782e+01
6.251310567437898813e-01	1.290500941200087652e+02	-7.159351979156949142e+01	8.664921244576879644e+01
6.314027450383210560e-01	1.254403362853110195e+02	-7.159482948645216993e+01	8.388500529597142474e+01
6.377003562732055375e-01	1.216362720484874274e+02	-7.018373650360241811e+01	8.180419422983673883e+01
6.439857783314556494e-01	1.195880012150147564e+02	-7.137750417785544244e+01	8.404966081189280658e+01
6.502685417166111925e-01	1.166148107723740139e+02	-7.005753100346227313e+01	8.207579033041388072e+01
6.565586117699038216e-01	1.138597685437365072e+02	-7.163854410165178876e+01	8.021691517674493355e+01
6.628369282359254377e-01	1.109685100545610936e+02	-6.832962562632904735e+01	7.702950806066343148e+01
6.691185444962194362e-01	1.085030535408412931e+02	-6.879818688095097912e+01	7.972035402876204557e+01
6.754070198575605755e-01	1.064637649640952191e+02	-6.906420568091616019e+01	7.880853421666604675e+01
6.816835514593204692e-01	1.037037299443022818e+02	-6.678535493985678784e+01	7.587160324773905984e+01
6.879592533861698112e-01	1.018287626915064834e+02	-6.837995240650273843e+01	7.681936411326650216e+01
6.942344317039531587e-01	9.973020090045697827e+01	-6.878826337327295448e+01	7.774552255406206314e+01
7.005175402434737908e-01	9.784382947240133888e+01	-6.709436528626378049e+01	7.620031933031009430e+01
7.068124956608716758e-01	9.541898000248039580e+01	-6.747961069496808761e+01	7.677204235501906737e+01
7.131019009674921527e-01	9.359442483240978561e+01	-6.681994168888753904e+01	7.293722418406187558e+01
7.193918251171427247e-01	9.219836159597609537e+01	-6.744138324121720984e+01	7.408571401406116763e+01
7.256833807598113140e-01	8.982787228636620114e+01	-6.540458100012357079e+01	7.279754056705081666e+01
7.319652682709349989e-01	8.818384252092373288e+01	-6.659143204536964333e+01	7.240989928670546760e+01
7.382507990484923344e-01	8.643711370344578881e+01	-6.421546570891231909e+01	7.190943773098341296e+01
7.445265842115937893e-01	8.475437595998748463e+01	-6.435169357756733177e+01	7.025222713441948486e+01
7.507871101942712455e-01	8.342097297838904524e+01	-6.573939941532744058e+01	7.155204743865759554e+01
7.570758465316046459e-01	8.136782998425564983e+01	-6.297203567445814798e+01	6.834587096152228014e+01
7.633641233600957365e-01	7.998293632635878225e+01	-6.365188597511979651e+01	6.929278563436275817e+01
7.696462959862266917e-01	7.855364248227857615e+01	-6.228909531990451143e+01	6.818306530193966353e+01
7.759394865175414102e-01	7.696949224024616854e+01	-6.233665532653520103e+01	6.653888153377971548e+01
7.822329141989586843e-01	7.544900345928448360e+01	-6.184393142747038041e+01	6.829526607627722967e+01
7.885314936520240181e-01	7.403681287980660386e+01	-6.169881139975480977e+01	6.643862718997327477e+01
7.947896566979522071e-01	7.258199788850049572e+01	-5.982851226517368559e+01	6.380905334157833408e+01
8.010491096592354809e-01	7.141859147230793781e+01	-6.046422785934710475e+01	6.521719251485022539e+01
8.073364061727361651e-01	7.059633752463626877e+01	-6.106509950929739006e+01	6.555538399157704532e+01
8.136229488373866170e-01	6.946006923803159339e+01	-6.066301274678557576e+01	6.458258113717340620e+01
8.199152998961036776e-01	6.776595230663637892e+01	-5.943117366269621016e+01	6.505657079930361419e+01
8.261952636392789762e-01	6.654508472455313495e+01	-5.868018356358616927e+01	6.331077220644450421e+01
8.324897070080405914e-01	6.572911245710970718e+01	-5.913322366146546472e+01	6.370489620206618753e+01
8.387959309210778480e-01	6.445942575715083933e+01	-5.771319774073104725e+01	6.254533913891968666e+01
8.450634639703045181e-01	6.310885273663175354e+01	-5.702087050243579824e+01	6.161642125310263651e+01
8.513282867562648182e-01	6.230954619135516026e+01	-5.720120434306129198e+01	6.149992767411972494e+01
8.576198263902009566e-01	6.110793639009161637e+01	-5.614597523080106356e+01	6.071591074689675338e+01
8.639058477062415697e-01	6.045527375514969037e+01	-5.649583331934965003e+01	6.109400704125094705e+01
8.701838745487597837e-01	5.940171217343087307e+01	-5.602870895041085930e+01	6.075466706768204972e+01
8.764641096075268534e-01	5.794558991165091300e+01	-5.446862472633685570e+01	5.915350349873279612e+01
8.827503873399735745e-01	5.750729799990180169e+01	-5.477026624162169810e+01	5.978171689450485360e+01
8.890332768393869323e-01	5.612982101417609471e+01	-5.427887854690236935e+01	5.881443153559553139e+01
8.953084247113127780e-01	5.534832285588264966e+01	-5.345454722347066934e+01	5.765157771957790089e+01
9.015956521667095602e-01	5.426147274128257436e+01	-5.290227826204809247e+01	5.656876051812255923e+01
9.078833328094829680e-01	5.361842398626438921e+01	-5.271691322464850060e+01	5.745766376028501554e+01
9.141744106319863450e-01	5.284426684323447887e+01	-5.249354779426779061e+01	5.694272715512954619e+01
9.204630817717615043e-01	5.189279200074836496e+01	-5.141536275877812301e+01	5.596254432137176593e+01
9.267434415264711456e-01	5.123639523768560622e+01	-5.097089409954552508e+01	5.540535778535402045e+01
9.330324197354928906e-01	5.064623252839591316e+01	-5.080004517377488327e+01	5.531320080367591885e+01
9.393265785573878812e-01	5.010852410368969601e+01	-5.120769976119186850e+01	5.632230120205077384e+01
9.455974810398196650e-01	4.932597252033719570e+01	-5.068748347009364608e+01	5.588960120256551534e+01
9.518660018545171964e-01	4.851387361437318901e+01	-4.951999215731969883e+01	5.455779144115196289e+01
9.581413255531838757e-01	4.751992202860422765e+01	-4.861024817024990341e+01	5.366905721872502966e+01
9.644350945109106954e-01	4.677624458377712102e+01	-4.832203054728272207e+01	5.332439486051780619e+01
9.707355633568249820e-01	4.624537181560481969e+01	-4.784954839736944621e+01	5.268667369029058989e+01
9.770080768450029041e-01	4.561434583799339748e+01	-4.802270182937319731e+01	5.325494448224376498e+01
9.832823325363413414e-01	4.497477959625953048e+01	-4.698839676282842248e+01	5.169765398762037734e+01
9.895569691966674686e-01	4.455878098338056503e+01	-4.717506106571391911e+01	5.233069828748462982e+01
9.958456301921106979e-01	4.350684123378092494e+01	-4.557957975207267509e+01	5.047577697405696995e+01
1.002136210743837408e+00	4.287170813908081612e+01	-4.560750760866620368e+01	5.048394351305142891e+01
1.008404825335135424e+00	4.222794456236199068e+01	-4.502042665458070303e+01	4.981751190179027589e+01
1.014694149836243398e+00	4.186050483024062885e+01	-4.473068897853749348e+01	5.025137293815592443e+01
1.020992555437297167e+00	4.150264380388414764e+01	-4.499369800640590000e+01	5.035414677089430313e+01
1.027273980437394485e+00	4.070050412185127442e+01	-4.397909148261461354e+01	4.919333328902310143e+01
1.033559181896017254e+00	3.999846849600351106e+01	-4.300645920335708183e+01	4.834805453127299302e+01
1.039847557392594934e+00	3.962812941723899485e+01	-4.299610848829948395e+01	4.847479784547756054e+01
1.046126974943305088e+00	3.912346505523068885e+01	-4.281054568445564712e+01	4.821963164565988791e+01
1.052403436811028659e+00	3.885004048769427243e+01	-4.269344427676640663e+01	4.823182165011056810e+01
1.058680704651608684e+00	3.826811437187905085e+01	-4.207255856717559794e+01	4.788470739715537405e+01
1.064964333065789193e+00	3.765090101005827705e+01	-4.168265801305194884e+01	4.709143151776653724e+01
1.071256777440835473e+00	3.716449460151010697e+01	-4.087897087062168566e+01	4.717342607330652982e+01
1.077544048801078125e+00	3.655632214736195351e+01	-4.042695955039702937e+01	4.569799792746697165e+01
1.083824820188043603e+00	3.630884138103048997e+01	-4.030027016327578337e+01	4.622322120086266750e+01
1.090108023942816695e+00	3.565894244482643671e+01	-3.930885801814608271e+01	4.510709478063779443e+01
1.096389665956643222e+00	3.551224644754523041e+01	-3.970185096271054448e+01	4.568402638511898317e+01
1.102681132058841440e+00	3.515625584418207694e+01	-3.955123887683767947e+01	4.555674829117953806e+01
1.108963047594879958e+00	3.473048224220345759e+01	-3.930326329300832811e+01	4.538123384675659366e+01
1.115225428463759272e+00	3.415846915072540213e+01	-3.841939570877155319e+01	4.474266247378411521e+01
1.121502127614767863e+00	3.371571914947970328e+01	-3.792236103129274483e+01	4.437096707381692795e+01
1.127792573824792033e+00	3.331641731037012732e+01	-3.766947217743476273e+01	4.400417934678448972e+01
1.134089552668382961e+00	3.305964826888870789e+01	-3.752714291386936196e+01	4.365540386602701517e+01
1.140364049650405942e+00	3.250897881592337058e+01	-3.660934143502247196e+01	4.309802968040317950e+01
1.146639180320979445e+00	3.218467805669485671e+01	-3.642454103361578888e+01	4.294545581803379264e+01
1.152942412991649901e+00	3.203724413385532443e+01	-3.642274296839999437e+01	4.313166343420516569e+01
1.159228906751078814e+00	3.136247265135933660e+01	-3.565870206407958420e+01	4.202280920574531820e+01
1.165508721887268173e+00	3.124886819695675300e+01	-3.550583618828117238e+01	4.232666960569523695e+01
1.171793076256210320e+00	3.099108128727295153e+01	-3.562576227479978286e+01	4.255567890406684484e+01
1.178087436369658958e+00	3.053058092133683132e+01	-3.498303598953702220e+01	4.190769470135469277e+01
1.184367654251526902e+00	3.027139769617427234e+01	-3.480559359569203792e+01	4.145398046048539697e+01
1.190634642299266632e+00	2.978697451930088747e+01	-3.414179599557486711e+01	4.112675205037332660e+01
1.196912208834400859e+00	2.948725093561391120e+01	-3.383899951442773357e+01	4.079176924775661917e+01
1.203201577354146234e+00	2.924438799045152848e+01	-3.339925928135010480e+01	4.068149817617859298e+01
1.209486844441705733e+00	2.899463084143301472e+01	-3.354413249285538967e+01	4.056626308054807595e+01
1.215763902074809888e+00	2.860037003504365316e+01	-3.279626827686222157e+01	4.014047578036358743e+01
1.222049755171146668e+00	2.806137888159590688e+01	-3.194657284909143158e+01	3.912107325555513171e+01
1.228340616621486969e+00	2.805484041036367060e+01	-3.223940838915871154e+01	3.963468812959018805e+01
1.234632986576932767e+00	2.772113156832728365e+01	-3.192814605008638651e+01	3.942521114347763245e+01
1.240902247176856488e+00	2.750426135513852444e+01	-3.173599840905888669e+01	3.940998546752084053e+01
1.247174839144687519e+00	2.717455901529090312e+01	-3.130875720138539009e+01	3.857568299182974414e+01
1.253465459933442272e+00	2.710971310591303407e+01	-3.140296548207326310e+01	3.883763100792697287e+01
1.259749951892178421e+00	2.672515044137792017e+01	-3.085337019963097305e+01	3.831900224526172138e+01
1.266032143127253873e+00	2.643865424103631767e+01	-3.051652261762978569e+01	3.803698892465616410e+01
1.272316288472006507e+00	2.617799073516306052e+01	-3.003886136278015684e+01	3.750794736820240871e+01
1.278604155058621350e+00	2.588065789917599702e+01	-2.969545689375796726e+01	3.729564361665374861e+01
1.284886588933593865e+00	2.578022792020678366e+01	-2.982897378547136924e+01	3.773482921289208036e+01
1.291175420066583257e+00	2.530360496415167049e+01	-2.900525512755292468e+01	3.665077097153199048e+01
1.297465726373772332e+00	2.513947061598191723e+01	-2.877670116312876658e+01	3.670339508803286321e+01
1.303741827011944299e+00	2.497645682578506410e+01	-2.865652305725798854e+01	3.655720667888402176e+01
1.310017322922761851e+00	2.487738622689739643e+01	-2.857673347887399373e+01	3.668449393664948843e+01
1.316301447662886703e+00	2.454482127228178712e+01	-2.807181351439483308e+01	3.605837664052506142e+01
1.322586760363303249e+00	2.433476348687778312e+01	-2.791114480655798857e+01	3.595296294639104673e+01
1.328865492452874664e+00	2.410786214024530238e+01	-2.760399185641285058e+01	3.557297402748177717e+01
1.335144804954555564e+00	2.404454899933271150e+01	-2.771819412513734093e+01	3.574316250770525727e+01
1.341440516272275119e+00	2.374780036369876868e+01	-2.723999079600404372e+01	3.542482868323329370e+01
1.347730868417094552e+00	2.346337461378826816e+01	-2.680591944360459067e+01	3.495336951501952427e+01
1.354001589994877630e+00	2.339428575399853472e+01	-2.682261174556411021e+01	3.501506961983836419e+01
1.360282609297778444e+00	2.311261881879076441e+01	-2.635512987805178042e+01	3.454596750073690714e+01
1.366565686457597906e+00	2.292429267365204737e+01	-2.623023649710244243e+01	3.448955438164933440e+01
1.372851498482432708e+00	2.265143165153877192e+01	-2.578200348805573583e+01	3.394264983402960212e+01
1.379135372929401804e+00	2.265486465462358012e+01	-2.581537297772030826e+01	3.429513950401377542e+01
1.385409567149057164e+00	2.246284486394877788e+01	-2.555483497256828684e+01	3.391250781644226464e+01
1.391698641219299315e+00	2.223039968121438292e+01	-2.523274124260962736e+01	3.366611818792129185e+01
1.397984451439470810e+00	2.201519170259616232e+01	-2.499728846704535457e+01	3.349587614982505102e+01
1.404267883409181961e+00	2.194899098386307301e+01	-2.492781117579878725e+01	3.338613012899068622e+01
1.410554779484869181e+00	2.166798798008352733e+01	-2.451713793222240056e+01	3.294929530305587662e+01
1.416837833547465397e+00	2.147781193198663630e+01	-2.416573273694146806e+01	3.267327025801504448e+01
1.423118177187137068e+00	2.124827149141539806e+01	-2.373867995322344271e+01	3.205867333543164932e+01
1.429397801164240089e+00	2.113695207832750711e+01	-2.368825450443967640e+01	3.200281512851223908e+01
1.435686921822787232e+00	2.108070296500783414e+01	-2.372607034383680613e+01	3.239626253630040509e+01
1.441977121769299597e+00	2.101157596189896992e+01	-2.378611368711878171e+01	3.220141571459918595e+01
1.448253667853332427e+00	2.076677374874074999e+01	-2.330564700156458002e+01	3.199605839768717175e+01
1.454532348972172651e+00	2.055490536966619075e+01	-2.304464889377984704e+01	3.156257908979929283e+01
1.460819319151879903e+00	2.055482255168755046e+01	-2.309955443613364423e+01	3.170633105627265635e+01
1.467110364402026468e+00	2.038514754675743390e+01	-2.277890690899125659e+01	3.140192100129198138e+01
1.473392908948962132e+00	2.019806554138714461e+01	-2.255817540382790298e+01	3.104037239495356104e+01
1.479669965243598950e+00	2.008627313099311706e+01	-2.243416969156107399e+01	3.110154735732787046e+01
1.485956144602843532e+00	1.991841782077436207e+01	-2.215842659299480388e+01	3.062990863935414154e+01
1.492233610763115115e+00	1.976431037273118818e+01	-2.189510036886538913e+01	3.049536842974164230e+01
1.498502470379980078e+00	1.957135835674526092e+01	-2.172078293183612274e+01	3.018643830553888208e+01
1.504785752051182701e+00	1.952602944880685598e+01	-2.164704369402031858e+01	3.026356469863364751e+01
1.511075991894575976e+00	1.934999525138701770e+01	-2.133870906701856640e+01	2.980615278082317943e+01
1.517361634985162189e+00	1.937425441194871567e+01	-2.146028279851826426e+01	3.017877506607070615e+01
1.523648570969130533e+00	1.915774510030492550e+01	-2.107016070485268600e+01	2.965176108214328821e+01
1.529938035715892264e+00	1.904247152623954875e+01	-2.086080472927585561e+01	2.954170960321502193e+01
1.536230176913891965e+00	1.899254373245479854e+01	-2.100905314099947319e+01	2.957055422595656324e+01
1.542510718779388279e+00	1.882973894887790678e+01	-2.066717404011080461e+01	2.931720545591944571e+01
1.548783963082980275e+00	1.873282546322844411e+01	-2.057786246093193228e+01	2.911624838914592317e+01
1.555073069779651318e+00	1.856149052485161377e+01	-2.026441458973153331e+01	2.875129131855677755e+01
1.561357324927233892e+00	1.851490415866781092e+01	-2.023425473712410394e+01	2.872092991600304757e+01
1.567629121053141006e+00	1.836858080554770467e+01	-2.000491795014854901e+01	2.841889987769489423e+01
1.573913697404382583e+00	1.824304349553025872e+01	-1.986656144455611184e+01	2.832212159787652439e+01
1.580203545230874029e+00	1.817507748116443622e+01	-1.970873010833528483e+01	2.824822259573760519e+01
1.586485393434537983e+00	1.806827302446092176e+01	-1.962283094010383167e+01	2.804503331849513614e+01
1.592760014263005841e+00	1.796702785971127980e+01	-1.950079068768182111e+01	2.791394548703796374e+01
1.599046436394670812e+00	1.794501214542240319e+01	-1.963517471943504589e+01	2.806725174404234124e+01
1.605342136637478934e+00	1.780674474863150181e+01	-1.923872559361581480e+01	2.775694122943287923e+01
1.611619860919608627e+00	1.772577868517506161e+01	-1.928147767698147774e+01	2.764583170639726717e+01
1.617897597081673799e+00	1.761317205584898460e+01	-1.899134183610782856e+01	2.736174117459107435e+01
1.624183235481122756e+00	1.748187656224612496e+01	-1.872449923583668507e+01	2.698726937768254430e+01
1.630464598531913722e+00	1.745134511346534012e+01	-1.884483056963032155e+01	2.718328184106789891e+01
1.636748985747638274e+00	1.729790707286153406e+01	-1.852819982799323384e+01	2.676537503448001942e+01
1.643030923698886259e+00	1.736139447174375405e+01	-1.869888245897787726e+01	2.709844093070154969e+01
1.649309176648513064e+00	1.718059861424608670e+01	-1.838999314459462298e+01	2.660552291396585289e+01
1.655593633940351861e+00	1.711217897212113570e+01	-1.835622326391883874e+01	2.650640327747116132e+01
1.661879571405086464e+00	1.696430244271549626e+01	-1.802054649996713565e+01	2.624724108076408768e+01
1.668169361685170271e+00	1.690853985711743590e+01	-1.801713703223227014e+01	2.610454197531998588e+01
1.674450151530487485e+00	1.683865113166633520e+01	-1.779775169729692053e+01	2.613661462044577988e+01
1.680722718978495900e+00	1.680512083652097033e+01	-1.785710432758887478e+01	2.599716617111193173e+01
1.687013891340952476e+00	1.666985103119267819e+01	-1.758752980943033606e+01	2.575777198462269624e+01
1.693308984907921033e+00	1.659787152662555698e+01	-1.748361078923148071e+01	2.559480041105364378e+01
1.699582147428448486e+00	1.650994143523354296e+01	-1.742733702195907597e+01	2.531313433618414166e+01
1.705863747055134105e+00	1.644009876144856364e+01	-1.724842356584772674e+01	2.520454610821559172e+01
1.712154434283889470e+00	1.640172676527144091e+01	-1.719158088875598978e+01	2.528342511207668508e+01
1.718438381579399321e+00	1.637092576270934075e+01	-1.716904277683396884e+01	2.524955942356955418e+01
1.724721264464063930e+00	1.627006742225205116e+01	-1.702324950971215500e+01	2.491659774271955641e+01
1.730997441276920679e+00	1.622137437292048645e+01	-1.697191569745413986e+01	2.486167192572456841e+01
1.737287073528269499e+00	1.613434157028847338e+01	-1.678036916013629209e+01	2.464215698999165483e+01
1.743567991878527401e+00	1.602712752556060494e+01	-1.661830042420238129e+01	2.437655055905696244e+01
1.749840680212231048e+00	1.604638254630838645e+01	-1.674407762221446561e+01	2.453526651570796346e+01
1.756128549091961144e+00	1.592650560359517797e+01	-1.649849893359496988e+01	2.423174069386530860e+01
1.762413535324792502e+00	1.587188344157725872e+01	-1.643797180783818135e+01	2.409768490724188794e+01
1.768696187669963837e+00	1.575860494836808634e+01	-1.623852503302764205e+01	2.397017355427916740e+01
1.774979359379055266e+00	1.573876838923793819e+01	-1.619521769688515533e+01	2.390658995378373675e+01
1.781265555576432957e+00	1.569903001890919292e+01	-1.617596969456477041e+01	2.375249431884244444e+01
1.787549427830244619e+00	1.562982702630709930e+01	-1.609244591859713580e+01	2.366622136064808757e+01
1.793834120011633004e+00	1.560550371178359796e+01	-1.601996059078214074e+01	2.353313160235886770e+01
1.800115051552487300e+00	1.552620056800632575e+01	-1.582305997605033099e+01	2.338667559555830877e+01
1.806393904854530330e+00	1.550078081910792882e+01	-1.588134952670923816e+01	2.330108062197707852e+01
1.812674089667083432e+00	1.540338501547419980e+01	-1.575733005592187475e+01	2.314192002413748028e+01
1.818956920109354058e+00	1.536690571552269802e+01	-1.564016022927316918e+01	2.304478048018371084e+01
1.825244164118212220e+00	1.534057317108924856e+01	-1.567640913626058108e+01	2.296945887578058176e+01
1.831527256642196955e+00	1.526822832828841925e+01	-1.547474756488492886e+01	2.283776255567672919e+01
1.837811294935716599e+00	1.520967336768157097e+01	-1.537705833394470289e+01	2.269463440762405781e+01
1.844100717411196744e+00	1.509643053305181581e+01	-1.519404653628508584e+01	2.249068591232272496e+01
1.850384816792487230e+00	1.514781693219743985e+01	-1.527923235825499937e+01	2.250727025242401425e+01
1.856666059735203822e+00	1.510292049945662818e+01	-1.531100097641665414e+01	2.249083376424243497e+01
1.862947728675613979e+00	1.501814244494048545e+01	-1.512059760147144694e+01	2.220159063372629760e+01
1.869229324466858078e+00	1.503762309965087951e+01	-1.519196153336101851e+01	2.233112529650828648e+01
1.875517616802973686e+00	1.490836600147513913e+01	-1.490823777285896945e+01	2.191447928581452231e+01
1.881800769033795229e+00	1.489007118547996988e+01	-1.501483633849023747e+01	2.184220701904950701e+01
1.888078863416442710e+00	1.482330597302998854e+01	-1.485115861839845408e+01	2.176516266957366952e+01
1.894353975182237582e+00	1.482479497147007663e+01	-1.481289243424747859e+01	2.175033279458553537e+01
1.900642716154182565e+00	1.479031903056539043e+01	-1.471065187299191201e+01	2.166294044798798879e+01
1.906933494748685121e+00	1.474602257725661580e+01	-1.469477038413741532e+01	2.153658628756883431e+01
1.913207568676573933e+00	1.472859128303784537e+01	-1.475243283229148261e+01	2.156140026183463831e+01
1.919490884732178992e+00	1.460916066072089059e+01	-1.445017359448979555e+01	2.121188214331652588e+01
1.925776855684274480e+00	1.450307017636911056e+01	-1.415629113852421028e+01	2.087503179687717392e+01
1.932064452961978152e+00	1.458657237987951483e+01	-1.443622681403846109e+01	2.112510277081896248e+01
1.938342610030488800e+00	1.448313487893714324e+01	-1.421909426906992735e+01	2.084172552640808362e+01
1.944618341543410178e+00	1.450467790694012926e+01	-1.424474490671752669e+01	2.080555076717761409e+01
1.950906260203513876e+00	1.440567752523011613e+01	-1.411027926470461580e+01	2.062480539068867813e+01
1.957194556613796488e+00	1.439330039437222197e+01	-1.411504196925948662e+01	2.062091354956195488e+01
1.963479614559011432e+00	1.436349617235396003e+01	-1.398097129997996468e+01	2.043587983726219193e+01
1.969760361532916226e+00	1.427699911449893300e+01	-1.380893359873745396e+01	2.024997970542488801e+01
1.976048367034604736e+00	1.424960534248939936e+01	-1.376046754865613408e+01	2.019112225829591623e+01
1.982337990217652335e+00	1.419884360645235688e+01	-1.368536580045454798e+01	2.001213881170114561e+01
1.988617489259562721e+00	1.418120777147920464e+01	-1.369035762131374767e+01	1.999072684628142227e+01
1.994896320665194178e+00	1.411425762240702753e+01	-1.360244673770931279e+01	1.978122209063219117e+01
2.001179596222827151e+00	1.413873073571222960e+01	-1.362203323164937707e+01	1.983936050189980449e+01
2.007459756923499761e+00	1.412524434113786320e+01	-1.361069002352782320e+01	1.979581257886223256e+01
2.013737397779169935e+00	1.407080682248322034e+01	-1.347749971321073303e+01	1.962861600619349645e+01
2.020017234677497164e+00	1.401842714201285922e+01	-1.335064198267142110e+01	1.945618809500142987e+01
2.026310251015072783e+00	1.401563040121539494e+01	-1.339326204913322904e+01	1.947650714657771331e+01
2.032600542948020284e+00	1.395047484131765358e+01	-1.321341496138714255e+01	1.930212403521345976e+01
2.038873863192099289e+00	1.397143704178564505e+01	-1.331451255369857201e+01	1.928031999399181373e+01
2.045154087821675404e+00	1.390385709052801566e+01	-1.319014294763663209e+01	1.907862401945169495e+01
2.051444704514288730e+00	1.393393200727680359e+01	-1.329724729089698343e+01	1.921640987959053248e+01
2.057730430280644729e+00	1.383256609614349486e+01	-1.304295324040780990e+01	1.886451239567295346e+01
2.064013940455224461e+00	1.382092488222897408e+01	-1.297392537510036981e+01	1.883919584491756538e+01
2.070299891179459895e+00	1.374665599834920648e+01	-1.288888848367039941e+01	1.866813826406568566e+01
2.076589719964883951e+00	1.370914917550200407e+01	-1.281045696306025938e+01	1.855586369060372576e+01
2.082865483794470673e+00	1.371026504527380219e+01	-1.287650182664829757e+01	1.852513647706989275e+01
2.089134494859368640e+00	1.364542145385796346e+01	-1.270361181467301392e+01	1.829919814673131029e+01
2.095424211360070288e+00	1.369859453759335643e+01	-1.275795633431377496e+01	1.837875418192992072e+01
2.101707116664804254e+00	1.362010578406682093e+01	-1.263003625799531981e+01	1.820200777157906202e+01
2.107986473933564309e+00	1.361369145701756267e+01	-1.260521386673561395e+01	1.813074596552145579e+01
2.114271806543862375e+00	1.359441189948622331e+01	-1.256007376120596142e+01	1.808653625411315247e+01
2.120552717288892275e+00	1.351118734083921424e+01	-1.239373557144884330e+01	1.783135784806162860e+01
2.126836933207161717e+00	1.350762579188613977e+01	-1.241338258622165291e+01	1.781512611844982530e+01
2.133122044791171845e+00	1.346149142893496098e+01	-1.225821180708423341e+01	1.770263650745050654e+01
2.139411711910842673e+00	1.344811529328405619e+01	-1.225369046870040357e+01	1.759263548761683538e+01
2.145697076775292089e+00	1.341084900322615781e+01	-1.211202946526196911e+01	1.743172451346355700e+01
2.151973548606471276e+00	1.339004883490238385e+01	-1.208349875362220338e+01	1.739590129430207455e+01
2.158259913555724108e+00	1.341094744511384462e+01	-1.217122348071445082e+01	1.747425494453046468e+01
2.164545396699105506e+00	1.335603801629777010e+01	-1.201497934862604211e+01	1.731919423549267734e+01
2.170830700377734068e+00	1.335114548523900702e+01	-1.203495860722443389e+01	1.728824848753932031e+01
2.177114138849150393e+00	1.330794194891950077e+01	-1.193478666501614249e+01	1.712860746776465959e+01
2.183387647576827018e+00	1.325693725878046614e+01	-1.183252029250227366e+01	1.696325221827366647e+01
2.189670273687676971e+00	1.324804721143737218e+01	-1.186235084091898528e+01	1.697899471877978783e+01
2.195960147934207463e+00	1.319933414853673170e+01	-1.176154317069812194e+01	1.682139674795779527e+01
2.202242556317716371e+00	1.320850846639332943e+01	-1.174816673140753309e+01	1.673413771047637510e+01
2.208521655981037668e+00	1.320718392151668930e+01	-1.171002953979427019e+01	1.676035878208145036e+01
2.214804637081333016e+00	1.315345284511501944e+01	-1.158721297683097795e+01	1.658438099139237920e+01
2.221092583349425276e+00	1.309705791879420822e+01	-1.151915276720312775e+01	1.639486660290449649e+01
2.227372893591468728e+00	1.309441695510847481e+01	-1.137902773399763134e+01	1.628748667466323496e+01
2.233657161144248171e+00	1.311719753276106459e+01	-1.151622958953520737e+01	1.639965793651969150e+01
2.239943485394438660e+00	1.302357809615248208e+01	-1.135869963679249040e+01	1.612950023145883804e+01
2.246224175264620815e+00	1.305273052703327785e+01	-1.135607926993105288e+01	1.621011218241548590e+01
2.252506378421252009e+00	1.302725867744771371e+01	-1.127856764967897085e+01	1.610093322798156379e+01
2.258783417054270437e+00	1.293364288046903887e+01	-1.113880634801681602e+01	1.583272790341060166e+01
2.265069077371457684e+00	1.295585941832795918e+01	-1.105725083834367517e+01	1.580115632900849754e+01
2.271350377044131452e+00	1.292881903529570131e+01	-1.107945684023831845e+01	1.583340983017906467e+01
2.277633995145353918e+00	1.290846670456238598e+01	-1.100725727301691670e+01	1.561674060113304208e+01
2.283922419579920149e+00	1.289348549724729232e+01	-1.099693080457044658e+01	1.561621783211196046e+01
2.290202874392252674e+00	1.285502037939564879e+01	-1.091775714561611466e+01	1.554944453134507043e+01
2.296490779970905560e+00	1.286459584916384635e+01	-1.092751624611959471e+01	1.545418856870524138e+01
2.302771769934229162e+00	1.281392304150502248e+01	-1.085785727477289520e+01	1.535757738982155374e+01
2.309051364164305564e+00	1.281985762534169737e+01	-1.078539377189654225e+01	1.531902685189728430e+01
2.315338502539088239e+00	1.282623060968930417e+01	-1.078731991221958708e+01	1.530659589138906362e+01
2.321627336503874428e+00	1.277099803583492310e+01	-1.066890463179891846e+01	1.516243869660066501e+01
2.327911878297218795e+00	1.276690833756124732e+01	-1.069110426650801493e+01	1.513097107255485341e+01
2.334186238580297168e+00	1.274566589894600988e+01	-1.061279119398128401e+01	1.511419286295249265e+01
2.340467971862688401e+00	1.271367000688524485e+01	-1.054674621540122281e+01	1.488604548928707416e+01
2.346756940970738725e+00	1.270717242226701948e+01	-1.053246455733271780e+01	1.491257725132954448e+01
2.353044444556199988e+00	1.272573097848970747e+01	-1.046525335547154967e+01	1.490055452951053283e+01
2.359327653314069906e+00	1.268614201946602726e+01	-1.043703578849443758e+01	1.482545623291569470e+01
2.365603048789861607e+00	1.264690283598492115e+01	-1.034012422358093630e+01	1.465433358937087149e+01
2.371885911737665165e+00	1.263652989115050396e+01	-1.030429634046613963e+01	1.463001527141689628e+01
2.378173303594019572e+00	1.262848804635684630e+01	-1.023952033272505524e+01	1.459036406509806660e+01
2.384454016539381271e+00	1.258991786385528400e+01	-1.019360118288855688e+01	1.448085694692711911e+01
2.390736447344785187e+00	1.256434433380619886e+01	-1.009706184459267142e+01	1.436001909587180769e+01
2.397014133897952259e+00	1.252985668125621643e+01	-1.003636723682070375e+01	1.418091213905225523e+01
2.403295490074321972e+00	1.255860658909099747e+01	-1.007342908629158984e+01	1.434597664416455487e+01
2.409585049672506862e+00	1.253153413368819180e+01	-9.978179431455926007e+00	1.418252289731632132e+01
2.415871703165322071e+00	1.251636450177565685e+01	-9.924916981710959263e+00	1.406405311992653573e+01
2.422160652369088840e+00	1.246804255180063059e+01	-9.801414944981271304e+00	1.391903739654009087e+01
2.428440167222748691e+00	1.248384677329161185e+01	-9.913419688713299038e+00	1.397844678866479384e+01
2.434717472383889803e+00	1.245566538252234778e+01	-9.807433049571187667e+00	1.387151683055344620e+01
2.441002456202044257e+00	1.246289758096228084e+01	-9.769993153662847263e+00	1.386809474666978304e+01
2.447289980304530488e+00	1.245953232581213577e+01	-9.745652516637836271e+00	1.385794962785516660e+01
2.453571844729242279e+00	1.243606002535041988e+01	-9.733638926193528107e+00	1.377145620598530584e+01
2.459852705114058846e+00	1.243649355576650173e+01	-9.642269451056620255e+00	1.368902336472657311e+01
2.466139233225018934e+00	1.240329362872635954e+01	-9.597628928512600410e+00	1.355604372705068350e+01
2.472421963421291391e+00	1.240385039874578332e+01	-9.605327896770022633e+00	1.358313933548272168e+01
2.478698519174224568e+00	1.236672139914472979e+01	-9.481711696203380058e+00	1.348363440629845300e+01
2.484980841400355800e+00	1.235725407341959681e+01	-9.477874951648464830e+00	1.339552058003177670e+01
2.491269319409339822e+00	1.233668411860402081e+01	-9.430085645064108846e+00	1.333776529625608021e+01
2.497548505139029373e+00	1.233420689687669203e+01	-9.369557846346376451e+00	1.328422602176586054e+01
2.503831667172610853e+00	1.232310950082088397e+01	-9.284018949368805451e+00	1.328263300144156922e+01
2.510117938323931153e+00	1.227671596607705062e+01	-9.235282558151249432e+00	1.311623211090273955e+01
2.516400733681277480e+00	1.226058626702177889e+01	-9.151698308641616819e+00	1.304767583377843287e+01
2.522688226833368130e+00	1.232126077353529858e+01	-9.231743597518754285e+00	1.315477918092003939e+01
2.528971695852665569e+00	1.225018461605871067e+01	-9.135543026736231198e+00	1.307229456285560865e+01
2.535252039407670299e+00	1.227463057108081124e+01	-9.132714484036887015e+00	1.299384801768201037e+01
2.541537514142774512e+00	1.224254791627445904e+01	-9.023795408481262825e+00	1.288661167559132714e+01
2.547823008847572179e+00	1.225055200211671469e+01	-9.036264717765163823e+00	1.286659247804934303e+01
2.554100666580690238e+00	1.225302102913123115e+01	-8.976836006777896060e+00	1.285364276242056469e+01
2.560376788884177301e+00	1.219661415526475778e+01	-8.871315749618814195e+00	1.270402244521432955e+01
2.566667521601497359e+00	1.222745221843647734e+01	-8.942042673290002242e+00	1.279888510546105529e+01
2.572955062237090473e+00	1.221763613915471502e+01	-8.918286056643522031e+00	1.269378659795184028e+01
2.579233771797999175e+00	1.219022220299520676e+01	-8.782241558159569195e+00	1.262570396709932297e+01
2.585520164300948220e+00	1.218083386496476805e+01	-8.730744280695127202e+00	1.261440933198510272e+01
2.591805130332431872e+00	1.220178605733886101e+01	-8.771062572478019348e+00	1.262973980435296184e+01
2.598084074692260881e+00	1.219042756888891432e+01	-8.695888608414776400e+00	1.258906523521526033e+01
2.604360404197643586e+00	1.212911532307476925e+01	-8.613641675695038913e+00	1.240342646277586880e+01
2.610647185140439142e+00	1.218337106064754138e+01	-8.653064180600798849e+00	1.251346999921765324e+01
2.616931864059273138e+00	1.215814124941221053e+01	-8.602788438794032544e+00	1.238855503783648260e+01
2.623206107911065565e+00	1.217665976308373210e+01	-8.586250003629393390e+00	1.238974284659555281e+01
2.629491626543270844e+00	1.215537228213789689e+01	-8.525913408211664546e+00	1.226995830694202638e+01
2.635778507982642349e+00	1.212327174138439112e+01	-8.415151155180936371e+00	1.226344914077566450e+01
2.642061039325260818e+00	1.212742027300784819e+01	-8.466139652885971145e+00	1.224179521166577267e+01
2.648343840729305843e+00	1.213089372109935482e+01	-8.452948282058608598e+00	1.230264974320341942e+01
2.654631838974855551e+00	1.212710267824676968e+01	-8.352715861509693696e+00	1.214243979568768417e+01
2.660919001246303761e+00	1.211912892518061824e+01	-8.284530296255640636e+00	1.207576095605364230e+01
2.667198525130066056e+00	1.211533383963262978e+01	-8.324253673551670119e+00	1.219183930508547675e+01
2.673484307038032526e+00	1.213678484050651640e+01	-8.315242829626061649e+00	1.215271757460064705e+01
2.679773388053849459e+00	1.213391663296653711e+01	-8.238198841039475084e+00	1.208762742029125370e+01
2.686058217632288692e+00	1.208686910043549467e+01	-8.153227456577667454e+00	1.193666102835369536e+01
2.692338738200057868e+00	1.210250444859011765e+01	-8.193399484912793795e+00	1.199344054636640422e+01
2.698618022887226964e+00	1.209248952592885651e+01	-8.151229045595645317e+00	1.191218183192882485e+01
2.704895450708277860e+00	1.209083893099546181e+01	-8.125980533589629573e+00	1.188111593494763341e+01
2.711175674923682166e+00	1.210040654896275925e+01	-8.082823547229109451e+00	1.187777284642387876e+01
2.717459832966957922e+00	1.209378235388179057e+01	-8.045860070912056017e+00	1.183013126729352038e+01
2.723745731959044569e+00	1.208259691496948207e+01	-7.957680764664644357e+00	1.180578517842080544e+01
2.730038414850594730e+00	1.207643640838813148e+01	-7.973793223806384667e+00	1.179720936028947342e+01
2.736317989800789441e+00	1.209140631407226252e+01	-7.929842041039408151e+00	1.179044065855146606e+01
2.742591858549239703e+00	1.211624811193669693e+01	-7.943142173732950617e+00	1.183221763868257170e+01
2.748879749010778362e+00	1.210030922557422706e+01	-7.903300489854235167e+00	1.175808426323159317e+01
2.755163403825859447e+00	1.207662974676263268e+01	-7.797577040868610254e+00	1.168792586017906920e+01
2.761446955625852073e+00	1.209905728544049452e+01	-7.772896060538267982e+00	1.166386488581219538e+01
2.767732088935374701e+00	1.210527705387793596e+01	-7.814270175461925483e+00	1.170445441236983442e+01
2.774015452421743966e+00	1.212493763287889692e+01	-7.806562111979167717e+00	1.165870238984791918e+01
2.780298635700591436e+00	1.210300990395868048e+01	-7.745014828365784254e+00	1.165161513993882458e+01
2.786577474762241380e+00	1.210607449753703513e+01	-7.677086126573077429e+00	1.157698356125916384e+01
2.792857983210164541e+00	1.215147512715584988e+01	-7.752533966739539650e+00	1.168372444879535799e+01
2.799143790920211483e+00	1.210021855186144535e+01	-7.655291831382941226e+00	1.156886915572358987e+01
2.805430058399325244e+00	1.212630347061807967e+01	-7.656869141464778927e+00	1.157912483708099494e+01
2.811715058209780072e+00	1.211056456660486091e+01	-7.558611027185932585e+00	1.157110371120924697e+01
2.817989272498773623e+00	1.211795402976078151e+01	-7.586766401185891517e+00	1.152235965113460381e+01
2.824269171595737760e+00	1.214386720877483050e+01	-7.546575304281771146e+00	1.156315009249260761e+01
2.830563016441804081e+00	1.215062299820940339e+01	-7.527949788825307742e+00	1.155257531730986287e+01
2.836848750951622034e+00	1.213254128422502376e+01	-7.490755890475315759e+00	1.148508223983244569e+01
2.843130027866129783e+00	1.216132970342239084e+01	-7.465981132407696563e+00	1.145722882396717779e+01
2.849413896912404986e+00	1.213847520353804654e+01	-7.427695270008932482e+00	1.150246357306761347e+01
2.855697464522425566e+00	1.218380106601348700e+01	-7.435965887645164862e+00	1.150612030226914406e+01
2.861978799810683594e+00	1.215647743301621375e+01	-7.373140510026071404e+00	1.147222833640771888e+01
2.868262469415629567e+00	1.216508695690364128e+01	-7.348143591281824705e+00	1.140666177408046167e+01
2.874547359206753860e+00	1.221266226026929402e+01	-7.365596470420860520e+00	1.157630211171155388e+01
2.880831111471525041e+00	1.219696195332378963e+01	-7.346519247827626664e+00	1.146963315821417062e+01
2.887113216972382546e+00	1.220512926001264020e+01	-7.307932242967869918e+00	1.151503527019284334e+01
2.893394504725182781e+00	1.221979044129393088e+01	-7.300698472782114479e+00	1.152600101404873456e+01
2.899673662137033592e+00	1.223687469295854768e+01	-7.325265900176251677e+00	1.150587038060239742e+01
2.905953958587380814e+00	1.225852579010888199e+01	-7.251557597580954528e+00	1.151812188075717280e+01
2.912241118105161064e+00	1.224728330343337745e+01	-7.259017259044590276e+00	1.153806421313631780e+01
2.918525996366671205e+00	1.226399475050527776e+01	-7.206993546164725650e+00	1.151846410791450026e+01
2.924809035425688819e+00	1.226801310072356443e+01	-7.176505206299387041e+00	1.150635887885796471e+01
2.931095916293684933e+00	1.227531960912731890e+01	-7.176857559136470499e+00	1.151883037943006016e+01
2.937378182606774413e+00	1.229348610379232909e+01	-7.137499440826641894e+00	1.152551591829867483e+01
2.943659980254369923e+00	1.231436435840615040e+01	-7.144859570787062353e+00	1.149864790324247821e+01
2.949946454403890250e+00	1.232440587186901482e+01	-7.143266108757441835e+00	1.158476231346907248e+01
2.956227653702202307e+00	1.234314596289762456e+01	-7.094836075272381137e+00	1.157439299647195341e+01
2.962510478867462993e+00	1.237323842318581590e+01	-7.139494539262974726e+00	1.162055630327685485e+01
2.968796535179442309e+00	1.237150603531706494e+01	-7.074913238842993835e+00	1.161319296131100387e+01
2.975077657376874907e+00	1.239965754169353040e+01	-7.112477625499218803e+00	1.168176638786101407e+01
2.981359866759223376e+00	1.240519728383062237e+01	-7.071972425756764657e+00	1.165996005935705071e+01
2.987646761575656562e+00	1.242748204649154431e+01	-7.017738279788467537e+00	1.167572076641437206e+01
2.993929038370399365e+00	1.246781587748170850e+01	-7.113912099983618731e+00	1.173042803067432160e+01
3.000206214840962726e+00	1.244843751718098623e+01	-6.992368998231834887e+00	1.164534669980002235e+01
3.006486172402415669e+00	1.249244386522251560e+01	-6.986398041047872987e+00	1.172386344903077848e+01
3.012769812211594456e+00	1.250404276371374834e+01	-7.000131197794957849e+00	1.177164817727535606e+01
3.019053144326170113e+00	1.254017224532546670e+01	-6.952735139224282435e+00	1.179022847848481881e+01
3.025337405144251424e+00	1.253782681097152718e+01	-6.968883638620967602e+00	1.176733235042722647e+01
3.031623734799107961e+00	1.255176715328554771e+01	-6.931685983561739484e+00	1.178329911095628901e+01
3.037908962055872575e+00	1.258818154411658696e+01	-6.921490357981618047e+00	1.188037783453144591e+01
3.044195067146031608e+00	1.261728582783636909e+01	-6.955061820658339222e+00	1.198387715767583117e+01
3.050475543482170426e+00	1.262873560736430001e+01	-6.896057337316908509e+00	1.189448571568515156e+01
3.056754954538277502e+00	1.266191938335627221e+01	-6.895966217076781923e+00	1.202978620865838977e+01
3.063040539557494668e+00	1.270410705188167988e+01	-6.892121153948678192e+00	1.208436683550588597e+01
3.069323699454357346e+00	1.272234943578801669e+01	-6.944043881769873749e+00	1.211361334848543159e+01
3.075610692642898769e+00	1.272741193614891486e+01	-6.898675907016584397e+00	1.210945478626968708e+01
3.081893798009918584e+00	1.278039131543963514e+01	-6.952472689234763692e+00	1.218029644961086966e+01
3.088174549548037717e+00	1.279733988045061110e+01	-6.905359763910757565e+00	1.221467191417266918e+01
3.094458635632868493e+00	1.282368870641194114e+01	-6.906653861204796740e+00	1.227454086628648788e+01
3.100743982931558840e+00	1.285791659540690723e+01	-6.874281563939113937e+00	1.230426318414875198e+01
3.107028111748448396e+00	1.287739096474547829e+01	-6.849512247353666261e+00	1.230867900809894522e+01
3.113309299655494300e+00	1.291448422315590605e+01	-6.914848432308593473e+00	1.239533700766923374e+01
3.119590662867241626e+00	1.294626813883301608e+01	-6.881920353910251364e+00	1.243711721966190353e+01
3.125874006820172912e+00	1.299333382525863811e+01	-6.975295797018510768e+00	1.259572073564955552e+01
3.132159251154602586e+00	1.301533359234855070e+01	-6.925134458300037821e+00	1.253501565476790702e+01
3.138439172765940643e+00	1.303920298689354595e+01	-6.852648912487433464e+00	1.264316118766626218e+01
3.144723867719826593e+00	1.310935604088008333e+01	-6.910013071109123217e+00	1.269445056474313027e+01
3.151003951258561031e+00	1.310672959847342689e+01	-6.870525332496526083e+00	1.271750499133070811e+01
3.157283664131563139e+00	1.317733547779487679e+01	-6.917917769645261394e+00	1.292409065823173897e+01
3.163569317183839935e+00	1.320695609245329294e+01	-6.903020475661223010e+00	1.285289060262458705e+01
3.169851661717792091e+00	1.321108846018788086e+01	-6.915797218226519050e+00	1.288924648403796347e+01
3.176137704316093657e+00	1.327558043226636286e+01	-6.949712888307236547e+00	1.303140091417639290e+01
3.182420924828643916e+00	1.330913384311151582e+01	-6.931727013660328396e+00	1.301306682383999735e+01
3.188702811875577581e+00	1.336066105833767459e+01	-6.913120002639780104e+00	1.313541116592005409e+01
3.194990520008989865e+00	1.338959292009999480e+01	-6.960578033132371445e+00	1.326102060093388779e+01
3.201275324656983834e+00	1.343349089861135504e+01	-6.929179518366893831e+00	1.330019372102683306e+01
3.207551352179861759e+00	1.347415473424587518e+01	-6.959780741495165124e+00	1.338424607846593695e+01
3.213835216737041645e+00	1.350913893276642064e+01	-6.969971844345086431e+00	1.342784557145845525e+01
3.220122579819103770e+00	1.347386088692615758e+01	-6.759278006025514429e+00	1.310711278277432967e+01
3.226406606618656525e+00	1.333248743837997274e+01	-6.458598757897219045e+00	1.222905340707706578e+01
3.232687390085645429e+00	1.325766086697015567e+01	-6.247563120755103228e+00	1.147284190411211213e+01
3.238969121280456331e+00	1.316933423448235629e+01	-5.977206237476533346e+00	1.081873402025440356e+01
3.245254751548589667e+00	1.310944771876881632e+01	-5.769378621152475795e+00	1.019118595837007568e+01
3.251534499036136783e+00	1.306783248051619850e+01	-5.609504295353412218e+00	9.648215552054550059e+00
3.257817780791052442e+00	1.297143114985684598e+01	-5.417805012389130148e+00	9.019141488287122144e+00
3.264102164154097263e+00	1.295990895046335467e+01	-5.355891810090805727e+00	8.493703645800746216e+00
3.270384152138468892e+00	1.290412537512938229e+01	-5.220170331585430645e+00	7.968219673364125732e+00
3.276669427476867735e+00	1.286284581448602893e+01	-5.076804633651305743e+00	7.452475635961236300e+00
3.282954688864507808e+00	1.283116182358387825e+01	-5.001682320450113295e+00	6.901832019453714828e+00
3.289237200334947264e+00	1.279937156419436306e+01	-4.906805924441098199e+00	6.433632517359182401e+00
3.295519587088236779e+00	1.274790690960021067e+01	-4.741153785694401712e+00	5.978556235896832938e+00
3.301805977329951958e+00	1.272429765168854665e+01	-4.641979866226573215e+00	5.498017872619890056e+00
3.308087486222440088e+00	1.271138887136597795e+01	-4.567729224384335929e+00	5.046403098735608772e+00
3.314367630234227313e+00	1.268624122161530998e+01	-4.523944652374644271e+00	4.608360708368478775e+00
3.320651909732194262e+00	1.266538517081644777e+01	-4.368028623384478060e+00	4.222024395437702360e+00
3.326931260376857047e+00	1.265163057226239829e+01	-4.364592922318685453e+00	3.801394147036301518e+00
3.333216512447217728e+00	1.262870477452121953e+01	-4.277750834289271609e+00	3.360468913830792381e+00
3.339504489419978128e+00	1.263516336366382475e+01	-4.240435519283105137e+00	3.026836706129991672e+00
3.345786804809928405e+00	1.258451050430680418e+01	-4.122003043006324141e+00	2.549278801761813540e+00
3.352071130016277767e+00	1.257369616058923256e+01	-4.033334167929898406e+00	2.169396434917970851e+00
3.358351496304225581e+00	1.258674800796973337e+01	-4.062457211513860855e+00	1.862795101651298912e+00
3.364630591073392019e+00	1.254392174503047741e+01	-3.919314627481660818e+00	1.339492627043275430e+00
3.370916305215045483e+00	1.253252095677417444e+01	-3.895841973407369263e+00	1.013780123595371840e+00
3.377197952029413752e+00	1.256354068547160097e+01	-3.900178792495164970e+00	7.159399569102702365e-01
3.383483063818085501e+00	1.255877446336668335e+01	-3.883194959620293485e+00	3.016737673517744800e-01
3.389769992424469969e+00	1.253733402190042945e+01	-3.787745927506216859e+00	-5.348435609473606994e-02
3.396051330885982100e+00	1.252515618637226957e+01	-3.670336518747718824e+00	-4.141254762711943371e-01
3.402330879139463971e+00	1.251660792914774412e+01	-3.723988155138232337e+00	-7.596424875544598443e-01
3.408610488352048495e+00	1.252112865424418864e+01	-3.633251873450568326e+00	-1.090412330123583518e+00
3.414897837696641236e+00	1.250821417290785753e+01	-3.603877906063300163e+00	-1.427138607401923220e+00
3.421180484052105619e+00	1.251790126981042484e+01	-3.523658564031017182e+00	-1.767477886699218237e+00
3.427461639653846870e+00	1.247925639382172847e+01	-3.500314400093442302e+00	-2.128543648215464490e+00
3.433749159643459059e+00	1.251448931495212946e+01	-3.483437222158528357e+00	-2.391126194274570960e+00
3.440032646656798310e+00	1.250153486051040019e+01	-3.444246261487356797e+00	-2.769396062684202686e+00
3.446313366033385339e+00	1.251999640206560294e+01	-3.419825642516935549e+00	-3.055907795738627364e+00
3.452600135384134905e+00	1.250746214043855886e+01	-3.337016055781196755e+00	-3.423943073927041780e+00
3.458883152815406703e+00	1.253175199974293541e+01	-3.371362859659411182e+00	-3.664917799323530456e+00
3.465163834403715448e+00	1.253168798813986307e+01	-3.372094478591003863e+00	-3.917161013362576494e+00
3.471449329786229221e+00	1.251627267962817491e+01	-3.290056178949916088e+00	-4.312358392204393986e+00
3.477734476754053894e+00	1.253264320727173242e+01	-3.294731346010161932e+00	-4.613322866049625937e+00
3.484019652467224226e+00	1.250051392202261447e+01	-3.236442815300308418e+00	-4.913410468256369512e+00
3.490297019369712928e+00	1.254734038022093223e+01	-3.231216042140357292e+00	-5.127335484104989405e+00
3.496582486484379970e+00	1.254500073650195624e+01	-3.177939694336586296e+00	-5.426361866139083112e+00
3.502868048046865024e+00	1.253373743576815436e+01	-3.117306382080586857e+00	-5.762082498466894798e+00
3.509144649545451244e+00	1.256071579912688563e+01	-3.163793560047431175e+00	-6.070514426059540725e+00
3.515428082003116295e+00	1.256935584404022066e+01	-3.066004038198999915e+00	-6.358601900140214092e+00
3.521711031624695565e+00	1.258284698425747550e+01	-3.109344325209486115e+00	-6.558684911266033701e+00
3.527991850954735664e+00	1.258664923261079061e+01	-3.078870639978809276e+00	-6.891072926828638145e+00
3.534275545726699885e+00	1.255945695197451073e+01	-2.956197518021019821e+00	-7.207893834927235233e+00
3.540562632020772149e+00	1.259834370646085944e+01	-2.990972880716871618e+00	-7.441452846145784505e+00
3.546844410757220789e+00	1.261031622890220305e+01	-2.967820345872272281e+00	-7.737371624281113469e+00
3.553131386753758836e+00	1.263336334076421075e+01	-2.969345145421372401e+00	-7.954838202035837469e+00
3.559419203211965144e+00	1.260134563971483068e+01	-2.918089368589990684e+00	-8.254142285681815849e+00
3.565697971577579839e+00	1.262923016037624002e+01	-2.910329493432042280e+00	-8.517502170452095456e+00
3.571979559134798254e+00	1.267355951920587742e+01	-2.944725820405154959e+00	-8.741767051533246402e+00
3.578265774595833726e+00	1.263904634518066317e+01	-2.874214603738239671e+00	-9.038436057024473058e+00
3.584548309769353125e+00	1.268750825680456451e+01	-2.897987395257500598e+00	-9.224139249140701935e+00
3.590826843920031486e+00	1.268334621243289462e+01	-2.865680172912198564e+00	-9.518751062976495092e+00
3.597107306745233934e+00	1.270469176995683469e+01	-2.920120150940846315e+00	-9.708423557097209056e+00
3.603392831792229245e+00	1.272096029704492715e+01	-2.844664583566272498e+00	-1.001595127085699843e+01
3.609673209822572559e+00	1.273878470108054550e+01	-2.813133901200764342e+00	-1.026776719827982909e+01
3.615955412133016189e+00	1.276493346585356115e+01	-2.818048545861991716e+00	-1.051869405101968979e+01
3.622241607772384686e+00	1.273605546513040565e+01	-2.740016486073323154e+00	-1.082649402120177662e+01
3.628520252736676444e+00	1.278936843652216737e+01	-2.785838862082842926e+00	-1.097634116777618196e+01
3.634804827569451113e+00	1.280147233555744002e+01	-2.788119821407375021e+00	-1.124497400856972007e+01
3.641094981788862928e+00	1.279374386076089287e+01	-2.733425224194603320e+00	-1.146965745478543219e+01
3.647383514928639325e+00	1.282042067619418901e+01	-2.703663871285975961e+00	-1.178017323479971346e+01
3.653663283927725658e+00	1.283011871806239412e+01	-2.704057078014340920e+00	-1.195181197576191678e+01
3.659943504072155296e+00	1.285069445201844829e+01	-2.689618855422832855e+00	-1.222460653071050274e+01
3.666232000281138603e+00	1.286419322165262535e+01	-2.636601517568003317e+00	-1.247270633641280213e+01
3.672514211678317597e+00	1.290105036633493540e+01	-2.645481438515357553e+00	-1.274093817400405548e+01
3.678794154686042539e+00	1.290784286743161147e+01	-2.571310768733001240e+00	-1.297282321209772249e+01
3.685078621861909820e+00	1.289963020571655505e+01	-2.615444045760440428e+00	-1.312018862166909372e+01
3.691359210097977961e+00	1.294318403299558717e+01	-2.593133202708246543e+00	-1.342589717457580534e+01
3.697642368173791105e+00	1.295541494207257571e+01	-2.607037811993119902e+00	-1.363213107648380884e+01
3.703925796735277665e+00	1.298898537996736735e+01	-2.561204502585998632e+00	-1.383199888230578090e+01
3.710208240364660348e+00	1.300869363902955556e+01	-2.555279932941628029e+00	-1.409605950701727117e+01
3.716494593122387169e+00	1.302578189901050365e+01	-2.583521770032807474e+00	-1.428553992677363027e+01
3.722775386659595398e+00	1.303166923607968997e+01	-2.548944173328985929e+00	-1.444908120754038272e+01
3.729058392883481510e+00	1.306852589098611794e+01	-2.536359555925070453e+00	-1.473509719068183976e+01
3.735339748210807720e+00	1.306651149684409852e+01	-2.490296377955067975e+00	-1.498841593865293653e+01
3.741620776392969638e+00	1.311187583238527665e+01	-2.511856387725049711e+00	-1.521072710688263641e+01
3.747904795418762980e+00	1.311594186836880205e+01	-2.513915757441183452e+00	-1.534742574965455297e+01
3.754190633281219380e+00	1.316719320591358233e+01	-2.469366806733295228e+00	-1.565256617148087592e+01
3.760478208018912749e+00	1.317467032581508590e+01	-2.517874472338346159e+00	-1.578750486205051295e+01
3.766755538573464346e+00	1.321657806056272833e+01	-2.456643652913529596e+00	-1.605882331359393334e+01
3.773032090135151506e+00	1.321948538385469618e+01	-2.420814906752782658e+00	-1.629907770928430821e+01
3.779322553012896879e+00	1.326009037037267646e+01	-2.467668923551490145e+00	-1.649540227613554677e+01
3.785609109731308930e+00	1.328209256855425302e+01	-2.447821229787499053e+00	-1.670039531606721539e+01
3.791889825936295200e+00	1.330032855048422036e+01	-2.364207093399568027e+00	-1.697534843172894270e+01
3.798174822702435893e+00	1.332502954951224261e+01	-2.423428485085640016e+00	-1.712066540717963292e+01
3.804458658753491651e+00	1.334416680071450578e+01	-2.365895640135463829e+00	-1.745909527120882387e+01
3.810738438095723435e+00	1.338161406312601187e+01	-2.356714113555834711e+00	-1.762910088939299058e+01
3.817018850285747167e+00	1.339473212675319225e+01	-2.368908924883450950e+00	-1.778860840847664093e+01
3.823305314209427763e+00	1.343148767170284508e+01	-2.326165290781731176e+00	-1.805801944460145236e+01
3.829591295197792178e+00	1.346492270221885690e+01	-2.374856807259415170e+00	-1.815374804126512132e+01
3.835872296070849341e+00	1.350582077485111654e+01	-2.313307049947206373e+00	-1.852549225115718556e+01
3.842156279590906109e+00	1.349324487452360088e+01	-2.345200762045802634e+00	-1.857686170092085476e+01
3.848441511099312429e+00	1.352404011914512694e+01	-2.299677512060542828e+00	-1.890223822230623085e+01
3.854723334376886079e+00	1.357784876648997496e+01	-2.290440490964372522e+00	-1.910038380592847673e+01
3.861004740704794713e+00	1.361160062190193720e+01	-2.275019401990942658e+00	-1.928757795179873824e+01
3.867284336650660848e+00	1.364808946264038880e+01	-2.268185795858244536e+00	-1.951181218045276822e+01
3.873567367678779849e+00	1.369577967561577658e+01	-2.293455469505662592e+00	-1.968897236366681014e+01
3.879850662830422792e+00	1.371736435448906555e+01	-2.235862122220090065e+00	-2.002267900278413038e+01
3.886137063198143338e+00	1.373853245103881804e+01	-2.300564791894180061e+00	-2.009514217782668055e+01
3.892419463049126005e+00	1.375005525663139139e+01	-2.202257154144905194e+00	-2.040878166820905903e+01
3.898703740328622658e+00	1.382376872097117015e+01	-2.237196584089150342e+00	-2.058646060926282573e+01
3.904991458788179326e+00	1.382609251661078709e+01	-2.219573208587214630e+00	-2.073708594930751659e+01
3.911270842222104083e+00	1.385203872121463675e+01	-2.219796455816498870e+00	-2.094301386632641027e+01
3.917549806479573071e+00	1.390615870387489394e+01	-2.260404911196405298e+00	-2.112251194687273426e+01
3.923836006203090587e+00	1.390968437432163007e+01	-2.159497578281766472e+00	-2.148114627406291177e+01
3.930121452497870926e+00	1.396729258101492377e+01	-2.213476060329736761e+00	-2.154867786390287066e+01
3.936398172858230460e+00	1.400297738432099059e+01	-2.174663294348174070e+00	-2.185960082172253394e+01
3.942683040425962293e+00	1.403503283952383640e+01	-2.148391929129225719e+00	-2.211174749502301751e+01
3.948974759704379611e+00	1.409399839638065366e+01	-2.115288986407837246e+00	-2.236343642065158477e+01
3.955259227995065352e+00	1.412902429209756505e+01	-2.101104638620087339e+00	-2.259050977407799365e+01
3.961537174921395454e+00	1.417783479653895107e+01	-2.157414295618683919e+00	-2.269630418974976394e+01
3.967820217617139544e+00	1.417097202361745722e+01	-2.058912337400502501e+00	-2.299282189164181389e+01
3.974105559832568968e+00	1.425077547503965469e+01	-2.098524611082912106e+00	-2.317522290431840304e+01
3.980384727931198352e+00	1.425324946008528926e+01	-2.068178207093717358e+00	-2.339990575385163751e+01
3.986664590839849698e+00	1.430343208080174655e+01	-2.009386911928335628e+00	-2.369759961205902599e+01
3.992949619150675034e+00	1.435744661515606246e+01	-2.072793443248779788e+00	-2.376376697098066515e+01
3.999235075769965952e+00	1.436361480964802873e+01	-2.045529567611432231e+00	-2.397970999550160798e+01
4.005515715515433506e+00	1.443059730686908004e+01	-2.060659862132728559e+00	-2.420143903710987843e+01
4.011798434346478537e+00	1.448542752856791083e+01	-1.991522995456684209e+00	-2.452049138483915769e+01
4.018083716245132386e+00	1.451603454528883574e+01	-2.011376957394024778e+00	-2.471053542530318481e+01
4.024365700052603856e+00	1.455465211076753818e+01	-2.002184819750101763e+00	-2.487952529596866924e+01
4.030643960839860540e+00	1.459092056078818800e+01	-1.994692289063335844e+00	-2.515950522993723482e+01
4.036928708926215137e+00	1.466906898280806182e+01	-2.046577913569836316e+00	-2.527961479694891977e+01
4.043218157412017177e+00	1.468852919657694933e+01	-2.019395085446408444e+00	-2.551511057317992837e+01
4.049503019487663558e+00	1.474731228594819932e+01	-1.981717008924627654e+00	-2.579533685751132310e+01
4.055781898960511000e+00	1.476453018034226439e+01	-2.001565633074018358e+00	-2.590176565989080970e+01
4.062060795621602161e+00	1.480818909833334018e+01	-1.967548280155666074e+00	-2.621915695128409141e+01
4.068347865354716042e+00	1.488701911857675775e+01	-2.002546930514204515e+00	-2.636690608932914515e+01
4.074631027173265529e+00	1.493494952738881310e+01	-1.924004995873445978e+00	-2.668880646021111147e+01
4.080910837526078971e+00	1.497066875513238848e+01	-1.977095923864422122e+00	-2.683606131374515513e+01
4.087201203341442657e+00	1.500751194701116198e+01	-1.958192362243145856e+00	-2.701005643418796964e+01
4.093486818591942189e+00	1.505034807120689422e+01	-1.916439555173484077e+00	-2.733252219863414112e+01
4.099764387336505500e+00	1.514349919959499147e+01	-1.968531995682777147e+00	-2.750371633681504591e+01
4.106049166937662420e+00	1.517758143388641834e+01	-1.870600395955020145e+00	-2.789535098839397520e+01
4.112334559041358695e+00	1.521291775725365447e+01	-1.903398485822852759e+00	-2.800611846870816279e+01
4.118618926059533614e+00	1.530031874509938383e+01	-1.895666816150625156e+00	-2.829948467415747260e+01
4.124898942031112625e+00	1.533333848272226518e+01	-1.835275094091870951e+00	-2.860644923470393763e+01
4.131175432561665417e+00	1.536398310353595953e+01	-1.893789079587211210e+00	-2.866047876247522908e+01
4.137461563786142271e+00	1.542912538333095007e+01	-1.818055347686058809e+00	-2.908456254454892331e+01
4.143746006210170307e+00	1.551546393117883760e+01	-1.862258557139814030e+00	-2.923459613001405444e+01
4.150029800482964326e+00	1.549986836813083890e+01	-1.798481482107035845e+00	-2.949860582440497581e+01
4.156313390684649001e+00	1.557696849642844583e+01	-1.845567212899953180e+00	-2.965060374548704658e+01
4.162596105843763716e+00	1.565370892178207818e+01	-1.839102260390763188e+00	-2.994126126939041654e+01
4.168881843141768684e+00	1.568951055811286466e+01	-1.797566050399652227e+00	-3.023608571844793858e+01
4.175162111073220217e+00	1.576166752650692082e+01	-1.871378747240713514e+00	-3.031853906644712282e+01
4.181448573417560155e+00	1.581645247853996139e+01	-1.808190414180990357e+00	-3.070234656588387523e+01
4.187738782464171194e+00	1.586521309935096191e+01	-1.832011593848378306e+00	-3.081945101192589576e+01
4.194017437180169061e+00	1.593727061480751139e+01	-1.790262662814325667e+00	-3.114094376022230648e+01
4.200293572701767175e+00	1.602691547046002540e+01	-1.786635077702413810e+00	-3.152576465174654885e+01
4.206580195481546269e+00	1.604329771096949031e+01	-1.779354444277261749e+00	-3.163512269700913038e+01
4.212860644652220543e+00	1.607235745035480434e+01	-1.646355614992763838e+00	-3.211116619908773373e+01
4.219138153430114002e+00	1.614295998860734471e+01	-1.775128444717010368e+00	-3.203541951921987163e+01
4.225426162098283811e+00	1.621066460224146510e+01	-1.743367513634869859e+00	-3.242960927232748958e+01
4.231713506719782636e+00	1.629923955334237462e+01	-1.663651884935971159e+00	-3.284412009768517038e+01
4.237990056577191744e+00	1.634908816182628755e+01	-1.721877649584134806e+00	-3.295094771279919144e+01
4.244267783646744618e+00	1.637402870484093143e+01	-1.643671377089591212e+00	-3.335898686636081578e+01
4.250560660182562955e+00	1.650272992288409668e+01	-1.750989334286534582e+00	-3.346655172159163527e+01
4.256847734842668096e+00	1.653615363787198689e+01	-1.641565693849718954e+00	-3.395816252723451356e+01
4.263127100734456221e+00	1.658355732757576106e+01	-1.657803790780739916e+00	-3.410168331960744581e+01
4.269406860432507500e+00	1.664794895192454049e+01	-1.577965086981568232e+00	-3.447587554315033032e+01
4.275691671482192646e+00	1.667031005859094250e+01	-1.573538525751337014e+00	-3.472295603054403301e+01
4.281972414189518794e+00	1.682855157912752730e+01	-1.671401852472882199e+00	-3.491958984520638865e+01
4.288253516806755705e+00	1.684360685211149544e+01	-1.592806869952549498e+00	-3.529155430452615150e+01
4.294540520160492925e+00	1.693169736364576039e+01	-1.605186782257800315e+00	-3.557324982577149086e+01
4.300825742921731809e+00	1.699363307350294860e+01	-1.543617042596698408e+00	-3.593718685005988789e+01
4.307109835491901961e+00	1.703489286177978457e+01	-1.523304481093806784e+00	-3.620666439041863072e+01
4.313390926478413157e+00	1.714783708377316174e+01	-1.557228669830699186e+00	-3.647503984294343127e+01
4.319667979480563247e+00	1.709007882422582369e+01	-1.450031309904565635e+00	-3.685347707158548047e+01
4.325952598143786076e+00	1.730055997041208471e+01	-1.629534070032851778e+00	-3.693263672259951846e+01
4.332241647035422361e+00	1.730803867976593580e+01	-1.459424939154496892e+00	-3.750642072918667935e+01
4.338524445619096781e+00	1.736293574470969148e+01	-1.503303959947412505e+00	-3.766613531487725197e+01
4.344809348131129845e+00	1.740302578820258006e+01	-1.452040894493727974e+00	-3.799212756483689191e+01
4.351090699193166600e+00	1.746780842212666940e+01	-1.391579827061933505e+00	-3.847665224036868636e+01
4.357369710808320029e+00	1.760555471355896984e+01	-1.508783425512702170e+00	-3.857233537059224204e+01
4.363659348967174445e+00	1.758147953024601762e+01	-1.380517891604678526e+00	-3.902177030358333809e+01
4.369947418280990981e+00	1.771517798921160747e+01	-1.438765500102970663e+00	-3.930312559415758500e+01
4.376226569265827315e+00	1.777293171955626150e+01	-1.374273576958434218e+00	-3.970894863997373392e+01
4.382499356631129217e+00	1.778985027566355370e+01	-1.289754938567196696e+00	-4.013030513503679231e+01
4.388784975178015024e+00	1.789232295356896785e+01	-1.380120226104923020e+00	-4.027395847112640581e+01
4.395068696309480494e+00	1.788381679317281936e+01	-1.190041732497473248e+00	-4.093320424332912211e+01
4.401347962382031298e+00	1.803813807285022008e+01	-1.239173676613134933e+00	-4.114075858701573907e+01
4.407628405096517099e+00	1.805328402096670004e+01	-1.230339707306112196e+00	-4.154089047899845610e+01
4.413915862185140426e+00	1.809941843829111363e+01	-1.153393584461475774e+00	-4.197817108950437159e+01
4.420203163534264235e+00	1.816250937938050214e+01	-1.263446539253313405e+00	-4.201162886355253789e+01
4.426480311003382795e+00	1.817002624270238087e+01	-1.084058042872687366e+00	-4.277988305645968126e+01
4.432765973643649104e+00	1.836993343426652814e+01	-1.278654066427199032e+00	-4.279342904984952867e+01
4.439053392023870614e+00	1.831514930122492757e+01	-9.964935720994753110e-01	-4.356353427840716819e+01
4.445336141335588742e+00	1.842850187464556910e+01	-1.146347580028056035e+00	-4.364690841999058080e+01
4.451617241414883352e+00	1.839851160951254982e+01	-9.514299983728241594e-01	-4.429247854077825508e+01
4.457901500730311106e+00	1.846098203987109088e+01	-9.066512325283544449e-01	-4.477756332424318941e+01
4.464189501093017043e+00	1.863719807205759693e+01	-1.020440835371542398e+00	-4.506316049145988956e+01
4.470470197548729985e+00	1.847297617350329446e+01	-7.854488014740009794e-01	-4.560718945684809000e+01
4.476748044268524573e+00	1.867215728293859556e+01	-9.746295093966570455e-01	-4.572175296675847278e+01
4.483035990164653484e+00	1.858995767652872644e+01	-7.175310991938662619e-01	-4.645691369755346756e+01
4.489323331650528104e+00	1.869930147351824701e+01	-8.012263232942213875e-01	-4.672949981839186506e+01
4.495599111667934800e+00	1.861074161391232806e+01	-7.075104701464508539e-01	-4.704586043791653793e+01
4.501870922878794090e+00	1.863457123980267482e+01	-6.260167921072404829e-01	-4.763257877070701340e+01
4.508155162877705457e+00	1.880773046219782429e+01	-6.748534329810828014e-01	-4.813688298855726799e+01
4.514446451153479423e+00	1.868350409186895789e+01	-4.521789972217047926e-01	-4.874012215814380511e+01
4.520723894043856994e+00	1.877038656547303574e+01	-4.115836380677359019e-01	-4.923885741128954407e+01
4.527003782460155890e+00	1.867976375439818426e+01	-3.508457443056750003e-01	-4.963924264201584435e+01
4.533293086610313161e+00	1.873479971297239999e+01	-3.395650597553826477e-01	-5.017526289461956424e+01
4.539578989864040182e+00	1.873145163706842098e+01	-2.639255917703769438e-01	-5.065823546687572332e+01
4.545857164866476730e+00	1.874905263318839843e+01	-2.211119002833928926e-01	-5.129554377594432424e+01
4.552138955546025656e+00	1.871561756576824820e+01	-1.371940693729788718e-01	-5.179435615039066221e+01
4.558432046889146605e+00	1.861879773771838487e+01	-1.856891723887575674e-02	-5.214005346055175494e+01
4.564713463378488711e+00	1.872045299435617594e+01	-4.595293911809568421e-02	-5.264570041365197284e+01
4.570987274133244682e+00	1.874385867016830431e+01	8.218328125131263429e-03	-5.314979115018024913e+01
4.577274818151045643e+00	1.880982372313955153e+01	-3.608179031343829168e-02	-5.354845109124011060e+01
4.583563263889338657e+00	1.874704209742662897e+01	4.715449071240492701e-02	-5.381528789981055638e+01
4.589844917004465508e+00	1.881030804302694293e+01	1.861192512056780712e-02	-5.414889450339763499e+01
4.596126259982004747e+00	1.890302217720643085e+01	1.452640963804176927e-02	-5.471162030973226109e+01
4.602409075598298926e+00	1.890155836692063929e+01	4.597379865811063865e-02	-5.504508107056472710e+01
4.608696634867644804e+00	1.903128929369120570e+01	5.916971467830163534e-02	-5.561275760592391748e+01
4.614977646498861219e+00	1.900713273566817563e+01	6.938559254185461267e-02	-5.584133037275952915e+01
4.621258953029527383e+00	1.911299892156024782e+01	3.884078586185859411e-02	-5.635249795007858609e+01
4.627547993978874175e+00	1.909345873009377925e+01	-1.506336969789797385e-02	-5.647132471090381500e+01
4.633830152730579854e+00	1.919715804932762637e+01	5.333445335505264222e-03	-5.702615044389259680e+01
4.640104005367354567e+00	1.922910900870196471e+01	8.000865212722138575e-02	-5.739661711270617417e+01
4.646382060386754276e+00	1.931688136272315504e+01	6.766009942424718038e-02	-5.789797076389479003e+01
4.652674213731970987e+00	1.939440980243598744e+01	6.231735939350473846e-02	-5.830102040674349695e+01
4.658958291796220230e+00	1.946023015427305580e+01	4.040770349763358332e-02	-5.867150400494639939e+01
4.665233615070169648e+00	1.951093433362097684e+01	9.037193491123921008e-02	-5.911671415603491653e+01
4.671520675710307380e+00	1.959481913213608451e+01	7.717107333258096946e-02	-5.956724345343685201e+01
4.677814351732177300e+00	1.960033611136487508e+01	9.260444815182730660e-02	-5.975538611045728032e+01
4.684093699744638073e+00	1.971632039639297673e+01	3.322916670430146185e-02	-6.023436655144571006e+01
4.690368661472568590e+00	1.981069561138859925e+01	4.240249627487063799e-02	-6.072569589702477799e+01
4.696663270746453733e+00	1.986021335672104371e+01	2.320549384282528937e-02	-6.104402471606959324e+01
4.702945459248681459e+00	1.997383064949896081e+01	9.891134689130276492e-03	-6.153544289311601290e+01
4.709209170841929470e+00	2.002326109699616552e+01	2.236951222832424258e-02	-6.190069306031904972e+01
4.715491634753063543e+00	2.006380721503345654e+01	1.812859886696976258e-02	-6.219807033304665822e+01
4.721784316284933780e+00	2.021457718019101790e+01	3.906903998932137467e-02	-6.286415600756762956e+01
4.728063062331094635e+00	2.022235443897604767e+01	2.998799858041465566e-02	-6.303290352972231858e+01
4.734337423381671073e+00	2.036810639119236299e+01	2.108933131898250643e-02	-6.359455098710087384e+01
4.740627024094544062e+00	2.044889963109123343e+01	-1.169453677107399649e-03	-6.403198094513268757e+01
4.746914995664547554e+00	2.047784486161512163e+01	-2.486597302264491327e-03	-6.429451057338174280e+01
4.753194740071086777e+00	2.054672710493136378e+01	2.975386162093872702e-02	-6.469900324694118865e+01
4.759478891864783456e+00	2.065317378908003576e+01	4.558539540908346926e-02	-6.520808916168003577e+01
4.765762396877359031e+00	2.074246496155390673e+01	3.356234741150598833e-02	-6.565541167766922115e+01
4.772049481246195768e+00	2.083426303507249955e+01	3.526715863924237415e-02	-6.608002540093707466e+01
4.778335091022592351e+00	2.091330608588427609e+01	5.750921205925920571e-02	-6.648346330424935502e+01
4.784610831402393849e+00	2.100029566979837625e+01	2.189197803034277287e-02	-6.691750698583321366e+01
4.790907306208476157e+00	2.124249794981074047e+01	-2.015910682334526652e-02	-6.772692728090666492e+01
4.797204047706418173e+00	2.117728779136328399e+01	-2.444132948324332852e-02	-6.770418801058248448e+01
4.803470827697504220e+00	2.142531212765198489e+01	1.232239479224692819e-02	-6.866381092685034560e+01
4.809748850577324042e+00	2.145772450814231647e+01	2.733684858021211833e-02	-6.892593878869888613e+01
4.816045316586602176e+00	2.150940936111302904e+01	6.544872552511166175e-02	-6.927122950109762201e+01
4.822329240673497885e+00	2.167002464509109316e+01	4.034606117546531839e-02	-6.990433089336634964e+01
4.828596758226470165e+00	2.178851600275988076e+01	-2.125465245792271599e-02	-7.031401659432002305e+01
4.834890332961369275e+00	2.183509301705772643e+01	4.988092309351982445e-02	-7.073382771305384153e+01
4.841191655056394261e+00	2.187169454707743910e+01	5.027932155116482393e-02	-7.099024068996483550e+01
4.847460407468000554e+00	2.205897395003119144e+01	2.997280882682979222e-02	-7.168530476509289429e+01
4.853732128521334843e+00	2.221070331304975198e+01	-8.252286168467801511e-03	-7.223524652757706122e+01
4.860029138783373170e+00	2.241056065478057846e+01	-6.392555302446341695e-03	-7.306661000039594001e+01
4.866314601732018019e+00	2.241887825110613619e+01	3.533818526058480833e-03	-7.323205399677644323e+01
4.872587026269203925e+00	2.252607773357532395e+01	7.519401035647557165e-03	-7.367764887675588170e+01
4.878874221748241702e+00	2.264660922447297509e+01	1.144783050780179973e-02	-7.419842570787218961e+01
4.885171078138658807e+00	2.268049287014220994e+01	-1.505896647052829126e-03	-7.443340244723276555e+01
4.891450629931857641e+00	2.295387031696162339e+01	-1.914683886926867723e-02	-7.539492782089045875e+01
4.897716482750221978e+00	2.292694283758116569e+01	7.302740329755225135e-02	-7.552093303772582544e+01
4.904002834596266069e+00	2.311187414588848199e+01	4.074956125452081773e-02	-7.627506000712284617e+01
4.910295858205786068e+00	2.332776636334058296e+01	3.189156168166726313e-02	-7.707028879523303999e+01
4.916575188115905881e+00	2.345975006987214329e+01	-6.867865402292477883e-03	-7.752956596754457053e+01
4.922847946197084212e+00	2.347717130584919332e+01	1.969805604836607701e-02	-7.777513012015579363e+01
4.929131667457151700e+00	2.367727306094900541e+01	2.025902007833649959e-02	-7.856178012480482664e+01
4.935434460144239033e+00	2.377172239516353258e+01	1.854361457280041467e-02	-7.892235773208979310e+01
4.941718513303545279e+00	2.404815056916473992e+01	6.795550328070794344e-02	-8.002100323797849057e+01
4.947978624761803168e+00	2.408435315233814933e+01	5.473392018133023396e-02	-8.027925115309534476e+01
4.954274999209829389e+00	2.428752843932415217e+01	3.360245253934367876e-02	-8.100043366307393455e+01
4.960571094729937514e+00	2.444779496237583416e+01	5.130606355362424265e-02	-8.164296541253739292e+01
4.966823207626954506e+00	2.467066575488620117e+01	2.786994229108315582e-02	-8.249194603252084335e+01
4.973097418390337587e+00	2.478632911460379518e+01	5.547521610847582635e-02	-8.303138848885402012e+01
4.979415129936382023e+00	2.476241878191467904e+01	-6.964298947529316830e-02	-8.289472707684521424e+01
4.985702082330368157e+00	2.503568848511151756e+01	4.079215676763815052e-02	-8.400765276224618106e+01
4.991949985828016523e+00	2.514065337234637454e+01	5.376885663314955738e-02	-8.448558722645771013e+01
4.998241586316924057e+00	2.529839698674476622e+01	1.312390210448453887e-02	-8.508225727635536373e+01
5.004556635606089543e+00	2.542669165156237199e+01	1.902167530798504202e-02	-8.559249743024585655e+01
5.010828655701208945e+00	2.568550539843514002e+01	-4.349560615169360475e-03	-8.653992085390044053e+01
5.017077229702536556e+00	2.567694521000037966e+01	-7.382695522066446163e-04	-8.659943852804266839e+01
5.023374414758113637e+00	2.612870723262900796e+01	-6.584299213659200456e-02	-8.814500908161035397e+01
5.029688873569548413e+00	2.637824248239858704e+01	2.816602337300990605e-02	-8.917935032102884918e+01
5.035958413584124216e+00	2.640106563148653152e+01	4.511140913276986963e-02	-8.932686863880547889e+01
5.042232667658486989e+00	2.667050617032360549e+01	-3.746134657847444843e-02	-9.028597084687730501e+01
5.048528755870775875e+00	2.685485128589452231e+01	8.818725906712033061e-03	-9.104945160314180441e+01
5.054821121427484520e+00	2.693378269783378443e+01	6.873018731940190584e-02	-9.145742910449993701e+01
5.061069509814582368e+00	2.715885779188999294e+01	1.620677263399249168e-02	-9.226719897294152872e+01
5.067347812754101177e+00	2.722035904739954049e+01	7.856142436906224727e-03	-9.255527982337720516e+01
5.073675050630431116e+00	2.731066336130275829e+01	-1.638480121229127229e-02	-9.290649662190533320e+01
5.079945928388977627e+00	2.767727770401549137e+01	2.370930904415695373e-02	-9.425357626653962484e+01
5.086192992546071601e+00	2.794102496693145099e+01	-5.301167912949564937e-02	-9.514086154153757491e+01
5.092484128970163226e+00	2.802130180594812714e+01	2.903201924393631131e-02	-9.563050697154480417e+01
5.098802924706086870e+00	2.830003815982983539e+01	4.726137148839199692e-02	-9.664933713211033250e+01
5.105078217426394005e+00	2.860862296161074525e+01	5.061169267881355897e-03	-9.773078902634890142e+01
5.111325076574067872e+00	2.890284948299869328e+01	3.240154957653481466e-02	-9.883476669521270708e+01
5.117628358851224135e+00	2.893586314324468489e+01	-3.339617174039700986e-02	-9.897147947005672108e+01
5.123935939383525984e+00	2.940964218846693967e+01	7.538794289059345954e-02	-1.008041660381232987e+02
5.130199176325612065e+00	2.928502578709365878e+01	5.545208205302348814e-02	-1.003712278021141913e+02
5.136469985878846956e+00	2.969883657979316993e+01	1.567458527120660144e-03	-1.018556264401563425e+02
5.142797788696348071e+00	2.971427689973530661e+01	1.785447904963586088e-02	-1.019912148525163218e+02
5.149090378043822192e+00	3.022688575495736529e+01	4.915822132900063424e-02	-1.038175499948859937e+02
5.155289879840074363e+00	3.064258770644892493e+01	1.187855682871286900e-01	-1.054034899246321118e+02
5.161564521234301317e+00	3.083696889849985823e+01	-1.247951880989540789e-02	-1.060399292846803405e+02
5.167916673496016244e+00	3.080363435624862944e+01	-4.093236660230881174e-02	-1.059408746037919116e+02
5.174205974602950064e+00	3.115066255714525667e+01	8.798542843758319631e-03	-1.072053447462564435e+02
5.180434820793812456e+00	3.159678118656785628e+01	-1.572865152370169634e-02	-1.088020392011573136e+02
5.186729096569634656e+00	3.153137623711691617e+01	-2.185579204276000189e-03	-1.086714377765073181e+02
5.193058481037780894e+00	3.194654427867443047e+01	-4.893530372948095425e-02	-1.101162941208640831e+02
5.199319511444338460e+00	3.219777137306545001e+01	9.057509517069228799e-02	-1.111735482695940362e+02
5.205574295584361799e+00	3.220746613960739069e+01	3.490610171930346589e-02	-1.112336552147407644e+02
5.211894977074066126e+00	3.278791281594041607e+01	1.059184444108913527e-02	-1.132849331723052302e+02
5.218201708336958511e+00	3.311485986004887394e+01	3.026400835207510714e-02	-1.144712164016496274e+02
5.224411911780083351e+00	3.354937519136977642e+01	1.276739197376057337e-02	-1.159851867300312307e+02
5.230677632666463239e+00	3.381843844907803742e+01	-1.551539785161831775e-02	-1.169762412153833537e+02
5.237056729559757429e+00	3.397888337852565854e+01	4.031161067646851781e-02	-1.176494653769431409e+02
5.243336785035660697e+00	3.428117399957861267e+01	2.391976428519681196e-03	-1.186994647443125075e+02
5.249493476178225038e+00	3.424560754697333209e+01	-4.421077559436346893e-03	-1.185826882988883852e+02
5.255787017738318134e+00	3.474477506067250232e+01	9.778292843331311268e-02	-1.205513079158668432e+02
5.262205327426889845e+00	3.544710861248184131e+01	5.042061970182654812e-02	-1.229558278250420500e+02
5.268477758348532269e+00	3.565970557779444761e+01	-2.714879919002069876e-04	-1.236669312222046244e+02
5.274632213654732560e+00	3.607169493534907190e+01	5.881952693693576206e-02	-1.252075168855511436e+02
5.280950543314659740e+00	3.654616076951533188e+01	7.245670851730603990e-02	-1.269650541372256498e+02
5.287327645024750389e+00	3.684349435358620894e+01	8.167667364442804390e-02	-1.280464092209076625e+02
5.293582359180156516e+00	3.715996966629641918e+01	-2.629191204398268616e-02	-1.290460915397848964e+02
5.299789992649893478e+00	3.732951421232546352e+01	2.997389908322249663e-02	-1.297801959874933857e+02
5.306111460381987222e+00	3.810078683952907852e+01	3.352201166355672085e-02	-1.325090465702720337e+02
5.312452717892129250e+00	3.863379347985959100e+01	5.183677520919278969e-02	-1.344033276760035847e+02
5.318650122853046724e+00	3.907671251976951510e+01	1.228659639410749002e-02	-1.359248207783257669e+02
5.324923043129819789e+00	3.847397494703390919e+01	3.361577841330518068e-02	-1.339602747549472497e+02
5.331330237158205421e+00	3.986540344928091173e+01	4.331631097462847885e-02	-1.388400613485958104e+02
5.337586726886338617e+00	3.953814091829652710e+01	-5.080943071732010874e-02	-1.376117061080484234e+02
5.343685192440848830e+00	4.017892188328266911e+01	4.836728826012337557e-02	-1.399776323069102943e+02
5.350070659715249199e+00	4.137461765970355287e+01	-1.009806061714835744e-02	-1.441821716925439034e+02
5.356556762554878226e+00	4.197689511223912717e+01	6.343360828663396726e-03	-1.463159603713833974e+02
5.362691868684501095e+00	4.128899347846952850e+01	1.707617203965737518e-01	-1.440958166584131277e+02
5.368769208912516966e+00	4.195979589643906849e+01	1.998182134442781990e-02	-1.463081782164681499e+02
5.375270137997677722e+00	4.183628423727035539e+01	2.525271121361685397e-02	-1.459647287986096273e+02
5.381769983045385786e+00	4.352672019626128730e+01	1.338484870854228237e-01	-1.519981305046484579e+02
5.387701030372958222e+00	4.279552239055959006e+01	-4.546781018716063161e-02	-1.492466666917491978e+02
5.393786668001271600e+00	4.511385318112598952e+01	-7.988714833779778091e-02	-1.573527790252176430e+02
5.400446161099396569e+00	4.398208154304228401e+01	-3.883709480207708786e-02	-1.535129857105474400e+02
5.406957063684501463e+00	4.434105670780436270e+01	-2.963018321405505931e-02	-1.547962241015755751e+02
5.412655672453426270e+00	4.474525774810312839e+01	-8.871323833473053477e-02	-1.561340064295744128e+02
5.418821279260546575e+00	4.714085708241343298e+01	1.871384141434768306e-02	-1.646762581309806421e+02
5.425690594366304076e+00	4.694840058977683839e+01	-2.138600701241157725e-02	-1.640163088669987985e+02
5.432217487502165376e+00	4.719877737906333692e+01	-5.112532678403687580e-02	-1.648753753918386735e+02
5.437649811577258241e+00	4.745416443232288373e+01	-8.191416531784902200e-02	-1.656979992403935853e+02
5.443914404015878006e+00	4.784808876948247303e+01	6.825556677603773770e-02	-1.673039849421837459e+02
5.450953501686320202e+00	4.923892770023014975e+01	5.439606343339803245e-03	-1.721470983457251975e+02
5.457483690405861232e+00	5.004982386222183521e+01	-2.253014548618526708e-02	-1.749674094118391281e+02
5.462715250135157241e+00	4.940237007839140659e+01	-4.304085607430566812e-02	-1.726508039490624355e+02
5.469033575551323523e+00	4.968055927917659176e+01	5.635196246833765882e-02	-1.737864634466404823e+02
5.476177730420278778e+00	5.148623629959200088e+01	3.163675006557823549e-02	-1.800993358119992251e+02
5.482708935702562236e+00	5.208794242133973995e+01	-1.423400211498290768e-02	-1.821903512401484022e+02
5.487722405008360838e+00	5.366590180790763043e+01	5.375750043807569351e-02	-1.877479202553439279e+02
5.494194284996126498e+00	5.140024801267210108e+01	-5.057926335126944339e-02	-1.797566897435949045e+02
5.501391471009256406e+00	5.180767403050335673e+01	-1.688681465084503758e-02	-1.812348654921647437e+02
5.507128202673079009e+00	5.360977041444849789e+01	5.531404064865856618e-02	-1.876249191362276463e+02
5.512278020050448646e+00	5.741809298595025979e+01	-1.667747469903582691e-02	-2.008856714187167540e+02
5.519395563377015534e+00	5.559156174645931259e+01	1.054237862852013818e-01	-1.946298217456709096e+02
5.526598678609708770e+00	5.792043193350571784e+01	-4.872066781490769910e-02	-2.026371230523824067e+02
5.532162682462509196e+00	5.933995474832389760e+01	-6.992936046415591800e-02	-2.075947750301603207e+02
5.537397124017139127e+00	5.730100171279222110e+01	4.753728503964885221e-02	-2.005814548106595794e+02
5.544582756485218589e+00	5.579471038013829798e+01	3.426863594594102558e-02	-1.953033385912917481e+02
5.551739327507637434e+00	6.411222054026039530e+01	3.625622714262243668e-02	-2.244211687211430615e+02
5.557493306674907707e+00	5.151385518184184775e+01	1.246330411820363721e-01	-1.804189405506326978e+02
5.562281709102816940e+00	7.049913558124283952e+01	8.093381008144447109e-02	-2.468242303497326304e+02
5.569272720323164449e+00	7.928293199668841851e+01	-9.184638211685616782e-02	-2.773971047329690691e+02
