8.899641224696953554e-03	2.686763476904163253e+05	2.600660916844476305e+05	-4.250365578289636178e+05
1.507912216506557788e-02	1.845808556464906142e+05	1.451488948059662071e+05	4.145732623714183137e+04
2.144790186456836667e-02	1.038785987729188637e+05	4.408818835649878019e+04	-8.305970625360752138e+02
2.783660776489276650e-02	7.506652758487721439e+04	8.982758430176002730e+04	1.816741814480704852e+04
3.435099785803411021e-02	3.132890859437580366e+04	2.701761508483624857e+04	1.285639599848646503e+04
4.047886761425745911e-02	2.224793690832732682e+04	2.217351448172736855e+04	1.064357925788672037e+04
4.676716683575679601e-02	1.741871981653898183e+04	1.464891057266657481e+04	-3.694735848454211009e+03
5.308225101765951665e-02	1.801398120018155896e+04	1.074250467373066567e+04	4.743671077914955845e+02
5.945362440940590160e-02	1.936708440385763970e+04	1.555748214642144194e+04	6.392745215360428119e+02
6.576224814588792211e-02	1.860674180765565325e+04	1.434816398306001247e+04	6.038350311548773561e+02
7.196632906698736953e-02	1.512544899230716874e+04	9.384881918538454556e+03	-5.022508830416528269e+01
7.827860915688347743e-02	1.109412080137894736e+04	8.080884207278927533e+03	-8.584561024779229683e+02
8.470398945834539672e-02	8.511151787430899276e+03	7.090252174104310143e+03	1.439080488275242487e+03
9.096854620527369817e-02	7.134181370039241301e+03	8.281655080325430390e+03	2.933039966733709662e+03
9.720789776830213169e-02	5.679377253974786072e+03	4.523317284773578649e+03	1.132226820795705891e+01
1.034763038959366499e-01	5.561257443597359270e+03	4.851789952709485078e+03	1.104333510099906562e+03
1.097576444254559219e-01	5.477403005518978716e+03	4.483658551288351191e+03	1.930161459560930552e+02
1.160543084780093354e-01	5.252947503974805841e+03	3.964644505859319906e+03	1.077710591652126595e+03
1.223669666537485351e-01	4.988839474281491675e+03	3.360391321357837114e+03	6.419102587123907142e+02
1.286817263090294094e-01	4.470429750036949372e+03	2.392712958349389282e+03	6.127097088423972764e+02
1.349500801664080818e-01	3.844908611488939187e+03	2.813537182984842730e+03	7.588492915013337097e+02
1.411949558842147678e-01	3.490622948758339135e+03	2.670312995303733260e+03	2.092026232259914593e+02
1.475133575747468451e-01	2.969540399312218142e+03	2.097338978876541205e+03	-6.178119680603462172e+01
1.537865074252268427e-01	2.776816363335510232e+03	2.048282500702667221e+03	-2.318865043239053136e+01
1.600657544051110326e-01	2.731600020827838307e+03	2.260547478815701652e+03	4.193508172765853601e+02
1.663991168687080635e-01	2.433272379893124707e+03	1.746504638492894173e+03	3.607652323657486590e+02
1.727195645776442856e-01	2.299778421829205399e+03	1.603106457582757230e+03	3.345296446907893255e+02
1.789765213377084718e-01	2.212043930625533449e+03	1.591551445600438456e+03	5.540324572578493871e+02
1.852353690647852158e-01	2.005099922934971119e+03	1.309399080298537456e+03	4.056164036811171059e+02
1.914806787341157279e-01	1.819480432107023944e+03	1.110988712103876423e+03	2.278271931942275330e+02
1.977889868651535599e-01	1.746445606436600883e+03	1.058545957928440885e+03	2.609114638228310810e+02
2.040937735447724277e-01	1.624720998840774428e+03	9.931377818499950081e+02	2.702177051595720627e+02
2.103939302609846018e-01	1.478425109800848304e+03	8.040730364168314281e+02	2.187006989016066711e+02
2.166909709822301688e-01	1.385428191591308178e+03	7.907648046974048839e+02	1.316317701321392803e+02
2.229700281216152047e-01	1.357128381321157121e+03	7.671977336085149091e+02	2.202565184065606445e+02
2.292620027086341994e-01	1.255447602221280931e+03	6.222073635726380871e+02	1.672986667282753501e+02
2.355141508366812297e-01	1.180094484754399446e+03	6.488819999313303697e+02	1.772010539127570041e+02
2.417910583817859116e-01	1.142082041164305565e+03	5.804501583244331187e+02	2.606089229348462482e+02
2.480856539439619257e-01	1.058537319085273566e+03	5.542586405996528356e+02	1.903357991825350553e+02
2.543492256872954549e-01	1.019022351045180471e+03	4.675696195424453094e+02	1.817639870357244547e+02
2.606334251884805386e-01	9.692392234361257124e+02	4.454620478602363960e+02	1.872078471773814670e+02
2.669257370896960802e-01	9.064475051469721620e+02	3.628673517533256359e+02	1.275455841522637996e+02
2.732423343141155980e-01	8.663745533542652311e+02	3.613831118251832208e+02	1.517736031695534393e+02
2.795529680084415936e-01	8.201877286862927576e+02	3.197271985041637663e+02	1.370441590432644716e+02
2.858366292314493129e-01	7.779557715825217201e+02	2.972506496795410840e+02	1.491653417030256605e+02
2.920876271394311496e-01	7.542786561496679951e+02	2.564533004316136839e+02	1.211389576617424382e+02
2.983449844439822751e-01	7.163035959482003818e+02	2.535719929423026429e+02	1.760268585299030235e+02
3.046382639407197446e-01	6.661296032558743718e+02	2.575982423199520781e+02	1.426435472588684377e+02
3.109279127003197196e-01	6.464590527977154579e+02	1.909097976466242983e+02	1.237393515431095778e+02
3.172168171618398036e-01	6.132137249612983396e+02	1.770424339484190739e+02	1.525583317631007390e+02
3.235187567944423082e-01	5.921130427440382391e+02	1.692351675773279851e+02	1.385673326953954927e+02
3.298168217550395687e-01	5.661498757603158083e+02	1.246063381958845042e+02	1.172509792336402086e+02
3.361176429457156667e-01	5.431483731380842528e+02	1.302060105580281402e+02	1.274360888780601186e+02
3.423700375709273769e-01	5.196577047380586691e+02	1.064357131424737730e+02	1.166701253892150589e+02
3.486478192666269682e-01	4.972636827210142201e+02	8.814710537232258503e+01	1.222504189772043759e+02
3.549411614411318028e-01	4.813879378464854994e+02	8.273272731558029136e+01	1.070519493536278475e+02
3.611916935421040642e-01	4.560501143541228544e+02	9.029759459067408045e+01	1.287656026288981366e+02
3.674767089563572564e-01	4.398390682679299744e+02	7.058081372502833517e+01	9.965508972661966425e+01
3.737647795277591056e-01	4.199783063022274519e+02	4.375926605365273758e+01	1.248871940005818431e+02
3.800654031475132477e-01	4.081629189097850485e+02	5.487358241285632943e+01	1.167827869208065863e+02
3.863539861259823738e-01	3.925678987874287031e+02	3.485388418934036281e+01	1.169086626029724556e+02
3.926140181364449755e-01	3.796461251615180572e+02	3.835835347316094612e+01	1.226320125881277932e+02
3.989264500321934581e-01	3.650921709021271226e+02	1.796583625558115571e+01	1.141983226947135677e+02
4.052073244576828714e-01	3.520923127304559443e+02	1.357247774890957892e+01	1.127465260539641037e+02
4.114916477570477182e-01	3.368486571795309601e+02	1.115590582361650540e+01	9.747484377236955311e+01
4.177814272116491257e-01	3.274355109522111889e+02	1.056904261078955543e+01	1.121539291290085174e+02
4.240400648725131116e-01	3.142024653580439804e+02	4.029415299020065788e+00	1.043972240052821405e+02
4.303425690270192283e-01	3.050059676346578499e+02	-6.478290842254007309e+00	9.623007837167109813e+01
4.366358560255625965e-01	2.911475780913119706e+02	-8.941418573444135376e+00	1.069857791815417727e+02
4.428996183220763605e-01	2.832142337516532393e+02	-1.620483615837425972e+01	1.052707378449525493e+02
4.491634418529859563e-01	2.729634469659560523e+02	-2.189840813270765807e+01	9.082965068329897917e+01
4.554414146254732731e-01	2.664180269148249636e+02	-2.074741334567748297e+01	1.025451282221251148e+02
4.617634470301058558e-01	2.591737497314062466e+02	-2.245438916624415882e+01	1.017390499164269642e+02
4.680644242023710433e-01	2.500916673522861231e+02	-2.620005371902637847e+01	1.009514038097734812e+02
4.743485242764365895e-01	2.425037746476339748e+02	-2.896075886326615034e+01	1.009832413716390107e+02
4.806356136815400082e-01	2.328511874057930697e+02	-3.323932139231402516e+01	1.029748495775172330e+02
4.869019258388697646e-01	2.258330014574140989e+02	-3.556857067225383418e+01	9.871348060047428419e+01
4.931697099599955947e-01	2.200108066859559415e+02	-3.669271932588910801e+01	8.960157662303880954e+01
4.994506747144535908e-01	2.135364151134601798e+02	-3.948818481826574356e+01	9.154970927421048543e+01
5.057159051335421429e-01	2.070134674699336017e+02	-3.833702800762775098e+01	9.608828312209917044e+01
5.119923996268095356e-01	2.006651839830115591e+02	-4.544753514311098286e+01	9.565043648974273083e+01
5.183126097768406826e-01	1.958497013130574942e+02	-4.836150318728648045e+01	9.336653997831220408e+01
5.246089638029100000e-01	1.901427551376251017e+02	-4.498022374540245494e+01	8.493512530557896412e+01
5.308757308483337267e-01	1.847143846388189559e+02	-4.965840044284416166e+01	8.912808479587444310e+01
5.371573527946726934e-01	1.800929717829255878e+02	-4.948196768717938454e+01	8.619509382761741279e+01
5.434579563783791256e-01	1.750690763199520461e+02	-5.201417826122058585e+01	8.959007825540352599e+01
5.497430652392217842e-01	1.696629045145296288e+02	-5.088500806373813390e+01	8.829064704150724197e+01
5.559937427501778773e-01	1.658486877039607919e+02	-5.245176199251762483e+01	8.791342448236490270e+01
5.622854676609657654e-01	1.610097603567453746e+02	-5.215673215413693242e+01	8.638848514077933771e+01
5.686011537227265711e-01	1.560473185339191957e+02	-5.218370881758684021e+01	8.172254032646424093e+01
5.748804589422079614e-01	1.527378385211752914e+02	-5.122107474525659399e+01	8.010851145403212570e+01
5.811550210340560296e-01	1.476711423626321960e+02	-5.223565628708033870e+01	8.393450009833215120e+01
5.874394496660968468e-01	1.456329010671422850e+02	-5.477735214116668061e+01	7.965409611807811530e+01
5.937176220296899176e-01	1.416238194231804073e+02	-5.622391100892545523e+01	8.005897471589571524e+01
5.999971954793682505e-01	1.372656339338586804e+02	-5.400306544383470708e+01	7.615999475394319518e+01
6.062679115124277596e-01	1.351584409935649660e+02	-5.647526276557061209e+01	8.139390093396399095e+01
6.125469576444534381e-01	1.308414065897939054e+02	-5.660908545636721811e+01	7.731697712117176025e+01
6.188477733041515272e-01	1.278496042805942920e+02	-5.627384742154770692e+01	7.753813486036870017e+01
6.251310567437898813e-01	1.251982598332354115e+02	-5.813713411404154385e+01	7.790838119598687683e+01
6.314027450383210560e-01	1.224655625671464207e+02	-5.704651730713049318e+01	7.615044872760041983e+01
6.377003562732055375e-01	1.191596691053482715e+02	-5.691671945734577776e+01	7.699791099541970141e+01
6.439857783314556494e-01	1.161477185216487271e+02	-5.569774132150645585e+01	7.319742155824205554e+01
6.502685417166111925e-01	1.138328541295795731e+02	-5.701821359774356068e+01	7.419748267061434888e+01
6.565586117699038216e-01	1.110695172665489423e+02	-5.686651018693138582e+01	7.234462444604265841e+01
6.628369282359254377e-01	1.087070286019715297e+02	-5.621305671871133569e+01	7.435454731914778392e+01
6.691185444962194362e-01	1.064316557692096552e+02	-5.779612692801959639e+01	7.117058087461367677e+01
6.754070198575605755e-01	1.039251187860381549e+02	-5.649573930835640567e+01	6.969259199696237772e+01
6.816835514593204692e-01	1.014618061094460444e+02	-5.688838066718443542e+01	7.168432986127132267e+01
6.879592533861698112e-01	9.985525762554209450e+01	-5.724685548024378079e+01	7.048405608936305100e+01
6.942344317039531587e-01	9.767116637786797639e+01	-5.757774379150072974e+01	6.973210298505844662e+01
7.005175402434737908e-01	9.591260675629682453e+01	-5.719295753302318275e+01	7.126211851653690132e+01
7.068124956608716758e-01	9.363083557387437850e+01	-5.695758753750423864e+01	6.763183819851863632e+01
7.131019009674921527e-01	9.125972217259227648e+01	-5.670659813944355676e+01	6.764161315228029991e+01
7.193918251171427247e-01	8.949807126208212082e+01	-5.619436174424519947e+01	6.559534463457694642e+01
7.256833807598113140e-01	8.796524425877804276e+01	-5.650606854321781469e+01	6.852336966637402327e+01
7.319652682709349989e-01	8.595882090973833556e+01	-5.419364992340253195e+01	6.320297670087581565e+01
7.382507990484923344e-01	8.450289793972390839e+01	-5.452300614745426088e+01	6.405271253048205438e+01
7.445265842115937893e-01	8.267871944996456079e+01	-5.553136082019661757e+01	6.486289761380469088e+01
7.507871101942712455e-01	8.109381710680689537e+01	-5.493359293356920858e+01	6.564556475403261970e+01
7.570758465316046459e-01	7.942455692117317767e+01	-5.389925982676869864e+01	6.283856059713551900e+01
7.633641233600957365e-01	7.789582615118155218e+01	-5.390747116032779473e+01	6.352920647266009979e+01
7.696462959862266917e-01	7.612325216106616210e+01	-5.363466633934685746e+01	6.130289767228877906e+01
7.759394865175414102e-01	7.546900374359741193e+01	-5.390825894942429386e+01	6.198677770104145424e+01
7.822329141989586843e-01	7.381946077968700592e+01	-5.394714516116858505e+01	6.369523885369126504e+01
7.885314936520240181e-01	7.226191105879483700e+01	-5.222266900037066506e+01	6.049233899172750029e+01
7.947896566979522071e-01	7.048081567347126963e+01	-5.251353626480828041e+01	6.107153033663497865e+01
8.010491096592354809e-01	6.964380952570050454e+01	-5.247013153219835857e+01	5.893921948509278508e+01
8.073364061727361651e-01	6.852597067043478773e+01	-5.136225449047332603e+01	5.912397720846048799e+01
8.136229488373866170e-01	6.695000446493820334e+01	-5.057152796334284517e+01	5.792252023267877803e+01
8.199152998961036776e-01	6.607394495089715747e+01	-5.196173614938189900e+01	5.870957623729584185e+01
8.261952636392789762e-01	6.459921246038700815e+01	-5.048224520702515861e+01	5.640713487103050738e+01
8.324897070080405914e-01	6.347963891875323128e+01	-5.020237548622926482e+01	5.775439534590763913e+01
8.387959309210778480e-01	6.281562618862009373e+01	-5.123170966105742963e+01	5.712126429653183379e+01
8.450634639703045181e-01	6.114653097956272632e+01	-4.878563420920692550e+01	5.637820631415234374e+01
8.513282867562648182e-01	6.028554231419633425e+01	-4.883188663291429776e+01	5.474560813670246517e+01
8.576198263902009566e-01	5.933284522053767063e+01	-4.905818950756162877e+01	5.566322846897915610e+01
8.639058477062415697e-01	5.816954506344048781e+01	-4.874550945000645896e+01	5.512019112421423728e+01
8.701838745487597837e-01	5.753879504972580605e+01	-4.839458206751127278e+01	5.468496137666615198e+01
8.764641096075268534e-01	5.642291205503564555e+01	-4.801466161672492206e+01	5.426230026307587195e+01
8.827503873399735745e-01	5.552668308440403422e+01	-4.720380577800630562e+01	5.300921106567230368e+01
8.890332768393869323e-01	5.472862247404107450e+01	-4.682602540018735482e+01	5.266510145235437079e+01
8.953084247113127780e-01	5.370164123012212087e+01	-4.632420264546563970e+01	5.263310849339274711e+01
9.015956521667095602e-01	5.264645163463762856e+01	-4.644846028409313021e+01	5.241565159815270647e+01
9.078833328094829680e-01	5.209733728566051525e+01	-4.628268177458642185e+01	5.194701387837874051e+01
9.141744106319863450e-01	5.108754837262861770e+01	-4.507709976094627535e+01	5.073681176443470520e+01
9.204630817717615043e-01	5.034455050453665592e+01	-4.515407487213224869e+01	5.061870051301649198e+01
9.267434415264711456e-01	4.999094776693009123e+01	-4.542233393868453106e+01	5.099459581164965982e+01
9.330324197354928906e-01	4.911659691119842819e+01	-4.491760197770342700e+01	5.129950408804544537e+01
9.393265785573878812e-01	4.809509857738580507e+01	-4.382350680155197864e+01	4.992957731262772825e+01
9.455974810398196650e-01	4.743284895854980476e+01	-4.388846778271707905e+01	4.987501145590523777e+01
9.518660018545171964e-01	4.649034988983998318e+01	-4.282047353707658033e+01	4.854973861151587755e+01
9.581413255531838757e-01	4.626785408192240823e+01	-4.388710196165133937e+01	4.939363479454285510e+01
9.644350945109106954e-01	4.515605159153275139e+01	-4.173043997657494941e+01	4.761290793564268853e+01
9.707355633568249820e-01	4.449387828675199330e+01	-4.178105844225544274e+01	4.766541735704618077e+01
9.770080768450029041e-01	4.440065366138124858e+01	-4.248171945591817433e+01	4.850366099866865710e+01
9.832823325363413414e-01	4.340206298244694949e+01	-4.182581648866020885e+01	4.739232706308273180e+01
9.895569691966674686e-01	4.303526032023908243e+01	-4.136128936471190087e+01	4.815513111717866934e+01
9.958456301921106979e-01	4.200972216694715655e+01	-4.066923315680235618e+01	4.631487183169389255e+01
1.002136210743837408e+00	4.156739814631407626e+01	-4.060437779678586878e+01	4.634612292141302703e+01
1.008404825335135424e+00	4.102499470229976453e+01	-4.017184888888494498e+01	4.616254734742628330e+01
1.014694149836243398e+00	4.037606629078086229e+01	-3.963428752157502544e+01	4.548766311400134299e+01
1.020992555437297167e+00	3.984663657855828234e+01	-3.925951363027294150e+01	4.483522285517783246e+01
1.027273980437394485e+00	3.930589536725358357e+01	-3.865106154512309189e+01	4.415748762694223473e+01
1.033559181896017254e+00	3.873694956413694257e+01	-3.845698082347958291e+01	4.454947805618238021e+01
1.039847557392594934e+00	3.820281284334755156e+01	-3.806605722543127968e+01	4.398301535303151155e+01
1.046126974943305088e+00	3.768772659706582573e+01	-3.763659916124427696e+01	4.344889047419756167e+01
1.052403436811028659e+00	3.750244962506781121e+01	-3.801830074048348251e+01	4.442559917574045159e+01
1.058680704651608684e+00	3.685247693655149703e+01	-3.740216082149002830e+01	4.350554168409642131e+01
1.064964333065789193e+00	3.626344840852874540e+01	-3.698109151467152600e+01	4.284703033634136915e+01
1.071256777440835473e+00	3.578110609734306991e+01	-3.646618363289415754e+01	4.278850737795492876e+01
1.077544048801078125e+00	3.534813516842723402e+01	-3.612096991265640611e+01	4.198413240492447329e+01
1.083824820188043603e+00	3.507759362232519607e+01	-3.612968549457726652e+01	4.256230624827347242e+01
1.090108023942816695e+00	3.450244252289486013e+01	-3.527092100717784007e+01	4.159780254713408709e+01
1.096389665956643222e+00	3.408087713843426059e+01	-3.500320973364724608e+01	4.146806761752584691e+01
1.102681132058841440e+00	3.366886912868859127e+01	-3.500738870731559160e+01	4.132950241036506611e+01
1.108963047594879958e+00	3.316281237809316451e+01	-3.427929378664502735e+01	4.075546514242191165e+01
1.115225428463759272e+00	3.289971903854643642e+01	-3.404570123573223839e+01	4.057545167679663223e+01
1.121502127614767863e+00	3.238067241389226325e+01	-3.365983995633757786e+01	4.012161013530283071e+01
1.127792573824792033e+00	3.207753712657681433e+01	-3.331696372836334064e+01	3.982942181598276932e+01
1.134089552668382961e+00	3.177216157407844932e+01	-3.309997395412288057e+01	3.993538478583058549e+01
1.140364049650405942e+00	3.127613631516905457e+01	-3.278741946504012361e+01	3.924402316724047068e+01
1.146639180320979445e+00	3.100729014143270490e+01	-3.275000136837248021e+01	3.940465605962543805e+01
1.152942412991649901e+00	3.049943498393243857e+01	-3.199418933168561452e+01	3.859679235076694681e+01
1.159228906751078814e+00	3.016851493400195139e+01	-3.157417906956642284e+01	3.821739580728704766e+01
1.165508721887268173e+00	2.990510897496436726e+01	-3.155261109545310561e+01	3.850355938357898111e+01
1.171793076256210320e+00	2.955078481224435905e+01	-3.133022007260657915e+01	3.814926158804562561e+01
1.178087436369658958e+00	2.916248763251279641e+01	-3.074760914779270138e+01	3.767019648739606197e+01
1.184367654251526902e+00	2.891080942812268617e+01	-3.054170142510283270e+01	3.761191304025158644e+01
1.190634642299266632e+00	2.842224946596302360e+01	-2.995715576525244828e+01	3.710020838974903512e+01
1.196912208834400859e+00	2.830787488338108204e+01	-3.018022756799723894e+01	3.725902145655584263e+01
1.203201577354146234e+00	2.802883660331367466e+01	-2.988621252950791884e+01	3.722570568275645542e+01
1.209486844441705733e+00	2.762487924766489300e+01	-2.938101380325181466e+01	3.671097428664042184e+01
1.215763902074809888e+00	2.735946093734731122e+01	-2.919465359389038639e+01	3.644646575958555701e+01
1.222049755171146668e+00	2.704048178434196714e+01	-2.889899685032730048e+01	3.612277341575806844e+01
1.228340616621486969e+00	2.672976035196131761e+01	-2.845094404563223378e+01	3.597213212906012814e+01
1.234632986576932767e+00	2.642866798389053429e+01	-2.815254804883834794e+01	3.536888714246911292e+01
1.240902247176856488e+00	2.628258816524507324e+01	-2.797789246794376794e+01	3.543632194095630439e+01
1.247174839144687519e+00	2.603424372666559350e+01	-2.779455460506719433e+01	3.532661603853323840e+01
1.253465459933442272e+00	2.561089384166628236e+01	-2.719213401125289309e+01	3.495711067609709488e+01
1.259749951892178421e+00	2.538044858235918966e+01	-2.680952444761619091e+01	3.459253809860548756e+01
1.266032143127253873e+00	2.521203314987567268e+01	-2.685026099271637889e+01	3.467710429109612136e+01
1.272316288472006507e+00	2.489751133872938027e+01	-2.655502469620310890e+01	3.409621004414820078e+01
1.278604155058621350e+00	2.465350800749996907e+01	-2.648862489556627509e+01	3.417109203019848707e+01
1.284886588933593865e+00	2.446707129161549688e+01	-2.621569937271688389e+01	3.418146202824560476e+01
1.291175420066583257e+00	2.423798643310026790e+01	-2.591313180853131826e+01	3.403603772186585275e+01
1.297465726373772332e+00	2.402253082698172548e+01	-2.560331496887924629e+01	3.359883577100716678e+01
1.303741827011944299e+00	2.374618134146881943e+01	-2.511146086397528876e+01	3.327060215203252369e+01
1.310017322922761851e+00	2.355271645325824892e+01	-2.509056739159793636e+01	3.328677727215449522e+01
1.316301447662886703e+00	2.330363054887001439e+01	-2.475228189206357854e+01	3.271665912975090151e+01
1.322586760363303249e+00	2.315931738074926116e+01	-2.461062971972820534e+01	3.293503279568009390e+01
1.328865492452874664e+00	2.285206908496972034e+01	-2.416276265673848300e+01	3.256607434245671584e+01
1.335144804954555564e+00	2.264056859088437790e+01	-2.399751071471521513e+01	3.223457152138733051e+01
1.341440516272275119e+00	2.238072853036001320e+01	-2.372361033631106508e+01	3.169160856050677211e+01
1.347730868417094552e+00	2.232935504207668842e+01	-2.364680064953327232e+01	3.199525155160161916e+01
1.354001589994877630e+00	2.214876921433480916e+01	-2.344132897539428484e+01	3.185976713568834739e+01
1.360282609297778444e+00	2.195695244664981516e+01	-2.323338747290368644e+01	3.178835613301369989e+01
1.366565686457597906e+00	2.178949295248912321e+01	-2.293925775864668637e+01	3.134838517844450934e+01
1.372851498482432708e+00	2.151225001980775176e+01	-2.251291806486619862e+01	3.107447411432213258e+01
1.379135372929401804e+00	2.146571161669956496e+01	-2.271810304834299998e+01	3.134723084465116116e+01
1.385409567149057164e+00	2.112699442490201562e+01	-2.219836178111501823e+01	3.049709383425428300e+01
1.391698641219299315e+00	2.096881166514760508e+01	-2.204207870622308363e+01	3.052667793512717864e+01
1.397984451439470810e+00	2.093126582356657295e+01	-2.198523831947957774e+01	3.072505351749611435e+01
1.404267883409181961e+00	2.067314653545388836e+01	-2.163427300225431438e+01	3.027577433371722293e+01
1.410554779484869181e+00	2.044185492393651415e+01	-2.138588880507072076e+01	2.989157904030655999e+01
1.416837833547465397e+00	2.032457341070342594e+01	-2.131931219388359011e+01	2.987706742437661234e+01
1.423118177187137068e+00	2.017926687961754340e+01	-2.104494870145947516e+01	2.981984894033396571e+01
1.429397801164240089e+00	2.006985498306858418e+01	-2.082325516808078802e+01	2.957754107050145365e+01
1.435686921822787232e+00	1.987399831584609089e+01	-2.075561036446813290e+01	2.942851859236926870e+01
1.441977121769299597e+00	1.977025029600824269e+01	-2.058485676273464904e+01	2.938974522301702663e+01
1.448253667853332427e+00	1.959172308657759487e+01	-2.026980724169056813e+01	2.922054888164895914e+01
1.454532348972172651e+00	1.948209428714652347e+01	-2.017329094298272096e+01	2.909329804915162754e+01
1.460819319151879903e+00	1.931118789751076292e+01	-1.988595038177894025e+01	2.883190342244882842e+01
1.467110364402026468e+00	1.928106336378271735e+01	-1.990903459995539393e+01	2.897443444667593937e+01
1.473392908948962132e+00	1.916225614616473294e+01	-1.989335530966124566e+01	2.888052454338909669e+01
1.479669965243598950e+00	1.893091534514476137e+01	-1.946489252244171908e+01	2.846320402236390024e+01
1.485956144602843532e+00	1.877011790862074037e+01	-1.922288334627364392e+01	2.809265029302265049e+01
1.492233610763115115e+00	1.868223044824220480e+01	-1.910585113984844696e+01	2.813817662455208435e+01
1.498502470379980078e+00	1.859610062526057206e+01	-1.907094186831597327e+01	2.802313113141694600e+01
1.504785752051182701e+00	1.845848276249521547e+01	-1.898868510035168455e+01	2.783668041674532745e+01
1.511075991894575976e+00	1.821726638034277101e+01	-1.849142135267064191e+01	2.735333882064342959e+01
1.517361634985162189e+00	1.824507973188507037e+01	-1.864115685665176514e+01	2.765012332515306070e+01
1.523648570969130533e+00	1.810211645080768150e+01	-1.842067646163893713e+01	2.735872246311933864e+01
1.529938035715892264e+00	1.796036170812883626e+01	-1.817743894300114604e+01	2.717201201296139956e+01
1.536230176913891965e+00	1.782572973046451281e+01	-1.807835594439794491e+01	2.707951668858903460e+01
1.542510718779388279e+00	1.775803672766557995e+01	-1.803500873133470606e+01	2.696195649952526807e+01
1.548783963082980275e+00	1.773890824086147333e+01	-1.791661831062566534e+01	2.713673674963702709e+01
1.555073069779651318e+00	1.759330874339314832e+01	-1.784899880174834053e+01	2.695957752741629676e+01
1.561357324927233892e+00	1.746948499183498171e+01	-1.766180451234282245e+01	2.677273649621759333e+01
1.567629121053141006e+00	1.736879067322866987e+01	-1.742601642616237001e+01	2.643366902815811059e+01
1.573913697404382583e+00	1.727906218961584273e+01	-1.736247014207315331e+01	2.650748991453160386e+01
1.580203545230874029e+00	1.713197519104539879e+01	-1.718574281395392589e+01	2.620033563546228095e+01
1.586485393434537983e+00	1.699933975425621568e+01	-1.689621553342931648e+01	2.591929781331435123e+01
1.592760014263005841e+00	1.694352722647261800e+01	-1.685152136235865683e+01	2.587219390065316205e+01
1.599046436394670812e+00	1.682812162209429374e+01	-1.675022236512481300e+01	2.561966610443947090e+01
1.605342136637478934e+00	1.672547154501720357e+01	-1.662581011949899334e+01	2.560860339396779040e+01
1.611619860919608627e+00	1.668772056378740842e+01	-1.650336191786958295e+01	2.559187667297222646e+01
1.617897597081673799e+00	1.653835795630038064e+01	-1.629649189155674449e+01	2.519938654249390098e+01
1.624183235481122756e+00	1.648830992953106644e+01	-1.627724435090768651e+01	2.515374598879676782e+01
1.630464598531913722e+00	1.642603971759891124e+01	-1.626426997008118036e+01	2.517094019678163974e+01
1.636748985747638274e+00	1.631005576534456836e+01	-1.595211579807709690e+01	2.485331610182178608e+01
1.643030923698886259e+00	1.626052556522603254e+01	-1.601888066750547779e+01	2.498198428797853055e+01
1.649309176648513064e+00	1.607612943325554511e+01	-1.564125092048600862e+01	2.454113317137272432e+01
1.655593633940351861e+00	1.611579121728729547e+01	-1.569714556396174387e+01	2.470154853388071103e+01
1.661879571405086464e+00	1.588927623836229763e+01	-1.542197868089476742e+01	2.413001211835986481e+01
1.668169361685170271e+00	1.593150290906661581e+01	-1.554072116037465356e+01	2.436572710720015777e+01
1.674450151530487485e+00	1.587059053122882801e+01	-1.545670971146257777e+01	2.435002672695106796e+01
1.680722718978495900e+00	1.577637247462981129e+01	-1.524315091977842052e+01	2.416446616831893479e+01
1.687013891340952476e+00	1.568898197839139286e+01	-1.516905400362189127e+01	2.385922231078210487e+01
1.693308984907921033e+00	1.563621036512292228e+01	-1.510959162933215794e+01	2.387862461614275844e+01
1.699582147428448486e+00	1.554562123624267045e+01	-1.492921384689025821e+01	2.367098977036074459e+01
1.705863747055134105e+00	1.548515474609790310e+01	-1.489208555350090890e+01	2.366727381180648138e+01
1.712154434283889470e+00	1.540788397925032349e+01	-1.473231765770940527e+01	2.347033420797999881e+01
1.718438381579399321e+00	1.543588190035713481e+01	-1.486330669183418074e+01	2.353215822399576851e+01
1.724721264464063930e+00	1.536809742149894475e+01	-1.476261690412624539e+01	2.340428970493134386e+01
1.730997441276920679e+00	1.528758449621814641e+01	-1.471872322627198137e+01	2.327036351040171525e+01
1.737287073528269499e+00	1.519009218102249292e+01	-1.443441619615867033e+01	2.310236709987180248e+01
1.743567991878527401e+00	1.515742778056282347e+01	-1.450243339833959233e+01	2.310769548893495440e+01
1.749840680212231048e+00	1.505738330144834869e+01	-1.430254165613568595e+01	2.272386212020698792e+01
1.756128549091961144e+00	1.502430153967166859e+01	-1.431672314749883235e+01	2.281303680048895188e+01
1.762413535324792502e+00	1.502958552762098776e+01	-1.429399686138417991e+01	2.285650102345434220e+01
1.768696187669963837e+00	1.492184614056100145e+01	-1.416585017609771846e+01	2.260422811410047927e+01
1.774979359379055266e+00	1.485630816256185938e+01	-1.399021761722821111e+01	2.250240569937636437e+01
1.781265555576432957e+00	1.481862581574191573e+01	-1.396529670089939223e+01	2.232914982676151183e+01
1.787549427830244619e+00	1.470116960386869920e+01	-1.379193638500827035e+01	2.211169521832887952e+01
1.793834120011633004e+00	1.467779228610096354e+01	-1.372617061618699807e+01	2.207391452894595929e+01
1.800115051552487300e+00	1.464573693043404923e+01	-1.367219920474411055e+01	2.197143802080178432e+01
1.806393904854530330e+00	1.454634166350644087e+01	-1.355140986852866014e+01	2.172257886354779188e+01
1.812674089667083432e+00	1.450534934313873237e+01	-1.363875274057852316e+01	2.170856451354965699e+01
1.818956920109354058e+00	1.445982088770437990e+01	-1.347665604876525691e+01	2.153135170537874998e+01
1.825244164118212220e+00	1.442568133048900414e+01	-1.336154366912454705e+01	2.151078154349405480e+01
1.831527256642196955e+00	1.436539029925579491e+01	-1.325824237375174519e+01	2.140179808836115782e+01
1.837811294935716599e+00	1.432545970862541473e+01	-1.329141283381632910e+01	2.130259094084083671e+01
1.844100717411196744e+00	1.431068792853243821e+01	-1.320733118778271198e+01	2.127870443388205857e+01
1.850384816792487230e+00	1.422839503167003983e+01	-1.319956158370869481e+01	2.104287113691212951e+01
1.856666059735203822e+00	1.414886827996033070e+01	-1.300167840856101442e+01	2.080154417796847710e+01
1.862947728675613979e+00	1.416427350798225149e+01	-1.307922907129149159e+01	2.091976696869213725e+01
1.869229324466858078e+00	1.413012916690920839e+01	-1.305039503567867598e+01	2.091776082596960507e+01
1.875517616802973686e+00	1.408785802393133046e+01	-1.299164814118445399e+01	2.076227331780377483e+01
1.881800769033795229e+00	1.407784524229941248e+01	-1.293060258595288659e+01	2.065574301636765853e+01
1.888078863416442710e+00	1.402136837442249195e+01	-1.288883039744289860e+01	2.062654034527189850e+01
1.894353975182237582e+00	1.401575318748507115e+01	-1.285479431545543605e+01	2.056727759322422244e+01
1.900642716154182565e+00	1.396669483657401223e+01	-1.283317469126122568e+01	2.047498987692150862e+01
1.906933494748685121e+00	1.386803340956486075e+01	-1.261064879357074986e+01	2.022176538838760962e+01
1.913207568676573933e+00	1.388289504971102062e+01	-1.268941902968916402e+01	2.025450766646229894e+01
1.919490884732178992e+00	1.384353161528227005e+01	-1.261607408913990902e+01	2.007127931565040413e+01
1.925776855684274480e+00	1.374704544508831816e+01	-1.246460654503540155e+01	1.989461026139864330e+01
1.932064452961978152e+00	1.373688973188872176e+01	-1.246858866869183835e+01	1.986484798485488668e+01
1.938342610030488800e+00	1.370588867711870584e+01	-1.239008060879143969e+01	1.981046557225694826e+01
1.944618341543410178e+00	1.374540918195998884e+01	-1.249620787406729150e+01	1.987435604276557299e+01
1.950906260203513876e+00	1.367057258898245919e+01	-1.233288728192860439e+01	1.965863902795786089e+01
1.957194556613796488e+00	1.360937325550799848e+01	-1.228218230942567857e+01	1.950970003346233028e+01
1.963479614559011432e+00	1.359187015105021601e+01	-1.220654648399099784e+01	1.933138652411174618e+01
1.969760361532916226e+00	1.357320613534094456e+01	-1.215009992997502941e+01	1.937784598466406649e+01
1.976048367034604736e+00	1.354399693797027204e+01	-1.218563952030991082e+01	1.924938068071502428e+01
1.982337990217652335e+00	1.351457744660495131e+01	-1.202566353567468127e+01	1.921734513051407944e+01
1.988617489259562721e+00	1.345455524034359840e+01	-1.203724168640079029e+01	1.909630210962374619e+01
1.994896320665194178e+00	1.345219822489995032e+01	-1.203410422152395221e+01	1.895432698426162332e+01
2.001179596222827151e+00	1.335429341145820992e+01	-1.175926990259059401e+01	1.866812645597685361e+01
2.007459756923499761e+00	1.338127945445750910e+01	-1.190627757065721326e+01	1.879617163396535062e+01
2.013737397779169935e+00	1.334957051043639886e+01	-1.183702856714869966e+01	1.870568053689050458e+01
2.020017234677497164e+00	1.333477613067930889e+01	-1.178937498137810458e+01	1.857527497355459545e+01
2.026310251015072783e+00	1.332195209913760259e+01	-1.178369365663755985e+01	1.863292840556714225e+01
2.032600542948020284e+00	1.327206122684162892e+01	-1.169731743376650357e+01	1.840562699130167346e+01
2.038873863192099289e+00	1.322640603967819040e+01	-1.157553029086443352e+01	1.828651207956389158e+01
2.045154087821675404e+00	1.318908411136321668e+01	-1.159247796300093292e+01	1.820336579148064615e+01
2.051444704514288730e+00	1.320832962888119866e+01	-1.159375655149196049e+01	1.818989597768149480e+01
2.057730430280644729e+00	1.318038690706212357e+01	-1.151738671028406991e+01	1.812184110464187725e+01
2.064013940455224461e+00	1.312702183553960111e+01	-1.145787634628407581e+01	1.801435522219247076e+01
2.070299891179459895e+00	1.311856882666436697e+01	-1.138867028187634745e+01	1.780147770596226309e+01
2.076589719964883951e+00	1.306736835847743095e+01	-1.124547969724320318e+01	1.776646008641570518e+01
2.082865483794470673e+00	1.306510955989931411e+01	-1.118925390956809274e+01	1.768982330856287533e+01
2.089134494859368640e+00	1.301726241097513181e+01	-1.119761481624462718e+01	1.757107955773740215e+01
2.095424211360070288e+00	1.304356112093295650e+01	-1.130054154647160303e+01	1.761932615277917691e+01
2.101707116664804254e+00	1.300163991937418650e+01	-1.119461770616347529e+01	1.750151043416699181e+01
2.107986473933564309e+00	1.301270397102760334e+01	-1.119399744037444400e+01	1.747063369716367731e+01
2.114271806543862375e+00	1.292718646572757280e+01	-1.103233464183961843e+01	1.721174731531802848e+01
2.120552717288892275e+00	1.289449246055714582e+01	-1.096311348204575609e+01	1.711683943652420581e+01
2.126836933207161717e+00	1.289745093824974376e+01	-1.100103816670220347e+01	1.710287964452668064e+01
2.133122044791171845e+00	1.289306323482516170e+01	-1.099054026941681528e+01	1.714704381513018205e+01
2.139411711910842673e+00	1.281631004018428932e+01	-1.080642312690724438e+01	1.685194506832812067e+01
2.145697076775292089e+00	1.284418508316704788e+01	-1.087277816016713494e+01	1.683840566900400759e+01
2.151973548606471276e+00	1.281786018508282865e+01	-1.079795695845566605e+01	1.678621908407738061e+01
2.158259913555724108e+00	1.278246433070222565e+01	-1.075875778200169464e+01	1.667318689802810283e+01
2.164545396699105506e+00	1.276697372878206060e+01	-1.067149074629481476e+01	1.655086459950737421e+01
2.170830700377734068e+00	1.273784306696752289e+01	-1.068782943377918748e+01	1.642146778531740381e+01
2.177114138849150393e+00	1.268413271776227802e+01	-1.058055764113558439e+01	1.629689779942641792e+01
2.183387647576827018e+00	1.269551918390462220e+01	-1.057849315983040839e+01	1.627457747777007313e+01
2.189670273687676971e+00	1.273051254624189355e+01	-1.061351911274254611e+01	1.639294171647027554e+01
2.195960147934207463e+00	1.265052714730121508e+01	-1.045253591578811125e+01	1.617142106365987075e+01
2.202242556317716371e+00	1.264931451369383275e+01	-1.046508118665487075e+01	1.608051429999586901e+01
2.208521655981037668e+00	1.266699759375070933e+01	-1.049617986276983750e+01	1.612167904137984209e+01
2.214804637081333016e+00	1.259632772654919819e+01	-1.036210041551328409e+01	1.590876970781193123e+01
2.221092583349425276e+00	1.254884468067532843e+01	-1.028471169526175721e+01	1.574382297773616379e+01
2.227372893591468728e+00	1.255014186222286909e+01	-1.019922884461739798e+01	1.570688967840414918e+01
2.233657161144248171e+00	1.258388945601589270e+01	-1.028892216133388082e+01	1.574499921804924973e+01
2.239943485394438660e+00	1.256033153348574061e+01	-1.025460767573201082e+01	1.570220703607997059e+01
2.246224175264620815e+00	1.250281164637767084e+01	-1.011841191060868184e+01	1.543015084839468365e+01
2.252506378421252009e+00	1.251191713925786075e+01	-1.009215453304545385e+01	1.544875254923992536e+01
2.258783417054270437e+00	1.250421042135290151e+01	-1.003668161046497964e+01	1.543461239288512665e+01
2.265069077371457684e+00	1.246130487791871921e+01	-9.990740890245003669e+00	1.521554833285952313e+01
2.271350377044131452e+00	1.245245914235772666e+01	-9.971438376339003540e+00	1.523368199902939324e+01
2.277633995145353918e+00	1.243336337873223130e+01	-9.959671782639341941e+00	1.514530941437586087e+01
2.283922419579920149e+00	1.240943989729142771e+01	-9.944728789105417022e+00	1.509815598876013887e+01
2.290202874392252674e+00	1.243482808202566225e+01	-9.934967041599090720e+00	1.511129672715865091e+01
2.296490779970905560e+00	1.234605966545916189e+01	-9.753351538086823425e+00	1.477463732242353878e+01
2.302771769934229162e+00	1.238728411367591775e+01	-9.790044090798714294e+00	1.483756278506149684e+01
2.309051364164305564e+00	1.235337743492365448e+01	-9.706491128374393540e+00	1.475240216897400103e+01
2.315338502539088239e+00	1.229931384823144391e+01	-9.643098199059075171e+00	1.462914981630813749e+01
2.321627336503874428e+00	1.234758170787308451e+01	-9.715863284101315500e+00	1.466819320216666789e+01
2.327911878297218795e+00	1.228905646266643537e+01	-9.631779320869025440e+00	1.450950642669842772e+01
2.334186238580297168e+00	1.228744215712592514e+01	-9.584844567094918943e+00	1.447591498979248392e+01
2.340467971862688401e+00	1.228229839655325684e+01	-9.508945902800792993e+00	1.435403314982126943e+01
2.346756940970738725e+00	1.225176755327542821e+01	-9.460437554223005918e+00	1.431006129480372557e+01
2.353044444556199988e+00	1.225890816114859838e+01	-9.498606162596349378e+00	1.430813556988827884e+01
2.359327653314069906e+00	1.222814972657086052e+01	-9.388137075862198699e+00	1.423209202540073193e+01
2.365603048789861607e+00	1.221087455542052602e+01	-9.338147376455941284e+00	1.406616845740918720e+01
2.371885911737665165e+00	1.222651523673602547e+01	-9.404771937456345654e+00	1.413551505147416520e+01
2.378173303594019572e+00	1.217977130455493828e+01	-9.288091344229428614e+00	1.404489114687863349e+01
2.384454016539381271e+00	1.219845013714439652e+01	-9.268497062111315188e+00	1.395627150182542131e+01
2.390736447344785187e+00	1.215027686081176839e+01	-9.153348156667449942e+00	1.377123618535623883e+01
2.397014133897952259e+00	1.216232109702873920e+01	-9.179070622466612761e+00	1.379948444390213069e+01
2.403295490074321972e+00	1.216887467881998042e+01	-9.185992978919195195e+00	1.380954578238416985e+01
2.409585049672506862e+00	1.210530084358809155e+01	-9.068667610842581439e+00	1.368179209048950895e+01
2.415871703165322071e+00	1.214363353174422500e+01	-9.103503438177209972e+00	1.362736230324297537e+01
2.422160652369088840e+00	1.209554040769091721e+01	-8.994260896984460629e+00	1.354814781268406421e+01
2.428440167222748691e+00	1.210169366973577176e+01	-8.972075395879157256e+00	1.349553891097304970e+01
2.434717472383889803e+00	1.207766982106847209e+01	-8.946984349048053176e+00	1.338083647056356540e+01
2.441002456202044257e+00	1.206880634414164177e+01	-8.920204454116968051e+00	1.336364272578359902e+01
2.447289980304530488e+00	1.206813064284072290e+01	-8.811875795177707360e+00	1.328290723730614964e+01
2.453571844729242279e+00	1.206322497339083633e+01	-8.897944717442427986e+00	1.333450423844048416e+01
2.459852705114058846e+00	1.209282259830152029e+01	-8.850005445405304982e+00	1.326728028241006818e+01
2.466139233225018934e+00	1.202131495430163355e+01	-8.699154564675357193e+00	1.311738761582962276e+01
2.472421963421291391e+00	1.200260195947092257e+01	-8.703353686234882147e+00	1.303897334020203402e+01
2.478698519174224568e+00	1.201135557900606976e+01	-8.679878275736415461e+00	1.304108823029387487e+01
2.484980841400355800e+00	1.202505928613273234e+01	-8.690663933202495528e+00	1.303401132758611070e+01
2.491269319409339822e+00	1.201886307001606724e+01	-8.637153651395061971e+00	1.287007885738348456e+01
2.497548505139029373e+00	1.198350394607723857e+01	-8.590025579197027028e+00	1.288075627700249548e+01
2.503831667172610853e+00	1.199775343056213828e+01	-8.569658764215789759e+00	1.284925522930255326e+01
2.510117938323931153e+00	1.196123422297900341e+01	-8.485779963256796066e+00	1.275697682372654640e+01
2.516400733681277480e+00	1.198966153221709696e+01	-8.524466336260807964e+00	1.277145016192234372e+01
2.522688226833368130e+00	1.195880004452724066e+01	-8.448527585881951296e+00	1.265099954827543449e+01
2.528971695852665569e+00	1.195650774666741789e+01	-8.478288472804750953e+00	1.265999160615426433e+01
2.535252039407670299e+00	1.193849044503910406e+01	-8.376214247533505741e+00	1.250805604229099544e+01
2.541537514142774512e+00	1.192048463569155459e+01	-8.285363554152231913e+00	1.248229435717798630e+01
2.547823008847572179e+00	1.193288196026206194e+01	-8.249119951061516076e+00	1.241598646765461034e+01
2.554100666580690238e+00	1.190880466090739631e+01	-8.256520799647374176e+00	1.237722508908545116e+01
2.560376788884177301e+00	1.193767350388166903e+01	-8.257642433064683374e+00	1.246725095679565776e+01
2.566667521601497359e+00	1.192952561544642442e+01	-8.251301876390218837e+00	1.238873639493900392e+01
2.572955062237090473e+00	1.189909296580764320e+01	-8.168014762854959088e+00	1.223008196138974313e+01
2.579233771797999175e+00	1.189289798060070957e+01	-8.104746173829372680e+00	1.220389538587772904e+01
2.585520164300948220e+00	1.187547032514756395e+01	-8.078003884259652878e+00	1.214608299347647069e+01
2.591805130332431872e+00	1.190205401579976652e+01	-8.076143452474951800e+00	1.217838284426686535e+01
2.598084074692260881e+00	1.188768565395575472e+01	-8.012618380091621972e+00	1.214857075019180677e+01
2.604360404197643586e+00	1.188801717623929832e+01	-8.001164453902047669e+00	1.205232070634403385e+01
2.610647185140439142e+00	1.187753294314467922e+01	-7.965205681461762666e+00	1.196940288755233439e+01
2.616931864059273138e+00	1.185289273165593826e+01	-7.896693935576192480e+00	1.189921497518470517e+01
2.623206107911065565e+00	1.188440184906830233e+01	-7.907515091146841257e+00	1.195208824037147188e+01
2.629491626543270844e+00	1.184161548720824797e+01	-7.878367266727004825e+00	1.182082395522657770e+01
2.635778507982642349e+00	1.184270255766456792e+01	-7.826046187981095414e+00	1.180686806664051680e+01
2.642061039325260818e+00	1.188277866844823549e+01	-7.836206619475340140e+00	1.185266854627359123e+01
2.648343840729305843e+00	1.187219277171364062e+01	-7.791448194465325550e+00	1.180712067108526497e+01
2.654631838974855551e+00	1.184990104661117627e+01	-7.714966168587332085e+00	1.167505793513469214e+01
2.660919001246303761e+00	1.183654372105243624e+01	-7.706366928317500253e+00	1.170386181575195828e+01
2.667198525130066056e+00	1.185042975809274957e+01	-7.686254047896919239e+00	1.168001974992096237e+01
2.673484307038032526e+00	1.184680270073312158e+01	-7.678538691151395312e+00	1.164927368493349391e+01
2.679773388053849459e+00	1.185359561077019563e+01	-7.625607843423373389e+00	1.166013733013779508e+01
2.686058217632288692e+00	1.184799961695446946e+01	-7.612630562624361552e+00	1.155824133756575733e+01
2.692338738200057868e+00	1.187201193029199686e+01	-7.583489580268707897e+00	1.162898134019946994e+01
2.698618022887226964e+00	1.183416256602279759e+01	-7.507475968219051055e+00	1.149001551612011340e+01
2.704895450708277860e+00	1.184000873104842988e+01	-7.481888261119873818e+00	1.148803307297956344e+01
2.711175674923682166e+00	1.183772491685682482e+01	-7.457049658615680698e+00	1.147358953190498987e+01
2.717459832966957922e+00	1.185363042606337558e+01	-7.449971853178094072e+00	1.147575611913064009e+01
2.723745731959044569e+00	1.184519229670411988e+01	-7.391150757151047301e+00	1.138900708069703605e+01
2.730038414850594730e+00	1.182989642914541761e+01	-7.363074531174148341e+00	1.127416181217248159e+01
2.736317989800789441e+00	1.183712169688771532e+01	-7.314807909137053699e+00	1.138957154075913358e+01
2.742591858549239703e+00	1.184115678527143523e+01	-7.336074324294302507e+00	1.126504281718596800e+01
2.748879749010778362e+00	1.185220288115241694e+01	-7.268576492242468490e+00	1.130494552897344818e+01
2.755163403825859447e+00	1.183477618409805743e+01	-7.238589304591884321e+00	1.127425298243464979e+01
2.761446955625852073e+00	1.186760811087036416e+01	-7.312931296874784159e+00	1.133380868695305033e+01
2.767732088935374701e+00	1.185851970372303654e+01	-7.191376947284868315e+00	1.122855255730890001e+01
2.774015452421743966e+00	1.185372189547213218e+01	-7.178439367682843297e+00	1.118225799575608015e+01
2.780298635700591436e+00	1.186972916655382093e+01	-7.194066742282280380e+00	1.118083814387148500e+01
2.786577474762241380e+00	1.184896070999769258e+01	-7.103705455196577923e+00	1.113744829801839131e+01
2.792857983210164541e+00	1.190209045918223829e+01	-7.143309890137873985e+00	1.121384917953073312e+01
2.799143790920211483e+00	1.186364003544204060e+01	-7.059960292616474398e+00	1.113347015490492176e+01
2.805430058399325244e+00	1.188157076426795733e+01	-7.078788451381651470e+00	1.115029050344061545e+01
2.811715058209780072e+00	1.188533269273954573e+01	-7.066712780481351430e+00	1.111177713046049220e+01
2.817989272498773623e+00	1.191764466807138412e+01	-7.077117521578093928e+00	1.119812999599638204e+01
2.824269171595737760e+00	1.191733095093551320e+01	-7.052507965645470556e+00	1.108679682047629989e+01
2.830563016441804081e+00	1.192482124200906313e+01	-6.984344124773732787e+00	1.117793440260682303e+01
2.836848750951622034e+00	1.194367169510942439e+01	-7.043264699556043951e+00	1.116244188797192649e+01
2.843130027866129783e+00	1.194548057341789793e+01	-6.941778020318162490e+00	1.110024298758326999e+01
2.849413896912404986e+00	1.192806481594599965e+01	-6.930576059366907238e+00	1.105262236057563996e+01
2.855697464522425566e+00	1.196944144598205106e+01	-6.928298110428602996e+00	1.105637042625884447e+01
2.861978799810683594e+00	1.195984160682194464e+01	-6.909623350064785008e+00	1.107558491229090158e+01
2.868262469415629567e+00	1.196197346560584229e+01	-6.905999845390136116e+00	1.106535530213151830e+01
2.874547359206753860e+00	1.197448949633791138e+01	-6.823935535391989049e+00	1.106152249095765328e+01
2.880831111471525041e+00	1.198669541059814669e+01	-6.836438689577422068e+00	1.107269582375293382e+01
2.887113216972382546e+00	1.199595129350548461e+01	-6.798086588442783906e+00	1.110041112965395804e+01
2.893394504725182781e+00	1.198920284720091800e+01	-6.737244357849125898e+00	1.099779726259673573e+01
2.899673662137033592e+00	1.202062944680944767e+01	-6.739754150808070499e+00	1.100731454293629064e+01
2.905953958587380814e+00	1.204961416278922393e+01	-6.795179258378956533e+00	1.115797118539479449e+01
2.912241118105161064e+00	1.204368759018388424e+01	-6.711830456231026254e+00	1.113476319673351611e+01
2.918525996366671205e+00	1.206197742718953059e+01	-6.686558368556270615e+00	1.109140505380909758e+01
2.924809035425688819e+00	1.207292313629366376e+01	-6.666605083211080363e+00	1.104466822559311723e+01
2.931095916293684933e+00	1.208362987328163562e+01	-6.663989508845158838e+00	1.110478975596206830e+01
2.937378182606774413e+00	1.208514108945355403e+01	-6.640841733689749837e+00	1.112686396887777640e+01
2.943659980254369923e+00	1.213160463449414550e+01	-6.663085925273562360e+00	1.109927428043710940e+01
2.949946454403890250e+00	1.213872185631131195e+01	-6.631336312566861402e+00	1.114323995379236365e+01
2.956227653702202307e+00	1.215179053191805814e+01	-6.598622927923282866e+00	1.119381608010436047e+01
2.962510478867462993e+00	1.215251447410196839e+01	-6.612567347534676898e+00	1.118263661725269387e+01
2.968796535179442309e+00	1.217963670755647243e+01	-6.571165739282262663e+00	1.118143715889272904e+01
2.975077657376874907e+00	1.219561294993287071e+01	-6.542399995463902052e+00	1.115862662358882496e+01
2.981359866759223376e+00	1.219514454088571220e+01	-6.508477295711456279e+00	1.115773165415524204e+01
2.987646761575656562e+00	1.224486129217140729e+01	-6.577500807401662541e+00	1.127803027087745313e+01
2.993929038370399365e+00	1.225931457336483099e+01	-6.550381071506169661e+00	1.126260343459334301e+01
3.000206214840962726e+00	1.225538255579921199e+01	-6.502113547540340655e+00	1.123322848621510772e+01
3.006486172402415669e+00	1.228430195393158186e+01	-6.442662372406582350e+00	1.123170292348530097e+01
3.012769812211594456e+00	1.230932989347850004e+01	-6.504737841517903796e+00	1.133719114754646107e+01
3.019053144326170113e+00	1.233281297301143908e+01	-6.490510498924271232e+00	1.132890077527649453e+01
3.025337405144251424e+00	1.236603111225570650e+01	-6.495281559336302912e+00	1.131893194433064487e+01
3.031623734799107961e+00	1.238550182440162928e+01	-6.474593357316641651e+00	1.150036254262566970e+01
3.037908962055872575e+00	1.241970658350249224e+01	-6.524814350826515508e+00	1.145325827869775459e+01
3.044195067146031608e+00	1.244243895861026949e+01	-6.466815224512772353e+00	1.151279499017302221e+01
3.050475543482170426e+00	1.247876682676479199e+01	-6.554509543620075540e+00	1.156929818299060742e+01
3.056754954538277502e+00	1.248342147536379088e+01	-6.422402046947426335e+00	1.150559605241439165e+01
3.063040539557494668e+00	1.250783847843402263e+01	-6.462581073217509520e+00	1.161436238808539478e+01
3.069323699454357346e+00	1.252047084026391310e+01	-6.476487144774758065e+00	1.165039915895064837e+01
3.075610692642898769e+00	1.253687573465819938e+01	-6.370926930244750430e+00	1.161656370847431141e+01
3.081893798009918584e+00	1.258891889351487237e+01	-6.452808146819059232e+00	1.169057721068894828e+01
3.088174549548037717e+00	1.262595176265330110e+01	-6.440839092337437677e+00	1.175918349862598866e+01
3.094458635632868493e+00	1.266335998405430452e+01	-6.453479247092841931e+00	1.183854729618641421e+01
3.100743982931558840e+00	1.267411889732141006e+01	-6.396867415357379905e+00	1.181208507955594911e+01
3.107028111748448396e+00	1.270042575314126410e+01	-6.414353168939631367e+00	1.191380689884031696e+01
3.113309299655494300e+00	1.273671910491408532e+01	-6.450818393534407669e+00	1.194285411144285902e+01
3.119590662867241626e+00	1.277480062584479725e+01	-6.402223912237607450e+00	1.200657755108047731e+01
3.125874006820172912e+00	1.280966582010000998e+01	-6.473167694963417595e+00	1.211806641630080961e+01
3.132159251154602586e+00	1.281982207089467529e+01	-6.379195034077513426e+00	1.198270070676255905e+01
3.138439172765940643e+00	1.285775792606153622e+01	-6.401613164052114335e+00	1.213184263085266146e+01
3.144723867719826593e+00	1.290262625045046363e+01	-6.471077396860271058e+00	1.223800275340929211e+01
3.151003951258561031e+00	1.294623256402326561e+01	-6.424752035184602583e+00	1.230579920775576142e+01
3.157283664131563139e+00	1.296469522785957729e+01	-6.429034762433519568e+00	1.230613198688637233e+01
3.163569317183839935e+00	1.301799786858688357e+01	-6.463258690297913667e+00	1.236676826899504356e+01
3.169851661717792091e+00	1.305623696367387687e+01	-6.439556291747320138e+00	1.246860473957209514e+01
3.176137704316093657e+00	1.308599264763645031e+01	-6.437708263481481730e+00	1.255562637976316154e+01
3.182420924828643916e+00	1.315456001247161133e+01	-6.529966003843168387e+00	1.272425099323773168e+01
3.188702811875577581e+00	1.320750235230899605e+01	-6.536219546110367595e+00	1.272135117779584412e+01
3.194990520008989865e+00	1.322241696788714371e+01	-6.480462588782828881e+00	1.281767136548222474e+01
3.201275324656983834e+00	1.323609649943518285e+01	-6.483316846993563587e+00	1.278812097431508832e+01
3.207551352179861759e+00	1.329380214250173964e+01	-6.555076358031919348e+00	1.293189838760573096e+01
3.213835216737041645e+00	1.333842339814547451e+01	-6.480926800921541719e+00	1.303426382149760521e+01
3.220122579819103770e+00	1.330403368877734849e+01	-6.351535523182413101e+00	1.259072011883912801e+01
3.226406606618656525e+00	1.317667637095461686e+01	-6.012464372911994204e+00	1.176340150665330775e+01
3.232687390085645429e+00	1.309882083507362793e+01	-5.766158242170643433e+00	1.102429700605475382e+01
3.238969121280456331e+00	1.301562640487631839e+01	-5.567262709167176915e+00	1.042727017350559571e+01
3.245254751548589667e+00	1.294322840436781874e+01	-5.396762798103147851e+00	9.775390639863307030e+00
3.251534499036136783e+00	1.291165497829012310e+01	-5.239544176360075411e+00	9.140152258910296368e+00
3.257817780791052442e+00	1.280773147208343055e+01	-4.994047902169555186e+00	8.517510952513706712e+00
3.264102164154097263e+00	1.276355709393285309e+01	-4.875395183316624248e+00	7.988767729457567413e+00
3.270384152138468892e+00	1.272709863536123365e+01	-4.756478149453490900e+00	7.523105679761614262e+00
3.276669427476867735e+00	1.269017869954932465e+01	-4.622568608878118823e+00	6.981176136616510597e+00
3.282954688864507808e+00	1.266616106219189497e+01	-4.566823367044626991e+00	6.489135034448982431e+00
3.289237200334947264e+00	1.262712628760124112e+01	-4.416736303484638526e+00	6.000323956162859851e+00
3.295519587088236779e+00	1.258780899918588858e+01	-4.304745375107278171e+00	5.461984170355551171e+00
3.301805977329951958e+00	1.256231671122121263e+01	-4.262821808519804634e+00	5.085195654834478773e+00
3.308087486222440088e+00	1.253515275240635951e+01	-4.135522644315657637e+00	4.583210260752327514e+00
3.314367630234227313e+00	1.249339100523081036e+01	-4.009626745126922742e+00	4.009060088726779547e+00
3.320651909732194262e+00	1.248860379273035726e+01	-3.998075088907327324e+00	3.740183177070817599e+00
3.326931260376857047e+00	1.244790157222854354e+01	-3.927248375123450597e+00	3.257123657544002349e+00
3.333216512447217728e+00	1.244886959750512823e+01	-3.847092357863899359e+00	2.884988805572267001e+00
3.339504489419978128e+00	1.243884013833802982e+01	-3.789792826357333944e+00	2.548901026318652452e+00
3.345786804809928405e+00	1.242159999929417502e+01	-3.711542977941818755e+00	2.105712581211113044e+00
3.352071130016277767e+00	1.239721336037073485e+01	-3.603165517458818190e+00	1.638440822063538471e+00
3.358351496304225581e+00	1.240735813185731473e+01	-3.585001500159993082e+00	1.320146650599447247e+00
3.364630591073392019e+00	1.236496548141181506e+01	-3.507626184009459358e+00	8.296506545596767923e-01
3.370916305215045483e+00	1.238145135313551037e+01	-3.539068291343522965e+00	6.038601766015145866e-01
3.377197952029413752e+00	1.235324217659368884e+01	-3.395691288831752974e+00	1.616087546351624438e-01
3.383483063818085501e+00	1.237662489441263425e+01	-3.434119140858516772e+00	-1.347152304503961562e-01
3.389769992424469969e+00	1.236716030101037234e+01	-3.341748750062528028e+00	-5.002264871690539350e-01
3.396051330885982100e+00	1.236009717787225703e+01	-3.315293543449571612e+00	-8.806564481034108161e-01
3.402330879139463971e+00	1.234942181259367366e+01	-3.245527968338829616e+00	-1.208639018778337348e+00
3.408610488352048495e+00	1.235509313239875517e+01	-3.229525775013247113e+00	-1.516495696911167812e+00
3.414897837696641236e+00	1.234791313048224559e+01	-3.163642182346026122e+00	-1.825434115293206760e+00
3.421180484052105619e+00	1.234591244151816269e+01	-3.146848520396032800e+00	-2.228909611701202831e+00
3.427461639653846870e+00	1.232014417180811527e+01	-3.104869350580840681e+00	-2.562053207530678112e+00
3.433749159643459059e+00	1.233253538841908181e+01	-3.064228074637737276e+00	-2.854809609859337183e+00
3.440032646656798310e+00	1.234032758565689925e+01	-3.050332974125450125e+00	-3.068004122189064375e+00
3.446313366033385339e+00	1.236252124236916217e+01	-3.060850212218483524e+00	-3.428010364627664064e+00
3.452600135384134905e+00	1.234270737604814450e+01	-2.983285371116686235e+00	-3.813966039637171512e+00
3.458883152815406703e+00	1.236302182337067279e+01	-2.997352365067067481e+00	-4.070218587375818764e+00
3.465163834403715448e+00	1.238441422766599764e+01	-3.007245379840732813e+00	-4.293343756703066560e+00
3.471449329786229221e+00	1.236270958357440897e+01	-2.890293051987917750e+00	-4.706265255314773022e+00
3.477734476754053894e+00	1.237927160918248504e+01	-2.883481801544083734e+00	-5.031192866962101995e+00
3.484019652467224226e+00	1.238170111516979510e+01	-2.809259408613198783e+00	-5.320547320256016732e+00
3.490297019369712928e+00	1.239361562214801893e+01	-2.887691274022101240e+00	-5.533422215194816474e+00
3.496582486484379970e+00	1.238061129909503499e+01	-2.801842701241980205e+00	-5.895054274888527068e+00
3.502868048046865024e+00	1.238813993867113616e+01	-2.799364307307190991e+00	-6.190864150155485746e+00
3.509144649545451244e+00	1.238143207923931932e+01	-2.768966752515259699e+00	-6.458691673986093562e+00
3.515428082003116295e+00	1.241231854926344624e+01	-2.775833969552063074e+00	-6.700566399066548051e+00
3.521711031624695565e+00	1.243419852763175903e+01	-2.757448107385885638e+00	-6.916529149925188413e+00
3.527991850954735664e+00	1.244333866965223123e+01	-2.722258217821494242e+00	-7.258516628159642714e+00
3.534275545726699885e+00	1.243319924585206948e+01	-2.707467390762530179e+00	-7.531008345570027629e+00
3.540562632020772149e+00	1.244292425529838475e+01	-2.674838818730578271e+00	-7.779392657727815852e+00
3.546844410757220789e+00	1.245848602563607344e+01	-2.669557469374534531e+00	-8.050636054929826813e+00
3.553131386753758836e+00	1.249630339222954412e+01	-2.695372189934699403e+00	-8.277716574529387472e+00
3.559419203211965144e+00	1.247622058351773333e+01	-2.627110724915194151e+00	-8.618294020146578305e+00
3.565697971577579839e+00	1.249656685340109696e+01	-2.580496854007641616e+00	-8.881427523751760589e+00
3.571979559134798254e+00	1.252500549896086035e+01	-2.593729145442332573e+00	-9.111306210337403400e+00
3.578265774595833726e+00	1.251470210170420394e+01	-2.595055729922135512e+00	-9.330516346608005662e+00
3.584548309769353125e+00	1.254561053825920069e+01	-2.597966802067711800e+00	-9.552159918633829960e+00
3.590826843920031486e+00	1.254494055461272417e+01	-2.565793760133409318e+00	-9.857355573419742001e+00
3.597107306745233934e+00	1.256522853060582534e+01	-2.571070574744632520e+00	-1.006228800636563214e+01
3.603392831792229245e+00	1.258610398230714189e+01	-2.541195011748913046e+00	-1.030506602095625723e+01
3.609673209822572559e+00	1.258976706666589962e+01	-2.516514085104752940e+00	-1.063169196343952372e+01
3.615955412133016189e+00	1.262152109230233421e+01	-2.520481200672199051e+00	-1.082426828497885651e+01
3.622241607772384686e+00	1.263966906047983407e+01	-2.504136342228912238e+00	-1.112693387471833795e+01
3.628520252736676444e+00	1.264846895631281498e+01	-2.485235605656255675e+00	-1.131280723132738331e+01
3.634804827569451113e+00	1.268107847116249332e+01	-2.485873186816191183e+00	-1.152802337240487063e+01
3.641094981788862928e+00	1.266637395438783820e+01	-2.449471121126226780e+00	-1.178958006453532725e+01
3.647383514928639325e+00	1.271063553214496267e+01	-2.448249161256117024e+00	-1.204720174248517139e+01
3.653663283927725658e+00	1.272678229364415436e+01	-2.468523751257822418e+00	-1.223547416030339541e+01
3.659943504072155296e+00	1.273575711248165732e+01	-2.428603327350022933e+00	-1.249876575746904450e+01
3.666232000281138603e+00	1.276140309146900265e+01	-2.422008872743070640e+00	-1.273973163071267223e+01
3.672514211678317597e+00	1.277530068581027756e+01	-2.387907570660430245e+00	-1.302708820715488436e+01
3.678794154686042539e+00	1.281375231784776503e+01	-2.383719475013329259e+00	-1.323055091070488842e+01
3.685078621861909820e+00	1.281159049166180708e+01	-2.392959343705537201e+00	-1.343434062759173564e+01
3.691359210097977961e+00	1.283704841691700338e+01	-2.368823921968073343e+00	-1.364940950277700082e+01
3.697642368173791105e+00	1.284584925062015515e+01	-2.331731692364401365e+00	-1.391125158194381406e+01
3.703925796735277665e+00	1.287782013717533403e+01	-2.339834332908677705e+00	-1.413923724037498708e+01
3.710208240364660348e+00	1.288232460794850098e+01	-2.306867549803643502e+00	-1.435542500476736194e+01
3.716494593122387169e+00	1.292262679540255199e+01	-2.337966573314790519e+00	-1.451395813023640713e+01
3.722775386659595398e+00	1.296856141965230336e+01	-2.338105140400021931e+00	-1.480174450934474173e+01
3.729058392883481510e+00	1.297289690578092625e+01	-2.269937768732035455e+00	-1.507106833555614678e+01
3.735339748210807720e+00	1.299830054451923900e+01	-2.272316869241722603e+00	-1.525786584767430298e+01
3.741620776392969638e+00	1.299308489001918154e+01	-2.293274686548996577e+00	-1.543877261281028801e+01
3.747904795418762980e+00	1.304951916505319254e+01	-2.252234214113452815e+00	-1.569042476270776909e+01
3.754190633281219380e+00	1.305685524361189920e+01	-2.282005790696733261e+00	-1.585878597861286288e+01
3.760478208018912749e+00	1.307430216123965572e+01	-2.269334691849621777e+00	-1.607103444046742524e+01
3.766755538573464346e+00	1.312133703961531062e+01	-2.240139768974037882e+00	-1.633218716267903403e+01
3.773032090135151506e+00	1.313699034584268510e+01	-2.235339944643811361e+00	-1.655377684921957027e+01
3.779322553012896879e+00	1.315785564244875339e+01	-2.245165813650155773e+00	-1.669013968142445847e+01
3.785609109731308930e+00	1.318002458533647925e+01	-2.213171979185763583e+00	-1.695700033067990731e+01
3.791889825936295200e+00	1.323309517571323113e+01	-2.191621263281654297e+00	-1.718545354418342797e+01
3.798174822702435893e+00	1.323335203990281173e+01	-2.215817228377848114e+00	-1.733354607923283908e+01
3.804458658753491651e+00	1.325927594475121118e+01	-2.162281412298907579e+00	-1.768872019429225517e+01
3.810738438095723435e+00	1.328837539422473668e+01	-2.216053348517052157e+00	-1.774425214644879389e+01
3.817018850285747167e+00	1.332588556936488011e+01	-2.160242807317533043e+00	-1.806300551680958222e+01
3.823305314209427763e+00	1.333803214275359217e+01	-2.204343573305986403e+00	-1.815372958855670049e+01
3.829591295197792178e+00	1.336106725436638953e+01	-2.145186506554648265e+00	-1.846460663738996288e+01
3.835872296070849341e+00	1.337647492752451051e+01	-2.150585140402363038e+00	-1.862647268330078987e+01
3.842156279590906109e+00	1.343936176705557628e+01	-2.161125415013140927e+00	-1.881094892125710061e+01
3.848441511099312429e+00	1.346441031057665683e+01	-2.082653423758316080e+00	-1.918390713088085064e+01
3.854723334376886079e+00	1.348920237882904516e+01	-2.151118203808453533e+00	-1.924612812871625778e+01
3.861004740704794713e+00	1.352565136068950480e+01	-2.116483411089584266e+00	-1.949185603711330828e+01
3.867284336650660848e+00	1.353991511365433276e+01	-2.082882006042264589e+00	-1.972954571525404788e+01
3.873567367678779849e+00	1.358637628635302441e+01	-2.081567058614684385e+00	-1.994048165862197664e+01
3.879850662830422792e+00	1.362258060818622596e+01	-2.047433915648623870e+00	-2.020955753206322925e+01
3.886137063198143338e+00	1.369031846675980901e+01	-2.099429416773102020e+00	-2.034941388067135648e+01
3.892419463049126005e+00	1.368410115685568051e+01	-2.067620242708271494e+00	-2.052697774023930322e+01
3.898703740328622658e+00	1.373182944782577053e+01	-2.095839338451309875e+00	-2.076434280051993042e+01
3.904991458788179326e+00	1.376204541772443690e+01	-2.003640990616938122e+00	-2.104041181402213567e+01
3.911270842222104083e+00	1.379102807102333550e+01	-2.016824806001316084e+00	-2.120909850640076755e+01
3.917549806479573071e+00	1.382514161256834839e+01	-2.041293339325787493e+00	-2.135615809492303541e+01
3.923836006203090587e+00	1.384951217286576686e+01	-1.947268804260734232e+00	-2.168731421618559452e+01
3.930121452497870926e+00	1.390417176975671154e+01	-1.987240139970867903e+00	-2.186767849389882556e+01
3.936398172858230460e+00	1.392652316238714683e+01	-1.997338917241714418e+00	-2.202825695366228231e+01
3.942683040425962293e+00	1.397217843339466903e+01	-1.984215960185822913e+00	-2.226075602903996753e+01
3.948974759704379611e+00	1.399304448727310657e+01	-1.980604600925033321e+00	-2.242385952086393175e+01
3.955259227995065352e+00	1.402030827633802623e+01	-1.942424714942346364e+00	-2.274059399081437149e+01
3.961537174921395454e+00	1.408972077409494261e+01	-1.997466225460657441e+00	-2.283357655152934385e+01
3.967820217617139544e+00	1.409212907409467341e+01	-1.957926504637854670e+00	-2.308460431186782102e+01
3.974105559832568968e+00	1.413399751385658121e+01	-1.908646654499240647e+00	-2.335955432882096261e+01
3.980384727931198352e+00	1.420322474296480664e+01	-1.947244864615353510e+00	-2.352197067304737743e+01
3.986664590839849698e+00	1.423044129654883605e+01	-1.908278138873199303e+00	-2.382453550975757040e+01
3.992949619150675034e+00	1.429620263783630918e+01	-1.905476721440171994e+00	-2.400016046952283943e+01
3.999235075769965952e+00	1.429845281542794311e+01	-1.861793300669346563e+00	-2.425948723885919733e+01
4.005515715515433506e+00	1.436339367513508236e+01	-1.924914323953840434e+00	-2.439432407763285582e+01
4.011798434346478537e+00	1.440566542776558911e+01	-1.902935089938541546e+00	-2.458811139405434432e+01
4.018083716245132386e+00	1.442550066236458406e+01	-1.853138524497836226e+00	-2.487512587469984737e+01
4.024365700052603856e+00	1.449820763382872357e+01	-1.878940923168765265e+00	-2.501012617971384344e+01
4.030643960839860540e+00	1.454519070353913079e+01	-1.860351653478166334e+00	-2.529369378111582378e+01
4.036928708926215137e+00	1.461171435394624751e+01	-1.872243030389329377e+00	-2.549142611551930671e+01
4.043218157412017177e+00	1.460727783612882646e+01	-1.819855753440706936e+00	-2.570789450132105713e+01
4.049503019487663558e+00	1.466681870200040727e+01	-1.814428809768826367e+00	-2.598839998035417764e+01
4.055781898960511000e+00	1.470889609348232341e+01	-1.788112241548902581e+00	-2.619930147149820243e+01
4.062060795621602161e+00	1.471522372414504254e+01	-1.773677822004164462e+00	-2.643284924345524445e+01
4.068347865354716042e+00	1.485314677183605170e+01	-1.837283238364395332e+00	-2.661972766095189158e+01
4.074631027173265529e+00	1.485854988944236688e+01	-1.804810557128309068e+00	-2.683362112419380807e+01
4.080910837526078971e+00	1.490369719278831973e+01	-1.788277379609905848e+00	-2.706773493237817263e+01
4.087201203341442657e+00	1.495252567014692069e+01	-1.827118135253515741e+00	-2.725425795991725053e+01
4.093486818591942189e+00	1.496186333114752820e+01	-1.744120489814939834e+00	-2.751790441201181636e+01
4.099764387336505500e+00	1.506501814263465988e+01	-1.814820208333622897e+00	-2.766411750098268385e+01
4.106049166937662420e+00	1.508216555440503193e+01	-1.740541624980893820e+00	-2.795642710521672214e+01
4.112334559041358695e+00	1.515952222959423779e+01	-1.771732214197072608e+00	-2.818637756929638627e+01
4.118618926059533614e+00	1.520712640048801312e+01	-1.742145364095093685e+00	-2.840283728480134329e+01
4.124898942031112625e+00	1.526855956353731436e+01	-1.713622408126520558e+00	-2.873082917533318792e+01
4.131175432561665417e+00	1.529565708868937968e+01	-1.711837168369062745e+00	-2.887638872517328537e+01
4.137461563786142271e+00	1.535144437077503632e+01	-1.696858084255045140e+00	-2.918833974976747569e+01
4.143746006210170307e+00	1.543204907393414160e+01	-1.733788191286656843e+00	-2.932029037321954945e+01
4.150029800482964326e+00	1.547791660020294202e+01	-1.623105422826156330e+00	-2.978802192008684102e+01
4.156313390684649001e+00	1.553322840280157635e+01	-1.687166607651746419e+00	-2.986372800333115052e+01
4.162596105843763716e+00	1.557969593953673382e+01	-1.726334983962631409e+00	-3.003797733511387236e+01
4.168881843141768684e+00	1.564278288014765472e+01	-1.651123607354820111e+00	-3.040661682439615632e+01
4.175162111073220217e+00	1.571144863770494204e+01	-1.699101139590925014e+00	-3.054407050362706499e+01
4.181448573417560155e+00	1.571735989740088435e+01	-1.611910076112780921e+00	-3.087457388408238401e+01
4.187738782464171194e+00	1.583263384673188590e+01	-1.640993993767268622e+00	-3.115031481500758304e+01
4.194017437180169061e+00	1.588382341550137333e+01	-1.588998624094121181e+00	-3.144637232211372080e+01
4.200293572701767175e+00	1.592307612039518894e+01	-1.592456057162865868e+00	-3.167692118508076149e+01
4.206580195481546269e+00	1.600982129837876400e+01	-1.621737772647193321e+00	-3.187099527782611474e+01
4.212860644652220543e+00	1.603194599570617029e+01	-1.559011891046325760e+00	-3.222312071771695940e+01
4.219138153430114002e+00	1.613191808761418500e+01	-1.634648034468260569e+00	-3.235147247247940783e+01
4.225426162098283811e+00	1.616034398627500224e+01	-1.561319443302667809e+00	-3.270055192240895536e+01
4.231713506719782636e+00	1.619349374468858827e+01	-1.603219972872840238e+00	-3.279079244078949529e+01
4.237990056577191744e+00	1.631823000969991710e+01	-1.612521066218144838e+00	-3.313031760751946564e+01
4.244267783646744618e+00	1.632105600531346923e+01	-1.533975669632093197e+00	-3.346055265087639441e+01
4.250560660182562955e+00	1.643728198928118189e+01	-1.530200143407498992e+00	-3.373966033025350697e+01
4.256847734842668096e+00	1.644491323994089171e+01	-1.474882452075913841e+00	-3.407902416918064858e+01
4.263127100734456221e+00	1.653975310476056393e+01	-1.482114056269327795e+00	-3.431690242067846697e+01
4.269406860432507500e+00	1.658577363404039673e+01	-1.496844497201211821e+00	-3.458278730902036102e+01
4.275691671482192646e+00	1.665765632603356394e+01	-1.476363237916232363e+00	-3.489706054071882591e+01
4.281972414189518794e+00	1.676176746784867078e+01	-1.583093813813880146e+00	-3.500435553172323466e+01
4.288253516806755705e+00	1.675027014128883351e+01	-1.401698545589571632e+00	-3.546933620567947543e+01
4.294540520160492925e+00	1.684602214491512484e+01	-1.478515323889721955e+00	-3.557859126236846237e+01
4.300825742921731809e+00	1.691234878197333202e+01	-1.448397997073987975e+00	-3.598616507499154693e+01
4.307109835491901961e+00	1.700995884718801321e+01	-1.480294854910506830e+00	-3.631714191191693430e+01
4.313390926478413157e+00	1.711125827653635412e+01	-1.475301041030858018e+00	-3.659142649090006216e+01
4.319667979480563247e+00	1.705955396687226866e+01	-1.349249231909915414e+00	-3.693968971923327160e+01
4.325952598143786076e+00	1.721666416856480097e+01	-1.496375455879822347e+00	-3.704168382635456425e+01
4.332241647035422361e+00	1.726935517509635787e+01	-1.363793478796576641e+00	-3.763331355910965215e+01
4.338524445619096781e+00	1.731587729084977667e+01	-1.379846030721268768e+00	-3.781607355021461814e+01
4.344809348131129845e+00	1.740980342927955604e+01	-1.341043535370173512e+00	-3.823341229642394978e+01
4.351090699193166600e+00	1.743915865302242452e+01	-1.309435896630409157e+00	-3.854980417616191346e+01
4.357369710808320029e+00	1.756860094820546436e+01	-1.366584964945291691e+00	-3.877162575853776616e+01
4.363659348967174445e+00	1.755656158916902143e+01	-1.314565904638197891e+00	-3.915426913826360789e+01
4.369947418280990981e+00	1.767610991192460546e+01	-1.264369490324121159e+00	-3.955166840484620394e+01
4.376226569265827315e+00	1.771980338739561489e+01	-1.288802134684515988e+00	-3.977239568902867717e+01
4.382499356631129217e+00	1.776245873182645951e+01	-1.149521356665224925e+00	-4.039167415324348553e+01
4.388784975178015024e+00	1.787873695924679041e+01	-1.331519944869645977e+00	-4.036162830757939446e+01
4.395068696309480494e+00	1.786507571285762097e+01	-1.112257290489228945e+00	-4.106918252984307571e+01
4.401347962382031298e+00	1.799614906273055936e+01	-1.243638314500554509e+00	-4.111827484187012516e+01
4.407628405096517099e+00	1.797324693961989084e+01	-1.068732232938169435e+00	-4.163090416632540780e+01
4.413915862185140426e+00	1.804731385876932848e+01	-1.132189827784832792e+00	-4.190446106919196012e+01
4.420203163534264235e+00	1.817026000220586468e+01	-1.189548293890255959e+00	-4.212055162879894965e+01
4.426480311003382795e+00	1.811766268453769868e+01	-1.056491530036489435e+00	-4.270182600593922473e+01
4.432765973643649104e+00	1.832871659190792712e+01	-1.105106016451666173e+00	-4.305038091911355025e+01
4.439053392023870614e+00	1.828654846459276584e+01	-9.585564861758752997e-01	-4.362584369691295194e+01
4.445336141335588742e+00	1.838441106461618446e+01	-1.058447325265805761e+00	-4.369908602761363881e+01
4.451617241414883352e+00	1.839681516963577579e+01	-9.307979493635903934e-01	-4.428223928815783950e+01
4.457901500730311106e+00	1.838737744111447370e+01	-9.086247973727628047e-01	-4.460765564879314837e+01
4.464189501093017043e+00	1.850397079702294079e+01	-8.508075126645954223e-01	-4.509142968019788356e+01
4.470470197548729985e+00	1.848734802939523902e+01	-7.001271100093691135e-01	-4.582199550416867595e+01
4.476748044268524573e+00	1.862242281074541239e+01	-8.703922896334628234e-01	-4.585379608935936346e+01
4.483035990164653484e+00	1.858352382388340729e+01	-7.522022180798685342e-01	-4.637888918956784323e+01
4.489323331650528104e+00	1.870963248958683423e+01	-7.684223102308246345e-01	-4.687344741193371078e+01
4.495599111667934800e+00	1.866078583018133941e+01	-6.150764330055913387e-01	-4.733860807618708577e+01
4.501870922878794090e+00	1.859896436392621055e+01	-5.750825864842599167e-01	-4.765715581620434449e+01
4.508155162877705457e+00	1.874214023975690679e+01	-6.379705607433850956e-01	-4.801266571739925837e+01
4.514446451153479423e+00	1.869447931442133637e+01	-5.188800166561041705e-01	-4.868285650808261522e+01
4.520723894043856994e+00	1.875710878046841756e+01	-4.470194499760897222e-01	-4.915526342764916734e+01
4.527003782460155890e+00	1.869040717874415591e+01	-3.009643985034664571e-01	-4.974537876859169927e+01
4.533293086610313161e+00	1.864013389437584678e+01	-3.048194773325315077e-01	-5.000768680757067841e+01
4.539578989864040182e+00	1.867579037047855550e+01	-2.127097888257231950e-01	-5.060449012824483361e+01
4.545857164866476730e+00	1.869066448551500770e+01	-1.518635293326041080e-01	-5.125679558644952039e+01
4.552138955546025656e+00	1.862133269690236048e+01	-9.061810463813797789e-02	-5.160835404934907444e+01
4.558432046889146605e+00	1.864644451996884200e+01	-6.948206750472869786e-02	-5.209299822167656657e+01
4.564713463378488711e+00	1.870551883952468941e+01	-2.071236843824727017e-02	-5.264074098056776307e+01
4.570987274133244682e+00	1.876521859592842034e+01	3.293043958143210964e-02	-5.325486156088828693e+01
4.577274818151045643e+00	1.872065260850013857e+01	5.769788700391892400e-02	-5.341705170208037146e+01
4.583563263889338657e+00	1.877715220818457453e+01	1.599945688500762145e-02	-5.386281465198932494e+01
4.589844917004465508e+00	1.883624588223045748e+01	-5.234629417260836318e-03	-5.425309852787844989e+01
4.596126259982004747e+00	1.884063073279529021e+01	-1.108141853736255289e-02	-5.450755896173293991e+01
4.602409075598298926e+00	1.888080569190408298e+01	1.293878550122065305e-02	-5.490610135601232855e+01
4.608696634867644804e+00	1.893150275693318818e+01	3.178681045987410969e-02	-5.528450505662105030e+01
4.614977646498861219e+00	1.897451492197651746e+01	3.743755746798167663e-03	-5.568678472052674522e+01
4.621258953029527383e+00	1.901785002365294019e+01	3.413531390757866546e-02	-5.604060007681925271e+01
4.627547993978874175e+00	1.915608648500274214e+01	9.406379750281464169e-02	-5.679536488090835888e+01
4.633830152730579854e+00	1.914068291964781565e+01	1.366790454749790100e-02	-5.685759625168709164e+01
4.640104005367354567e+00	1.925416883077119223e+01	1.601806611537143904e-02	-5.736853979793231417e+01
4.646382060386754276e+00	1.924980964611604151e+01	-2.395994187710034917e-02	-5.756250826381454289e+01
4.652674213731970987e+00	1.932023604607000777e+01	9.398559049688740008e-03	-5.801943948298462317e+01
4.658958291796220230e+00	1.948128276657961777e+01	3.468725386849951658e-02	-5.871300088619471325e+01
4.665233615070169648e+00	1.947448936432665789e+01	7.656101906451476605e-03	-5.889220416413759551e+01
4.671520675710307380e+00	1.954125521679830157e+01	1.859992930439749448e-02	-5.929861145959973356e+01
4.677814351732177300e+00	1.962168289831022605e+01	6.258114936384777394e-02	-5.980288650333657330e+01
4.684093699744638073e+00	1.971742742652311264e+01	3.219521316142162637e-02	-6.026848803996021076e+01
4.690368661472568590e+00	1.975299945044912775e+01	1.047405924308292269e-01	-6.060348924631073686e+01
4.696663270746453733e+00	1.979639638298560200e+01	5.376963342569027193e-02	-6.086771180382771007e+01
4.702945459248681459e+00	1.993166902547983454e+01	6.056704473042309050e-02	-6.149632226493645959e+01
4.709209170841929470e+00	2.002750356493757522e+01	6.395180409575716707e-02	-6.191591348174286935e+01
4.715491634753063543e+00	2.002785778383635673e+01	4.406551501444595093e-02	-6.211975236125894639e+01
4.721784316284933780e+00	2.008047890712427730e+01	2.176275334237881900e-02	-6.240830936540852747e+01
4.728063062331094635e+00	2.022164597257951257e+01	4.670405068013235017e-02	-6.304441148722039401e+01
4.734337423381671073e+00	2.025973911917470716e+01	-4.151383173949584754e-02	-6.319390861271152460e+01
4.740627024094544062e+00	2.037227329751143046e+01	3.966274883444918103e-02	-6.387797427955889162e+01
4.746914995664547554e+00	2.038616868260304571e+01	-2.274361723150186351e-03	-6.399949013557331767e+01
4.753194740071086777e+00	2.059538540614344626e+01	7.020892641028281256e-02	-6.486202260125513419e+01
4.759478891864783456e+00	2.062645137055360678e+01	7.238548694454310928e-02	-6.516112788836271363e+01
4.765762396877359031e+00	2.074943840591650712e+01	4.349027170426578159e-02	-6.567091847639380831e+01
4.772049481246195768e+00	2.083992393891290718e+01	3.589624273353007877e-02	-6.605407409551257558e+01
4.778335091022592351e+00	2.094765784549193199e+01	2.985675236708476565e-02	-6.656344064265162785e+01
4.784610831402393849e+00	2.095591090340353801e+01	-5.254317033614964647e-03	-6.671631540946025041e+01
4.790907306208476157e+00	2.109747471996205803e+01	-1.945453841721830543e-02	-6.727834482589184972e+01
4.797204047706418173e+00	2.113077209037693649e+01	6.497172856338132019e-02	-6.764294143516350744e+01
4.803470827697504220e+00	2.130364674285787174e+01	2.626230483623485587e-02	-6.826997199284215867e+01
4.809748850577324042e+00	2.136912595240583812e+01	4.039803529923297054e-02	-6.863431262484267847e+01
4.816045316586602176e+00	2.155703318794320822e+01	6.843864437680649560e-02	-6.942422429813171902e+01
4.822329240673497885e+00	2.164232036789343283e+01	8.795126077147673305e-02	-6.987149316558455325e+01
4.828596758226470165e+00	2.172305236097012582e+01	6.193091779655789803e-02	-7.024436288343051160e+01
4.834890332961369275e+00	2.179310588874301757e+01	3.976823462832865946e-02	-7.056016735212320157e+01
4.841191655056394261e+00	2.201527125709324295e+01	2.125879058159595505e-02	-7.140269578415224316e+01
4.847460407468000554e+00	2.217120701605361077e+01	-9.939135757852428366e-03	-7.199278602723195775e+01
4.853732128521334843e+00	2.222030555577978106e+01	5.495151596180426756e-02	-7.233423064400273006e+01
4.860029138783373170e+00	2.227483893963792028e+01	1.163193755385748089e-02	-7.263240085265749713e+01
4.866314601732018019e+00	2.239285730012284859e+01	1.681043677303706990e-02	-7.314650689083831026e+01
4.872587026269203925e+00	2.257870074430144669e+01	3.182098989304542325e-02	-7.385796782012300810e+01
4.878874221748241702e+00	2.261631289918945953e+01	6.497230644726034732e-02	-7.417641594662467242e+01
4.885171078138658807e+00	2.274466949998002008e+01	1.252366876757925532e-02	-7.467573384696019900e+01
4.891450629931857641e+00	2.293525580826443999e+01	-1.192872753204752764e-02	-7.537962626857130033e+01
4.897716482750221978e+00	2.295442468658465884e+01	-2.434987536707425640e-02	-7.547011715610052818e+01
4.904002834596266069e+00	2.314366426469167592e+01	5.633566008826641248e-03	-7.630656324039873084e+01
4.910295858205786068e+00	2.323741505699585019e+01	2.436661451158835326e-02	-7.676212141423185642e+01
4.916575188115905881e+00	2.344693061068901940e+01	3.763052968472552912e-02	-7.755561528342100530e+01
4.922847946197084212e+00	2.353559938025328080e+01	6.805715225817751679e-02	-7.800858097683308756e+01
4.929131667457151700e+00	2.366364008666695895e+01	-1.878898245539124823e-02	-7.845074644588517288e+01
4.935434460144239033e+00	2.387456781713758502e+01	4.927064569132519334e-02	-7.931208018845443064e+01
4.941718513303545279e+00	2.401713360949864295e+01	2.589243593183144371e-02	-7.986476651813191552e+01
4.947978624761803168e+00	2.408401188653105507e+01	1.070458454277030576e-02	-8.021932746376180035e+01
4.954274999209829389e+00	2.425696911584417848e+01	3.688044079198511682e-02	-8.089891121706897081e+01
4.960571094729937514e+00	2.436755409976470688e+01	5.220811887051524103e-02	-8.137582282395304389e+01
4.966823207626954506e+00	2.440636782871291643e+01	1.445332988100123117e-01	-8.175280333436116109e+01
4.973097418390337587e+00	2.472200588468035676e+01	-3.450786047027018522e-02	-8.268614925373499602e+01
4.979415129936382023e+00	2.480809997006839751e+01	6.684331299311006835e-02	-8.318369373411647416e+01
4.985702082330368157e+00	2.513407896741508196e+01	2.192203831222481678e-03	-8.428732090136058730e+01
4.991949985828016523e+00	2.509475121022569866e+01	4.462333058727351032e-02	-8.432306844071662510e+01
4.998241586316924057e+00	2.554429027497200622e+01	4.469320605051672890e-02	-8.594826253130150917e+01
5.004556635606089543e+00	2.541980937029617138e+01	-2.129926850292504503e-02	-8.553643062518899853e+01
5.010828655701208945e+00	2.556121487491732580e+01	2.819988426206157008e-03	-8.613977108389453008e+01
5.017077229702536556e+00	2.580015491127832306e+01	-4.190244410547150355e-02	-8.696137678719962594e+01
5.023374414758113637e+00	2.611443380862406727e+01	-4.390783722575931219e-02	-8.812790080095321343e+01
5.029688873569548413e+00	2.615242041699180575e+01	-3.289357952543993380e-02	-8.835066289794846739e+01
5.035958413584124216e+00	2.643913315163086963e+01	2.153399754253932860e-02	-8.943849958640544173e+01
5.042232667658486989e+00	2.662051183535760046e+01	-3.040611613307593868e-03	-9.015548964024638678e+01
5.048528755870775875e+00	2.667668991451517613e+01	6.646569746263385030e-03	-9.044862346072937953e+01
5.054821121427484520e+00	2.696020800363561065e+01	2.028277512139945588e-02	-9.150119510857138039e+01
5.061069509814582368e+00	2.705595194054456698e+01	4.231854428191345746e-02	-9.192640562729104659e+01
5.067347812754101177e+00	2.731891866848124906e+01	2.743560000156924569e-02	-9.288795228351361288e+01
5.073675050630431116e+00	2.743620712994183108e+01	-3.791314452575450522e-02	-9.332115141608205988e+01
5.079945928388977627e+00	2.762995388232953786e+01	7.166576486704456274e-03	-9.409138643440475391e+01
5.086192992546071601e+00	2.773522706564455831e+01	4.185103523361390770e-02	-9.454384862581689219e+01
5.092484128970163226e+00	2.792507352635400508e+01	-9.466977978350994520e-04	-9.527113379365634671e+01
5.098802924706086870e+00	2.845005323328826563e+01	-7.539025409374869487e-03	-9.709514441234551896e+01
5.105078217426394005e+00	2.870348148586549542e+01	-2.168949861814366276e-02	-9.804001510959160726e+01
5.111325076574067872e+00	2.872153203979817349e+01	-3.652160941485553536e-02	-9.813275269326847194e+01
5.117628358851224135e+00	2.884445917068086729e+01	1.488334441012033153e-02	-9.870749361962673163e+01
5.123935939383525984e+00	2.891723236481275094e+01	-1.974098967479659406e-02	-9.899524612478107599e+01
5.130199176325612065e+00	2.964218090975476372e+01	4.255389370462221016e-02	-1.015661639346308220e+02
5.136469985878846956e+00	2.963066135369733800e+01	-5.921222503649636870e-02	-1.015455833883746379e+02
5.142797788696348071e+00	2.964432795195373060e+01	4.310814924645398061e-02	-1.017769525330912188e+02
5.149090378043822192e+00	3.008755394668077798e+01	-1.361611123557881012e-02	-1.032849077769410400e+02
5.155289879840074363e+00	3.028412052599783166e+01	-2.446568945088628891e-02	-1.040084681042313690e+02
5.161564521234301317e+00	3.056988180288671586e+01	3.226049658812039228e-02	-1.051556459830446784e+02
5.167916673496016244e+00	3.082689220888134329e+01	-2.630551102190810744e-02	-1.060435524481082439e+02
5.174205974602950064e+00	3.104285227280260528e+01	-4.450040075864904882e-02	-1.067817189911018545e+02
5.180434820793812456e+00	3.142555639660933764e+01	-8.178698521119798226e-02	-1.081540271152725410e+02
5.186729096569634656e+00	3.163507771513269873e+01	3.197427274547397225e-02	-1.090910514177401609e+02
5.193058481037780894e+00	3.207548859572928279e+01	-3.244673036622656298e-02	-1.105825469687580380e+02
5.199319511444338460e+00	3.223909042597068009e+01	-7.241449210338250786e-02	-1.111428883532853860e+02
5.205574295584361799e+00	3.242484708938918914e+01	9.399877129788274110e-02	-1.120314700646380714e+02
5.211894977074066126e+00	3.289134418455592623e+01	1.742451019515759217e-02	-1.136394335328139249e+02
5.218201708336958511e+00	3.292691624205674827e+01	1.190914514694153270e-01	-1.139249575396674601e+02
5.224411911780083351e+00	3.329138234277449016e+01	1.581576048179403685e-02	-1.151042625505766779e+02
5.230677632666463239e+00	3.386757874107252064e+01	4.495444268960446105e-02	-1.172191091427929024e+02
5.237056729559757429e+00	3.407145919220556607e+01	-5.462113547060365448e-02	-1.178644815254474736e+02
5.243336785035660697e+00	3.455934508007986494e+01	5.773500277529741015e-02	-1.197180371333800650e+02
5.249493476178225038e+00	3.474240121518962354e+01	3.789770929492700113e-02	-1.203668249397987324e+02
5.255787017738318134e+00	3.499821525707658054e+01	3.331421813465909598e-02	-1.213574360834757471e+02
5.262205327426889845e+00	3.539065460045673461e+01	4.456415673405485917e-02	-1.227496822277851010e+02
5.268477758348532269e+00	3.563620572781770335e+01	-9.608807329168311123e-03	-1.236036274544809288e+02
5.274632213654732560e+00	3.574872004148094362e+01	-1.864158354621084715e-02	-1.240059027998361358e+02
5.280950543314659740e+00	3.672702721832667550e+01	1.782883094282141506e-02	-1.275521128872579766e+02
5.287327645024750389e+00	3.645410220376034260e+01	6.929771885390177688e-02	-1.266847236938554602e+02
5.293582359180156516e+00	3.732684463858433332e+01	7.709942445887821294e-02	-1.297252065504437724e+02
5.299789992649893478e+00	3.729392711543712835e+01	1.198483422985383885e-02	-1.296122346738883664e+02
5.306111460381987222e+00	3.833811928933018720e+01	-7.223492924984264985e-02	-1.332223122517967226e+02
5.312452717892129250e+00	3.792362547094739966e+01	3.216575330964718121e-02	-1.319229049855696871e+02
5.318650122853046724e+00	3.892603825639776005e+01	-4.278299036591567961e-02	-1.353457068870560533e+02
5.324923043129819789e+00	3.919189409734419627e+01	-5.606178149271257016e-02	-1.363353908659077831e+02
5.331330237158205421e+00	3.960335926353318570e+01	5.727978446476963796e-03	-1.378852877651675328e+02
5.337586726886338617e+00	3.963751093642281376e+01	-7.903187208102745165e-02	-1.379287132198757035e+02
5.343685192440848830e+00	3.972479222414160915e+01	-2.647300119289675360e-02	-1.383079474631258847e+02
5.350070659715249199e+00	4.110862119193939890e+01	-1.763245701760546291e-02	-1.432398154794186951e+02
5.356556762554878226e+00	4.135658366519975004e+01	3.806815395820020015e-02	-1.441850894375509142e+02
5.362691868684501095e+00	4.144361997816488952e+01	-2.385169434185768073e-02	-1.444250986187649062e+02
5.368769208912516966e+00	4.304424446949171568e+01	-2.222508736302998555e-02	-1.500421671286249250e+02
5.375270137997677722e+00	4.250186691149913543e+01	3.344241297397632096e-02	-1.483044803564243921e+02
5.381769983045385786e+00	4.283639731162568154e+01	-1.802002935857282759e-02	-1.494417711058729026e+02
5.387701030372958222e+00	4.367912323559716725e+01	-2.741656360419760310e-02	-1.523497571192397118e+02
5.393786668001271600e+00	4.378500299350481839e+01	6.225274787220810499e-03	-1.528102207806156798e+02
5.400446161099396569e+00	4.431957424799189482e+01	1.154339197327622218e-01	-1.548569438602773403e+02
5.406957063684501463e+00	4.436657162558064726e+01	4.244792699084107973e-02	-1.549673594098472336e+02
5.412655672453426270e+00	4.489698760541732980e+01	5.102990019577203357e-02	-1.568052234515114947e+02
5.418821279260546575e+00	4.544313109803329098e+01	5.774032183175709099e-03	-1.587356687001147861e+02
5.425690594366304076e+00	4.624279537782213367e+01	-8.922859749946580529e-03	-1.615548411130222632e+02
5.432217487502165376e+00	4.631401221170828819e+01	2.907111582574662886e-02	-1.618619477382757452e+02
5.437649811577258241e+00	4.803756004683766889e+01	-9.562726695140508215e-02	-1.677147474712603241e+02
5.443914404015878006e+00	4.802133010623727216e+01	-3.817710841212259426e-02	-1.678010287221806038e+02
5.450953501686320202e+00	5.056597044870197522e+01	1.309012535481378185e-02	-1.767848438056975056e+02
5.457483690405861232e+00	4.940917515275249627e+01	-3.527648470307118839e-02	-1.727071524319771356e+02
5.462715250135157241e+00	5.071171263932328799e+01	-6.513048983490624111e-02	-1.771984771929412261e+02
5.469033575551323523e+00	5.276640462553384481e+01	-1.348520657058134564e-01	-1.843775118325065989e+02
5.476177730420278778e+00	5.151507727674817261e+01	-2.954089916013796432e-02	-1.801325721353247502e+02
5.482708935702562236e+00	5.193682325024268209e+01	-7.412024862527537283e-02	-1.815964996632189923e+02
5.487722405008360838e+00	5.556866178505833176e+01	-1.069833883100094196e-01	-1.942367979734036965e+02
5.494194284996126498e+00	5.184682539846233595e+01	-4.537418383333498284e-02	-1.813208217632757453e+02
5.501391471009256406e+00	5.582707290215890339e+01	4.948254444858667285e-03	-1.953204376576906327e+02
5.507128202673079009e+00	5.291138000520689388e+01	-8.234934995515977296e-02	-1.850463009123315317e+02
5.512278020050448646e+00	5.510280951787422055e+01	-6.344848164822509962e-02	-1.927340697885510679e+02
5.519395563377015534e+00	5.528381396844216056e+01	7.846248433398464450e-02	-1.935294703993420740e+02
5.526598678609708770e+00	5.484117403274385083e+01	6.380470373076602142e-02	-1.919734123015922194e+02
5.532162682462509196e+00	5.444026997555457825e+01	-1.009402008311119370e-01	-1.904072473495095039e+02
5.537397124017139127e+00	5.496325799853172356e+01	4.563335794678212431e-02	-1.923979485391863022e+02
5.544582756485218589e+00	5.780819157502699568e+01	-4.186671316060669445e-02	-2.022739467451179962e+02
5.551739327507637434e+00	6.291877135190335935e+01	-1.220421151956048861e-01	-2.200835535404845302e+02
5.557493306674907707e+00	6.785615981674369834e+01	1.187043707666332604e-02	-2.375030969001488756e+02
5.562281709102816940e+00	7.645452630455108078e+01	1.408613374484421199e-01	-2.677285547095077618e+02
5.569272720323164449e+00	2.547617437893642389e+01	-4.078224938066556809e-02	-8.912548657441979572e+01
