8.899641224696953554e-03	3.569269406773278606e+05	2.126129157351397735e+05	1.490395043678476941e+05
1.507912216506557788e-02	6.044779489063617075e+05	4.256867604076021235e+05	1.166349680887231138e+06
2.144790186456836667e-02	2.767732758053646539e+05	1.341182866868924757e+05	7.401954175618254339e+03
2.783660776489276650e-02	9.621859733548550867e+04	6.560566399512068529e+03	5.507404474301841219e+03
3.435099785803411021e-02	4.239723788312722172e+04	3.772941123887985304e+04	1.552388992723199772e+04
4.047886761425745911e-02	3.216893604033445081e+04	9.608838654161852901e+03	-4.136388259409076454e+03
4.676716683575679601e-02	3.230915522227470137e+04	1.724791240159553854e+04	-9.145302832644782029e+03
5.308225101765951665e-02	3.349475521270401077e+04	1.431253466236507847e+04	6.305918441329549751e+03
5.945362440940590160e-02	3.371892232653444808e+04	8.927439090872627276e+03	4.096307022249457077e+03
6.576224814588792211e-02	3.236374564068109612e+04	1.100196972285287666e+04	1.150175580713256022e+04
7.196632906698736953e-02	2.336326563312378130e+04	7.754983271960229104e+03	-2.226884494255401478e+03
7.827860915688347743e-02	1.786912921312154867e+04	8.268746172151077189e+03	1.250813894020493990e+03
8.470398945834539672e-02	1.385239952746747076e+04	7.265526359617491835e+03	3.570840078923054989e+03
9.096854620527369817e-02	1.211875665680660313e+04	5.609739784389526903e+03	1.920523443636652473e+03
9.720789776830213169e-02	1.047974375691499154e+04	5.431946546235662026e+03	2.950432392646632707e+02
1.034763038959366499e-01	1.027230366123981003e+04	4.640467535186397072e+03	1.492878329421858098e+03
1.097576444254559219e-01	9.566768378574994131e+03	2.767703214797019427e+03	1.047018460674656666e+02
1.160543084780093354e-01	9.531478975193595033e+03	3.881542943988214120e+03	1.156816159492700990e+03
1.223669666537485351e-01	8.668634495091471763e+03	3.449740760546374077e+03	1.289288702972628471e+03
1.286817263090294094e-01	7.239693217998911678e+03	1.976186450498493741e+03	-3.916141058456533983e+02
1.349500801664080818e-01	6.606789685591547823e+03	2.964104163432731184e+03	1.639517831352439543e+03
1.411949558842147678e-01	6.144701375980151170e+03	2.127436521465448095e+03	8.111946780381555300e+02
1.475133575747468451e-01	5.663327158068213066e+03	2.026278318462556626e+03	6.499747878510726196e+02
1.537865074252268427e-01	5.154610515951227171e+03	2.000448489519923214e+03	4.457424830940831271e+02
1.600657544051110326e-01	4.896976299597738944e+03	1.626563492755466314e+03	6.729468745773348246e+02
1.663991168687080635e-01	4.528124860491355321e+03	1.283995803541922669e+03	5.747485966396302501e+02
1.727195645776442856e-01	4.302434762957622297e+03	1.114860658326219209e+03	3.527174717396377446e+02
1.789765213377084718e-01	3.995772632248464106e+03	9.109822792073983919e+02	8.940568842994997567e+02
1.852353690647852158e-01	3.796185726534678452e+03	1.205889714287231527e+03	3.877650720965919504e+02
1.914806787341157279e-01	3.480266195314713968e+03	8.037066473218933425e+02	6.056977099122530035e+02
1.977889868651535599e-01	3.370469871269838222e+03	8.379211082585089798e+02	3.013446747224689375e+02
2.040937735447724277e-01	3.163766117019717967e+03	7.731212809332394045e+02	4.876232189176304246e+02
2.103939302609846018e-01	3.062213002870339096e+03	7.084816401482555648e+02	4.698106198569677758e+02
2.166909709822301688e-01	2.795233698925655972e+03	5.391920896077690486e+02	2.120641794544822574e+02
2.229700281216152047e-01	2.677168368213007398e+03	3.757806098924998537e+02	4.966232519410235113e+02
2.292620027086341994e-01	2.553521214401091129e+03	3.511538284128447458e+02	3.685689886262438222e+02
2.355141508366812297e-01	2.434630730520302222e+03	3.756535113727499606e+02	5.430134473087877041e+02
2.417910583817859116e-01	2.302501749129064592e+03	2.266844611547673765e+02	4.744280283765991157e+02
2.480856539439619257e-01	2.217277491688104419e+03	2.480212247060441655e+02	3.644747357177743083e+02
2.543492256872954549e-01	2.095345880193520770e+03	2.120996824965819769e+02	4.498321574555197344e+02
2.606334251884805386e-01	1.995914404186555657e+03	2.102932319087318902e+01	3.875486199069268309e+02
2.669257370896960802e-01	1.897871505778055507e+03	5.111361309291888944e+01	3.448201934252393812e+02
2.732423343141155980e-01	1.787623456575041928e+03	1.591709252830088417e+01	4.281528241872624108e+02
2.795529680084415936e-01	1.758089001370856295e+03	-5.049492967923965381e+01	3.828230902323555824e+02
2.858366292314493129e-01	1.661665252296249946e+03	-1.678352221252408683e+01	3.421149506137718959e+02
2.920876271394311496e-01	1.607406995851895999e+03	-1.451626062410834663e+02	3.972874760935701488e+02
2.983449844439822751e-01	1.540164102636797452e+03	-7.413639659398981507e+01	3.542038179954950010e+02
3.046382639407197446e-01	1.472765126121367985e+03	-1.074587804412310419e+02	3.799201832365647533e+02
3.109279127003197196e-01	1.425081004500326117e+03	-1.533839720562220066e+02	3.678800509308798610e+02
3.172168171618398036e-01	1.378297463608111229e+03	-2.125394661858148595e+02	3.521803371176569613e+02
3.235187567944423082e-01	1.300589429277848240e+03	-1.759056168932417279e+02	4.269314018731968758e+02
3.298168217550395687e-01	1.263759909894040220e+03	-1.866035394374601992e+02	3.748633172219048788e+02
3.361176429457156667e-01	1.208502470855911497e+03	-2.141782693899252479e+02	3.190778106395603118e+02
3.423700375709273769e-01	1.167940850308308200e+03	-2.122905007253115741e+02	3.786208284960364949e+02
3.486478192666269682e-01	1.125256760966188040e+03	-2.203905100746153778e+02	3.905204465315911193e+02
3.549411614411318028e-01	1.095880078835383529e+03	-2.721560822708146929e+02	3.468176253727737048e+02
3.611916935421040642e-01	1.051017409065300853e+03	-2.594109059831689024e+02	3.974217727574325068e+02
3.674767089563572564e-01	1.019865707224901030e+03	-2.446495683669218977e+02	3.509611270557717262e+02
3.737647795277591056e-01	9.782302716803966405e+02	-2.439619055449747975e+02	3.519300154745257601e+02
3.800654031475132477e-01	9.561505325881578301e+02	-2.916021114039040185e+02	3.686726713948337988e+02
3.863539861259823738e-01	9.212838277321000078e+02	-2.885309440885139907e+02	3.480419941170140987e+02
3.926140181364449755e-01	8.777436642743857647e+02	-2.895516147601779267e+02	3.377600355090860376e+02
3.989264500321934581e-01	8.654405515584298882e+02	-3.109944342415491860e+02	3.540547710939571289e+02
4.052073244576828714e-01	8.321645132414464570e+02	-3.099305075586967746e+02	3.415980195726695001e+02
4.114916477570477182e-01	8.062683871377511196e+02	-2.999025656959698267e+02	3.545140190541647485e+02
4.177814272116491257e-01	7.941096168811085363e+02	-3.170579762840158082e+02	3.759915665520040875e+02
4.240400648725131116e-01	7.664613770440117833e+02	-3.191827514781440982e+02	3.691137144113370141e+02
4.303425690270192283e-01	7.426884715062369651e+02	-3.384521705060881800e+02	3.586833285184187616e+02
4.366358560255625965e-01	7.177802805977826210e+02	-3.389246203557618742e+02	3.586294122254517447e+02
4.428996183220763605e-01	6.942139207081116865e+02	-3.226878034749352651e+02	3.408840497654972523e+02
4.491634418529859563e-01	6.754404852902298444e+02	-3.267026986063813752e+02	3.180502256675246144e+02
4.554414146254732731e-01	6.659814981649204810e+02	-3.310215429591195857e+02	3.623439456069154971e+02
4.617634470301058558e-01	6.404418818122808261e+02	-3.228303032803277119e+02	3.451093790500067371e+02
4.680644242023710433e-01	6.261269444210263373e+02	-3.258948016749095586e+02	3.408161099296873999e+02
4.743485242764365895e-01	6.065671119958998361e+02	-3.275902456924648618e+02	3.433147598165934369e+02
4.806356136815400082e-01	5.941331402855976194e+02	-3.344530761065550450e+02	3.466025574980336614e+02
4.869019258388697646e-01	5.722481215536710124e+02	-3.237426641498079221e+02	3.265925467616913238e+02
4.931697099599955947e-01	5.579080044300408190e+02	-3.201893675337262266e+02	3.086047770057759863e+02
4.994506747144535908e-01	5.412293315522103967e+02	-3.197169227402914089e+02	3.126329936335399680e+02
5.057159051335421429e-01	5.311966269606955393e+02	-3.216738880975582333e+02	3.275280939228575221e+02
5.119923996268095356e-01	5.249054245746694960e+02	-3.297569669691673084e+02	3.314509150674292641e+02
5.183126097768406826e-01	5.131175784008587470e+02	-3.350242408475152729e+02	3.237774399336964848e+02
5.246089638029100000e-01	4.992159777233474642e+02	-3.292189370951882665e+02	3.254728831023752491e+02
5.308757308483337267e-01	4.840260057648461043e+02	-3.291859026717726238e+02	3.248380096318628034e+02
5.371573527946726934e-01	4.697770167296685599e+02	-3.233375028005963827e+02	3.162894497205971334e+02
5.434579563783791256e-01	4.614528873619675551e+02	-3.149207163213125682e+02	3.111562307226591884e+02
5.497430652392217842e-01	4.533594544085025859e+02	-3.254687598744797015e+02	3.123340777688935077e+02
5.559937427501778773e-01	4.427417849507120309e+02	-3.186428675971499160e+02	3.103351304461011750e+02
5.622854676609657654e-01	4.312039920255459720e+02	-3.202235819578566520e+02	3.033709045145354253e+02
5.686011537227265711e-01	4.236892117607504247e+02	-3.201759699667972541e+02	3.016824847551001767e+02
5.748804589422079614e-01	4.109083177836069467e+02	-3.099632255427723067e+02	3.052878058792170464e+02
5.811550210340560296e-01	4.060367732236404095e+02	-3.142431918954815160e+02	2.967473802575793798e+02
5.874394496660968468e-01	3.930213841258590719e+02	-3.013456049945291397e+02	2.878381726638704663e+02
5.937176220296899176e-01	3.884910944509387036e+02	-3.098900482589749572e+02	2.979740063820493106e+02
5.999971954793682505e-01	3.775685079860589326e+02	-3.069577947644680762e+02	2.908380095482783645e+02
6.062679115124277596e-01	3.702333002706371303e+02	-3.038149019710667744e+02	2.910370658433611766e+02
6.125469576444534381e-01	3.591820431044835686e+02	-2.967019046502036872e+02	2.833070555923202392e+02
6.188477733041515272e-01	3.520400469418974581e+02	-2.866970301496558022e+02	2.758525959327285477e+02
6.251310567437898813e-01	3.474143097968703842e+02	-3.014714275762713100e+02	2.891533755446666305e+02
6.314027450383210560e-01	3.383311672190677086e+02	-2.873316835999439718e+02	2.727890567234295531e+02
6.377003562732055375e-01	3.313112832320110215e+02	-2.918182690912325938e+02	2.746273818581891533e+02
6.439857783314556494e-01	3.251015315593914465e+02	-2.848150605514937297e+02	2.737406371523514963e+02
6.502685417166111925e-01	3.184168206481925267e+02	-2.854498345053266917e+02	2.772359219108752200e+02
6.565586117699038216e-01	3.138238254424859406e+02	-2.908198233373611288e+02	2.746059069643932276e+02
6.628369282359254377e-01	3.071201192816656658e+02	-2.777185659463697220e+02	2.655211545393473784e+02
6.691185444962194362e-01	3.035753816933672056e+02	-2.837063289337560263e+02	2.752982611946139286e+02
6.754070198575605755e-01	2.966537056875715166e+02	-2.807788179741339718e+02	2.705995990272808740e+02
6.816835514593204692e-01	2.913619157962737631e+02	-2.773854368687996157e+02	2.678972526469391937e+02
6.879592533861698112e-01	2.862683170130237613e+02	-2.760791561261559650e+02	2.631196530300708218e+02
6.942344317039531587e-01	2.808825311072856721e+02	-2.751663174675302912e+02	2.682302901828729773e+02
7.005175402434737908e-01	2.745428574977826202e+02	-2.714526907035094041e+02	2.624847564154050588e+02
7.068124956608716758e-01	2.685341076709040635e+02	-2.647463496197100312e+02	2.550627066418875870e+02
7.131019009674921527e-01	2.634400549726306622e+02	-2.626392680986172081e+02	2.512262284415721183e+02
7.193918251171427247e-01	2.607262885195933109e+02	-2.644586628293146759e+02	2.577072033551934283e+02
7.256833807598113140e-01	2.554182365689367202e+02	-2.610973095595954874e+02	2.545154674416411353e+02
7.319652682709349989e-01	2.493251104642046130e+02	-2.550098662677767436e+02	2.459699959073766422e+02
7.382507990484923344e-01	2.473785442121235576e+02	-2.547253522572344195e+02	2.497109397303223375e+02
7.445265842115937893e-01	2.404896022507560076e+02	-2.506556669097369934e+02	2.421653848839325462e+02
7.507871101942712455e-01	2.373311302321807261e+02	-2.505715240015533709e+02	2.431664944338551493e+02
7.570758465316046459e-01	2.319382412869262282e+02	-2.444861169847750375e+02	2.337568004326936375e+02
7.633641233600957365e-01	2.302385062981033741e+02	-2.483568594942208279e+02	2.417781601272409944e+02
7.696462959862266917e-01	2.253509408396291747e+02	-2.430608778874910172e+02	2.355557441824873877e+02
7.759394865175414102e-01	2.214188742435480890e+02	-2.404577682895674400e+02	2.336529653348681279e+02
7.822329141989586843e-01	2.188605679952415812e+02	-2.438440011222507735e+02	2.376077090479468552e+02
7.885314936520240181e-01	2.143982156542533914e+02	-2.360665763185878347e+02	2.281803127259954351e+02
7.947896566979522071e-01	2.101202817277917063e+02	-2.322185213898572442e+02	2.246829977591367538e+02
8.010491096592354809e-01	2.060539024828158290e+02	-2.287364978495197079e+02	2.201972711418910080e+02
8.073364061727361651e-01	2.036012263449781301e+02	-2.266231149029415803e+02	2.226068107263361071e+02
8.136229488373866170e-01	1.986223166496716317e+02	-2.230366881696622556e+02	2.187282669203904959e+02
8.199152998961036776e-01	1.960629727036604208e+02	-2.221456444720852232e+02	2.176971783768682656e+02
8.261952636392789762e-01	1.937782047519732487e+02	-2.219715890535878771e+02	2.141081290291115238e+02
8.324897070080405914e-01	1.914384216292629901e+02	-2.202739674620495123e+02	2.174934221759627633e+02
8.387959309210778480e-01	1.874934410753658369e+02	-2.178385465198909117e+02	2.139449844456712526e+02
8.450634639703045181e-01	1.850094768349365211e+02	-2.163191170468575706e+02	2.131316887723883156e+02
8.513282867562648182e-01	1.824923807284130248e+02	-2.149931273175978106e+02	2.106857895283651771e+02
8.576198263902009566e-01	1.795159354148068189e+02	-2.126270875334862467e+02	2.099444078894056815e+02
8.639058477062415697e-01	1.745137296504035476e+02	-2.062314820792466321e+02	2.028191456540988042e+02
8.701838745487597837e-01	1.728918555386772482e+02	-2.052510534396510025e+02	2.013171904740869991e+02
8.764641096075268534e-01	1.714235109452136498e+02	-2.054257321724885799e+02	2.028403955758290351e+02
8.827503873399735745e-01	1.692954326646448635e+02	-2.044051124352009765e+02	2.029752670605862761e+02
8.890332768393869323e-01	1.656201229620245670e+02	-2.004925101665646423e+02	1.994795307891955645e+02
8.953084247113127780e-01	1.636096895281429511e+02	-1.994938034507785858e+02	1.974562845678398730e+02
9.015956521667095602e-01	1.603983681334638334e+02	-1.955465492996832211e+02	1.938171136532212415e+02
9.078833328094829680e-01	1.590802074075684800e+02	-1.970275471997568673e+02	1.971388249851518424e+02
9.141744106319863450e-01	1.564917941913371635e+02	-1.936084896695930126e+02	1.925347987616485739e+02
9.204630817717615043e-01	1.542455913966817604e+02	-1.916637550400008081e+02	1.913345194963565348e+02
9.267434415264711456e-01	1.529489891861123283e+02	-1.919846819716470065e+02	1.921343941512549520e+02
9.330324197354928906e-01	1.491067622322154591e+02	-1.865130582665257748e+02	1.880405598555135498e+02
9.393265785573878812e-01	1.474829627749926999e+02	-1.865065668457768879e+02	1.868424301764978281e+02
9.455974810398196650e-01	1.450263895965592553e+02	-1.835078967496338009e+02	1.845500719760794084e+02
9.518660018545171964e-01	1.430805193845981478e+02	-1.819068246509157802e+02	1.816746295364315529e+02
9.581413255531838757e-01	1.426990576230375893e+02	-1.848977365461595639e+02	1.867600657405261302e+02
9.644350945109106954e-01	1.398950198249044945e+02	-1.802077051681573039e+02	1.831321120710446735e+02
9.707355633568249820e-01	1.388162469008582605e+02	-1.805020488588965009e+02	1.832747727156577184e+02
9.770080768450029041e-01	1.360168864729102722e+02	-1.764776603382679525e+02	1.793108046065745214e+02
9.832823325363413414e-01	1.331364490494819677e+02	-1.724525624108730995e+02	1.734163316496060361e+02
9.895569691966674686e-01	1.317468826416657635e+02	-1.716038604609607319e+02	1.736385753543536907e+02
9.958456301921106979e-01	1.296285961218975444e+02	-1.689337784448004243e+02	1.715819463816279153e+02
1.002136210743837408e+00	1.286724719940520458e+02	-1.691952652193220672e+02	1.719186053776197980e+02
1.008404825335135424e+00	1.271087041991533226e+02	-1.675916052838666985e+02	1.700825539829992863e+02
1.014694149836243398e+00	1.255491469999907679e+02	-1.663430166526947573e+02	1.695930917087998182e+02
1.020992555437297167e+00	1.237030935533696123e+02	-1.646664612854678467e+02	1.682655739886390336e+02
1.027273980437394485e+00	1.222060702205494778e+02	-1.638849435557341678e+02	1.668096119056594375e+02
1.033559181896017254e+00	1.198435102818548899e+02	-1.601982274727873801e+02	1.639182263938355959e+02
1.039847557392594934e+00	1.190378714139396976e+02	-1.606846674046009014e+02	1.644714603202513672e+02
1.046126974943305088e+00	1.172580541186464558e+02	-1.581867283509454296e+02	1.620536996391558375e+02
1.052403436811028659e+00	1.162916285075583431e+02	-1.574001007481005843e+02	1.607293114450054645e+02
1.058680704651608684e+00	1.135077291899488046e+02	-1.530252488204322958e+02	1.562250773194496389e+02
1.064964333065789193e+00	1.125964895263710162e+02	-1.528064118660645363e+02	1.572723065265865330e+02
1.071256777440835473e+00	1.112460367526911966e+02	-1.519782873940974923e+02	1.568249909350859923e+02
1.077544048801078125e+00	1.096936476659398494e+02	-1.491820860283997945e+02	1.531245639152095919e+02
1.083824820188043603e+00	1.087702487388326347e+02	-1.495488284048774119e+02	1.545882981980446971e+02
1.090108023942816695e+00	1.074654692849669289e+02	-1.480809490869905574e+02	1.531308001501680565e+02
1.096389665956643222e+00	1.056610439404186934e+02	-1.455405941220756176e+02	1.509009108284101046e+02
1.102681132058841440e+00	1.045455951698643418e+02	-1.446645620109856907e+02	1.499369047144204785e+02
1.108963047594879958e+00	1.032767041867845847e+02	-1.434538256236049278e+02	1.498917122913357787e+02
1.115225428463759272e+00	1.023741299612887588e+02	-1.425727828406548099e+02	1.480484041663452501e+02
1.121502127614767863e+00	1.013985353699033993e+02	-1.415367974347668110e+02	1.474386153857592205e+02
1.127792573824792033e+00	9.938579655317694517e+01	-1.387028585103683724e+02	1.447404911580575799e+02
1.134089552668382961e+00	9.841544194017640734e+01	-1.377425769275369873e+02	1.440740477131597572e+02
1.140364049650405942e+00	9.739115481955477094e+01	-1.366906493296263250e+02	1.426042411759568722e+02
1.146639180320979445e+00	9.608519748367068303e+01	-1.349855187824343261e+02	1.411526078733917871e+02
1.152942412991649901e+00	9.578512539531305947e+01	-1.363446643611435434e+02	1.423829104207779324e+02
1.159228906751078814e+00	9.435772573747502179e+01	-1.336686269764707617e+02	1.391073003739941782e+02
1.165508721887268173e+00	9.327090722718159554e+01	-1.327761323264375619e+02	1.397017651766851145e+02
1.171793076256210320e+00	9.214653907131088317e+01	-1.308910575069369031e+02	1.382252004655636881e+02
1.178087436369658958e+00	9.082829072551710681e+01	-1.289237286714151480e+02	1.358863949834966434e+02
1.184367654251526902e+00	9.006074562620260338e+01	-1.285941276569460285e+02	1.362538496936244030e+02
1.190634642299266632e+00	8.906453917581379187e+01	-1.275600204434866356e+02	1.352322431961552525e+02
1.196912208834400859e+00	8.794869242468114123e+01	-1.266675817204359475e+02	1.337551320651774063e+02
1.203201577354146234e+00	8.726667637520289134e+01	-1.255731221399974231e+02	1.335707353319272670e+02
1.209486844441705733e+00	8.536470723340156042e+01	-1.218792524629014622e+02	1.288965122785201061e+02
1.215763902074809888e+00	8.523793308828578574e+01	-1.229698584311444591e+02	1.304990863090814344e+02
1.222049755171146668e+00	8.419347711483955266e+01	-1.217842590108583209e+02	1.293046474856855923e+02
1.228340616621486969e+00	8.295529257167240189e+01	-1.195756854424475364e+02	1.269279046585239428e+02
1.234632986576932767e+00	8.206974024268987478e+01	-1.183383538834762732e+02	1.257553113831935150e+02
1.240902247176856488e+00	8.072609789873681052e+01	-1.167384920155030841e+02	1.248179620342978211e+02
1.247174839144687519e+00	8.095399597480636089e+01	-1.179226875295123449e+02	1.257976510667317740e+02
1.253465459933442272e+00	7.976259555779266464e+01	-1.159479832518764084e+02	1.253720053042018350e+02
1.259749951892178421e+00	7.883083149356684771e+01	-1.150111475329877209e+02	1.238097418560747371e+02
1.266032143127253873e+00	7.782776936394034806e+01	-1.133649395549630299e+02	1.222843534681541229e+02
1.272316288472006507e+00	7.673801980029840308e+01	-1.116852924566416334e+02	1.199181630979988711e+02
1.278604155058621350e+00	7.610424402048437287e+01	-1.111339862296920700e+02	1.200421572587786443e+02
1.284886588933593865e+00	7.556850672312083361e+01	-1.107789284621871388e+02	1.196592215057710860e+02
1.291175420066583257e+00	7.439317810698024402e+01	-1.086749178554767354e+02	1.172405825829608119e+02
1.297465726373772332e+00	7.397095399919447800e+01	-1.083393084149024759e+02	1.176476325756515280e+02
1.303741827011944299e+00	7.325808615806607804e+01	-1.077058909130899309e+02	1.166058299815044563e+02
1.310017322922761851e+00	7.240596462359351904e+01	-1.064835782175347987e+02	1.161875337878926331e+02
1.316301447662886703e+00	7.155732240211409589e+01	-1.050411634174171382e+02	1.138478586707312274e+02
1.322586760363303249e+00	7.103497515637279491e+01	-1.046958653106440238e+02	1.144351814888772196e+02
1.328865492452874664e+00	7.037032291914718485e+01	-1.038113289091519249e+02	1.134141533709626088e+02
1.335144804954555564e+00	6.928829414582708068e+01	-1.020077863062593337e+02	1.117565371742267359e+02
1.341440516272275119e+00	6.910706530497432709e+01	-1.025710959056297185e+02	1.123661406142912824e+02
1.347730868417094552e+00	6.812870290043049692e+01	-1.007783818224596359e+02	1.105095537474081624e+02
1.354001589994877630e+00	6.792460310688825587e+01	-1.008531663754583008e+02	1.110495862530482611e+02
1.360282609297778444e+00	6.692640378356931308e+01	-9.908694166251370916e+01	1.092264091991459338e+02
1.366565686457597906e+00	6.644048595287839021e+01	-9.887437287138860142e+01	1.093225211197430440e+02
1.372851498482432708e+00	6.561179736422464259e+01	-9.761631484254033353e+01	1.078921693576410803e+02
1.379135372929401804e+00	6.509273528783198515e+01	-9.654636748047104788e+01	1.071120206080293826e+02
1.385409567149057164e+00	6.456293873724064269e+01	-9.615274320228887461e+01	1.067748895029991161e+02
1.391698641219299315e+00	6.351596569946057969e+01	-9.425983747706065685e+01	1.046638705073779931e+02
1.397984451439470810e+00	6.362713453318533396e+01	-9.506156584553698963e+01	1.056983356007979182e+02
1.404267883409181961e+00	6.246323877451788320e+01	-9.291778229817845158e+01	1.032791530832373752e+02
1.410554779484869181e+00	6.212467641767030102e+01	-9.274980567701425116e+01	1.033505824669494757e+02
1.416837833547465397e+00	6.136890964499830403e+01	-9.166128486086813609e+01	1.025082741955463490e+02
1.423118177187137068e+00	6.093999137416555101e+01	-9.117577062256393106e+01	1.018939872669807301e+02
1.429397801164240089e+00	6.043684786772860917e+01	-9.059188637417710765e+01	1.014184877713108932e+02
1.435686921822787232e+00	6.013197853038273877e+01	-8.987642379493283329e+01	1.008665097257520102e+02
1.441977121769299597e+00	5.950920702665430895e+01	-8.908970356201739094e+01	1.000834849163483113e+02
1.448253667853332427e+00	5.924194232671246141e+01	-8.868818657374335146e+01	1.001966992547801851e+02
1.454532348972172651e+00	5.801531122739955748e+01	-8.673125173640353580e+01	9.733532079105306423e+01
1.460819319151879903e+00	5.785514961472742357e+01	-8.657215393618379551e+01	9.795822540275868562e+01
1.467110364402026468e+00	5.737621500094074634e+01	-8.630050839423896036e+01	9.749655377657246902e+01
1.473392908948962132e+00	5.718591594262236555e+01	-8.612179085165733738e+01	9.755200503216482844e+01
1.479669965243598950e+00	5.619471265733451304e+01	-8.434677297124162010e+01	9.590134296641322464e+01
1.485956144602843532e+00	5.596291297048246349e+01	-8.416989027064924755e+01	9.548354436466534878e+01
1.492233610763115115e+00	5.559455205402807110e+01	-8.372161597598825722e+01	9.542770904335844762e+01
1.498502470379980078e+00	5.485384393398828706e+01	-8.260781540900519815e+01	9.399672787100645621e+01
1.504785752051182701e+00	5.433578686075563979e+01	-8.159338622126637119e+01	9.321038514408166975e+01
1.511075991894575976e+00	5.390179440264100919e+01	-8.103616894407664972e+01	9.232047822561001738e+01
1.517361634985162189e+00	5.364897975021635546e+01	-8.069035854368486582e+01	9.243068772952609891e+01
1.523648570969130533e+00	5.324505541583125989e+01	-8.015016212390410999e+01	9.183370585254378682e+01
1.529938035715892264e+00	5.263952886075665560e+01	-7.892674964817535965e+01	9.050517784680938860e+01
1.536230176913891965e+00	5.199815396319961280e+01	-7.804580600737486407e+01	8.936569239552927968e+01
1.542510718779388279e+00	5.149092160755067482e+01	-7.700103696202637593e+01	8.859431277337344568e+01
1.548783963082980275e+00	5.135265402394410472e+01	-7.735073485777077451e+01	8.894998496459450621e+01
1.555073069779651318e+00	5.085117900858214313e+01	-7.634968501206466840e+01	8.784214693025728593e+01
1.561357324927233892e+00	5.028103582800268612e+01	-7.541910288519788708e+01	8.717150803397002790e+01
1.567629121053141006e+00	4.996236636482244364e+01	-7.486065857667577461e+01	8.635978466709114798e+01
1.573913697404382583e+00	4.958822613130566737e+01	-7.444705997778899587e+01	8.617204371659772733e+01
1.580203545230874029e+00	4.914307069566570618e+01	-7.372656970303629009e+01	8.554561867368869343e+01
1.586485393434537983e+00	4.877691100310098449e+01	-7.318508536376796769e+01	8.478373828833166215e+01
1.592760014263005841e+00	4.859407606775074839e+01	-7.311126955334231070e+01	8.476769034507434242e+01
1.599046436394670812e+00	4.811878298521038744e+01	-7.215879487678468251e+01	8.402458321242814065e+01
1.605342136637478934e+00	4.773443361522484452e+01	-7.165362090419031915e+01	8.335357273547529644e+01
1.611619860919608627e+00	4.732419600558808526e+01	-7.100058816549237406e+01	8.273975944923543580e+01
1.617897597081673799e+00	4.704834334323654588e+01	-7.072552158725540039e+01	8.217747020301192151e+01
1.624183235481122756e+00	4.661133428278795776e+01	-7.003345765143555468e+01	8.152933086638321925e+01
1.630464598531913722e+00	4.645870620706286758e+01	-6.986155556374944808e+01	8.181520097287769033e+01
1.636748985747638274e+00	4.601211648305395130e+01	-6.904993940345680414e+01	8.104928641723866178e+01
1.643030923698886259e+00	4.567067265241897189e+01	-6.860839757909025138e+01	8.026220928643679997e+01
1.649309176648513064e+00	4.523340831941672491e+01	-6.779888923484952556e+01	7.942129904582226629e+01
1.655593633940351861e+00	4.512786947706267426e+01	-6.774512574799270226e+01	7.961337089971165426e+01
1.661879571405086464e+00	4.480774972040806858e+01	-6.724856156688170472e+01	7.897269962311672487e+01
1.668169361685170271e+00	4.431363029791883434e+01	-6.632528023460730537e+01	7.789684423138001534e+01
1.674450151530487485e+00	4.407630534137988576e+01	-6.614175584555209753e+01	7.792993393459836682e+01
1.680722718978495900e+00	4.374756861927472329e+01	-6.555655529688809224e+01	7.712534215592584985e+01
1.687013891340952476e+00	4.341583846689231052e+01	-6.499537261281869860e+01	7.663071402214765726e+01
1.693308984907921033e+00	4.292172350762871957e+01	-6.412424253422770448e+01	7.559497133227922916e+01
1.699582147428448486e+00	4.264274369392502706e+01	-6.383866444648231919e+01	7.520034900328914773e+01
1.705863747055134105e+00	4.265201572446982681e+01	-6.407576752903656825e+01	7.597103391478798073e+01
1.712154434283889470e+00	4.235487629697355061e+01	-6.349572941768494161e+01	7.533660716172576599e+01
1.718438381579399321e+00	4.209421490961371859e+01	-6.316760492587700071e+01	7.461965019399508492e+01
1.724721264464063930e+00	4.156266216633483879e+01	-6.203001007194976069e+01	7.349654730516857626e+01
1.730997441276920679e+00	4.150819487382443640e+01	-6.220819774586701101e+01	7.382321094967473130e+01
1.737287073528269499e+00	4.120966573969923985e+01	-6.167778569889824780e+01	7.312042367600692216e+01
1.743567991878527401e+00	4.090920466884024620e+01	-6.123651597709432082e+01	7.278233649602604771e+01
1.749840680212231048e+00	4.059856189896763112e+01	-6.071547022088093826e+01	7.218318446177899261e+01
1.756128549091961144e+00	4.046290628805238754e+01	-6.048748627173895187e+01	7.203019169920558795e+01
1.762413535324792502e+00	4.010051320261232632e+01	-5.994002918730953411e+01	7.139916990139595043e+01
1.768696187669963837e+00	3.973895500766253264e+01	-5.930594049701488757e+01	7.058843948906036303e+01
1.774979359379055266e+00	3.946540566543747985e+01	-5.878468383176408452e+01	7.018800893850034583e+01
1.781265555576432957e+00	3.917816149569989648e+01	-5.823801178133110312e+01	6.951072369875768686e+01
1.787549427830244619e+00	3.915804127540916824e+01	-5.832815475455287668e+01	6.984201720569858196e+01
1.793834120011633004e+00	3.883562408866929871e+01	-5.785103578402707569e+01	6.896657090714413130e+01
1.800115051552487300e+00	3.871717942928173528e+01	-5.772028491378711124e+01	6.921713497473893995e+01
1.806393904854530330e+00	3.826637989518548721e+01	-5.682129958036556872e+01	6.800574212069906821e+01
1.812674089667083432e+00	3.808647061697437408e+01	-5.661186373070650291e+01	6.781397082734756054e+01
1.818956920109354058e+00	3.793656950269250672e+01	-5.643579635912052339e+01	6.766045542220147979e+01
1.825244164118212220e+00	3.762368484332660046e+01	-5.586653316286115967e+01	6.697630821786979993e+01
1.831527256642196955e+00	3.726577314493142268e+01	-5.523606330532135189e+01	6.614790371367065802e+01
1.837811294935716599e+00	3.744630313992229276e+01	-5.579724389456664824e+01	6.687995541867429949e+01
1.844100717411196744e+00	3.710631758505240896e+01	-5.515258065075677507e+01	6.634254709159485230e+01
1.850384816792487230e+00	3.681178752769238116e+01	-5.466928032160284090e+01	6.555923961723553361e+01
1.856666059735203822e+00	3.656900760288849739e+01	-5.411528183538442249e+01	6.520129652792513753e+01
1.862947728675613979e+00	3.637745672404083308e+01	-5.397230658973249717e+01	6.499880273873642977e+01
1.869229324466858078e+00	3.626551488491195130e+01	-5.381815385887800574e+01	6.470083896110261890e+01
1.875517616802973686e+00	3.590479101392834593e+01	-5.309408651827153136e+01	6.384805713105108538e+01
1.881800769033795229e+00	3.568484469793988012e+01	-5.272985843166554787e+01	6.337551766978408097e+01
1.888078863416442710e+00	3.552925780158970781e+01	-5.239889161271401719e+01	6.314669672729565519e+01
1.894353975182237582e+00	3.535356592388598784e+01	-5.230955197271186563e+01	6.307107866681029407e+01
1.900642716154182565e+00	3.491480599786653727e+01	-5.133467690145924678e+01	6.167298469983902010e+01
1.906933494748685121e+00	3.492138475661183605e+01	-5.139418911998986061e+01	6.207196613573251653e+01
1.913207568676573933e+00	3.470308093153189333e+01	-5.112092005472374723e+01	6.162304364859758010e+01
1.919490884732178992e+00	3.453462138692049166e+01	-5.087211637051802882e+01	6.144570757592104826e+01
1.925776855684274480e+00	3.428905045536554752e+01	-5.046442310266559161e+01	6.063488835173403402e+01
1.932064452961978152e+00	3.415346734270228524e+01	-5.020203630511462478e+01	6.057875896531917448e+01
1.938342610030488800e+00	3.394842649962929215e+01	-4.988134236471046989e+01	6.028796046723904567e+01
1.944618341543410178e+00	3.380214242948235182e+01	-4.962383306746628620e+01	5.991890379541995060e+01
1.950906260203513876e+00	3.346434076529318702e+01	-4.894634124219626869e+01	5.912222377547416841e+01
1.957194556613796488e+00	3.323137733748363587e+01	-4.854234586202190371e+01	5.849905735503876514e+01
1.963479614559011432e+00	3.314728036509110609e+01	-4.850069469140396450e+01	5.846486933692359855e+01
1.969760361532916226e+00	3.300624247040421722e+01	-4.816927908874699682e+01	5.831249622420133960e+01
1.976048367034604736e+00	3.285850940990562918e+01	-4.804332319081943581e+01	5.806845743681579108e+01
1.982337990217652335e+00	3.266310214467605988e+01	-4.769254272229483149e+01	5.767837779312996815e+01
1.988617489259562721e+00	3.253091205747433889e+01	-4.747221271652233554e+01	5.735243423746684499e+01
1.994896320665194178e+00	3.230802540706456938e+01	-4.696782105341001312e+01	5.677943273747948894e+01
2.001179596222827151e+00	3.211465343182369736e+01	-4.674068541981868918e+01	5.637629171929438598e+01
2.007459756923499761e+00	3.189172494693555038e+01	-4.631586948467414544e+01	5.595850087205628398e+01
2.013737397779169935e+00	3.160217783302414674e+01	-4.561492100055154708e+01	5.504797495769505389e+01
2.020017234677497164e+00	3.149837637098960030e+01	-4.549608293351430177e+01	5.495529892302803887e+01
2.026310251015072783e+00	3.137955183123496283e+01	-4.533672506256164070e+01	5.485890806655710605e+01
2.032600542948020284e+00	3.117987352215243035e+01	-4.502795178566393020e+01	5.439198200486062262e+01
2.038873863192099289e+00	3.101330274324833525e+01	-4.470335634056923624e+01	5.397281973645981878e+01
2.045154087821675404e+00	3.095299449315245255e+01	-4.462171517262187592e+01	5.383305117688825447e+01
2.051444704514288730e+00	3.073023050556439628e+01	-4.429047520958859252e+01	5.345142086065077081e+01
2.057730430280644729e+00	3.057618690313804066e+01	-4.391029480651618400e+01	5.319652377024761591e+01
2.064013940455224461e+00	3.035358764414579014e+01	-4.351742768784249904e+01	5.267269976016737587e+01
2.070299891179459895e+00	3.025371811789562670e+01	-4.343465428910636916e+01	5.256437464814756311e+01
2.076589719964883951e+00	3.014927236027881463e+01	-4.325493406740706348e+01	5.239541149722828095e+01
2.082865483794470673e+00	2.998779602774106223e+01	-4.300140828626524581e+01	5.200070815629055687e+01
2.089134494859368640e+00	2.970760263061342954e+01	-4.234025274468759648e+01	5.125288859829532839e+01
2.095424211360070288e+00	2.966817448867678664e+01	-4.238953370456044212e+01	5.127490173315607080e+01
2.101707116664804254e+00	2.953838955992996773e+01	-4.224760075334832976e+01	5.100250445233955787e+01
2.107986473933564309e+00	2.941640779788085069e+01	-4.195579408567551383e+01	5.089322668435696784e+01
2.114271806543862375e+00	2.922200115900619011e+01	-4.157556243968840448e+01	5.029866373855129780e+01
2.120552717288892275e+00	2.915161744332013427e+01	-4.136984056557219702e+01	5.017958774254643828e+01
2.126836933207161717e+00	2.895070183017564247e+01	-4.107252708440331190e+01	4.959851153938924284e+01
2.133122044791171845e+00	2.874973004098212925e+01	-4.074324825409978956e+01	4.924275412972678367e+01
2.139411711910842673e+00	2.863383135546715863e+01	-4.043181495844294915e+01	4.892911378009731038e+01
2.145697076775292089e+00	2.850053657621089442e+01	-4.023621120156330733e+01	4.866182858243649889e+01
2.151973548606471276e+00	2.839530442876091598e+01	-4.012599656836945883e+01	4.849634434040334696e+01
2.158259913555724108e+00	2.823826770391111651e+01	-3.976179774688543489e+01	4.816830136816140850e+01
2.164545396699105506e+00	2.811811448087564358e+01	-3.959983401256184976e+01	4.788326466545776583e+01
2.170830700377734068e+00	2.808408256910253087e+01	-3.952552104234127484e+01	4.781473551373603215e+01
2.177114138849150393e+00	2.782169147038475288e+01	-3.899248280434715497e+01	4.722199237380753800e+01
2.183387647576827018e+00	2.773421026981784010e+01	-3.883168648592787520e+01	4.708839279209963991e+01
2.189670273687676971e+00	2.762455793253533187e+01	-3.861967349201828625e+01	4.679068477851802754e+01
2.195960147934207463e+00	2.740058905472625739e+01	-3.820014497821622967e+01	4.615880868231842271e+01
2.202242556317716371e+00	2.731045473620290309e+01	-3.810350621365194712e+01	4.611937539166204658e+01
2.208521655981037668e+00	2.719687191650823976e+01	-3.783481795239382706e+01	4.575364625620325398e+01
2.214804637081333016e+00	2.717549521263710943e+01	-3.787951749824633652e+01	4.587634238378830531e+01
2.221092583349425276e+00	2.696486281280603947e+01	-3.751519566444727616e+01	4.525534108469526728e+01
2.227372893591468728e+00	2.677811474760980559e+01	-3.711017247805780528e+01	4.479990038332066860e+01
2.233657161144248171e+00	2.674508413284060637e+01	-3.698127924402898969e+01	4.485474171314897518e+01
2.239943485394438660e+00	2.660522682741736133e+01	-3.678112347551327588e+01	4.444017918314000326e+01
2.246224175264620815e+00	2.650221735617198249e+01	-3.661574839820224980e+01	4.423802959677212243e+01
2.252506378421252009e+00	2.650621980891684970e+01	-3.670676521214775789e+01	4.436703804452125866e+01
2.258783417054270437e+00	2.627226217114209916e+01	-3.620285274857152302e+01	4.372798294341524894e+01
2.265069077371457684e+00	2.618034957357053472e+01	-3.597884586422231479e+01	4.343345750090249169e+01
2.271350377044131452e+00	2.609708242774813414e+01	-3.580450778076829010e+01	4.334747249343456588e+01
2.277633995145353918e+00	2.599458577241439627e+01	-3.563554934972290766e+01	4.311192926479188259e+01
2.283922419579920149e+00	2.594249957249105876e+01	-3.552066461216512749e+01	4.290497012967914259e+01
2.290202874392252674e+00	2.577027336204952590e+01	-3.524632027567121639e+01	4.268065413522183604e+01
2.296490779970905560e+00	2.560486870449322083e+01	-3.490301151667430446e+01	4.204392163790282666e+01
2.302771769934229162e+00	2.555009573968538561e+01	-3.475376383849363293e+01	4.209893850715058505e+01
2.309051364164305564e+00	2.551686160030715200e+01	-3.478589353633449832e+01	4.207998242613589213e+01
2.315338502539088239e+00	2.540642377471095159e+01	-3.452044425584091414e+01	4.172330934426971538e+01
2.321627336503874428e+00	2.535523330257809604e+01	-3.449524827382833791e+01	4.168679047260481951e+01
2.327911878297218795e+00	2.526130621327205361e+01	-3.426663719856541235e+01	4.134608696378777637e+01
2.334186238580297168e+00	2.511657066820744788e+01	-3.400771994089519268e+01	4.105107125007155844e+01
2.340467971862688401e+00	2.501457302341311717e+01	-3.373659695188881358e+01	4.081877145617701075e+01
2.346756940970738725e+00	2.488919596958174552e+01	-3.352880584617197712e+01	4.054704865946210646e+01
2.353044444556199988e+00	2.480148460934231025e+01	-3.331545857755280338e+01	4.029274143949943010e+01
2.359327653314069906e+00	2.466622862496647883e+01	-3.315693775843217850e+01	3.994383383106026741e+01
2.365603048789861607e+00	2.458776974894293588e+01	-3.297257594231176370e+01	3.985691203611634847e+01
2.371885911737665165e+00	2.451627434028096530e+01	-3.288250700484153555e+01	3.971022610709793810e+01
2.378173303594019572e+00	2.442292939742631219e+01	-3.266937945554746392e+01	3.938550407153483235e+01
2.384454016539381271e+00	2.430927535694479502e+01	-3.238848116036448488e+01	3.901003631653919257e+01
2.390736447344785187e+00	2.421241775513307815e+01	-3.218526540970483296e+01	3.886798311136977446e+01
2.397014133897952259e+00	2.414543294505963900e+01	-3.211272421961781021e+01	3.866596890380024831e+01
2.403295490074321972e+00	2.404843760750190640e+01	-3.191458958864028261e+01	3.854806313004690566e+01
2.409585049672506862e+00	2.397957963701302120e+01	-3.176856115569017547e+01	3.841456290786144478e+01
2.415871703165322071e+00	2.394890182814638280e+01	-3.171867540078287817e+01	3.823778818406489677e+01
2.422160652369088840e+00	2.382416458765905531e+01	-3.154059645413141411e+01	3.810010611129981584e+01
2.428440167222748691e+00	2.382572353333075199e+01	-3.154645351929055508e+01	3.806952490739280393e+01
2.434717472383889803e+00	2.362249789822697110e+01	-3.112212508622154417e+01	3.753207067760012450e+01
2.441002456202044257e+00	2.352814056962387923e+01	-3.087909896795962439e+01	3.731121508685249211e+01
2.447289980304530488e+00	2.339771153167369633e+01	-3.060459103056822272e+01	3.694957863721666058e+01
2.453571844729242279e+00	2.336607451393139456e+01	-3.059037287550477302e+01	3.688946639978710351e+01
2.459852705114058846e+00	2.335735816667993703e+01	-3.055635734032972906e+01	3.690153429049306055e+01
2.466139233225018934e+00	2.324343801224632955e+01	-3.036072266775357420e+01	3.677106383761816488e+01
2.472421963421291391e+00	2.324716142540632902e+01	-3.038126783145920129e+01	3.676642315498637004e+01
2.478698519174224568e+00	2.312641814411773922e+01	-3.006142884324433950e+01	3.647108517383420434e+01
2.484980841400355800e+00	2.299931313285447132e+01	-2.980125145140643994e+01	3.599371619285456347e+01
2.491269319409339822e+00	2.293176379478513383e+01	-2.970324557987516201e+01	3.589214424638052492e+01
2.497548505139029373e+00	2.290051839468157624e+01	-2.961558313340512072e+01	3.582240182699759856e+01
2.503831667172610853e+00	2.282721238188760537e+01	-2.948630336376119843e+01	3.563713781613537179e+01
2.510117938323931153e+00	2.273387781400122165e+01	-2.932044206246655804e+01	3.538073235299155783e+01
2.516400733681277480e+00	2.268441591901963150e+01	-2.917237338045981687e+01	3.528002580439995484e+01
2.522688226833368130e+00	2.264275758721254661e+01	-2.914212784595846273e+01	3.523349949438103579e+01
2.528971695852665569e+00	2.246942336686843333e+01	-2.873132970246909323e+01	3.479065874059945429e+01
2.535252039407670299e+00	2.248631859971895963e+01	-2.877876787037817152e+01	3.477029795597231754e+01
2.541537514142774512e+00	2.243450045587760044e+01	-2.862538979095329239e+01	3.465596496117112935e+01
2.547823008847572179e+00	2.231398408808198042e+01	-2.841189148060778535e+01	3.441022349106259526e+01
2.554100666580690238e+00	2.233137873015547825e+01	-2.848461624813421267e+01	3.440495662782038266e+01
2.560376788884177301e+00	2.225659128705793322e+01	-2.828867866314129387e+01	3.417551244877818561e+01
2.566667521601497359e+00	2.216570213876048712e+01	-2.816335628217205667e+01	3.419623818571248819e+01
2.572955062237090473e+00	2.203690454401952792e+01	-2.781642932148422176e+01	3.373382017029351942e+01
2.579233771797999175e+00	2.204909366708902496e+01	-2.784473374744901619e+01	3.369129182686300084e+01
2.585520164300948220e+00	2.200031376788737703e+01	-2.772064566065252933e+01	3.360853705370334410e+01
2.591805130332431872e+00	2.189119620766736674e+01	-2.753338110678860318e+01	3.339683640238890661e+01
2.598084074692260881e+00	2.192751551545855548e+01	-2.763015012472759580e+01	3.354074416203111753e+01
2.604360404197643586e+00	2.178364598508512984e+01	-2.728590478801950070e+01	3.310504732958067819e+01
2.610647185140439142e+00	2.174936801187287827e+01	-2.725597439811092926e+01	3.308808401776830976e+01
2.616931864059273138e+00	2.168671463372357877e+01	-2.707657860146350615e+01	3.283977579561866378e+01
2.623206107911065565e+00	2.164800076535849271e+01	-2.698286002559653696e+01	3.282744939798758566e+01
2.629491626543270844e+00	2.153911092321651211e+01	-2.678262368347199640e+01	3.245545566009622007e+01
2.635778507982642349e+00	2.154269537056893213e+01	-2.679088017494362717e+01	3.256397690868520556e+01
2.642061039325260818e+00	2.146007701326391626e+01	-2.655643022269574516e+01	3.227761791956617543e+01
2.648343840729305843e+00	2.139852685363105067e+01	-2.640164605636037720e+01	3.219802974967656439e+01
2.654631838974855551e+00	2.135710329933809604e+01	-2.639158590268448989e+01	3.202462888159139709e+01
2.660919001246303761e+00	2.126575958405587841e+01	-2.603411415688974984e+01	3.169989310754276701e+01
2.667198525130066056e+00	2.124149233996246267e+01	-2.606293794173215872e+01	3.185192105360566828e+01
2.673484307038032526e+00	2.123063550621299811e+01	-2.601124972407544078e+01	3.176983849083907785e+01
2.679773388053849459e+00	2.114267825179515015e+01	-2.588445520970740432e+01	3.156079393807157629e+01
2.686058217632288692e+00	2.110654161521893357e+01	-2.579681432842694022e+01	3.143862772018086815e+01
2.692338738200057868e+00	2.107199211142458495e+01	-2.572268168880341221e+01	3.138594189946341118e+01
2.698618022887226964e+00	2.105122040232326697e+01	-2.570397667900196836e+01	3.133551371582706935e+01
2.704895450708277860e+00	2.100921946561438958e+01	-2.552340297360784405e+01	3.118111142781729583e+01
2.711175674923682166e+00	2.089987128775166880e+01	-2.528320456407984551e+01	3.092683714187446498e+01
2.717459832966957922e+00	2.092502345204786351e+01	-2.538625247049240485e+01	3.101833456168793646e+01
2.723745731959044569e+00	2.086586399815172754e+01	-2.518268366608398168e+01	3.082676569388530297e+01
2.730038414850594730e+00	2.084684110587331674e+01	-2.509830754914086626e+01	3.076088424378620445e+01
2.736317989800789441e+00	2.077420847937982984e+01	-2.500360019780508125e+01	3.064661737625870330e+01
2.742591858549239703e+00	2.071128345076077082e+01	-2.480147716227727983e+01	3.040663972435049800e+01
2.748879749010778362e+00	2.072599463227221150e+01	-2.484055977413719773e+01	3.056225280569860558e+01
2.755163403825859447e+00	2.067004794995174066e+01	-2.473578584700111449e+01	3.038603777741781897e+01
2.761446955625852073e+00	2.059999693901401230e+01	-2.458930104577865094e+01	3.029311709085057558e+01
2.767732088935374701e+00	2.063449891199968533e+01	-2.457109120299219640e+01	3.029126809613480731e+01
2.774015452421743966e+00	2.058585063347272737e+01	-2.446100373193129940e+01	3.012441206459380894e+01
2.780298635700591436e+00	2.056411046574484303e+01	-2.444782765539020630e+01	3.010335187061193452e+01
2.786577474762241380e+00	2.055094766385873939e+01	-2.440286926005675738e+01	3.007482678688265665e+01
2.792857983210164541e+00	2.050595950699273473e+01	-2.428397254136336159e+01	3.003480891913387651e+01
2.799143790920211483e+00	2.043098815070567298e+01	-2.408397655482528066e+01	2.976319400856359110e+01
2.805430058399325244e+00	2.041449840393578796e+01	-2.405253494186677798e+01	2.980410164396785788e+01
2.811715058209780072e+00	2.041550137848288315e+01	-2.399298453231749662e+01	2.968734790701649473e+01
2.817989272498773623e+00	2.035010100852123216e+01	-2.390283442730958186e+01	2.956100832384318977e+01
2.824269171595737760e+00	2.035990238718303758e+01	-2.383754478970081081e+01	2.957894429139824055e+01
2.830563016441804081e+00	2.029790396193972057e+01	-2.374873818471979092e+01	2.950823510231976243e+01
2.836848750951622034e+00	2.031839869747788541e+01	-2.369916852974957777e+01	2.941768361642201057e+01
2.843130027866129783e+00	2.025618301044752911e+01	-2.356520011223354061e+01	2.924877434905772944e+01
2.849413896912404986e+00	2.023306008585179327e+01	-2.345099199407178148e+01	2.927392998405911939e+01
2.855697464522425566e+00	2.020675897672302668e+01	-2.343562719200577149e+01	2.931819407600122673e+01
2.861978799810683594e+00	2.018078444755853695e+01	-2.333113859886446306e+01	2.910715109415437851e+01
2.868262469415629567e+00	2.022895077556063370e+01	-2.340713349050886549e+01	2.926260559792743265e+01
2.874547359206753860e+00	2.021365456832099028e+01	-2.336473016888481524e+01	2.925777330348994809e+01
2.880831111471525041e+00	2.018630672120790948e+01	-2.333115707186722787e+01	2.923464025527118437e+01
2.887113216972382546e+00	2.015211352412332602e+01	-2.321178723183337667e+01	2.911170755427082213e+01
2.893394504725182781e+00	2.013509217846596400e+01	-2.313551393312849669e+01	2.904388937271336246e+01
2.899673662137033592e+00	2.015877386342070565e+01	-2.315967640932842286e+01	2.915401058090267128e+01
2.905953958587380814e+00	2.009257358056533604e+01	-2.300780080560326368e+01	2.897749065432340032e+01
2.912241118105161064e+00	2.014152773923981954e+01	-2.308436765576005811e+01	2.907857545980686353e+01
2.918525996366671205e+00	2.012066301796469858e+01	-2.295214869295393711e+01	2.907118309157174352e+01
2.924809035425688819e+00	2.005435608992890906e+01	-2.279461659213017910e+01	2.878624995508374340e+01
2.931095916293684933e+00	2.012435323322732472e+01	-2.293441107028805703e+01	2.910657394095864348e+01
2.937378182606774413e+00	2.003409405763433426e+01	-2.264230131398341683e+01	2.875418440290677680e+01
2.943659980254369923e+00	2.007760521882238081e+01	-2.272140537915397829e+01	2.885905953916236655e+01
2.949946454403890250e+00	2.007819189569480756e+01	-2.268103019182944280e+01	2.883093330615132643e+01
2.956227653702202307e+00	2.009703069868288239e+01	-2.273128721444116707e+01	2.901759810408932694e+01
2.962510478867462993e+00	2.012830056395798906e+01	-2.273203787182572100e+01	2.907893083439954651e+01
2.968796535179442309e+00	2.002228800646289741e+01	-2.252516488012156515e+01	2.872713107124947030e+01
2.975077657376874907e+00	2.009776919816926011e+01	-2.262381471213572937e+01	2.899874875362097981e+01
2.981359866759223376e+00	2.008711005413882233e+01	-2.254326202000444113e+01	2.892383002592809760e+01
2.987646761575656562e+00	2.008096058337564216e+01	-2.250921864633858860e+01	2.888361598627003346e+01
2.993929038370399365e+00	2.010287467176413045e+01	-2.254977526257661324e+01	2.895053804978990541e+01
3.000206214840962726e+00	2.010150293780188946e+01	-2.244550987498010386e+01	2.892991481382426855e+01
3.006486172402415669e+00	2.013201661437312495e+01	-2.249465912039837079e+01	2.897223282252227250e+01
3.012769812211594456e+00	2.006187220539088756e+01	-2.230361310730381774e+01	2.883716533210287380e+01
3.019053144326170113e+00	2.009226766277637566e+01	-2.239458980323366433e+01	2.893249783534635355e+01
3.025337405144251424e+00	2.010043501568058133e+01	-2.226028396224390704e+01	2.889234536911236972e+01
3.031623734799107961e+00	2.006918746378766016e+01	-2.217996867067876821e+01	2.887020286946468417e+01
3.037908962055872575e+00	2.015596162267711478e+01	-2.232594405812116989e+01	2.904249560051734136e+01
3.044195067146031608e+00	2.014014139665840020e+01	-2.219463316458179492e+01	2.904756816493780036e+01
3.050475543482170426e+00	2.015121393466045419e+01	-2.223100490790216099e+01	2.904882503067054600e+01
3.056754954538277502e+00	2.016007619393435135e+01	-2.217387016442923553e+01	2.903684963044286604e+01
3.063040539557494668e+00	2.019698708265934783e+01	-2.217361472465950811e+01	2.915843117162554776e+01
3.069323699454357346e+00	2.017883135015470941e+01	-2.215112690781799998e+01	2.917253127534028678e+01
3.075610692642898769e+00	2.022890110243091044e+01	-2.220247493220817603e+01	2.926102122413991680e+01
3.081893798009918584e+00	2.025825562868339702e+01	-2.217680613559266689e+01	2.930902900331091487e+01
3.088174549548037717e+00	2.025728677948657364e+01	-2.213780834247157969e+01	2.934176721303481017e+01
3.094458635632868493e+00	2.029787007332780746e+01	-2.216738581985738676e+01	2.937615306462929965e+01
3.100743982931558840e+00	2.033726742402528131e+01	-2.221469092341840224e+01	2.946330964557995458e+01
3.107028111748448396e+00	2.032279830538733734e+01	-2.211630646445529180e+01	2.952999117366080029e+01
3.113309299655494300e+00	2.039416626302572766e+01	-2.224414607228632335e+01	2.970132218712430472e+01
3.119590662867241626e+00	2.041118151703372163e+01	-2.217247828606497251e+01	2.971007657346830655e+01
3.125874006820172912e+00	2.041196656969277612e+01	-2.210191838086761251e+01	2.964696132435680909e+01
3.132159251154602586e+00	2.046147390151809731e+01	-2.219294131894259792e+01	2.979531020763073812e+01
3.138439172765940643e+00	2.047524267842096890e+01	-2.222231356377049138e+01	2.983644560871698914e+01
3.144723867719826593e+00	2.055137915306774232e+01	-2.223150458980995481e+01	3.008223379153854182e+01
3.151003951258561031e+00	2.059068741472128394e+01	-2.230238674767026552e+01	3.016249728373247763e+01
3.157283664131563139e+00	2.065889462925467868e+01	-2.234492975593048314e+01	3.034721649477495475e+01
3.163569317183839935e+00	2.066194730616821573e+01	-2.234333284327736280e+01	3.033847418956663233e+01
3.169851661717792091e+00	2.072265660187027336e+01	-2.235385831696448733e+01	3.046765226189898002e+01
3.176137704316093657e+00	2.071168266618845877e+01	-2.231471434658556063e+01	3.042875967818202554e+01
3.182420924828643916e+00	2.073983073529440446e+01	-2.230732273027712154e+01	3.053279867465525044e+01
3.188702811875577581e+00	2.083669604897859884e+01	-2.246933305964524052e+01	3.074928292370237060e+01
3.194990520008989865e+00	2.084906891256229500e+01	-2.241481170714471816e+01	3.074156137991185389e+01
3.201275324656983834e+00	2.093361287650818880e+01	-2.247634698687672028e+01	3.099013262955640968e+01
3.207551352179861759e+00	2.096761362415285390e+01	-2.246193015580356800e+01	3.104468437393671465e+01
3.213835216737041645e+00	2.098150036715927769e+01	-2.245329657421700276e+01	3.104177483588561159e+01
3.220122579819103770e+00	2.087884858526161835e+01	-2.210847137610852897e+01	3.049680709697126346e+01
3.226406606618656525e+00	2.051801460284092826e+01	-2.123412285381706965e+01	2.880484730534314508e+01
3.232687390085645429e+00	2.027184413254192918e+01	-2.060357455858668985e+01	2.749179531346272043e+01
3.238969121280456331e+00	2.011424200329048873e+01	-2.019900723389744002e+01	2.658390326403588944e+01
3.245254751548589667e+00	1.988077633386250653e+01	-1.960989797562942627e+01	2.540187825136200672e+01
3.251534499036136783e+00	1.975251907944347707e+01	-1.930097041448997075e+01	2.455579084094540576e+01
3.257817780791052442e+00	1.954238413336463864e+01	-1.877106232227559346e+01	2.341814412213705410e+01
3.264102164154097263e+00	1.944365271840694120e+01	-1.850959855966381795e+01	2.280484375196337155e+01
3.270384152138468892e+00	1.928193318769587350e+01	-1.813987274429897312e+01	2.184042858846089175e+01
3.276669427476867735e+00	1.917372322254500006e+01	-1.782888018849168077e+01	2.110941926195620155e+01
3.282954688864507808e+00	1.904962925887134162e+01	-1.752614485905631270e+01	2.024187227167806924e+01
3.289237200334947264e+00	1.892142027847139474e+01	-1.717988980827629675e+01	1.945519728265379555e+01
3.295519587088236779e+00	1.883012178099266620e+01	-1.692982199949074129e+01	1.885902693486693238e+01
3.301805977329951958e+00	1.870354553665804076e+01	-1.661316342308919047e+01	1.807544052998689921e+01
3.308087486222440088e+00	1.864926669810733628e+01	-1.650121313182518179e+01	1.751781829005755142e+01
3.314367630234227313e+00	1.854924117199611544e+01	-1.618168646565084856e+01	1.675356102076159104e+01
3.320651909732194262e+00	1.847230839166866900e+01	-1.604775629863724973e+01	1.628210357960777088e+01
3.326931260376857047e+00	1.840088477154436930e+01	-1.580169326798264606e+01	1.557152596201754768e+01
3.333216512447217728e+00	1.831113628832122231e+01	-1.555452769774157140e+01	1.493518066018443591e+01
3.339504489419978128e+00	1.828530982060884114e+01	-1.543386564356796420e+01	1.442721683475949490e+01
3.345786804809928405e+00	1.819448139123388941e+01	-1.526780239988082855e+01	1.393154452040805857e+01
3.352071130016277767e+00	1.809598607079007238e+01	-1.496727555315401226e+01	1.324025045586861182e+01
3.358351496304225581e+00	1.806071358485680278e+01	-1.487218228542522702e+01	1.279336561353900592e+01
3.364630591073392019e+00	1.795226979559848246e+01	-1.456940459786695996e+01	1.215175414201923054e+01
3.370916305215045483e+00	1.793272592209929428e+01	-1.448910107075397313e+01	1.170908497456289155e+01
3.377197952029413752e+00	1.787030054761267195e+01	-1.432767842010325587e+01	1.116903881495531081e+01
3.383483063818085501e+00	1.784444219759073746e+01	-1.424535919531310668e+01	1.074470815203950380e+01
3.389769992424469969e+00	1.781917231421043013e+01	-1.417731391043355416e+01	1.038711592804325612e+01
3.396051330885982100e+00	1.771075411191113247e+01	-1.390349234248103727e+01	9.671810008801186243e+00
3.402330879139463971e+00	1.767897437724377596e+01	-1.381623222590762090e+01	9.245052701550411811e+00
3.408610488352048495e+00	1.765476398651729539e+01	-1.370523935409300442e+01	8.859839637671202084e+00
3.414897837696641236e+00	1.757259462402319627e+01	-1.350029578717900769e+01	8.341629244205341465e+00
3.421180484052105619e+00	1.755253089069761430e+01	-1.342386594164827152e+01	7.938999946393980878e+00
3.427461639653846870e+00	1.747366577694436884e+01	-1.316766654876609977e+01	7.355159678833609327e+00
3.433749159643459059e+00	1.747026067853812492e+01	-1.313400377752723891e+01	7.069862484929573476e+00
3.440032646656798310e+00	1.738230254399514507e+01	-1.295409311297736110e+01	6.530887644176115003e+00
3.446313366033385339e+00	1.737570054744012182e+01	-1.291241220499121845e+01	6.179618908861126414e+00
3.452600135384134905e+00	1.735212537936011401e+01	-1.277549356401755354e+01	5.758396658349015595e+00
3.458883152815406703e+00	1.731616452806673223e+01	-1.265939577757558254e+01	5.344774317486209014e+00
3.465163834403715448e+00	1.730926309992511847e+01	-1.260003184950715038e+01	5.028837121600593818e+00
3.471449329786229221e+00	1.723612663277183898e+01	-1.240432103868739766e+01	4.518227436921445239e+00
3.477734476754053894e+00	1.723025347246686678e+01	-1.238414921285440329e+01	4.205633013515302387e+00
3.484019652467224226e+00	1.714274384318533961e+01	-1.215321671808319159e+01	3.670296126449740459e+00
3.490297019369712928e+00	1.719462352775547487e+01	-1.221454002977149322e+01	3.498680110438843638e+00
3.496582486484379970e+00	1.715621093647568074e+01	-1.209657577986952148e+01	3.113862018891765615e+00
3.502868048046865024e+00	1.715467132205915135e+01	-1.207223429307597407e+01	2.800183989432917020e+00
3.509144649545451244e+00	1.706416040924568023e+01	-1.183992250492643628e+01	2.251015581172298496e+00
3.515428082003116295e+00	1.707831859725946444e+01	-1.182474686701637978e+01	2.029471573894740200e+00
3.521711031624695565e+00	1.707802305760501582e+01	-1.172738085823354837e+01	1.647504771980309535e+00
3.527991850954735664e+00	1.701706251665123659e+01	-1.157580488860693535e+01	1.149490663433078819e+00
3.534275545726699885e+00	1.697144394376607934e+01	-1.148236720016199364e+01	8.372042578216846165e-01
3.540562632020772149e+00	1.698352957538418906e+01	-1.146387654543013035e+01	5.646805109416823676e-01
3.546844410757220789e+00	1.696351905997453002e+01	-1.131123386814167553e+01	1.314829667464898488e-01
3.553131386753758836e+00	1.697060465038091692e+01	-1.133915436985791381e+01	-6.625273822329483253e-02
3.559419203211965144e+00	1.691361044833026739e+01	-1.117227572128989799e+01	-5.773514240603120351e-01
3.565697971577579839e+00	1.692887245059220902e+01	-1.114419447109962746e+01	-7.860049784157369102e-01
3.571979559134798254e+00	1.694018763337126998e+01	-1.111864293068887299e+01	-1.055241430045064543e+00
3.578265774595833726e+00	1.682978263420668696e+01	-1.085565738385571244e+01	-1.556244285798916493e+00
3.584548309769353125e+00	1.684435352535259511e+01	-1.084293292215577154e+01	-1.847843340601065920e+00
3.590826843920031486e+00	1.682923617888031842e+01	-1.072568922043649131e+01	-2.174910277900576450e+00
3.597107306745233934e+00	1.682928695240970995e+01	-1.070810700875550481e+01	-2.427264251870431266e+00
3.603392831792229245e+00	1.681489674445784743e+01	-1.063794611645669974e+01	-2.759533197249955272e+00
3.609673209822572559e+00	1.683250220865507885e+01	-1.059059479124916159e+01	-3.082374630520991143e+00
3.615955412133016189e+00	1.678731349447518539e+01	-1.051194744363305666e+01	-3.344508801720154079e+00
3.622241607772384686e+00	1.678990173366697647e+01	-1.044177768352566105e+01	-3.744092315205009847e+00
3.628520252736676444e+00	1.678693283303910633e+01	-1.035851277878341570e+01	-3.986149365368089725e+00
3.634804827569451113e+00	1.674163693691910382e+01	-1.024563618578927304e+01	-4.309278052247800694e+00
3.641094981788862928e+00	1.679725933181031294e+01	-1.025588174854782153e+01	-4.571064587578087313e+00
3.647383514928639325e+00	1.674289611316304516e+01	-1.010453944480463306e+01	-4.972181531239844077e+00
3.653663283927725658e+00	1.675401317242926069e+01	-1.006109708818299708e+01	-5.281420436859620260e+00
3.659943504072155296e+00	1.678231775144839943e+01	-1.012386243370203687e+01	-5.432528157839526806e+00
3.666232000281138603e+00	1.671176600321921057e+01	-9.918260722975752230e+00	-5.854122325730783949e+00
3.672514211678317597e+00	1.678386711473302739e+01	-1.001532777733138602e+01	-5.900606079039655505e+00
3.678794154686042539e+00	1.669558899629009119e+01	-9.766497796008385635e+00	-6.426046433363739929e+00
3.685078621861909820e+00	1.672329725220294705e+01	-9.826710509473370436e+00	-6.595735081207020123e+00
3.691359210097977961e+00	1.672763147900147729e+01	-9.694683723129040587e+00	-6.978052281824016490e+00
3.697642368173791105e+00	1.670665912890916260e+01	-9.639573094240580176e+00	-7.222716011467597674e+00
3.703925796735277665e+00	1.680555848841496314e+01	-9.773092738426697679e+00	-7.255578111599383817e+00
3.710208240364660348e+00	1.673177542135035267e+01	-9.563987070032828441e+00	-7.732192555732873451e+00
3.716494593122387169e+00	1.673279617587055057e+01	-9.578509390843024107e+00	-7.877841253751276973e+00
3.722775386659595398e+00	1.676013348825783567e+01	-9.446912545819003526e+00	-8.308552585822575054e+00
3.729058392883481510e+00	1.673953504759468558e+01	-9.482666551245081621e+00	-8.469543930250544861e+00
3.735339748210807720e+00	1.677867607808790851e+01	-9.441787357364958666e+00	-8.710494113507193603e+00
3.741620776392969638e+00	1.673678492641063542e+01	-9.316904736964060518e+00	-9.042388926912311220e+00
3.747904795418762980e+00	1.678222798378939018e+01	-9.297563638178427681e+00	-9.290659776156307004e+00
3.754190633281219380e+00	1.673366797987635834e+01	-9.227154888146227307e+00	-9.559261451453375358e+00
3.760478208018912749e+00	1.672936940236909109e+01	-9.167946621593847212e+00	-9.814210825178758313e+00
3.766755538573464346e+00	1.676864355845637888e+01	-9.136755177620653257e+00	-1.008658189423882057e+01
3.773032090135151506e+00	1.670069052540245380e+01	-8.954225529035523934e+00	-1.048894789899418001e+01
3.779322553012896879e+00	1.684136613240270464e+01	-9.129229768254500499e+00	-1.052382279782527874e+01
3.785609109731308930e+00	1.677387959955116514e+01	-8.956936076630841015e+00	-1.088997933119099848e+01
3.791889825936295200e+00	1.681311421900241143e+01	-8.956008033856418749e+00	-1.110035153766581217e+01
3.798174822702435893e+00	1.677387825839771907e+01	-8.811025515430511490e+00	-1.147655492361639773e+01
3.804458658753491651e+00	1.676142457131229335e+01	-8.707639165060719222e+00	-1.183257595858026789e+01
3.810738438095723435e+00	1.686158119555097201e+01	-8.867471917955985106e+00	-1.180805137994570941e+01
3.817018850285747167e+00	1.678858245748870104e+01	-8.673150682671073142e+00	-1.227229130357602216e+01
3.823305314209427763e+00	1.683421365739770792e+01	-8.743463767671737941e+00	-1.229499458615274143e+01
3.829591295197792178e+00	1.681294674980012616e+01	-8.567709087007866486e+00	-1.277008210037947045e+01
3.835872296070849341e+00	1.682802033211782344e+01	-8.524041549839310505e+00	-1.301385964007220331e+01
3.842156279590906109e+00	1.694939333477073262e+01	-8.729090153185245171e+00	-1.295736608079915086e+01
3.848441511099312429e+00	1.685685767912224975e+01	-8.493499243149836175e+00	-1.337110828506289018e+01
3.854723334376886079e+00	1.690128318212887493e+01	-8.492272545736442524e+00	-1.361082986533753925e+01
3.861004740704794713e+00	1.691366042659678470e+01	-8.381167660414014620e+00	-1.395631291794892270e+01
3.867284336650660848e+00	1.693462481405339659e+01	-8.413169030228715428e+00	-1.405601377515635342e+01
3.873567367678779849e+00	1.694055258896951344e+01	-8.402056037848261383e+00	-1.427417818318688525e+01
3.879850662830422792e+00	1.693758970590753776e+01	-8.294731271128677363e+00	-1.462835375480817746e+01
3.886137063198143338e+00	1.701456163892516216e+01	-8.380119571436420500e+00	-1.472417871118414823e+01
3.892419463049126005e+00	1.699985529810759033e+01	-8.270120844181215958e+00	-1.506661881620912879e+01
3.898703740328622658e+00	1.700089145332874452e+01	-8.184464356705403176e+00	-1.532101903577368773e+01
3.904991458788179326e+00	1.703263481283667247e+01	-8.164041780997097320e+00	-1.559781612328255740e+01
3.911270842222104083e+00	1.705860604390620949e+01	-8.162489088705441986e+00	-1.575135204228527996e+01
3.917549806479573071e+00	1.712174093794565977e+01	-8.173034778209963491e+00	-1.596524206550781599e+01
3.923836006203090587e+00	1.707769856268465603e+01	-8.085067375208312868e+00	-1.620152564356609659e+01
3.930121452497870926e+00	1.718285244035747539e+01	-8.158479074720910162e+00	-1.640395660543827105e+01
3.936398172858230460e+00	1.715593068144829303e+01	-8.092759204374930349e+00	-1.658845533541973793e+01
3.942683040425962293e+00	1.716560454602709029e+01	-7.972542309013313400e+00	-1.698821214610624253e+01
3.948974759704379611e+00	1.721550095751708298e+01	-8.000075996723957417e+00	-1.710434669864697810e+01
3.955259227995065352e+00	1.718532054292173328e+01	-7.892790103343092944e+00	-1.741802029108201921e+01
3.961537174921395454e+00	1.729331376591279223e+01	-8.004740069890958765e+00	-1.747790317473877408e+01
3.967820217617139544e+00	1.725029124083525645e+01	-7.854277478299354520e+00	-1.789925630435010007e+01
3.974105559832568968e+00	1.729626683508064389e+01	-7.771307474954370242e+00	-1.818548517939302300e+01
3.980384727931198352e+00	1.732162278938579192e+01	-7.754880631015103276e+00	-1.840785672723788124e+01
3.986664590839849698e+00	1.733399975530172910e+01	-7.746747944246161310e+00	-1.862877778457503553e+01
3.992949619150675034e+00	1.739923935267434629e+01	-7.801034808775141549e+00	-1.870865145067941526e+01
3.999235075769965952e+00	1.744551876972730398e+01	-7.683166588431644684e+00	-1.917343661886606654e+01
4.005515715515433506e+00	1.747230141899588318e+01	-7.663887214768317691e+00	-1.934260451859456964e+01
4.011798434346478537e+00	1.749295312093919463e+01	-7.640314475521110538e+00	-1.954911125724712306e+01
4.018083716245132386e+00	1.751817334788623270e+01	-7.631859266016683740e+00	-1.980923486278330969e+01
4.024365700052603856e+00	1.759475543668292730e+01	-7.705389323392592082e+00	-1.986194070910291032e+01
4.030643960839860540e+00	1.757809821207304779e+01	-7.507499271834053189e+00	-2.041545454870382414e+01
4.036928708926215137e+00	1.766649067986839228e+01	-7.628896995788358559e+00	-2.039122460498220590e+01
4.043218157412017177e+00	1.762288436161897920e+01	-7.453506174563869990e+00	-2.079048196966252604e+01
4.049503019487663558e+00	1.770143316237563624e+01	-7.510636896632485460e+00	-2.095751589435096562e+01
4.055781898960511000e+00	1.775931032888299299e+01	-7.473894285125100900e+00	-2.122245285507077384e+01
4.062060795621602161e+00	1.771901736892544932e+01	-7.301655129458075599e+00	-2.168585460560205291e+01
4.068347865354716042e+00	1.783847316353972801e+01	-7.441649634661406054e+00	-2.171802444796172438e+01
4.074631027173265529e+00	1.784210837724208432e+01	-7.316727973008383401e+00	-2.209058986215708842e+01
4.080910837526078971e+00	1.792004239253476072e+01	-7.384188584227129759e+00	-2.221803515785041583e+01
4.087201203341442657e+00	1.793939267570531371e+01	-7.328963590568361219e+00	-2.246669749831966456e+01
4.093486818591942189e+00	1.794377777818852948e+01	-7.206703794168132227e+00	-2.285402660174019474e+01
4.099764387336505500e+00	1.799180776421585293e+01	-7.248821133866476529e+00	-2.292205862172284014e+01
4.106049166937662420e+00	1.797943039090641903e+01	-7.117337861197237991e+00	-2.330078694973918374e+01
4.112334559041358695e+00	1.807817515064422054e+01	-7.262278154303794864e+00	-2.333147620062051431e+01
4.118618926059533614e+00	1.812198954967652043e+01	-7.119649290903931060e+00	-2.380568305843191013e+01
4.124898942031112625e+00	1.810261714066729155e+01	-7.026674521303761800e+00	-2.409441231985501730e+01
4.131175432561665417e+00	1.819661858743983984e+01	-7.085425167126278012e+00	-2.427098911944934301e+01
4.137461563786142271e+00	1.820123841044977553e+01	-6.959228885952546406e+00	-2.467010671445184400e+01
4.143746006210170307e+00	1.834628106632364108e+01	-6.992953251279272031e+00	-2.487185130530385990e+01
4.150029800482964326e+00	1.830889095720603521e+01	-6.873125867980806269e+00	-2.528183950188227058e+01
4.156313390684649001e+00	1.837850145147312375e+01	-6.887014270042564945e+00	-2.549768613786669391e+01
4.162596105843763716e+00	1.840361800517910496e+01	-6.912258268539138939e+00	-2.561022907277444105e+01
4.168881843141768684e+00	1.841319353206765541e+01	-6.744613932926823097e+00	-2.609177613970748766e+01
4.175162111073220217e+00	1.858531912521150176e+01	-6.983030817131756329e+00	-2.605689818738224517e+01
4.181448573417560155e+00	1.854239147808469923e+01	-6.772509887455858468e+00	-2.655809527203800258e+01
4.187738782464171194e+00	1.860995308929489767e+01	-6.829556412281137412e+00	-2.664534944336562816e+01
4.194017437180169061e+00	1.867910488272958602e+01	-6.749762079184121966e+00	-2.709577656502099074e+01
4.200293572701767175e+00	1.871946573890253163e+01	-6.730570128246721850e+00	-2.736832400961394640e+01
4.206580195481546269e+00	1.876897158537722987e+01	-6.827616720257292826e+00	-2.732986808068752183e+01
4.212860644652220543e+00	1.878956707926160519e+01	-6.625081568556284495e+00	-2.791861416439149934e+01
4.219138153430114002e+00	1.895015891816859721e+01	-6.739536574929786639e+00	-2.807404407004464986e+01
4.225426162098283811e+00	1.888387146989105503e+01	-6.658730836256349761e+00	-2.831236533347754403e+01
4.231713506719782636e+00	1.900801392490269848e+01	-6.690519300433216188e+00	-2.862940502566237555e+01
4.237990056577191744e+00	1.904401155220266872e+01	-6.597581927150832470e+00	-2.900735376718109748e+01
4.244267783646744618e+00	1.903394045909651311e+01	-6.418545430579974287e+00	-2.954004825481061758e+01
4.250560660182562955e+00	1.919863232866808644e+01	-6.700042259765389474e+00	-2.931649604518499430e+01
4.256847734842668096e+00	1.914694634242802707e+01	-6.421274347009858552e+00	-2.998328573041653300e+01
4.263127100734456221e+00	1.927763115699662677e+01	-6.520430290712923238e+00	-3.012417643608323559e+01
4.269406860432507500e+00	1.930196278370826235e+01	-6.354017751699619687e+00	-3.058469678196151520e+01
4.275691671482192646e+00	1.929481385686195694e+01	-6.258508625645272438e+00	-3.103153814620561590e+01
4.281972414189518794e+00	1.942326652624113592e+01	-6.352031133664495677e+00	-3.113608739273497861e+01
4.288253516806755705e+00	1.944866663867696843e+01	-6.236782795760255738e+00	-3.160906205851479811e+01
4.294540520160492925e+00	1.953785054824467693e+01	-6.301175235572543443e+00	-3.173109830665694986e+01
4.300825742921731809e+00	1.952810388890739546e+01	-6.122709860173552343e+00	-3.223159193867022765e+01
4.307109835491901961e+00	1.958951522391277678e+01	-6.132459009563902441e+00	-3.252120813600672733e+01
4.313390926478413157e+00	1.965772986526154043e+01	-6.191969245346773398e+00	-3.262423591731324279e+01
4.319667979480563247e+00	1.963820011735386473e+01	-5.984647845736662752e+00	-3.330580840634632267e+01
4.325952598143786076e+00	1.988118014276206935e+01	-6.242551736085657943e+00	-3.322235407334277824e+01
4.332241647035422361e+00	1.974525289272824580e+01	-5.964141174486020880e+00	-3.384240912446860960e+01
4.338524445619096781e+00	1.986930332236905272e+01	-5.942186222034942844e+00	-3.420353018102154152e+01
4.344809348131129845e+00	1.987743343262831175e+01	-5.786367833756814960e+00	-3.471658320989859448e+01
4.351090699193166600e+00	1.987570406927651590e+01	-5.688871926088722830e+00	-3.514458536194564431e+01
4.357369710808320029e+00	2.008335229243252229e+01	-5.914529486840111261e+00	-3.517425504136640768e+01
4.363659348967174445e+00	1.998196358018092766e+01	-5.474720962730749818e+00	-3.610659905464108022e+01
4.369947418280990981e+00	2.004145568675165379e+01	-5.624692915340853361e+00	-3.603667161932001761e+01
4.376226569265827315e+00	2.019144430421911096e+01	-5.583429746122133608e+00	-3.664562304673411575e+01
4.382499356631129217e+00	2.016746701678930265e+01	-5.327367914591281561e+00	-3.729520559099402988e+01
4.388784975178015024e+00	2.026670388516515686e+01	-5.522132934372287139e+00	-3.728234383189460033e+01
4.395068696309480494e+00	2.015671940531965944e+01	-5.155583767340729651e+00	-3.807401793385341904e+01
4.401347962382031298e+00	2.035725227845091467e+01	-5.331142170148720716e+00	-3.809910633906842037e+01
4.407628405096517099e+00	2.031215914677628831e+01	-5.091964856845043741e+00	-3.886986221258766960e+01
4.413915862185140426e+00	2.039209223611869959e+01	-5.071798562617201966e+00	-3.926971308938124139e+01
4.420203163534264235e+00	2.047783832563589002e+01	-5.049980865301010979e+00	-3.963674016110222453e+01
4.426480311003382795e+00	2.030247702736696880e+01	-4.575509477606166442e+00	-4.058554517908044090e+01
4.432765973643649104e+00	2.052766906039748562e+01	-5.005716171621944710e+00	-4.015103519202090609e+01
4.439053392023870614e+00	2.031612421540664215e+01	-4.361356126502490049e+00	-4.148609767983813157e+01
4.445336141335588742e+00	2.055984973786276981e+01	-4.627802216580862549e+00	-4.152886804911388197e+01
4.451617241414883352e+00	2.045240376093384072e+01	-4.304442241535807234e+00	-4.227751683360307311e+01
4.457901500730311106e+00	2.046504282329139102e+01	-4.123705722311784783e+00	-4.305768473008976827e+01
4.464189501093017043e+00	2.058628806055314797e+01	-4.215382821298008231e+00	-4.318169392046392829e+01
4.470470197548729985e+00	2.038259066542252995e+01	-3.682917842116956386e+00	-4.434887938012800390e+01
4.476748044268524573e+00	2.063417218343790083e+01	-4.034988309529341954e+00	-4.421623232814868487e+01
4.483035990164653484e+00	2.039755227281753847e+01	-3.509967950327789854e+00	-4.524563639977794338e+01
4.489323331650528104e+00	2.049488802634439111e+01	-3.577352206037585969e+00	-4.548345418068187485e+01
4.495599111667934800e+00	2.042511333237396087e+01	-3.272153425253586878e+00	-4.629620763567138653e+01
4.501870922878794090e+00	2.038518150549638008e+01	-3.038447898585559859e+00	-4.710190751271694154e+01
4.508155162877705457e+00	2.050884718890312186e+01	-3.137668288964545749e+00	-4.739539106112844280e+01
4.514446451153479423e+00	2.028356664595094117e+01	-2.606050046475974824e+00	-4.847917849782902522e+01
4.520723894043856994e+00	2.033210592131749195e+01	-2.656244275493166107e+00	-4.876821543008689019e+01
4.527003782460155890e+00	2.019372262243298977e+01	-2.282007161562842779e+00	-4.972455482417535677e+01
4.533293086610313161e+00	2.016044446343720509e+01	-2.046835356141067486e+00	-5.048940790088368402e+01
4.539578989864040182e+00	2.000241524099533663e+01	-1.840500490154020063e+00	-5.094565449439860316e+01
4.545857164866476730e+00	1.994277598152205044e+01	-1.466055750893576315e+00	-5.208402838223936016e+01
4.552138955546025656e+00	1.981159355339601547e+01	-1.260895774933461722e+00	-5.266695818912182858e+01
4.558432046889146605e+00	1.976720879457804969e+01	-1.103021423161379966e+00	-5.328047601219616070e+01
4.564713463378488711e+00	1.983613663171796659e+01	-1.080159461488220618e+00	-5.387965001858238168e+01
4.570987274133244682e+00	1.981548279518463218e+01	-9.373430467060737126e-01	-5.447039648718374849e+01
4.577274818151045643e+00	1.974672417068541819e+01	-8.815132188431631377e-01	-5.467517252860832144e+01
4.583563263889338657e+00	1.978253667960981588e+01	-8.279396632370096265e-01	-5.519509280879802304e+01
4.589844917004465508e+00	1.987773022208792995e+01	-7.276433478730901516e-01	-5.590508403675090676e+01
4.596126259982004747e+00	1.984677624546013419e+01	-7.986581454153840465e-01	-5.606494825871392607e+01
4.602409075598298926e+00	1.988881286944971549e+01	-7.285775626564540142e-01	-5.652243678188633424e+01
4.608696634867644804e+00	1.996051614780073891e+01	-6.956829854406509916e-01	-5.701922908939925350e+01
4.614977646498861219e+00	2.003284556919462389e+01	-6.565910485018682241e-01	-5.759929062224779273e+01
4.621258953029527383e+00	2.002923458055022365e+01	-5.624426273529414821e-01	-5.803297484731272959e+01
4.627547993978874175e+00	1.998965098978316135e+01	-5.816988765897481706e-01	-5.813821462683051777e+01
4.633830152730579854e+00	2.012140026043848451e+01	-5.149156615695414940e-01	-5.887066387737445439e+01
4.640104005367354567e+00	2.018466743518748530e+01	-4.473123852176473791e-01	-5.932089020428028903e+01
4.646382060386754276e+00	2.016433280292018182e+01	-4.551853852917732146e-01	-5.960642319361820540e+01
4.652674213731970987e+00	2.025725890518919670e+01	-5.116097143848703510e-01	-5.998335442407252316e+01
4.658958291796220230e+00	2.037238973323525926e+01	-5.034969479387031432e-01	-6.049900017269028751e+01
4.665233615070169648e+00	2.028968159373408398e+01	-4.620244937299010646e-01	-6.058863847413010717e+01
4.671520675710307380e+00	2.043411743283445148e+01	-4.613446945981579672e-01	-6.120699363537565318e+01
4.677814351732177300e+00	2.044022337020565061e+01	-4.319606376632680322e-01	-6.149685380474443974e+01
4.684093699744638073e+00	2.052824862389952187e+01	-3.123371662605939902e-01	-6.213357878749478402e+01
4.690368661472568590e+00	2.067418164725792096e+01	-3.602588362963320967e-01	-6.271148947985301447e+01
4.696663270746453733e+00	2.064283525595908486e+01	-2.823359109736152117e-01	-6.291096484584677029e+01
4.702945459248681459e+00	2.072831126329380780e+01	-3.426564827566220828e-01	-6.329822946288939534e+01
4.709209170841929470e+00	2.078661037431503189e+01	-3.217337295910631112e-01	-6.366521704518245883e+01
4.715491634753063543e+00	2.088142299288569603e+01	-3.415620638041939605e-01	-6.412782834548428923e+01
4.721784316284933780e+00	2.092640737605117351e+01	-2.887335938356738740e-01	-6.455170781531060697e+01
4.728063062331094635e+00	2.101551115220327404e+01	-2.959976737185514573e-01	-6.496234653141132753e+01
4.734337423381671073e+00	2.111658855064869655e+01	-2.851402490234098974e-01	-6.547177903950631617e+01
4.740627024094544062e+00	2.120539471739860815e+01	-2.265301194856108868e-01	-6.604260121803750394e+01
4.746914995664547554e+00	2.126947201063140014e+01	-2.764674671147679397e-01	-6.632001016194257659e+01
4.753194740071086777e+00	2.138176526928127430e+01	-2.411069477662091121e-01	-6.689265852248701094e+01
4.759478891864783456e+00	2.142130069023391670e+01	-2.477897600171291015e-01	-6.719169526676631676e+01
4.765762396877359031e+00	2.139556024357803921e+01	-2.493118320210401251e-01	-6.727172204456135773e+01
4.772049481246195768e+00	2.159472377108174612e+01	-2.555742558464714764e-01	-6.803295394216438297e+01
4.778335091022592351e+00	2.166487062408786812e+01	-2.418738062353153473e-01	-6.840934488023845006e+01
4.784610831402393849e+00	2.171471583569973518e+01	-1.995284971027175003e-01	-6.881878395509544077e+01
4.790907306208476157e+00	2.180838211398036464e+01	-1.363689527283322434e-01	-6.937331733353634888e+01
4.797204047706418173e+00	2.191257726562241359e+01	-2.345713927917033870e-01	-6.969315406474811425e+01
4.803470827697504220e+00	2.210857235737905668e+01	-2.030845197888355713e-01	-7.052111488202545786e+01
4.809748850577324042e+00	2.212603049625112206e+01	-2.284603981751968382e-01	-7.069433079601948577e+01
4.816045316586602176e+00	2.227888079711963698e+01	-1.803026647597437415e-01	-7.140842617860712949e+01
4.822329240673497885e+00	2.227293464332130313e+01	-1.462976024804747976e-01	-7.154566391883210486e+01
4.828596758226470165e+00	2.247427018602271787e+01	-1.175317539895586044e-01	-7.238538806932106695e+01
4.834890332961369275e+00	2.258413830178836079e+01	-1.601355630338251734e-01	-7.282488599789171246e+01
4.841191655056394261e+00	2.262074693142409032e+01	-2.332815484206831047e-01	-7.301310136605556522e+01
4.847460407468000554e+00	2.285985696056552641e+01	-8.713797703649549253e-02	-7.411411995834409083e+01
4.853732128521334843e+00	2.298554553194885131e+01	-2.287972793618941181e-01	-7.444823810311073942e+01
4.860029138783373170e+00	2.304543729285279952e+01	-1.411190211245227921e-01	-7.492095462275347018e+01
4.866314601732018019e+00	2.307726703442308391e+01	-1.654245706890221657e-01	-7.510481742812199002e+01
4.872587026269203925e+00	2.321520791106528847e+01	-1.236484544275006925e-01	-7.571462514587274484e+01
4.878874221748241702e+00	2.327253636191355568e+01	-1.895660278269046539e-01	-7.599871275728526143e+01
4.885171078138658807e+00	2.346073623862033486e+01	-2.109849052533392944e-01	-7.673568716926742184e+01
4.891450629931857641e+00	2.362667030040863736e+01	-1.294265466747862858e-01	-7.746837480604317250e+01
4.897716482750221978e+00	2.369036055279385167e+01	-9.420821028291261057e-02	-7.781586343635149206e+01
4.904002834596266069e+00	2.372683597601834293e+01	-1.332909663235639364e-01	-7.806877205376120799e+01
4.910295858205786068e+00	2.395988899798400595e+01	-1.085972014891305876e-01	-7.894563695942399306e+01
4.916575188115905881e+00	2.409024159711206181e+01	-9.625168047113481784e-02	-7.950333578265977508e+01
4.922847946197084212e+00	2.416209682603197706e+01	-1.297070060750820167e-03	-8.001320586087530273e+01
4.929131667457151700e+00	2.436288390174763663e+01	-4.913965933777750955e-02	-8.073488092166009267e+01
4.935434460144239033e+00	2.441122739071317937e+01	-1.379394298824553333e-01	-8.085003511024228828e+01
4.941718513303545279e+00	2.464524579267217774e+01	-1.427383374282905071e-01	-8.173192582490425195e+01
4.947978624761803168e+00	2.468430980430956367e+01	-2.136941033228734882e-02	-8.215482633131901480e+01
4.954274999209829389e+00	2.491590843358629215e+01	-4.490954882356497369e-02	-8.297888218891480960e+01
4.960571094729937514e+00	2.507689427353419376e+01	-1.616834509818426344e-02	-8.363435386215179790e+01
4.966823207626954506e+00	2.517942922760521185e+01	-3.205403438358502000e-02	-8.412469849842040048e+01
4.973097418390337587e+00	2.541272770207233833e+01	-3.632929723111337494e-02	-8.499026778978765151e+01
4.979415129936382023e+00	2.554856226175691347e+01	-1.697796316360134991e-02	-8.556035471495312095e+01
4.985702082330368157e+00	2.560896405559543609e+01	-1.125468820617019257e-02	-8.586403875653299167e+01
4.991949985828016523e+00	2.589363859975669513e+01	-7.065603109462147147e-02	-8.685004074967216070e+01
4.998241586316924057e+00	2.591467396548295454e+01	-3.772236566178171352e-02	-8.707957673745578120e+01
5.004556635606089543e+00	2.612968202412836050e+01	-8.101196995821544067e-02	-8.782375255313769458e+01
5.010828655701208945e+00	2.642473091834103727e+01	-4.207284899519795479e-02	-8.896336309933633402e+01
5.017077229702536556e+00	2.636919333482252625e+01	-6.183287038459588797e-02	-8.881866368205442086e+01
5.023374414758113637e+00	2.674461656968335177e+01	-4.010866711266253964e-02	-9.025203066321500955e+01
5.029688873569548413e+00	2.678955696247765417e+01	1.489461114026501172e-02	-9.056782880617879528e+01
5.035958413584124216e+00	2.712793622006362426e+01	-2.040916911038969175e-02	-9.171533903088936768e+01
5.042232667658486989e+00	2.729810465531143393e+01	-1.104899893778426151e-01	-9.231706650314890794e+01
5.048528755870775875e+00	2.743279649751240257e+01	-4.889714519427629247e-02	-9.293551819575614559e+01
5.054821121427484520e+00	2.742300293167045311e+01	-8.589175618501174170e-02	-9.292312250515445271e+01
5.061069509814582368e+00	2.748871054184180451e+01	7.266065718407454556e-03	-9.333980758319290771e+01
5.067347812754101177e+00	2.799303021548794490e+01	-4.924267883390248679e-02	-9.509833332130240535e+01
5.073675050630431116e+00	2.809722143319038423e+01	-9.417768061547439340e-02	-9.548001460486601388e+01
5.079945928388977627e+00	2.842684001926098247e+01	-3.677432566290890492e-02	-9.676051694287870930e+01
5.086192992546071601e+00	2.852048080671628938e+01	2.906293774728011675e-02	-9.720296217843502973e+01
5.092484128970163226e+00	2.866869602252539551e+01	-3.364105170146115126e-02	-9.774850923761087529e+01
5.098802924706086870e+00	2.912150132066744490e+01	-3.549065947701539325e-02	-9.935109770667391160e+01
5.105078217426394005e+00	2.944298581395121772e+01	-2.033295863853040730e-02	-1.005449703266242238e+02
5.111325076574067872e+00	2.964071992664387523e+01	-5.662889513690704674e-02	-1.012656986617755592e+02
5.117628358851224135e+00	2.967880415181654286e+01	-2.864559611351060256e-02	-1.015099606209325032e+02
5.123935939383525984e+00	2.972131518532896521e+01	-1.898627052843133295e-02	-1.017552909414474840e+02
5.130199176325612065e+00	3.002460025378112718e+01	-2.845920914635648169e-02	-1.028039345137911482e+02
5.136469985878846956e+00	3.027004975449017721e+01	-1.763629929323446560e-02	-1.037905426068846566e+02
5.142797788696348071e+00	3.065486762400773557e+01	-8.182920021041960312e-02	-1.050827097848771388e+02
5.149090378043822192e+00	3.084139508038716571e+01	-6.595280296712119350e-02	-1.058199391715428987e+02
5.155289879840074363e+00	3.116698464063305352e+01	1.812436316423073415e-02	-1.070553530143434671e+02
5.161564521234301317e+00	3.143092673990160435e+01	-5.087398149804352870e-02	-1.080236617313928917e+02
5.167916673496016244e+00	3.134715459200635479e+01	-1.583011511311499531e-02	-1.078222652381987388e+02
5.174205974602950064e+00	3.193605429631152859e+01	-5.885252620782741723e-02	-1.098449680082301256e+02
5.180434820793812456e+00	3.208370446677353272e+01	8.467873253975630567e-04	-1.104851470483537668e+02
5.186729096569634656e+00	3.235751584808610914e+01	-3.129106461695496666e-02	-1.114858347472626718e+02
5.193058481037780894e+00	3.293596255348204949e+01	3.788238746897804043e-02	-1.136176227915460260e+02
5.199319511444338460e+00	3.298732647559672415e+01	-1.859788788060711198e-02	-1.137851115701360101e+02
5.205574295584361799e+00	3.314006288693482816e+01	-8.547727586671335920e-02	-1.143101173661322179e+02
5.211894977074066126e+00	3.335626594598587502e+01	8.998377375479761978e-03	-1.152487436020948337e+02
5.218201708336958511e+00	3.400394328072864170e+01	-8.783711718587257355e-02	-1.174127179457251060e+02
5.224411911780083351e+00	3.398767667749680754e+01	-1.079638489610464450e-02	-1.174662362564354510e+02
5.230677632666463239e+00	3.427739140263661710e+01	-6.089784229281951927e-02	-1.184912045252395103e+02
5.237056729559757429e+00	3.509053291656946527e+01	-1.403407334369372594e-01	-1.213121918626180644e+02
5.243336785035660697e+00	3.541402329617326927e+01	-1.253124332364750904e-02	-1.226044394642072888e+02
5.249493476178225038e+00	3.560786193051331594e+01	2.335233876940477279e-02	-1.233328736210044809e+02
5.255787017738318134e+00	3.573181225096211477e+01	-2.041594607938618938e-02	-1.238388991219441664e+02
5.262205327426889845e+00	3.601680909440626266e+01	-6.008873009080558519e-02	-1.248146642908530595e+02
5.268477758348532269e+00	3.650229236168209468e+01	-1.166526163534376132e-01	-1.264682510429463207e+02
5.274632213654732560e+00	3.699298656975898325e+01	-5.768030729558546593e-02	-1.282742524803174717e+02
5.280950543314659740e+00	3.723113435814912009e+01	-2.886030870603898540e-02	-1.292268792867604361e+02
5.287327645024750389e+00	3.759470421546870966e+01	-2.084998399932317878e-02	-1.305472697468837282e+02
5.293582359180156516e+00	3.775755227285006299e+01	3.611648667912339440e-03	-1.311529242321099389e+02
5.299789992649893478e+00	3.846457438659598438e+01	-3.174296489497582113e-02	-1.336566182812313173e+02
5.306111460381987222e+00	3.861549729843174106e+01	4.107238017645264971e-02	-1.343166519576850249e+02
5.312452717892129250e+00	3.905721276966406208e+01	-2.400135743189770951e-02	-1.357888373962669846e+02
5.318650122853046724e+00	3.891898702667640464e+01	-6.494235922083799184e-02	-1.352980963247908619e+02
5.324923043129819789e+00	4.005615036037809773e+01	-9.965476401049631894e-02	-1.393092537313067965e+02
5.331330237158205421e+00	4.068940531765513668e+01	-1.324242475980713929e-01	-1.415163461093924582e+02
5.337586726886338617e+00	4.071815165508350987e+01	-7.430488021258807585e-02	-1.417002692270858688e+02
5.343685192440848830e+00	4.126547651428043650e+01	-1.310842347886906518e-02	-1.436902215129518936e+02
5.350070659715249199e+00	4.107360058834922967e+01	-1.860261840053242452e-02	-1.431160565736551860e+02
5.356556762554878226e+00	4.135460121829675018e+01	1.697529668192975655e-02	-1.441582242250064212e+02
5.362691868684501095e+00	4.268882796759175591e+01	7.891796441624844560e-02	-1.488797735498923771e+02
5.368769208912516966e+00	4.301168458592309918e+01	8.051130328763343030e-03	-1.499574278455586978e+02
5.375270137997677722e+00	4.265511354339800221e+01	-8.778635591885557837e-03	-1.487863422822650250e+02
5.381769983045385786e+00	4.329896250735327357e+01	-6.772020686090814146e-02	-1.509977110384998298e+02
5.387701030372958222e+00	4.392440569574682030e+01	-1.810127113519689745e-02	-1.532242914146361557e+02
5.393786668001271600e+00	4.438629920672330798e+01	-8.757990266794891954e-02	-1.548027684970292057e+02
5.400446161099396569e+00	4.425052108984046839e+01	-2.531989712086890609e-02	-1.544631741768382653e+02
5.406957063684501463e+00	4.636991015128014482e+01	3.623943225543709706e-02	-1.619524546235128639e+02
5.412655672453426270e+00	4.653015394499838209e+01	-7.610972989495869145e-02	-1.623644746771339840e+02
5.418821279260546575e+00	4.751975856192334646e+01	2.379007461269465589e-03	-1.659877554259563510e+02
5.425690594366304076e+00	4.683746606209657415e+01	-5.606322184938922898e-02	-1.635843904544168197e+02
5.432217487502165376e+00	4.754955078958414560e+01	-4.933205477713889509e-02	-1.660966853818806896e+02
5.437649811577258241e+00	4.909638358955450599e+01	-5.733103511943241082e-02	-1.714599909701448439e+02
5.443914404015878006e+00	4.930433661994931072e+01	-9.572340983579180618e-02	-1.722269358474441674e+02
5.450953501686320202e+00	5.054793739819285747e+01	-1.086438670879179974e-01	-1.765962629000398749e+02
5.457483690405861232e+00	5.089765377251770673e+01	4.088539736232854604e-02	-1.779892493448683126e+02
5.462715250135157241e+00	5.097808241436506904e+01	2.813688323536351309e-03	-1.782050766276703939e+02
5.469033575551323523e+00	5.189212030240529572e+01	1.134043977772201083e-02	-1.814728351271333793e+02
5.476177730420278778e+00	5.204632635061572898e+01	9.065124044489060451e-02	-1.821149847111478550e+02
5.482708935702562236e+00	5.220977983958434265e+01	-3.433347006162654202e-02	-1.825948525279208354e+02
5.487722405008360838e+00	5.262818919570485576e+01	-8.592037979343139856e-03	-1.840517468324277388e+02
5.494194284996126498e+00	5.401390409817492611e+01	-4.968237484949538513e-02	-1.889020318257097983e+02
5.501391471009256406e+00	5.443754320600689312e+01	-6.893014292450498626e-02	-1.903852212929717496e+02
5.507128202673079009e+00	5.535435173520038177e+01	1.173096832384504587e-02	-1.936845627539374846e+02
5.512278020050448646e+00	6.201934234268701118e+01	-8.464708562360932775e-02	-2.169109524955613324e+02
5.519395563377015534e+00	5.475752042410971399e+01	6.569352820397104942e-02	-1.916726224017112656e+02
5.526598678609708770e+00	5.897441386131398389e+01	-2.552758524202655352e-02	-2.063496138660116515e+02
5.532162682462509196e+00	5.995547243237158597e+01	1.541353110099542012e-01	-2.099719044212214669e+02
5.537397124017139127e+00	6.281404490451907208e+01	1.515437442225794906e-02	-2.198428213495641046e+02
5.544582756485218589e+00	5.659611901933845246e+01	-1.233676420035333642e-02	-1.980614083111612445e+02
5.551739327507637434e+00	4.573137709249134986e+01	-3.118484825073256778e-02	-1.600220832013395977e+02
5.557493306674907707e+00	6.396039503791244130e+01	9.552099310581275982e-02	-2.239520750182429936e+02
5.562281709102816940e+00	7.276657657164699344e+01	-3.087002400768331864e-02	-2.546492315072773636e+02
5.569272720323164449e+00	5.285569199896546877e+01	-6.022021509059001521e-02	-1.849337844981903061e+02
