8.899641224696953554e-03	7.785441975032263144e+04	1.106220821586096718e+05	4.455952726580791932e+04
1.507912216506557788e-02	7.569897024636145215e+04	8.114059531653569138e+04	1.305455990170168843e+04
2.144790186456836667e-02	4.425731066219240165e+04	1.974283036567341333e+04	-1.399489817635295367e+03
2.783660776489276650e-02	3.073945205602998976e+04	1.869825514587895668e+04	8.152730231341568015e+02
3.435099785803411021e-02	2.877798199303618094e+04	2.392846135884894102e+04	-1.736734706373217023e+03
4.047886761425745911e-02	2.148940903351831366e+04	9.414182264410041171e+03	7.873297507195525213e+02
4.676716683575679601e-02	1.918181947454889450e+04	9.253570961330988212e+03	2.620381638250870310e+03
5.308225101765951665e-02	1.527127861863181533e+04	6.449440766314686698e+03	-9.107407315081503612e+02
5.945362440940590160e-02	1.563656225782758156e+04	5.839990022587889143e+03	-1.060902354448680171e+03
6.576224814588792211e-02	1.309776773291184327e+04	4.336061836767702516e+03	1.114833530640560866e+03
7.196632906698736953e-02	1.268355445701117787e+04	5.736397563256700778e+03	-3.526697322407258525e+03
7.827860915688347743e-02	1.113267397187375173e+04	4.574379624641300325e+03	-3.323216781791510357e+02
8.470398945834539672e-02	8.519511102296830359e+03	3.244947853815763210e+03	4.149014806127028692e+02
9.096854620527369817e-02	7.615665764475910692e+03	3.506829255971515067e+03	-9.910923504936852169e+02
9.720789776830213169e-02	6.606701807610947071e+03	2.914665106792706865e+03	-1.566163578869495439e+02
1.034763038959366499e-01	6.244303794402626409e+03	2.905319618614001683e+03	9.415928883256259496e+01
1.097576444254559219e-01	6.030338879126607935e+03	2.154028049928811470e+03	-5.517300852276650858e+02
1.160543084780093354e-01	5.390703626983071445e+03	2.251101771318826195e+03	3.211685734258652474e+02
1.223669666537485351e-01	5.228788720705860214e+03	2.248323511176531611e+03	-2.406186952303942519e+02
1.286817263090294094e-01	4.781305205432280673e+03	1.545378362882747069e+03	-2.441236347645512978e+02
1.349500801664080818e-01	4.548883012691270778e+03	2.004854996071988808e+03	6.543241337507378148e+02
1.411949558842147678e-01	3.959133769357523306e+03	1.697819246013092197e+03	-1.703153616764466278e+02
1.475133575747468451e-01	3.793097032863136064e+03	1.551973664744712096e+03	1.942951288514596797e+02
1.537865074252268427e-01	3.341970755828705478e+03	1.126107850638649779e+03	-7.084195613538845748e+01
1.600657544051110326e-01	3.204015066331602611e+03	1.123192992104180121e+03	2.386502428611778726e+02
1.663991168687080635e-01	2.962927669557186618e+03	1.025396860274610162e+03	3.335184917927438164e+02
1.727195645776442856e-01	2.843056203679055670e+03	1.000567822773271359e+03	8.366007953607051206e+01
1.789765213377084718e-01	2.718540632765736518e+03	7.272827413382291297e+02	4.047355772007437622e+02
1.852353690647852158e-01	2.501848231428301915e+03	7.349689003536880136e+02	-6.336951762656660492e+00
1.914806787341157279e-01	2.428481937671601372e+03	8.413268243212210109e+02	2.899583088943206235e+02
1.977889868651535599e-01	2.275321259737463606e+03	6.267617542037879730e+02	5.301129342355041274e+01
2.040937735447724277e-01	2.152882085419621035e+03	6.810127300071769696e+02	2.285935573384500117e+02
2.103939302609846018e-01	2.055209327616537848e+03	5.274906481904464499e+02	1.049473138054278820e+02
2.166909709822301688e-01	1.917956893846280309e+03	5.225287649950729474e+02	2.484810938974532348e+02
2.229700281216152047e-01	1.818877821402352311e+03	4.473608016592268086e+02	1.566760583841120251e+02
2.292620027086341994e-01	1.770345782865356568e+03	3.735166073304791325e+02	1.625030257314879805e+02
2.355141508366812297e-01	1.659285848713739142e+03	3.272975272914887910e+02	2.691056415194188958e+02
2.417910583817859116e-01	1.607034883497163264e+03	3.669901047754624415e+02	2.353297174032505268e+02
2.480856539439619257e-01	1.533876378186224201e+03	2.887059765832074163e+02	1.359747738883553438e+02
2.543492256872954549e-01	1.464970124205558704e+03	2.395000094798136843e+02	1.735442762505652752e+02
2.606334251884805386e-01	1.388094795193045229e+03	1.871915920527776223e+02	1.877604227119121845e+02
2.669257370896960802e-01	1.329872628708286811e+03	1.725608393828230192e+02	1.061555383922105449e+02
2.732423343141155980e-01	1.273089888932704753e+03	1.382639803678031001e+02	2.430086557983646003e+02
2.795529680084415936e-01	1.218269167067589706e+03	1.264629559517970847e+02	2.234673361524270092e+02
2.858366292314493129e-01	1.159922278594078989e+03	3.596549721685954637e+01	1.136342607350863574e+02
2.920876271394311496e-01	1.149100297040170744e+03	5.446107418490398544e+01	2.246054074270545300e+02
2.983449844439822751e-01	1.080664070999168644e+03	4.270825450732235140e+01	1.894049612404546394e+02
3.046382639407197446e-01	1.033460070106071498e+03	6.810457644434006852e+01	1.212165732310191402e+02
3.109279127003197196e-01	1.011051772077988176e+03	-1.586543314486675094e+01	1.546395165185856229e+02
3.172168171618398036e-01	9.474694039975299802e+02	2.288908623417661659e+01	1.957623002699066603e+02
3.235187567944423082e-01	9.188982504780890395e+02	-1.706356055822182327e+01	1.970238306434869742e+02
3.298168217550395687e-01	8.878516111472081320e+02	-5.179471112339157912e+01	1.794944796429455209e+02
3.361176429457156667e-01	8.527520048224210996e+02	-3.840813364165067156e+01	1.513748179321277121e+02
3.423700375709273769e-01	8.339953560868457316e+02	-6.915867879933446716e+01	1.966853257052622155e+02
3.486478192666269682e-01	8.013829685157036238e+02	-4.899929708526747163e+01	1.896416289100384915e+02
3.549411614411318028e-01	7.766889372244503420e+02	-6.038068331731037830e+01	1.615315407319304200e+02
3.611916935421040642e-01	7.520351961666757461e+02	-9.369009432866101861e+01	2.009955404401780186e+02
3.674767089563572564e-01	7.176464647664768108e+02	-7.425555977980984323e+01	1.695889903850005567e+02
3.737647795277591056e-01	6.993828962531665638e+02	-1.097960585034659715e+02	2.180183363175499665e+02
3.800654031475132477e-01	6.733476704270312894e+02	-1.091483236680974755e+02	1.648903838902584766e+02
3.863539861259823738e-01	6.569855707863306407e+02	-1.232216590599061590e+02	1.956588279235498931e+02
3.926140181364449755e-01	6.369704183125057853e+02	-1.443553737739255496e+02	1.832352275600263454e+02
3.989264500321934581e-01	6.165642159740074248e+02	-1.434658852781100506e+02	1.909296064909802624e+02
4.052073244576828714e-01	5.934650829759284534e+02	-1.482773137336055811e+02	1.854673892882496204e+02
4.114916477570477182e-01	5.796091760793358389e+02	-1.459849626031274283e+02	1.877924342802185436e+02
4.177814272116491257e-01	5.636733736828998644e+02	-1.580476960072592476e+02	2.050421374585754108e+02
4.240400648725131116e-01	5.449924522530695867e+02	-1.579860237053453034e+02	1.990673537684774317e+02
4.303425690270192283e-01	5.321545937418113681e+02	-1.713859768675366411e+02	1.866441453558958585e+02
4.366358560255625965e-01	5.207729429996193176e+02	-1.640101602928894238e+02	1.951444955590635573e+02
4.428996183220763605e-01	5.008073390303511019e+02	-1.753528209792826544e+02	1.864331168954029465e+02
4.491634418529859563e-01	4.884561778267092791e+02	-1.755023083681756475e+02	1.936090662714561574e+02
4.554414146254732731e-01	4.718123750603335225e+02	-1.802346995741093281e+02	1.983626965745253869e+02
4.617634470301058558e-01	4.605513283206579445e+02	-1.720623395961088136e+02	1.871189833505932540e+02
4.680644242023710433e-01	4.464864236878436827e+02	-1.793080164651364612e+02	1.870358560982253380e+02
4.743485242764365895e-01	4.369734296961026985e+02	-1.876081568750546467e+02	1.802723720898016779e+02
4.806356136815400082e-01	4.230220524755235942e+02	-1.746013347964160403e+02	1.909572370089219362e+02
4.869019258388697646e-01	4.150815703431593988e+02	-1.941598216977213269e+02	1.934693586074411940e+02
4.931697099599955947e-01	3.990251209206267617e+02	-1.937078972865278388e+02	1.938131584993502372e+02
4.994506747144535908e-01	3.947279794728818274e+02	-1.939884302211117983e+02	1.800763691637578461e+02
5.057159051335421429e-01	3.817618125323016898e+02	-1.881704917365838128e+02	1.875454422006413608e+02
5.119923996268095356e-01	3.709486700700769575e+02	-1.918025585164919562e+02	1.831720155841624091e+02
5.183126097768406826e-01	3.629595227918050568e+02	-1.977769097593103425e+02	1.808255289542256037e+02
5.246089638029100000e-01	3.512952011296234218e+02	-1.842854770180385628e+02	1.787196445592776968e+02
5.308757308483337267e-01	3.466841938237604950e+02	-1.977583772227887380e+02	1.882197319281701766e+02
5.371573527946726934e-01	3.371734493106356467e+02	-1.953076068143786017e+02	1.822939142064404336e+02
5.434579563783791256e-01	3.313344485807389788e+02	-1.896843249654613999e+02	1.758992264016054037e+02
5.497430652392217842e-01	3.230290443967743386e+02	-1.969080824346625320e+02	1.822276815376311561e+02
5.559937427501778773e-01	3.130031876030599847e+02	-1.899499654146597436e+02	1.794284056804560805e+02
5.622854676609657654e-01	3.074120900809443810e+02	-1.960967015963719859e+02	1.811422885801599705e+02
5.686011537227265711e-01	3.000567841310142967e+02	-1.908194216917700317e+02	1.737437970353555556e+02
5.748804589422079614e-01	2.914178080335441337e+02	-1.897958511743921406e+02	1.735682528859166496e+02
5.811550210340560296e-01	2.873713591173048485e+02	-1.920689563487866849e+02	1.853618508799386575e+02
5.874394496660968468e-01	2.808013464764434275e+02	-1.901696899927762274e+02	1.738527835382704154e+02
5.937176220296899176e-01	2.766989940152685108e+02	-1.987608000287351899e+02	1.870886556940660626e+02
5.999971954793682505e-01	2.689597199085394550e+02	-1.905324507570424828e+02	1.767893715699016184e+02
6.062679115124277596e-01	2.632662168477963291e+02	-1.945050500428438056e+02	1.753867924208797717e+02
6.125469576444534381e-01	2.575728982690120006e+02	-1.912590690513839320e+02	1.756201585483540271e+02
6.188477733041515272e-01	2.498240149752557784e+02	-1.854944701208088418e+02	1.671411020241448568e+02
6.251310567437898813e-01	2.489582277862451463e+02	-1.933598448364457454e+02	1.839751256814893168e+02
6.314027450383210560e-01	2.426083623573138652e+02	-1.880402080214577154e+02	1.752024709311750712e+02
6.377003562732055375e-01	2.382103924099240828e+02	-1.919260866973414750e+02	1.743028327597533575e+02
6.439857783314556494e-01	2.307119706471671634e+02	-1.857398659453893686e+02	1.743585175164203633e+02
6.502685417166111925e-01	2.277876883064064373e+02	-1.858325060709802017e+02	1.714489269343765159e+02
6.565586117699038216e-01	2.223579539594223320e+02	-1.819157214788287149e+02	1.715779921291077130e+02
6.628369282359254377e-01	2.198040197831904550e+02	-1.846073050807781328e+02	1.707195804833779675e+02
6.691185444962194362e-01	2.139070734563060512e+02	-1.783130499362821695e+02	1.626417634876786451e+02
6.754070198575605755e-01	2.108473845960479025e+02	-1.779557169266126948e+02	1.663037221432975343e+02
6.816835514593204692e-01	2.059678628760362358e+02	-1.795063883942869438e+02	1.640562328790698814e+02
6.879592533861698112e-01	2.017815779930944302e+02	-1.797123662461029028e+02	1.624601653991964270e+02
6.942344317039531587e-01	1.982282811144936545e+02	-1.764750362257888412e+02	1.619512506595832519e+02
7.005175402434737908e-01	1.956514169925630995e+02	-1.768025806749006392e+02	1.661941094777746741e+02
7.068124956608716758e-01	1.903528891525672293e+02	-1.732810290087214469e+02	1.572502440546776938e+02
7.131019009674921527e-01	1.880515678006625819e+02	-1.756070934238006203e+02	1.646611571532783671e+02
7.193918251171427247e-01	1.858339332489983633e+02	-1.755392265661783142e+02	1.630865024405109693e+02
7.256833807598113140e-01	1.818719093533857745e+02	-1.730380069026317074e+02	1.599675559645833971e+02
7.319652682709349989e-01	1.773988373354829662e+02	-1.694738516239911519e+02	1.546792089338050857e+02
7.382507990484923344e-01	1.742131142112738473e+02	-1.674688331387403650e+02	1.536918242142646136e+02
7.445265842115937893e-01	1.716776546867865534e+02	-1.691735864287403501e+02	1.552498220824000725e+02
7.507871101942712455e-01	1.685376899545365461e+02	-1.679530906426321337e+02	1.558124007207034367e+02
7.570758465316046459e-01	1.646480368972359827e+02	-1.622645741616469195e+02	1.503393765125996424e+02
7.633641233600957365e-01	1.629350271535080594e+02	-1.642478212262188606e+02	1.538730446414000710e+02
7.696462959862266917e-01	1.601185625505805490e+02	-1.638540398056979086e+02	1.543179035997010260e+02
7.759394865175414102e-01	1.584096969406021742e+02	-1.631922018745617606e+02	1.515872401845022353e+02
7.822329141989586843e-01	1.543444675521874387e+02	-1.609381402477945926e+02	1.512128426762433548e+02
7.885314936520240181e-01	1.525818867252610005e+02	-1.599617661576637602e+02	1.492161182687962935e+02
7.947896566979522071e-01	1.499929858709461143e+02	-1.582625600196598157e+02	1.503935771060258446e+02
8.010491096592354809e-01	1.469249407377099033e+02	-1.559107997326313182e+02	1.482831208858262642e+02
8.073364061727361651e-01	1.449030502037145425e+02	-1.571018625386709573e+02	1.495392092716277261e+02
8.136229488373866170e-01	1.431805096993120117e+02	-1.560848045672921671e+02	1.466426054551185132e+02
8.199152998961036776e-01	1.402276967260410458e+02	-1.532803392283929895e+02	1.458657311302941935e+02
8.261952636392789762e-01	1.378679408839296912e+02	-1.526909353726836116e+02	1.428643868762460727e+02
8.324897070080405914e-01	1.363512466634273608e+02	-1.509125076368480336e+02	1.423713808081425043e+02
8.387959309210778480e-01	1.346023297580285316e+02	-1.519935075639110380e+02	1.439956093857080930e+02
8.450634639703045181e-01	1.317049291148283316e+02	-1.484049627636175614e+02	1.403914971725429268e+02
8.513282867562648182e-01	1.298533597146850127e+02	-1.477500175786969692e+02	1.399801332596203451e+02
8.576198263902009566e-01	1.287704226717849281e+02	-1.472593919997540581e+02	1.399959222738557685e+02
8.639058477062415697e-01	1.271421476933047927e+02	-1.476645068254322553e+02	1.419418378384713151e+02
8.701838745487597837e-01	1.243312168977667795e+02	-1.443858359233898057e+02	1.385214375519202861e+02
8.764641096075268534e-01	1.227460587227031823e+02	-1.440948500161558172e+02	1.390382524395639905e+02
8.827503873399735745e-01	1.204917261531470558e+02	-1.424580742426902304e+02	1.368873476101766755e+02
8.890332768393869323e-01	1.188231002851180023e+02	-1.400110006307123740e+02	1.357284247677843325e+02
8.953084247113127780e-01	1.172330854055337284e+02	-1.394808657493960027e+02	1.343785454253145133e+02
9.015956521667095602e-01	1.157553938096563968e+02	-1.389112168031189753e+02	1.346392678030371144e+02
9.078833328094829680e-01	1.133408065288927560e+02	-1.359182000452798889e+02	1.316190830681303794e+02
9.141744106319863450e-01	1.129282221344706869e+02	-1.375485387139484033e+02	1.334603342728206030e+02
9.204630817717615043e-01	1.106829128342826607e+02	-1.352994378384087781e+02	1.323305641810055704e+02
9.267434415264711456e-01	1.091358414673194801e+02	-1.330189402962459724e+02	1.296752536699745804e+02
9.330324197354928906e-01	1.085493391084034158e+02	-1.352531014986262790e+02	1.305570822189303613e+02
9.393265785573878812e-01	1.062206041703565660e+02	-1.317699680240483815e+02	1.281703351879387753e+02
9.455974810398196650e-01	1.052653764062336421e+02	-1.317812411818937051e+02	1.299705573049770067e+02
9.518660018545171964e-01	1.033148489622315083e+02	-1.290498105646287286e+02	1.263659845457485744e+02
9.581413255531838757e-01	1.020108551420341456e+02	-1.283823194736560538e+02	1.267832504779083678e+02
9.644350945109106954e-01	1.000992824661899192e+02	-1.268692023743736428e+02	1.247627536785678046e+02
9.707355633568249820e-01	9.930500784515798784e+01	-1.263436650438406303e+02	1.249627776129578933e+02
9.770080768450029041e-01	9.821334067645534560e+01	-1.260320181004683349e+02	1.241532740582249943e+02
9.832823325363413414e-01	9.704192622086917197e+01	-1.248395188178706121e+02	1.244141869511189213e+02
9.895569691966674686e-01	9.600523699879690298e+01	-1.247534401969707432e+02	1.239864529195995146e+02
9.958456301921106979e-01	9.442331671138761351e+01	-1.217039810061199177e+02	1.212130413736282719e+02
1.002136210743837408e+00	9.275096958746802045e+01	-1.200588406429022541e+02	1.202387224686860918e+02
1.008404825335135424e+00	9.191243882547531996e+01	-1.202994870333891697e+02	1.195956010025164744e+02
1.014694149836243398e+00	9.122071828758350875e+01	-1.194893005713939118e+02	1.204567740144864132e+02
1.020992555437297167e+00	9.019036754228415020e+01	-1.190671469676900784e+02	1.197367879266751487e+02
1.027273980437394485e+00	8.868945038693979654e+01	-1.179153932359724166e+02	1.180504141185593170e+02
1.033559181896017254e+00	8.731323576121394581e+01	-1.162765516369175600e+02	1.176406688998168590e+02
1.039847557392594934e+00	8.704050664418704741e+01	-1.170074706451920008e+02	1.180926908364886145e+02
1.046126974943305088e+00	8.607078832728224427e+01	-1.158544740668382786e+02	1.174386773375142639e+02
1.052403436811028659e+00	8.502660397716945795e+01	-1.145290867337433696e+02	1.157155849275529533e+02
1.058680704651608684e+00	8.395044915379799022e+01	-1.141997198365698125e+02	1.156260815479380142e+02
1.064964333065789193e+00	8.248586705159759447e+01	-1.115200155328150231e+02	1.136378106831251102e+02
1.071256777440835473e+00	8.186882636070102137e+01	-1.119288099316888037e+02	1.142718651998962116e+02
1.077544048801078125e+00	8.059654488183038268e+01	-1.096398016990949316e+02	1.119551394104018840e+02
1.083824820188043603e+00	7.953601197132026357e+01	-1.088740021010361403e+02	1.109771403480561816e+02
1.090108023942816695e+00	7.864135963953955866e+01	-1.078512013016184312e+02	1.102577055413697877e+02
1.096389665956643222e+00	7.806990306835650983e+01	-1.076172493331467876e+02	1.104958052381073657e+02
1.102681132058841440e+00	7.721059256645293090e+01	-1.068616516348967593e+02	1.092131480908166594e+02
1.108963047594879958e+00	7.620753403026057526e+01	-1.055157327661832198e+02	1.085856556366163659e+02
1.115225428463759272e+00	7.517830815414301071e+01	-1.043588744440235274e+02	1.078685377143750372e+02
1.121502127614767863e+00	7.467227391835380956e+01	-1.041152718001189470e+02	1.082429065031541313e+02
1.127792573824792033e+00	7.365253977171668964e+01	-1.028623811362202503e+02	1.064234069414644068e+02
1.134089552668382961e+00	7.260160977180528619e+01	-1.013580510087966218e+02	1.048487627855255937e+02
1.140364049650405942e+00	7.226322684272737717e+01	-1.016030115243321745e+02	1.058581326582177695e+02
1.146639180320979445e+00	7.092918142889750754e+01	-1.000842868694514323e+02	1.042945322410362792e+02
1.152942412991649901e+00	7.021460661750461441e+01	-9.885759732927952825e+01	1.032018768528095904e+02
1.159228906751078814e+00	6.978879977503729037e+01	-9.900350167167916027e+01	1.034071526672401404e+02
1.165508721887268173e+00	6.886560482534962091e+01	-9.779903150102730081e+01	1.024629084363405411e+02
1.171793076256210320e+00	6.827132018052287776e+01	-9.718631239685529977e+01	1.021295490371062300e+02
1.178087436369658958e+00	6.728482357308276107e+01	-9.578935456707122853e+01	1.003930372030204978e+02
1.184367654251526902e+00	6.694469242242035989e+01	-9.568735749503058230e+01	1.012496583996954911e+02
1.190634642299266632e+00	6.642487367860115910e+01	-9.515744209376617846e+01	1.005956294613523454e+02
1.196912208834400859e+00	6.555899023171686224e+01	-9.413029171539972140e+01	9.964654142566166684e+01
1.203201577354146234e+00	6.496384307057118690e+01	-9.362569450548524230e+01	9.947074693164918813e+01
1.209486844441705733e+00	6.402277212195622269e+01	-9.212193310247495504e+01	9.741707055626434908e+01
1.215763902074809888e+00	6.366247615605852417e+01	-9.230844516840615199e+01	9.760161748760715739e+01
1.222049755171146668e+00	6.247379161177157414e+01	-8.991067027190899807e+01	9.545670711876852010e+01
1.228340616621486969e+00	6.226001802751036251e+01	-9.013639707410403901e+01	9.651768172695337000e+01
1.234632986576932767e+00	6.152148690167578593e+01	-8.928793925036438850e+01	9.514029545821854583e+01
1.240902247176856488e+00	6.119908751215998421e+01	-8.915363820152532526e+01	9.548284098945336495e+01
1.247174839144687519e+00	6.022301333837027926e+01	-8.742950642624590785e+01	9.355488887349211780e+01
1.253465459933442272e+00	6.004894193703125183e+01	-8.765405331955581403e+01	9.407818080113669623e+01
1.259749951892178421e+00	5.912372207548818892e+01	-8.608249365183650070e+01	9.277749991905969296e+01
1.266032143127253873e+00	5.898493795485060076e+01	-8.638803041929014626e+01	9.356154910450149487e+01
1.272316288472006507e+00	5.830390123832999905e+01	-8.543531296110917594e+01	9.204512377225341879e+01
1.278604155058621350e+00	5.767338942667048940e+01	-8.479141832511622567e+01	9.167141067429660950e+01
1.284886588933593865e+00	5.711753589209281756e+01	-8.413120730362730626e+01	9.147513740608522426e+01
1.291175420066583257e+00	5.665357076401483738e+01	-8.312206749556622754e+01	9.010387216984433678e+01
1.297465726373772332e+00	5.632604877040929381e+01	-8.318243833185644576e+01	9.040471985994211934e+01
1.303741827011944299e+00	5.521701621520894321e+01	-8.123019253802696937e+01	8.807548303860758665e+01
1.310017322922761851e+00	5.522458714222340603e+01	-8.172250482310816722e+01	8.914731511257819818e+01
1.316301447662886703e+00	5.431482060125389921e+01	-7.991996226870752196e+01	8.720964344533244628e+01
1.322586760363303249e+00	5.411138415888299846e+01	-7.986474685316996158e+01	8.731370873324624426e+01
1.328865492452874664e+00	5.347205808619953871e+01	-7.903695639002265239e+01	8.669114291835246888e+01
1.335144804954555564e+00	5.319992862824297220e+01	-7.903032689373397091e+01	8.651430042396457054e+01
1.341440516272275119e+00	5.258724936445071307e+01	-7.810955719312697454e+01	8.560905953624352094e+01
1.347730868417094552e+00	5.201343279303043232e+01	-7.726900155434157114e+01	8.487448151140456787e+01
1.354001589994877630e+00	5.175604840724717803e+01	-7.689620149261072868e+01	8.468664993462039092e+01
1.360282609297778444e+00	5.130263435706667252e+01	-7.626768111606565981e+01	8.452930791250568632e+01
1.366565686457597906e+00	5.097903578145347581e+01	-7.597826015947596545e+01	8.396362924571191400e+01
1.372851498482432708e+00	5.031287271389809490e+01	-7.490485491918830974e+01	8.274436202875392610e+01
1.379135372929401804e+00	4.997010913761356221e+01	-7.473702400156805936e+01	8.302813118375756574e+01
1.385409567149057164e+00	4.966443168254129858e+01	-7.422183240385854219e+01	8.246573191590886154e+01
1.391698641219299315e+00	4.923476019849740482e+01	-7.369164548404775417e+01	8.165287558224291331e+01
1.397984451439470810e+00	4.889071523402289188e+01	-7.315945514055050580e+01	8.157870401975425523e+01
1.404267883409181961e+00	4.846181795196370246e+01	-7.276364810419642026e+01	8.122819655983180098e+01
1.410554779484869181e+00	4.799162044883330935e+01	-7.197640853557439300e+01	8.007133271004890673e+01
1.416837833547465397e+00	4.727418548210805938e+01	-7.059250840248549252e+01	7.892040982315229769e+01
1.423118177187137068e+00	4.723710024246376094e+01	-7.095738392156442842e+01	7.945256445847979876e+01
1.429397801164240089e+00	4.686491895399657182e+01	-7.025307913584734365e+01	7.880936489836250303e+01
1.435686921822787232e+00	4.656791847232066317e+01	-7.010627496521020419e+01	7.886552362912216552e+01
1.441977121769299597e+00	4.617939382450790475e+01	-6.955465007515815046e+01	7.831678129889765216e+01
1.448253667853332427e+00	4.592351224491650186e+01	-6.923303966748653693e+01	7.793132470840606629e+01
1.454532348972172651e+00	4.512725447719360972e+01	-6.767365897686833875e+01	7.596590817649672545e+01
1.460819319151879903e+00	4.490435981637794782e+01	-6.740324079654443779e+01	7.608998174072070242e+01
1.467110364402026468e+00	4.455646373575049779e+01	-6.689011311097929990e+01	7.559264445182019188e+01
1.473392908948962132e+00	4.453735362724562918e+01	-6.733924285716217639e+01	7.611750800551384089e+01
1.479669965243598950e+00	4.416479342731292235e+01	-6.666127336294927375e+01	7.542671778719071085e+01
1.485956144602843532e+00	4.353232712433584339e+01	-6.546560625473624384e+01	7.398895884452365124e+01
1.492233610763115115e+00	4.340554054193448508e+01	-6.555010832364627049e+01	7.455963186418368593e+01
1.498502470379980078e+00	4.307344597481129966e+01	-6.491057193211482002e+01	7.358218619919915682e+01
1.504785752051182701e+00	4.279606486066263926e+01	-6.466123731809817343e+01	7.338376274076124162e+01
1.511075991894575976e+00	4.234401258289813796e+01	-6.378968942076715365e+01	7.232758737015571171e+01
1.517361634985162189e+00	4.214557436595302420e+01	-6.359513383197112546e+01	7.243628536787028338e+01
1.523648570969130533e+00	4.169478032609261220e+01	-6.296573287103564098e+01	7.161345018431943288e+01
1.529938035715892264e+00	4.144975938079344502e+01	-6.247541381328525745e+01	7.133499276819681256e+01
1.536230176913891965e+00	4.098066026481570390e+01	-6.178378964896802472e+01	7.038179159158228515e+01
1.542510718779388279e+00	4.071643161914839482e+01	-6.135559358434145594e+01	7.004506373035100353e+01
1.548783963082980275e+00	4.050014252062926801e+01	-6.107023229470652836e+01	6.981426099790739670e+01
1.555073069779651318e+00	4.034048732653737801e+01	-6.093237189685708444e+01	6.973196517520997872e+01
1.561357324927233892e+00	4.003647739656465632e+01	-6.042318357534641393e+01	6.938417608219221222e+01
1.567629121053141006e+00	3.959478380250023122e+01	-5.969788794250408159e+01	6.858203160527435216e+01
1.573913697404382583e+00	3.929759569385853268e+01	-5.910053571001127182e+01	6.772158766827455167e+01
1.580203545230874029e+00	3.929897045372025133e+01	-5.945584766982251779e+01	6.844389551613160450e+01
1.586485393434537983e+00	3.868171782105320489e+01	-5.817849781480761351e+01	6.703349690650190951e+01
1.592760014263005841e+00	3.865402956193319284e+01	-5.828463552229681710e+01	6.713106936747702491e+01
1.599046436394670812e+00	3.835222116669218906e+01	-5.783241258309895017e+01	6.653607453294965524e+01
1.605342136637478934e+00	3.806638971392195003e+01	-5.737242980985076457e+01	6.612228075409434780e+01
1.611619860919608627e+00	3.799179155664486274e+01	-5.735347853741371438e+01	6.615737566834883410e+01
1.617897597081673799e+00	3.762429562022992258e+01	-5.674533931191908920e+01	6.529703192586239879e+01
1.624183235481122756e+00	3.754466768034657065e+01	-5.677046509848197786e+01	6.562561194278939070e+01
1.630464598531913722e+00	3.720739121406375460e+01	-5.629133272394933840e+01	6.502230607195022571e+01
1.636748985747638274e+00	3.694021135717797932e+01	-5.575469255852681982e+01	6.462088188881629947e+01
1.643030923698886259e+00	3.678567017634664893e+01	-5.542989043194353371e+01	6.437437692261516986e+01
1.649309176648513064e+00	3.625707820292930705e+01	-5.442148830795692049e+01	6.308041077425416887e+01
1.655593633940351861e+00	3.616114138914240073e+01	-5.439266137627699749e+01	6.306373026722430808e+01
1.661879571405086464e+00	3.605755010695096274e+01	-5.436937743946140245e+01	6.303230566225037990e+01
1.668169361685170271e+00	3.572171346030692973e+01	-5.377872743238226860e+01	6.235775003242974179e+01
1.674450151530487485e+00	3.566616874769076873e+01	-5.378496935181596683e+01	6.252866226849367592e+01
1.680722718978495900e+00	3.530417090269082792e+01	-5.315332856048520682e+01	6.191559315581565670e+01
1.687013891340952476e+00	3.514314244528274145e+01	-5.287109862368249225e+01	6.144038553624981347e+01
1.693308984907921033e+00	3.490080722901409160e+01	-5.244930077079112607e+01	6.084045226524424521e+01
1.699582147428448486e+00	3.444869739558312460e+01	-5.145110282387742728e+01	5.983240655334905256e+01
1.705863747055134105e+00	3.433810742632876156e+01	-5.150132597371272425e+01	5.990827667805432810e+01
1.712154434283889470e+00	3.427547526641032505e+01	-5.143378162848571122e+01	5.998237328387822487e+01
1.718438381579399321e+00	3.413104674855159715e+01	-5.118830388705046630e+01	5.974107432609682888e+01
1.724721264464063930e+00	3.384077299847028542e+01	-5.070075934670249751e+01	5.920924026560087583e+01
1.730997441276920679e+00	3.352067748057552166e+01	-5.021107262533870141e+01	5.851302252298816597e+01
1.737287073528269499e+00	3.340543369986067290e+01	-5.007045133961559458e+01	5.835782709986855110e+01
1.743567991878527401e+00	3.319991080740085465e+01	-4.967042264682105213e+01	5.807058084636825157e+01
1.749840680212231048e+00	3.293067481830777865e+01	-4.917220347315467421e+01	5.730037466278192682e+01
1.756128549091961144e+00	3.286266204554315351e+01	-4.915513185140568453e+01	5.733187531045643226e+01
1.762413535324792502e+00	3.265897704357603715e+01	-4.878078862865224608e+01	5.712484525863785478e+01
1.768696187669963837e+00	3.232638632626638753e+01	-4.815141664889200257e+01	5.630648015191621170e+01
1.774979359379055266e+00	3.210345263889193745e+01	-4.781510177212147994e+01	5.599273903537051922e+01
1.781265555576432957e+00	3.202350149008532298e+01	-4.762643289359863275e+01	5.585450033344466902e+01
1.787549427830244619e+00	3.194572510893892670e+01	-4.759136451523697531e+01	5.578269833176790371e+01
1.793834120011633004e+00	3.169149954604993980e+01	-4.716277377248731995e+01	5.529817549771499330e+01
1.800115051552487300e+00	3.135364836262908383e+01	-4.647054955857010583e+01	5.440357688053619256e+01
1.806393904854530330e+00	3.133174007056542365e+01	-4.647757301958298370e+01	5.436310548164037471e+01
1.812674089667083432e+00	3.117588195106320370e+01	-4.625075581646670742e+01	5.419053954123943129e+01
1.818956920109354058e+00	3.109294664702239075e+01	-4.616389989361041302e+01	5.411612674127341904e+01
1.825244164118212220e+00	3.086935360545572138e+01	-4.584340031621334077e+01	5.374555650612493451e+01
1.831527256642196955e+00	3.056754982528187270e+01	-4.524226867150129294e+01	5.306201449298185935e+01
1.837811294935716599e+00	3.055518006926137531e+01	-4.526862135962319655e+01	5.325068848984327019e+01
1.844100717411196744e+00	3.037680276689305359e+01	-4.493504426148893316e+01	5.282480586749644402e+01
1.850384816792487230e+00	3.022229204526279034e+01	-4.471306135781862423e+01	5.246382152146848910e+01
1.856666059735203822e+00	2.998272609428126145e+01	-4.428680230446389032e+01	5.210307760098321239e+01
1.862947728675613979e+00	2.978646478609019965e+01	-4.388211617023674194e+01	5.164429492795316889e+01
1.869229324466858078e+00	2.990348965651461199e+01	-4.422246884427595859e+01	5.204726783466602313e+01
1.875517616802973686e+00	2.964693168928123512e+01	-4.379185222088133145e+01	5.144574234064893403e+01
1.881800769033795229e+00	2.933000368285012982e+01	-4.302879334288697777e+01	5.059643876485186809e+01
1.888078863416442710e+00	2.930256208695567111e+01	-4.318164822476140330e+01	5.074871353902800308e+01
1.894353975182237582e+00	2.900143374501289983e+01	-4.251662074257888690e+01	5.001391839461223299e+01
1.900642716154182565e+00	2.902513270539573753e+01	-4.263268221187340856e+01	5.014124358958190442e+01
1.906933494748685121e+00	2.882114259601546635e+01	-4.230837224834657917e+01	4.988102831549790039e+01
1.913207568676573933e+00	2.858707890181259259e+01	-4.183816726769570238e+01	4.921055473032200922e+01
1.919490884732178992e+00	2.851652605743829128e+01	-4.175472588064476298e+01	4.915831302389485558e+01
1.925776855684274480e+00	2.834623504517135117e+01	-4.141582092795999159e+01	4.874954926476328154e+01
1.932064452961978152e+00	2.824279403319489745e+01	-4.119953830620592328e+01	4.844635956660943776e+01
1.938342610030488800e+00	2.800423298164761476e+01	-4.072502141380098806e+01	4.799922938945310591e+01
1.944618341543410178e+00	2.797793079411929895e+01	-4.078235371485441618e+01	4.802919913747187053e+01
1.950906260203513876e+00	2.775652556430621587e+01	-4.034581538742749984e+01	4.744046193163380565e+01
1.957194556613796488e+00	2.764323343594725202e+01	-4.005929671450036267e+01	4.716829164203788594e+01
1.963479614559011432e+00	2.752352830255842520e+01	-3.993981865795910124e+01	4.709036698408343113e+01
1.969760361532916226e+00	2.726655145148048121e+01	-3.946369591954529454e+01	4.646619164273984381e+01
1.976048367034604736e+00	2.730105954568914584e+01	-3.955380124308418033e+01	4.672537140561305335e+01
1.982337990217652335e+00	2.713138127301014535e+01	-3.923442039326054243e+01	4.627850217442492919e+01
1.988617489259562721e+00	2.698553388507211181e+01	-3.896793865081512820e+01	4.595340953663689021e+01
1.994896320665194178e+00	2.681877687076513794e+01	-3.873686648983954228e+01	4.559936731045520020e+01
2.001179596222827151e+00	2.667846725399600061e+01	-3.840172992440461286e+01	4.527133308299683279e+01
2.007459756923499761e+00	2.658478079177129416e+01	-3.816510571447228273e+01	4.518545291151382770e+01
2.013737397779169935e+00	2.642496941755545592e+01	-3.789677763359938467e+01	4.469256705883702097e+01
2.020017234677497164e+00	2.626667287801388184e+01	-3.766021575320147008e+01	4.445361367139545195e+01
2.026310251015072783e+00	2.619274969655662844e+01	-3.749763948206479824e+01	4.423445061287785052e+01
2.032600542948020284e+00	2.610281765042705970e+01	-3.734068170292130162e+01	4.408472087341538526e+01
2.038873863192099289e+00	2.593182334541260659e+01	-3.705239291167416127e+01	4.371795622482004262e+01
2.045154087821675404e+00	2.579473526833181651e+01	-3.678695684533093413e+01	4.340256604722678446e+01
2.051444704514288730e+00	2.580566797145500857e+01	-3.678988439088306706e+01	4.350444928773249131e+01
2.057730430280644729e+00	2.560780477196423632e+01	-3.637430796196785110e+01	4.295992491649744238e+01
2.064013940455224461e+00	2.552564083634896974e+01	-3.627005175798501568e+01	4.286300957675280898e+01
2.070299891179459895e+00	2.525079001904739329e+01	-3.571146713099925307e+01	4.209739930984050460e+01
2.076589719964883951e+00	2.526829966583002829e+01	-3.587432337254677606e+01	4.234282713711192514e+01
2.082865483794470673e+00	2.516230231573072018e+01	-3.558094133838741868e+01	4.213067232012906516e+01
2.089134494859368640e+00	2.502711498632854159e+01	-3.532576325816965834e+01	4.178634966854146171e+01
2.095424211360070288e+00	2.504037925144155352e+01	-3.536717570979191549e+01	4.183060364242076190e+01
2.101707116664804254e+00	2.485260186810928218e+01	-3.498022553908030829e+01	4.136130611968328452e+01
2.107986473933564309e+00	2.474469896457846119e+01	-3.484393409906397210e+01	4.118232297858977375e+01
2.114271806543862375e+00	2.459216963239765619e+01	-3.452938247481253597e+01	4.071051456268347124e+01
2.120552717288892275e+00	2.446725832536160183e+01	-3.426422922648808367e+01	4.046508166378092142e+01
2.126836933207161717e+00	2.434403541157882600e+01	-3.408265190672343437e+01	4.032619838580179561e+01
2.133122044791171845e+00	2.438140161420213303e+01	-3.416896883526493411e+01	4.045571320673931837e+01
2.139411711910842673e+00	2.426362171469320472e+01	-3.391687436938497058e+01	4.017206279840753069e+01
2.145697076775292089e+00	2.413003214407256536e+01	-3.365058296736309984e+01	3.983779395968856818e+01
2.151973548606471276e+00	2.394778279305059243e+01	-3.332689521085671913e+01	3.934950635390682550e+01
2.158259913555724108e+00	2.390467870785060711e+01	-3.319121407721228678e+01	3.934466531604663686e+01
2.164545396699105506e+00	2.382286643294694173e+01	-3.300880354445003917e+01	3.911101098807390741e+01
2.170830700377734068e+00	2.375033691136254177e+01	-3.291102202850762382e+01	3.892562733667006825e+01
2.177114138849150393e+00	2.368126340209904512e+01	-3.288331577857681509e+01	3.897422236331638601e+01
2.183387647576827018e+00	2.344534837682589767e+01	-3.225694743788328367e+01	3.819570919542028520e+01
2.189670273687676971e+00	2.339222370960224140e+01	-3.224529241611356412e+01	3.820698658217196453e+01
2.195960147934207463e+00	2.321043274791296795e+01	-3.181153916602189469e+01	3.764024951227186477e+01
2.202242556317716371e+00	2.317958173958878376e+01	-3.181967167396679130e+01	3.770414182681761872e+01
2.208521655981037668e+00	2.308890823317888774e+01	-3.163318609242802637e+01	3.746615585226252421e+01
2.214804637081333016e+00	2.306861768095777165e+01	-3.157978330207873086e+01	3.748114867154932739e+01
2.221092583349425276e+00	2.292194785487642505e+01	-3.131243295414486383e+01	3.709275919978760072e+01
2.227372893591468728e+00	2.278030074455379506e+01	-3.102691949766255064e+01	3.682077375199679636e+01
2.233657161144248171e+00	2.270432671581867723e+01	-3.083181871836347554e+01	3.668524717063155549e+01
2.239943485394438660e+00	2.264694775112197078e+01	-3.068874990457448249e+01	3.642791113793021651e+01
2.246224175264620815e+00	2.258988077386626969e+01	-3.065796000431771873e+01	3.639042663109442799e+01
2.252506378421252009e+00	2.250012963824033463e+01	-3.046596248409233709e+01	3.617008958210297465e+01
2.258783417054270437e+00	2.240316104746998604e+01	-3.027767106249995877e+01	3.593631690531976375e+01
2.265069077371457684e+00	2.234603605684044680e+01	-3.021992728777505732e+01	3.588053822275642091e+01
2.271350377044131452e+00	2.222519198931588136e+01	-2.996520977846617484e+01	3.551318588559643530e+01
2.277633995145353918e+00	2.216632462522566271e+01	-2.982899685109311605e+01	3.540442283714215677e+01
2.283922419579920149e+00	2.203672872170627883e+01	-2.946304414786753512e+01	3.496548892009976583e+01
2.290202874392252674e+00	2.207265311088797688e+01	-2.965124989006790912e+01	3.529333697310077866e+01
2.296490779970905560e+00	2.189053876284782518e+01	-2.920456801312009176e+01	3.470001861471094884e+01
2.302771769934229162e+00	2.183646159586385949e+01	-2.909161191603964269e+01	3.455564626781683302e+01
2.309051364164305564e+00	2.179602053508360626e+01	-2.907825859797822687e+01	3.459601555897872061e+01
2.315338502539088239e+00	2.173303740904789905e+01	-2.888192648259741802e+01	3.434235437367156862e+01
2.321627336503874428e+00	2.157896812700563771e+01	-2.858868066864286916e+01	3.405708389260750835e+01
2.327911878297218795e+00	2.158500529518228106e+01	-2.864592425779287410e+01	3.408655205621570872e+01
2.334186238580297168e+00	2.144548428856973032e+01	-2.826488358417345736e+01	3.363209908768425294e+01
2.340467971862688401e+00	2.136386105261562207e+01	-2.808667432718994661e+01	3.347159554503627277e+01
2.346756940970738725e+00	2.128439267543540936e+01	-2.803606798701278890e+01	3.338402435030340598e+01
2.353044444556199988e+00	2.128154248718139385e+01	-2.798804462721289354e+01	3.329681185388029974e+01
2.359327653314069906e+00	2.121692033813317124e+01	-2.784750556212371109e+01	3.325254465429632944e+01
2.365603048789861607e+00	2.117947109954712204e+01	-2.777309781692560620e+01	3.315326831483605474e+01
2.371885911737665165e+00	2.105292839368277669e+01	-2.752515282553535414e+01	3.285188581311867040e+01
2.378173303594019572e+00	2.098153724316804514e+01	-2.737968054433752840e+01	3.272218864341481037e+01
2.384454016539381271e+00	2.098898743285697321e+01	-2.732775529147163951e+01	3.258281256744049870e+01
2.390736447344785187e+00	2.082499864698023728e+01	-2.706333769243735787e+01	3.226104636304826556e+01
2.397014133897952259e+00	2.069438024436035306e+01	-2.672919757690472764e+01	3.194122720838501905e+01
2.403295490074321972e+00	2.072151174937386031e+01	-2.682809062506729703e+01	3.204594947042714637e+01
2.409585049672506862e+00	2.059764119891347178e+01	-2.654051232138940009e+01	3.175490029444929618e+01
2.415871703165322071e+00	2.055938939851602143e+01	-2.646751373553041375e+01	3.159425265013018347e+01
2.422160652369088840e+00	2.049272679693574872e+01	-2.634087865947290652e+01	3.149542188757082783e+01
2.428440167222748691e+00	2.045659972700499551e+01	-2.623426413627356624e+01	3.154263692127771890e+01
2.434717472383889803e+00	2.036230400702782362e+01	-2.602168036780711091e+01	3.115588057404431410e+01
2.441002456202044257e+00	2.033816608230764800e+01	-2.593782657136829783e+01	3.111525066118595717e+01
2.447289980304530488e+00	2.028707250700749398e+01	-2.590675415197128117e+01	3.107669291688961621e+01
2.453571844729242279e+00	2.012949008431605691e+01	-2.555413814407628337e+01	3.063020367620462636e+01
2.459852705114058846e+00	2.010128827874151369e+01	-2.551693731485742589e+01	3.053751298069106923e+01
2.466139233225018934e+00	2.003771554246669595e+01	-2.535874352768433582e+01	3.043812241859278700e+01
2.472421963421291391e+00	2.004348730081285979e+01	-2.537701894968594729e+01	3.043796841857946234e+01
2.478698519174224568e+00	1.995285255679018022e+01	-2.517219106130677631e+01	3.030105540306180956e+01
2.484980841400355800e+00	1.989056743484277234e+01	-2.503275059620441212e+01	3.011324862733416552e+01
2.491269319409339822e+00	1.987783149408093664e+01	-2.503495713404072731e+01	3.012838515000851203e+01
2.497548505139029373e+00	1.972550194422168701e+01	-2.457573940594981110e+01	2.964299707323225874e+01
2.503831667172610853e+00	1.980913166269154502e+01	-2.480684597908802402e+01	2.990788787892048717e+01
2.510117938323931153e+00	1.969286814003987374e+01	-2.453524140034801349e+01	2.963974692051771598e+01
2.516400733681277480e+00	1.959439919532291796e+01	-2.438347780267896781e+01	2.939201266187816586e+01
2.522688226833368130e+00	1.958611505557905730e+01	-2.437698311372436066e+01	2.940784820685760081e+01
2.528971695852665569e+00	1.954143354792274323e+01	-2.418218861717532420e+01	2.926392402020206873e+01
2.535252039407670299e+00	1.951237988172251647e+01	-2.419357420618827348e+01	2.930849512833815140e+01
2.541537514142774512e+00	1.943258598781422464e+01	-2.402275437943242054e+01	2.902314860615300418e+01
2.547823008847572179e+00	1.942529129696843171e+01	-2.393311122174512207e+01	2.897751419293598474e+01
2.554100666580690238e+00	1.932737505781594223e+01	-2.378275007560979404e+01	2.880155162277437242e+01
2.560376788884177301e+00	1.929868141340759990e+01	-2.370078529100564779e+01	2.862856766132842168e+01
2.566667521601497359e+00	1.926018136643066470e+01	-2.365685499365932287e+01	2.868274375092390471e+01
2.572955062237090473e+00	1.923380495488023456e+01	-2.353071759429080601e+01	2.856228370210778422e+01
2.579233771797999175e+00	1.916202598579100069e+01	-2.332419481672005901e+01	2.834682206971286433e+01
2.585520164300948220e+00	1.915807017368157616e+01	-2.332269311553176649e+01	2.830401166643273214e+01
2.591805130332431872e+00	1.903684193637360877e+01	-2.309195525885638745e+01	2.807062554627485795e+01
2.598084074692260881e+00	1.904285271194108020e+01	-2.311513630973182387e+01	2.815389501237196868e+01
2.604360404197643586e+00	1.894880047544877399e+01	-2.283981138850307957e+01	2.777073093829901040e+01
2.610647185140439142e+00	1.900406873233145788e+01	-2.297088123689619721e+01	2.796942078852767466e+01
2.616931864059273138e+00	1.892024655303991665e+01	-2.278944498807411279e+01	2.779295593666936526e+01
2.623206107911065565e+00	1.888231557009773098e+01	-2.271491470496253484e+01	2.776937780043733284e+01
2.629491626543270844e+00	1.876549504013970449e+01	-2.243451035256172332e+01	2.741025777491331894e+01
2.635778507982642349e+00	1.878977813187037071e+01	-2.244593884598365463e+01	2.751380546959438433e+01
2.642061039325260818e+00	1.874183306659416814e+01	-2.233878054095920973e+01	2.732393612323583909e+01
2.648343840729305843e+00	1.873418861232165966e+01	-2.231116139797864761e+01	2.735029153430881976e+01
2.654631838974855551e+00	1.863435336262302755e+01	-2.205988028230467179e+01	2.700887690340434588e+01
2.660919001246303761e+00	1.864303046062461888e+01	-2.206155085759492351e+01	2.705291785974266361e+01
2.667198525130066056e+00	1.862179763357189799e+01	-2.203021075566556064e+01	2.704735039474829961e+01
2.673484307038032526e+00	1.860981782179404931e+01	-2.201928030476408438e+01	2.706854883718895266e+01
2.679773388053849459e+00	1.854861973042825696e+01	-2.182280823882499021e+01	2.684661246093596532e+01
2.686058217632288692e+00	1.852221204576136770e+01	-2.175589926494858872e+01	2.680500873508014692e+01
2.692338738200057868e+00	1.850185432320844114e+01	-2.161162424737972287e+01	2.669643673011164609e+01
2.698618022887226964e+00	1.849546632084779674e+01	-2.163229256896384101e+01	2.673456708881844079e+01
2.704895450708277860e+00	1.845611245249344279e+01	-2.153105744196126281e+01	2.657930883765951791e+01
2.711175674923682166e+00	1.835279894358890829e+01	-2.133633142467015276e+01	2.640360086518923666e+01
2.717459832966957922e+00	1.839794691676813443e+01	-2.138928699871482664e+01	2.651105806588903846e+01
2.723745731959044569e+00	1.833488695759709941e+01	-2.127281083423536145e+01	2.629320918299437793e+01
2.730038414850594730e+00	1.835346778193913053e+01	-2.125430711809400819e+01	2.638120549231973300e+01
2.736317989800789441e+00	1.834039914495773971e+01	-2.119278105288314151e+01	2.636709284332913583e+01
2.742591858549239703e+00	1.823180876101395498e+01	-2.092969052667102403e+01	2.604779595290271743e+01
2.748879749010778362e+00	1.828731316627480297e+01	-2.108945274116567958e+01	2.631874510585537053e+01
2.755163403825859447e+00	1.819897959733637904e+01	-2.082340064527096501e+01	2.600949243059673321e+01
2.761446955625852073e+00	1.823434209799284034e+01	-2.091728053493210737e+01	2.608857760417797778e+01
2.767732088935374701e+00	1.817665268760869424e+01	-2.074524507587880962e+01	2.590272912671220951e+01
2.774015452421743966e+00	1.810396778953229457e+01	-2.048527362898831328e+01	2.570733701172721197e+01
2.780298635700591436e+00	1.814808327211962080e+01	-2.062482251468257033e+01	2.583544689859000343e+01
2.786577474762241380e+00	1.811985940376719029e+01	-2.056362530650740794e+01	2.571688643034556421e+01
2.792857983210164541e+00	1.812868595426665053e+01	-2.054674918954815510e+01	2.581140475831412573e+01
2.799143790920211483e+00	1.811930811268233654e+01	-2.057071292150454411e+01	2.582071509351317218e+01
2.805430058399325244e+00	1.806807221815684272e+01	-2.036434012596654952e+01	2.567376486168885563e+01
2.811715058209780072e+00	1.807309631816826112e+01	-2.034800800029960399e+01	2.567303294753123666e+01
2.817989272498773623e+00	1.803263405601504132e+01	-2.017764170402716317e+01	2.548599607074476481e+01
2.824269171595737760e+00	1.808322627508040625e+01	-2.027287647654645397e+01	2.564678906501218592e+01
2.830563016441804081e+00	1.798214712258729975e+01	-2.003377736819943067e+01	2.537655180001026167e+01
2.836848750951622034e+00	1.799789628378598394e+01	-2.014279159136695441e+01	2.551628785326581550e+01
2.843130027866129783e+00	1.801138972273067651e+01	-2.007527942296245627e+01	2.545709904745486440e+01
2.849413896912404986e+00	1.798944366853087828e+01	-1.997469154321811757e+01	2.551083174000170928e+01
2.855697464522425566e+00	1.797166785136547773e+01	-1.994676348445816316e+01	2.532353298731672453e+01
2.861978799810683594e+00	1.791747088446868830e+01	-1.970605975978862290e+01	2.519659409375666925e+01
2.868262469415629567e+00	1.793032576928754196e+01	-1.976461420031776228e+01	2.520857288995904355e+01
2.874547359206753860e+00	1.794299294940656253e+01	-1.973105126046016977e+01	2.527829896377229701e+01
2.880831111471525041e+00	1.790090628635361014e+01	-1.962957744829649442e+01	2.515590678270703151e+01
2.887113216972382546e+00	1.791631011190116851e+01	-1.960764463192012030e+01	2.519041566598655635e+01
2.893394504725182781e+00	1.793681922603521883e+01	-1.965364848311715207e+01	2.536130574002051219e+01
2.899673662137033592e+00	1.792657076251964909e+01	-1.956756095983380916e+01	2.522690760102231522e+01
2.905953958587380814e+00	1.793425275728604262e+01	-1.954402504440999522e+01	2.526000655753698254e+01
2.912241118105161064e+00	1.790854941050017501e+01	-1.947615206732886861e+01	2.518787466293650468e+01
2.918525996366671205e+00	1.795538769060141604e+01	-1.957421690407892001e+01	2.533099552952156941e+01
2.924809035425688819e+00	1.791171912123546051e+01	-1.944365563004970454e+01	2.520007776149024181e+01
2.931095916293684933e+00	1.792962092363143967e+01	-1.946055010963931053e+01	2.531482276413918342e+01
2.937378182606774413e+00	1.787885840573949991e+01	-1.931199997900443677e+01	2.509975081546338416e+01
2.943659980254369923e+00	1.789914410636004760e+01	-1.926395681023663542e+01	2.505865103265065130e+01
2.949946454403890250e+00	1.785503897789995165e+01	-1.912493750107261192e+01	2.499150069132740271e+01
2.956227653702202307e+00	1.792104088688804708e+01	-1.922471686266755597e+01	2.521459647775536084e+01
2.962510478867462993e+00	1.791582513914255159e+01	-1.920034132482204470e+01	2.517077814253494594e+01
2.968796535179442309e+00	1.788833662301364669e+01	-1.905881327828529592e+01	2.509147444310967856e+01
2.975077657376874907e+00	1.793857699899485070e+01	-1.914324579145076655e+01	2.522749702000464467e+01
2.981359866759223376e+00	1.793832189189491899e+01	-1.909593786317778097e+01	2.518616225945912390e+01
2.987646761575656562e+00	1.796236700439517264e+01	-1.910885020081824237e+01	2.527591005677920677e+01
2.993929038370399365e+00	1.795760179059469053e+01	-1.909030061149271518e+01	2.518449851897025837e+01
3.000206214840962726e+00	1.794743083511285420e+01	-1.897356910266776353e+01	2.519945284124248985e+01
3.006486172402415669e+00	1.802530431422396617e+01	-1.911384960650013198e+01	2.537012663549776903e+01
3.012769812211594456e+00	1.797936706419959663e+01	-1.898045015096095156e+01	2.522681372975920766e+01
3.019053144326170113e+00	1.800553019374903840e+01	-1.901609435727770858e+01	2.537006748704131454e+01
3.025337405144251424e+00	1.800783592406958533e+01	-1.895312194082324098e+01	2.530334073184157262e+01
3.031623734799107961e+00	1.805634846618243472e+01	-1.898919671320679470e+01	2.544350562801063731e+01
3.037908962055872575e+00	1.805345705852716165e+01	-1.893965636642890615e+01	2.543765398900714558e+01
3.044195067146031608e+00	1.807671394143184784e+01	-1.889002394601962109e+01	2.548208310951204680e+01
3.050475543482170426e+00	1.808237604723673542e+01	-1.886208617329236858e+01	2.543109011936298813e+01
3.056754954538277502e+00	1.806773194672712890e+01	-1.877408599187584315e+01	2.538110709803137155e+01
3.063040539557494668e+00	1.812163344542445031e+01	-1.891628128633501404e+01	2.568015589948135258e+01
3.069323699454357346e+00	1.815965120478452022e+01	-1.893767510475759508e+01	2.568090828810899140e+01
3.075610692642898769e+00	1.815669403974745322e+01	-1.881674458576160447e+01	2.556567694729419671e+01
3.081893798009918584e+00	1.817576449889609336e+01	-1.884213511588734846e+01	2.569514387320004190e+01
3.088174549548037717e+00	1.819050747568832449e+01	-1.877097140823465438e+01	2.572556736570621538e+01
3.094458635632868493e+00	1.821725944364231253e+01	-1.879423808042741939e+01	2.570978765680391831e+01
3.100743982931558840e+00	1.829769481969289657e+01	-1.891716255521010126e+01	2.600614950244401768e+01
3.107028111748448396e+00	1.824780251659295516e+01	-1.872149254156507681e+01	2.580359670132228800e+01
3.113309299655494300e+00	1.834578727770536588e+01	-1.894377822251955124e+01	2.611443486556670379e+01
3.119590662867241626e+00	1.830530018412230575e+01	-1.871211354286366202e+01	2.592814656532654993e+01
3.125874006820172912e+00	1.840608486116508047e+01	-1.888062954632609447e+01	2.622939475296000822e+01
3.132159251154602586e+00	1.839096582424917870e+01	-1.884753454495321989e+01	2.616330894161655252e+01
3.138439172765940643e+00	1.845677738968031889e+01	-1.892864862549874871e+01	2.631233151850250707e+01
3.144723867719826593e+00	1.849889948616931790e+01	-1.890832476480601798e+01	2.639349971535791184e+01
3.151003951258561031e+00	1.846929992817608479e+01	-1.874391481459404929e+01	2.635114308075195311e+01
3.157283664131563139e+00	1.850987278425958493e+01	-1.880382793474081282e+01	2.642870906314606572e+01
3.163569317183839935e+00	1.857332370068154859e+01	-1.883614426660988528e+01	2.654479667799181897e+01
3.169851661717792091e+00	1.866538324889260636e+01	-1.900991014061773043e+01	2.677703418788004086e+01
3.176137704316093657e+00	1.871226495568932080e+01	-1.905353941983543820e+01	2.693938193690712879e+01
3.182420924828643916e+00	1.872981026110887370e+01	-1.902691080229729081e+01	2.698918250699971466e+01
3.188702811875577581e+00	1.876622041632413840e+01	-1.906430291364202745e+01	2.703419483956878722e+01
3.194990520008989865e+00	1.884770598434593936e+01	-1.910748174844100689e+01	2.726613780140208476e+01
3.201275324656983834e+00	1.885562229761363184e+01	-1.910665729710426675e+01	2.724000686990142484e+01
3.207551352179861759e+00	1.891050381863524521e+01	-1.907370492288557529e+01	2.730372638528513463e+01
3.213835216737041645e+00	1.897966074035853268e+01	-1.916269306802971784e+01	2.752875243714224496e+01
3.220122579819103770e+00	1.885415238401070326e+01	-1.878521201098665472e+01	2.686150419028981062e+01
3.226406606618656525e+00	1.854990836504710217e+01	-1.800854493739774398e+01	2.541729978616571017e+01
3.232687390085645429e+00	1.830945180466281030e+01	-1.745511779062460889e+01	2.421009078532315684e+01
3.238969121280456331e+00	1.812668069906156276e+01	-1.693749135217886348e+01	2.329234694624660662e+01
3.245254751548589667e+00	1.796450445784770267e+01	-1.654872346164392738e+01	2.220420430607729401e+01
3.251534499036136783e+00	1.784264036447238055e+01	-1.620322759129052770e+01	2.145257143023422941e+01
3.257817780791052442e+00	1.770988142154480016e+01	-1.586705704707105014e+01	2.061919115216077714e+01
3.264102164154097263e+00	1.757588595193513825e+01	-1.548652116934120038e+01	1.974414046455701310e+01
3.270384152138468892e+00	1.747983619913174635e+01	-1.523129097687027844e+01	1.911070744346665151e+01
3.276669427476867735e+00	1.737188864793893117e+01	-1.492870910385752303e+01	1.836471863805725846e+01
3.282954688864507808e+00	1.730803181646850675e+01	-1.476427203003964905e+01	1.777996852766047908e+01
3.289237200334947264e+00	1.716248465498044240e+01	-1.438760901997822828e+01	1.699012714643938793e+01
3.295519587088236779e+00	1.712723940403372680e+01	-1.428026347214794711e+01	1.650263321447181042e+01
3.301805977329951958e+00	1.703115205828992984e+01	-1.402393493594712304e+01	1.581292162110004362e+01
3.308087486222440088e+00	1.697300214728289092e+01	-1.382302186739138428e+01	1.524299791513362479e+01
3.314367630234227313e+00	1.691258804433947205e+01	-1.366126154740097931e+01	1.460902499341410099e+01
3.320651909732194262e+00	1.681239901331154485e+01	-1.339248347604188005e+01	1.398107284738105349e+01
3.326931260376857047e+00	1.676007372353643277e+01	-1.323949852008449746e+01	1.345692857574682400e+01
3.333216512447217728e+00	1.671068791779503115e+01	-1.306512171693905522e+01	1.294349986152572640e+01
3.339504489419978128e+00	1.663297269461140715e+01	-1.291527244810357899e+01	1.241609684533605140e+01
3.345786804809928405e+00	1.659692314363169174e+01	-1.278291179521355225e+01	1.196950536076175453e+01
3.352071130016277767e+00	1.652851653827164924e+01	-1.262514125697431133e+01	1.135263707108521558e+01
3.358351496304225581e+00	1.648640306873476646e+01	-1.249764053273147724e+01	1.090555388086441369e+01
3.364630591073392019e+00	1.642179310740615605e+01	-1.230804132805988793e+01	1.037177927384529852e+01
3.370916305215045483e+00	1.639816645183146804e+01	-1.221831527451492327e+01	1.004645994130046915e+01
3.377197952029413752e+00	1.635278842294545143e+01	-1.205080092483743393e+01	9.451734169055319157e+00
3.383483063818085501e+00	1.632389257783327352e+01	-1.192638385577813764e+01	9.065612488244275013e+00
3.389769992424469969e+00	1.631113873551148430e+01	-1.180789948987875171e+01	8.595908213257200003e+00
3.396051330885982100e+00	1.623215442076630666e+01	-1.168238981093767670e+01	8.106908262783218078e+00
3.402330879139463971e+00	1.620148814142525850e+01	-1.156877434524696824e+01	7.701347990197018767e+00
3.408610488352048495e+00	1.613384341495057228e+01	-1.137478303033595850e+01	7.236009058862081567e+00
3.414897837696641236e+00	1.613566181334449467e+01	-1.133890857197201996e+01	6.852461697819165032e+00
3.421180484052105619e+00	1.608888137458589540e+01	-1.120826271142055575e+01	6.487789832798352307e+00
3.427461639653846870e+00	1.608586585479563524e+01	-1.120016562261366033e+01	6.052842051905236609e+00
3.433749159643459059e+00	1.603391464418954726e+01	-1.102367983623713421e+01	5.628576053355883957e+00
3.440032646656798310e+00	1.598976529704600757e+01	-1.089796512073418278e+01	5.151517812099032589e+00
3.446313366033385339e+00	1.603829906207341338e+01	-1.097072521596075845e+01	4.984303340821923278e+00
3.452600135384134905e+00	1.589698605529884290e+01	-1.065661249894429474e+01	4.335154351416519170e+00
3.458883152815406703e+00	1.590532015388839149e+01	-1.060442357253025492e+01	3.928787194446196729e+00
3.465163834403715448e+00	1.593693197572177667e+01	-1.061505262811964911e+01	3.781733886876510464e+00
3.471449329786229221e+00	1.587519907605292957e+01	-1.038992981237096203e+01	3.257173791752396852e+00
3.477734476754053894e+00	1.589708335768104597e+01	-1.046055524373582379e+01	2.991701594614922577e+00
3.484019652467224226e+00	1.583994182983853882e+01	-1.027428996669395289e+01	2.517600174320381967e+00
3.490297019369712928e+00	1.582893241442577903e+01	-1.027355700870380062e+01	2.274241322866892290e+00
3.496582486484379970e+00	1.581209957572011682e+01	-1.015558416599400360e+01	1.954645288455910235e+00
3.502868048046865024e+00	1.579694763447904471e+01	-1.003759555760111510e+01	1.513193179870810479e+00
3.509144649545451244e+00	1.576059272353523966e+01	-9.903998578085662530e+00	1.084650716261430281e+00
3.515428082003116295e+00	1.576348988734919132e+01	-9.897049600809120662e+00	8.535336710216284706e-01
3.521711031624695565e+00	1.574134458569575656e+01	-9.805359917112893342e+00	4.705474923701345458e-01
3.527991850954735664e+00	1.571734639119282839e+01	-9.700089831070394908e+00	7.712659029762621021e-02
3.534275545726699885e+00	1.573965956720085480e+01	-9.704449429680387595e+00	-1.361358395322039005e-01
3.540562632020772149e+00	1.569249459796893831e+01	-9.576761519074203477e+00	-5.433566740290697306e-01
3.546844410757220789e+00	1.566996629801876217e+01	-9.482084422263652002e+00	-9.267030400299756110e-01
3.553131386753758836e+00	1.571261478451065940e+01	-9.491193081441439361e+00	-1.139522320836448888e+00
3.559419203211965144e+00	1.565218588615638673e+01	-9.388579412073026376e+00	-1.532326936060898648e+00
3.565697971577579839e+00	1.563652930223708637e+01	-9.281132296429582595e+00	-1.893892783105506350e+00
3.571979559134798254e+00	1.566808336649326705e+01	-9.318268806871431664e+00	-2.026450347874794833e+00
3.578265774595833726e+00	1.564497772887762927e+01	-9.218902933011685619e+00	-2.428306266644024713e+00
3.584548309769353125e+00	1.563254237729325169e+01	-9.160484502024791809e+00	-2.667037902213910350e+00
3.590826843920031486e+00	1.558804153013286786e+01	-8.973311004468156327e+00	-3.188722524575666295e+00
3.597107306745233934e+00	1.564541110533149215e+01	-9.005921705705766556e+00	-3.310420120643719155e+00
3.603392831792229245e+00	1.559783577140334287e+01	-8.947296687253576408e+00	-3.592770434901147336e+00
3.609673209822572559e+00	1.562304989632193930e+01	-8.908024064548753174e+00	-3.955455249086508029e+00
3.615955412133016189e+00	1.557988912669964954e+01	-8.802670964669667697e+00	-4.290027202757874747e+00
3.622241607772384686e+00	1.556427191023909096e+01	-8.679373715742817907e+00	-4.614818270178059123e+00
3.628520252736676444e+00	1.561840394943959787e+01	-8.782384635613640356e+00	-4.733653503313900224e+00
3.634804827569451113e+00	1.561499198143099143e+01	-8.728041711515732715e+00	-5.039825785140662262e+00
3.641094981788862928e+00	1.558912122831588221e+01	-8.629969527139790486e+00	-5.331909995311396422e+00
3.647383514928639325e+00	1.557212758642624983e+01	-8.518078008918225308e+00	-5.672011074703249278e+00
3.653663283927725658e+00	1.561244570812433885e+01	-8.546238399316923307e+00	-5.961148839287394807e+00
3.659943504072155296e+00	1.560265817075293882e+01	-8.449135336020683340e+00	-6.235990494415958985e+00
3.666232000281138603e+00	1.556328902184916707e+01	-8.353385690104703443e+00	-6.544784558126950813e+00
3.672514211678317597e+00	1.558707191420399596e+01	-8.354408200595109690e+00	-6.696061201191997547e+00
3.678794154686042539e+00	1.556518623153083247e+01	-8.256087615519833278e+00	-7.048957030541227020e+00
3.685078621861909820e+00	1.557869489724261669e+01	-8.235737461366664292e+00	-7.286981796145367341e+00
3.691359210097977961e+00	1.560248477231166575e+01	-8.239864193205690412e+00	-7.560550364934370826e+00
3.697642368173791105e+00	1.564076615345618038e+01	-8.209641678511284013e+00	-7.765240936599989929e+00
3.703925796735277665e+00	1.563134056718199894e+01	-8.181528104996775852e+00	-7.998628901517185419e+00
3.710208240364660348e+00	1.561791699862803284e+01	-8.037281930195543822e+00	-8.423751858925813352e+00
3.716494593122387169e+00	1.565949657392546790e+01	-8.069463751268514784e+00	-8.533230028419765745e+00
3.722775386659595398e+00	1.561080497646744369e+01	-7.950389539365330549e+00	-8.934287124284708170e+00
3.729058392883481510e+00	1.565297258191546526e+01	-8.000480093446766361e+00	-9.066925096139502926e+00
3.735339748210807720e+00	1.563145378529917551e+01	-7.895189838561131879e+00	-9.369347486497350275e+00
3.741620776392969638e+00	1.564099467938170029e+01	-7.818326677137971359e+00	-9.691424986182264334e+00
3.747904795418762980e+00	1.565771084160389925e+01	-7.837550151943934118e+00	-9.833028127826381137e+00
3.754190633281219380e+00	1.564935845147906512e+01	-7.745573145540045168e+00	-1.014059315542237449e+01
3.760478208018912749e+00	1.567173065947636701e+01	-7.733719836298933892e+00	-1.033354243710750886e+01
3.766755538573464346e+00	1.571659128547321771e+01	-7.724076561034495469e+00	-1.054785534655983703e+01
3.773032090135151506e+00	1.569292125596408383e+01	-7.636620606043089232e+00	-1.091113044379617847e+01
3.779322553012896879e+00	1.573055270707638620e+01	-7.646122969822417126e+00	-1.105411169989858777e+01
3.785609109731308930e+00	1.570322730147931622e+01	-7.574005946292095004e+00	-1.137126147360364214e+01
3.791889825936295200e+00	1.574033211845091351e+01	-7.559683760542607267e+00	-1.160829117166250590e+01
3.798174822702435893e+00	1.575614655550249310e+01	-7.524094888676308379e+00	-1.183242101898629528e+01
3.804458658753491651e+00	1.573757269876669973e+01	-7.434007416319091455e+00	-1.221097438665242763e+01
3.810738438095723435e+00	1.578519269467654951e+01	-7.458170884342891327e+00	-1.225377216743222775e+01
3.817018850285747167e+00	1.577580547029619318e+01	-7.316880192373375280e+00	-1.264349146508222077e+01
3.823305314209427763e+00	1.577840035978475797e+01	-7.348653535376024948e+00	-1.279879786090140925e+01
3.829591295197792178e+00	1.579594655951494886e+01	-7.270583033876119927e+00	-1.310198786644162539e+01
3.835872296070849341e+00	1.582964354109871152e+01	-7.218373228387040541e+00	-1.342429050662212120e+01
3.842156279590906109e+00	1.588473333971008472e+01	-7.341355992734857061e+00	-1.339422914664167941e+01
3.848441511099312429e+00	1.586771191379284573e+01	-7.157766946179166645e+00	-1.387364238474500233e+01
3.854723334376886079e+00	1.588234597782799717e+01	-7.121633352655593718e+00	-1.408939718431835608e+01
3.861004740704794713e+00	1.593359932903880960e+01	-7.185193711162554564e+00	-1.418940238501751239e+01
3.867284336650660848e+00	1.593215620536198962e+01	-7.103978104749320899e+00	-1.449231133354956569e+01
3.873567367678779849e+00	1.595550444861459027e+01	-7.075690746817533849e+00	-1.474015423556630111e+01
3.879850662830422792e+00	1.592496725106446398e+01	-6.988124845061723711e+00	-1.500477864496870417e+01
3.886137063198143338e+00	1.600800754661494807e+01	-6.993377433116409136e+00	-1.524326476486089632e+01
3.892419463049126005e+00	1.600489081254531243e+01	-6.960434919233033924e+00	-1.543828920141010919e+01
3.898703740328622658e+00	1.601435548588949231e+01	-6.888755123686658877e+00	-1.572160761415046970e+01
3.904991458788179326e+00	1.602731422990877874e+01	-6.850032112468025680e+00	-1.595631350603066245e+01
3.911270842222104083e+00	1.602903484355709907e+01	-6.799594572049601382e+00	-1.623716179735361465e+01
3.917549806479573071e+00	1.610953792463169876e+01	-6.856445385419559280e+00	-1.629045613443710394e+01
3.923836006203090587e+00	1.610788380716870449e+01	-6.773098892481125510e+00	-1.672200544071044703e+01
3.930121452497870926e+00	1.615040468059407885e+01	-6.827987796758316463e+00	-1.678177347032442768e+01
3.936398172858230460e+00	1.613564360653212404e+01	-6.706733873065740426e+00	-1.710815927652521040e+01
3.942683040425962293e+00	1.617948257229351938e+01	-6.732071398454143818e+00	-1.728682313114143199e+01
3.948974759704379611e+00	1.624592668730593203e+01	-6.733545535778470814e+00	-1.749733004784106072e+01
3.955259227995065352e+00	1.622671202148277914e+01	-6.516507838279693487e+00	-1.803222026139169287e+01
3.961537174921395454e+00	1.627298156335600865e+01	-6.622658870147319021e+00	-1.796679597772260806e+01
3.967820217617139544e+00	1.628295417562808112e+01	-6.543912543635090451e+00	-1.827718227638750648e+01
3.974105559832568968e+00	1.635693670299744085e+01	-6.560226527912695005e+00	-1.851327867192713228e+01
3.980384727931198352e+00	1.638408083331352927e+01	-6.555983265220485023e+00	-1.870935019266457999e+01
3.986664590839849698e+00	1.638350046131843385e+01	-6.493895117509890014e+00	-1.901566274871968076e+01
3.992949619150675034e+00	1.642446760908748260e+01	-6.503503772960844032e+00	-1.907285786498051294e+01
3.999235075769965952e+00	1.647729591651561520e+01	-6.408273160418876735e+00	-1.952613660936997420e+01
4.005515715515433506e+00	1.651294123152037230e+01	-6.419498053689232542e+00	-1.968759715615724915e+01
4.011798434346478537e+00	1.653195895999759202e+01	-6.398799875295493322e+00	-1.990675282446899885e+01
4.018083716245132386e+00	1.652772799177033747e+01	-6.278103621994345573e+00	-2.025364016430556191e+01
4.024365700052603856e+00	1.660480400122148126e+01	-6.401736420570196096e+00	-2.027856804006111346e+01
4.030643960839860540e+00	1.659194439504943475e+01	-6.230064430163833933e+00	-2.071210054241646148e+01
4.036928708926215137e+00	1.668722498564279277e+01	-6.371520774338722326e+00	-2.070936179104465680e+01
4.043218157412017177e+00	1.669194388722599243e+01	-6.231538624679924254e+00	-2.107103852687860623e+01
4.049503019487663558e+00	1.674327576247141636e+01	-6.237898643897519690e+00	-2.131565028373397652e+01
4.055781898960511000e+00	1.681263564759408169e+01	-6.250023305644119453e+00	-2.153699177204465087e+01
4.062060795621602161e+00	1.679840091821098369e+01	-6.097201693367354736e+00	-2.194923347941741198e+01
4.068347865354716042e+00	1.689206330663936129e+01	-6.259032064162626696e+00	-2.188513416790798516e+01
4.074631027173265529e+00	1.686319523559262024e+01	-6.071453432892104374e+00	-2.236272914643514298e+01
4.080910837526078971e+00	1.691504393623722535e+01	-6.043380439486184308e+00	-2.261387038283064754e+01
4.087201203341442657e+00	1.699299385466570556e+01	-6.148914533117948444e+00	-2.268675393116996375e+01
4.093486818591942189e+00	1.702454996738861581e+01	-6.053679743063214325e+00	-2.309279480706984344e+01
4.099764387336505500e+00	1.708540461246750652e+01	-6.096482442503646126e+00	-2.317449814092411131e+01
4.106049166937662420e+00	1.706908412659253926e+01	-5.965264884211936902e+00	-2.353760314134846254e+01
4.112334559041358695e+00	1.710907843536745432e+01	-5.976960784711164543e+00	-2.368583975953801612e+01
4.118618926059533614e+00	1.720493957532533713e+01	-5.961468170113966458e+00	-2.404993879994527362e+01
4.124898942031112625e+00	1.717808084329518792e+01	-5.866124518108679631e+00	-2.432229882880685068e+01
4.131175432561665417e+00	1.729261726954079847e+01	-5.933320577125162920e+00	-2.446559595309063795e+01
4.137461563786142271e+00	1.725982885314311943e+01	-5.746717817702273301e+00	-2.493050067143952120e+01
4.143746006210170307e+00	1.740278301960877272e+01	-6.016429350548254007e+00	-2.475485749029394711e+01
4.150029800482964326e+00	1.743142132984232617e+01	-5.894016775524583807e+00	-2.520703527839668823e+01
4.156313390684649001e+00	1.745074712723794974e+01	-5.848549273043153640e+00	-2.547533858933508810e+01
4.162596105843763716e+00	1.750124691723905812e+01	-5.828563836520674002e+00	-2.568805445684573741e+01
4.168881843141768684e+00	1.752798278843960489e+01	-5.713184239868767555e+00	-2.616053135531941010e+01
4.175162111073220217e+00	1.762957618035436980e+01	-5.841039322219954144e+00	-2.620720637832419442e+01
4.181448573417560155e+00	1.765879777285329766e+01	-5.726982434900026675e+00	-2.663283764339998072e+01
4.187738782464171194e+00	1.773296139143624117e+01	-5.747337865740413498e+00	-2.672935850650524259e+01
4.194017437180169061e+00	1.772870011072435759e+01	-5.621585531277348835e+00	-2.717097520751881490e+01
4.200293572701767175e+00	1.779306220323785226e+01	-5.625045781633576603e+00	-2.744912938344022990e+01
4.206580195481546269e+00	1.787309034390258589e+01	-5.706272764401013831e+00	-2.749571971976147111e+01
4.212860644652220543e+00	1.788730437801439521e+01	-5.480271676827978666e+00	-2.815312208377283554e+01
4.219138153430114002e+00	1.800823664269451285e+01	-5.644759238701507975e+00	-2.811211432109239539e+01
4.225426162098283811e+00	1.796944972024735776e+01	-5.472343562708075204e+00	-2.854656373665546099e+01
4.231713506719782636e+00	1.807844571422876356e+01	-5.509048028705839428e+00	-2.883544130713640286e+01
4.237990056577191744e+00	1.811723828544853276e+01	-5.479336361809081346e+00	-2.902449556118045848e+01
4.244267783646744618e+00	1.815623306371907475e+01	-5.286562877497492430e+00	-2.968095244117587228e+01
4.250560660182562955e+00	1.830439979804912554e+01	-5.532894810325974966e+00	-2.954733337572242746e+01
4.256847734842668096e+00	1.828316986318223414e+01	-5.389440802143964149e+00	-2.997743501596969651e+01
4.263127100734456221e+00	1.837858966295143048e+01	-5.448921613857457658e+00	-3.016874247229520378e+01
4.269406860432507500e+00	1.841872971155554595e+01	-5.376549842438654636e+00	-3.052530592521930686e+01
4.275691671482192646e+00	1.842900208966670306e+01	-5.179954554971748948e+00	-3.112544128014262057e+01
4.281972414189518794e+00	1.853462334980977033e+01	-5.266076848760780749e+00	-3.124104430885164874e+01
4.288253516806755705e+00	1.849445007909172745e+01	-5.047603862650954731e+00	-3.177133734965634915e+01
4.294540520160492925e+00	1.860544527994990460e+01	-5.183082847768389456e+00	-3.182238409990123174e+01
4.300825742921731809e+00	1.867827159759069389e+01	-5.077438641089405458e+00	-3.235130703213336290e+01
4.307109835491901961e+00	1.872205842655428398e+01	-4.985923683709539311e+00	-3.279127358062509501e+01
4.313390926478413157e+00	1.883524807113131061e+01	-5.154389502304309367e+00	-3.276736723796869200e+01
4.319667979480563247e+00	1.872472485734066439e+01	-4.809754305357023085e+00	-3.347184335153337997e+01
4.325952598143786076e+00	1.897950223114324331e+01	-5.127016196951132088e+00	-3.334498071334816416e+01
4.332241647035422361e+00	1.885571589031506079e+01	-4.804241815462357401e+00	-3.403823832257879189e+01
4.338524445619096781e+00	1.901709290734160618e+01	-4.894201891442063967e+00	-3.426485531206297708e+01
4.344809348131129845e+00	1.908084850111276509e+01	-4.818806538307216059e+00	-3.475301519762977875e+01
4.351090699193166600e+00	1.905539853313516829e+01	-4.592113570144167767e+00	-3.534646069371993349e+01
4.357369710808320029e+00	1.920422076677834511e+01	-4.834442510863408593e+00	-3.522904330062198852e+01
4.363659348967174445e+00	1.913925413586806101e+01	-4.585837353244360592e+00	-3.585037209757906851e+01
4.369947418280990981e+00	1.929574347336252060e+01	-4.653256289551104707e+00	-3.617727480011851071e+01
4.376226569265827315e+00	1.928855397360212365e+01	-4.629287712604969407e+00	-3.632896454058803926e+01
4.382499356631129217e+00	1.930886864755606425e+01	-4.378414049087780313e+00	-3.713799196394039370e+01
4.388784975178015024e+00	1.944811971305302478e+01	-4.546657067999212209e+00	-3.718179541650930986e+01
4.395068696309480494e+00	1.933371968964476650e+01	-4.201230342231619730e+00	-3.800453387431303298e+01
4.401347962382031298e+00	1.958706124003507654e+01	-4.493869946762310441e+00	-3.795104269195198299e+01
4.407628405096517099e+00	1.943574889575529596e+01	-4.099004609882485717e+00	-3.867775036570903069e+01
4.413915862185140426e+00	1.952694047276331801e+01	-4.096320009207349955e+00	-3.912747604794905243e+01
4.420203163534264235e+00	1.960938984713130040e+01	-4.098733851436618281e+00	-3.937416540813265442e+01
4.426480311003382795e+00	1.955046165601310548e+01	-3.748487920546675678e+00	-4.039951057057609773e+01
4.432765973643649104e+00	1.980703790504622219e+01	-4.084205368168789541e+00	-4.017439283558801577e+01
4.439053392023870614e+00	1.960508478456214831e+01	-3.666099896537053038e+00	-4.106420748584512381e+01
4.445336141335588742e+00	1.979841858205903904e+01	-3.893944950932110682e+00	-4.110386171782241860e+01
4.451617241414883352e+00	1.972787800533610891e+01	-3.541233534326279742e+00	-4.199402609713384749e+01
4.457901500730311106e+00	1.968639002942749983e+01	-3.307429139503287097e+00	-4.263185410174317980e+01
4.464189501093017043e+00	1.978987778456718161e+01	-3.464902527778644714e+00	-4.265900656248834366e+01
4.470470197548729985e+00	1.963510096104361935e+01	-2.952907075838094197e+00	-4.387802291474393002e+01
4.476748044268524573e+00	1.983428580295859334e+01	-3.245237485188661175e+00	-4.374211659154785536e+01
4.483035990164653484e+00	1.968016741324939645e+01	-2.801727403187318277e+00	-4.475654163680447795e+01
4.489323331650528104e+00	1.982328989555694676e+01	-2.894054500673750585e+00	-4.506935637619359625e+01
4.495599111667934800e+00	1.974806014699959889e+01	-2.614857369893355710e+00	-4.578995429299029496e+01
4.501870922878794090e+00	1.956108467300846243e+01	-2.287840841693953298e+00	-4.649271719972165329e+01
4.508155162877705457e+00	1.969189050193611124e+01	-2.511204615850260335e+00	-4.649075889257794358e+01
4.514446451153479423e+00	1.959843619267373072e+01	-2.044879500671346051e+00	-4.771679621872793575e+01
4.520723894043856994e+00	1.964026726011734425e+01	-2.042945529044290609e+00	-4.809802198378488924e+01
4.527003782460155890e+00	1.952820224692467477e+01	-1.744808196877348339e+00	-4.893643306851802066e+01
4.533293086610313161e+00	1.947886362408268113e+01	-1.560299939966741434e+00	-4.958345287017228742e+01
4.539578989864040182e+00	1.942239935274271190e+01	-1.361295690534718217e+00	-5.031543104580514125e+01
4.545857164866476730e+00	1.931881872152389690e+01	-1.005495286059146176e+00	-5.119347538098804051e+01
4.552138955546025656e+00	1.921369255877770499e+01	-8.074436361228212178e-01	-5.181011786129850805e+01
4.558432046889146605e+00	1.922602581592108351e+01	-7.025677552833403672e-01	-5.245668537974153622e+01
4.564713463378488711e+00	1.925304106824385286e+01	-6.576034730070594581e-01	-5.296202518990003227e+01
4.570987274133244682e+00	1.919191513248775038e+01	-5.969203681590599109e-01	-5.328514123017039594e+01
4.577274818151045643e+00	1.921503211192876037e+01	-4.964662217247875486e-01	-5.383041707411155130e+01
4.583563263889338657e+00	1.925180213952063468e+01	-4.630845316318293881e-01	-5.427273730084441894e+01
4.589844917004465508e+00	1.927016622211915831e+01	-4.728214071298132426e-01	-5.458773041729662623e+01
4.596126259982004747e+00	1.932981041909225084e+01	-3.856129372063409888e-01	-5.526375961243672208e+01
4.602409075598298926e+00	1.933098536473610807e+01	-3.327270990370031489e-01	-5.558589060169931173e+01
4.608696634867644804e+00	1.939759127576533260e+01	-3.363052116700407379e-01	-5.599312933822128713e+01
4.614977646498861219e+00	1.946452381690151512e+01	-3.632980814857365570e-01	-5.646764273842774173e+01
4.621258953029527383e+00	1.949324050459122404e+01	-2.900185988232135692e-01	-5.687160816539393693e+01
4.627547993978874175e+00	1.943757640331387648e+01	-3.218001734375833256e-01	-5.691240703091056474e+01
4.633830152730579854e+00	1.955011468675599673e+01	-2.385492756600442188e-01	-5.765553578639841703e+01
4.640104005367354567e+00	1.960528348428552547e+01	-3.047529250176996829e-01	-5.785854714481534700e+01
4.646382060386754276e+00	1.968493368670355892e+01	-2.472047576560429394e-01	-5.843854508391061842e+01
4.652674213731970987e+00	1.962339759506238934e+01	-2.475624488835624637e-01	-5.851729769093098810e+01
4.658958291796220230e+00	1.976586234107168494e+01	-1.975665218271440982e-01	-5.917139900764676952e+01
4.665233615070169648e+00	1.983384629698310420e+01	-1.757353259661672829e-01	-5.965130406787135087e+01
4.671520675710307380e+00	1.986299788046623505e+01	-1.753463783333295278e-01	-5.995702436468383212e+01
4.677814351732177300e+00	2.000186034623813214e+01	-1.597913646149719813e-01	-6.056337326418899636e+01
4.684093699744638073e+00	2.003979995692253624e+01	-2.426119156385251607e-01	-6.075959053938093746e+01
4.690368661472568590e+00	2.011603065706542282e+01	-1.514091227697627606e-01	-6.131664333094246189e+01
4.696663270746453733e+00	2.010021754995314325e+01	-1.286028720491136368e-01	-6.149160270064513156e+01
4.702945459248681459e+00	2.026091958622014744e+01	-7.606130596344615191e-02	-6.227717846051938011e+01
4.709209170841929470e+00	2.026892931705459233e+01	-1.396410371637484271e-01	-6.237002618312071434e+01
4.715491634753063543e+00	2.033270346899351466e+01	-1.022637554311575381e-01	-6.277134416620590684e+01
4.721784316284933780e+00	2.043274382577994785e+01	-1.231325122166344876e-01	-6.326341194377815924e+01
4.728063062331094635e+00	2.050778932170450375e+01	-1.297292435640317043e-01	-6.364039040599213592e+01
4.734337423381671073e+00	2.058588262998866014e+01	-8.379818324034750410e-02	-6.412174780437517541e+01
4.740627024094544062e+00	2.064196782586432022e+01	-1.284215865321853833e-01	-6.447675685813770485e+01
4.746914995664547554e+00	2.082147612600243036e+01	-8.269730949606987624e-02	-6.520972901599238014e+01
4.753194740071086777e+00	2.081141844135248320e+01	-1.044226024913865458e-01	-6.530982536176078668e+01
4.759478891864783456e+00	2.090064817608259062e+01	-2.765337801161573891e-02	-6.585300702591025868e+01
4.765762396877359031e+00	2.101640718673525399e+01	-1.003745279694266967e-01	-6.632932405175417045e+01
4.772049481246195768e+00	2.106667967736877500e+01	-8.800270018810985029e-02	-6.661939791883598616e+01
4.778335091022592351e+00	2.119832131583213553e+01	-6.799005845647584922e-02	-6.722169799906055232e+01
4.784610831402393849e+00	2.122421829137774907e+01	-1.224104544361003105e-01	-6.739406858492090180e+01
4.790907306208476157e+00	2.133533578382207807e+01	-2.495743987808290987e-02	-6.802712569826270794e+01
4.797204047706418173e+00	2.146982807343369970e+01	-8.477378735395546538e-02	-6.847271407089142770e+01
4.803470827697504220e+00	2.150671099102293127e+01	-2.120979234794807822e-02	-6.886368648699766482e+01
4.809748850577324042e+00	2.157470697996046738e+01	-7.504028494837770846e-02	-6.917951418972745614e+01
4.816045316586602176e+00	2.181886930959080573e+01	-5.704018175079926534e-02	-7.010194269385272037e+01
4.822329240673497885e+00	2.179791348461943912e+01	3.208344571180805471e-03	-7.024270048719210990e+01
4.828596758226470165e+00	2.194678624587007931e+01	-9.566078044705850214e-02	-7.074569813548038155e+01
4.834890332961369275e+00	2.213207329362550624e+01	-6.356005265014813554e-03	-7.161826985483378394e+01
4.841191655056394261e+00	2.211527961492438976e+01	-6.989888010125172059e-03	-7.170131448719661194e+01
4.847460407468000554e+00	2.224255314889568069e+01	-1.032398968645393683e-01	-7.208677943846386427e+01
4.853732128521334843e+00	2.241170297594745264e+01	-6.198256094377013227e-03	-7.286481471098866791e+01
4.860029138783373170e+00	2.260395634242972207e+01	-3.426080156222501005e-02	-7.360613762451713171e+01
4.866314601732018019e+00	2.267815744533220013e+01	-2.582757294892474784e-02	-7.399703942744460505e+01
4.872587026269203925e+00	2.268514771217004622e+01	-8.359453245123715792e-02	-7.403752753663063402e+01
4.878874221748241702e+00	2.288874062261098885e+01	-7.252988765351292555e-02	-7.490100512545386380e+01
4.885171078138658807e+00	2.294940107420502429e+01	-2.477765875981171109e-02	-7.527476988819493897e+01
4.891450629931857641e+00	2.311587967125927179e+01	1.840281203648612418e-02	-7.596201085687393117e+01
4.897716482750221978e+00	2.326843982914088826e+01	-7.673319839213299520e-02	-7.643028865248498960e+01
4.904002834596266069e+00	2.340034721212703417e+01	3.674626427592555394e-02	-7.721371025002426336e+01
4.910295858205786068e+00	2.357151550739588330e+01	-5.419474824213123265e-02	-7.772331357808435826e+01
4.916575188115905881e+00	2.376818916695412653e+01	-4.420823677254756556e-02	-7.851056001838121290e+01
4.922847946197084212e+00	2.379155362305402832e+01	3.146802741637144685e-02	-7.880666395555218173e+01
4.929131667457151700e+00	2.387212404076293737e+01	-3.463415579067552486e-02	-7.909798445711332704e+01
4.935434460144239033e+00	2.400815322496174531e+01	-4.174279136101503862e-02	-7.963165930468744591e+01
4.941718513303545279e+00	2.420834383786907296e+01	-4.606215373641121824e-03	-8.048388909506442701e+01
4.947978624761803168e+00	2.428322246344612623e+01	-2.608266305328873352e-02	-8.082053781721148766e+01
4.954274999209829389e+00	2.449928831354694836e+01	-1.883438694299652966e-02	-8.162398858552438696e+01
4.960571094729937514e+00	2.473650022605398391e+01	9.818748512615158019e-02	-8.268062444721645932e+01
4.966823207626954506e+00	2.461043948055256436e+01	1.660888350000066377e-02	-8.227067127477845077e+01
4.973097418390337587e+00	2.486457414122856946e+01	-4.692118651337407603e-02	-8.314277583701547769e+01
4.979415129936382023e+00	2.505916806764957272e+01	-3.933168828627628399e-02	-8.389197029930140559e+01
4.985702082330368157e+00	2.524222040055725103e+01	-8.020733314303593597e-02	-8.456299958793371729e+01
4.991949985828016523e+00	2.561685242791035222e+01	1.516197774480792159e-03	-8.600967085553585889e+01
4.998241586316924057e+00	2.551179728679611003e+01	-8.700568846032033510e-02	-8.566109308172607939e+01
5.004556635606089543e+00	2.572486265169683506e+01	-5.522173023362154237e-02	-8.651799373496351109e+01
5.010828655701208945e+00	2.580661452551882107e+01	-3.645522430316641693e-02	-8.690461240156973588e+01
5.017077229702536556e+00	2.601574777457744503e+01	2.983901156063063775e-02	-8.777371007438553363e+01
5.023374414758113637e+00	2.610763525138846219e+01	3.254039291337578604e-02	-8.819087427907309973e+01
5.029688873569548413e+00	2.637216977482609792e+01	5.975141540647785354e-02	-8.916872427621514419e+01
5.035958413584124216e+00	2.648688407731770056e+01	-6.514597383806122743e-02	-8.949235250908152750e+01
5.042232667658486989e+00	2.694519980693777228e+01	-5.297330896539536454e-03	-9.123868893771732758e+01
5.048528755870775875e+00	2.703446652711043896e+01	-1.423581936086506898e-02	-9.164288905789382511e+01
5.054821121427484520e+00	2.706440567391869578e+01	-1.026016272102903693e-01	-9.168958392184028128e+01
5.061069509814582368e+00	2.738097406127214128e+01	-4.104201517268948191e-02	-9.292035379567838049e+01
5.067347812754101177e+00	2.746248899851386582e+01	1.920959151414772248e-02	-9.335890852055995026e+01
5.073675050630431116e+00	2.772907387154887715e+01	-3.646053450649864008e-03	-9.434434467075799091e+01
5.079945928388977627e+00	2.781734404693760609e+01	-3.701593798951920145e-02	-9.467707583149537243e+01
5.086192992546071601e+00	2.798819724889490956e+01	-6.626205678341519356e-02	-9.527593887750673218e+01
5.092484128970163226e+00	2.820830092106552911e+01	-1.177064284773152170e-02	-9.622386948969136711e+01
5.098802924706086870e+00	2.842327651891811158e+01	-4.575569410378794305e-02	-9.695731695614385615e+01
5.105078217426394005e+00	2.873298703271125376e+01	-1.323004982261689333e-01	-9.799031942541766682e+01
5.111325076574067872e+00	2.890361307629913412e+01	-1.324865311478029724e-02	-9.876643486568340791e+01
5.117628358851224135e+00	2.926207664736010372e+01	-6.054005776438857456e-02	-1.000539396293320493e+02
5.123935939383525984e+00	2.972109814488958079e+01	3.200173192091322399e-04	-1.017452457545271187e+02
5.130199176325612065e+00	2.977327919567660075e+01	1.382901905757299987e-02	-1.019892369343160681e+02
5.136469985878846956e+00	2.977470161901073453e+01	2.243682917425306525e-02	-1.021397922843985526e+02
5.142797788696348071e+00	3.018597363771247544e+01	1.295433455002224440e-02	-1.035913411944623590e+02
5.149090378043822192e+00	3.033057120935951190e+01	1.884626435869671268e-02	-1.041510226818385121e+02
5.155289879840074363e+00	3.043682846198940695e+01	1.338081495839385689e-03	-1.045778371782399887e+02
5.161564521234301317e+00	3.089110693792270013e+01	2.029602778148200531e-02	-1.062368913445523049e+02
5.167916673496016244e+00	3.099934287928820709e+01	9.327039468458862490e-03	-1.066668500762608005e+02
5.174205974602950064e+00	3.158773387022051793e+01	8.976176751066367032e-02	-1.088111002533191254e+02
5.180434820793812456e+00	3.176582097322091514e+01	3.709832988138390963e-02	-1.094421937588252405e+02
5.186729096569634656e+00	3.210514500871363452e+01	5.370147661856253425e-03	-1.106951157997527275e+02
5.193058481037780894e+00	3.214164355339274692e+01	-3.716546708770812613e-02	-1.107904970497359329e+02
5.199319511444338460e+00	3.264341377070250871e+01	7.691706529238215295e-02	-1.126889866241142215e+02
5.205574295584361799e+00	3.242085665138991857e+01	-6.505056518126808851e-02	-1.118485825558625635e+02
5.211894977074066126e+00	3.269518371107950117e+01	1.285620627194300741e-03	-1.129450057520035671e+02
5.218201708336958511e+00	3.328188212090156384e+01	1.549201412913394672e-02	-1.150272866431551080e+02
5.224411911780083351e+00	3.376659678266055664e+01	8.491362708056434359e-04	-1.167359191109163135e+02
5.230677632666463239e+00	3.407635351439407145e+01	-3.895375491424464456e-03	-1.178781080257944893e+02
5.237056729559757429e+00	3.427385782127982594e+01	-2.282402562263566650e-02	-1.186144694353534561e+02
5.243336785035660697e+00	3.431036682000245008e+01	-9.162392139229228946e-03	-1.187943696258390673e+02
5.249493476178225038e+00	3.478893470578961455e+01	-5.261563566680412668e-02	-1.204233770341252523e+02
5.255787017738318134e+00	3.551623496132573621e+01	-4.051167385663022313e-02	-1.230621183666920473e+02
5.262205327426889845e+00	3.553446964984564005e+01	-3.825338923992372547e-02	-1.231616884519319797e+02
5.268477758348532269e+00	3.577298850542372577e+01	4.605264807810067335e-02	-1.241250881284390886e+02
5.274632213654732560e+00	3.615366273758935023e+01	3.855821784406906778e-03	-1.254487184865137692e+02
5.280950543314659740e+00	3.639030333124303951e+01	-4.192596306540562895e-02	-1.263036434591491002e+02
5.287327645024750389e+00	3.695411961342578167e+01	-4.070606563795940713e-02	-1.282968743085788219e+02
5.293582359180156516e+00	3.716862092145014174e+01	-1.647603941052194071e-02	-1.290854413823407754e+02
5.299789992649893478e+00	3.756646025149281343e+01	1.229562915435631135e-02	-1.305809074314021530e+02
5.306111460381987222e+00	3.815808441385126315e+01	2.154198524973636314e-02	-1.327011626805401363e+02
5.312452717892129250e+00	3.849939479826203836e+01	-4.702895818076705675e-02	-1.338401547398927960e+02
5.318650122853046724e+00	3.900572642023431769e+01	-9.621821761635528103e-03	-1.356527900095823327e+02
5.324923043129819789e+00	3.891642172768868591e+01	2.638790771252252920e-02	-1.354848521935397798e+02
5.331330237158205421e+00	3.945968584238296017e+01	-6.827062802094359395e-02	-1.373017970617257504e+02
5.337586726886338617e+00	3.995988160779963749e+01	-8.377567205826583208e-02	-1.390446751878948817e+02
5.343685192440848830e+00	4.131544601699060593e+01	6.035023052791614433e-03	-1.438881718033391337e+02
5.350070659715249199e+00	4.153483888232945276e+01	-8.268947894770849183e-02	-1.446577964545704162e+02
5.356556762554878226e+00	4.127074392757847221e+01	-1.491278915933524300e-03	-1.438436674069636183e+02
5.362691868684501095e+00	4.125549486908640517e+01	5.221980217467359076e-02	-1.438474745943354378e+02
5.368769208912516966e+00	4.180073076120475406e+01	-9.799689445707617357e-06	-1.457218030252639664e+02
5.375270137997677722e+00	4.172086933680849086e+01	-1.350292067147488770e-02	-1.455191161151652466e+02
5.381769983045385786e+00	4.284665908869482820e+01	-5.575273101383017987e-02	-1.494268032476755366e+02
5.387701030372958222e+00	4.362033356858277955e+01	-1.257757633940366215e-01	-1.520415303407709473e+02
5.393786668001271600e+00	4.483085525458543685e+01	-3.475685836700108389e-02	-1.564138056143236213e+02
5.400446161099396569e+00	4.466613107712281305e+01	4.838477478882612093e-02	-1.559883047295817278e+02
5.406957063684501463e+00	4.460318935258172246e+01	1.038439766252679669e-01	-1.558500339954568688e+02
5.412655672453426270e+00	4.513301024384254134e+01	-1.328036539274662399e-02	-1.575554361576749614e+02
5.418821279260546575e+00	4.652895781569765887e+01	3.326974388142266929e-03	-1.625211949657179957e+02
5.425690594366304076e+00	4.644437226673443320e+01	-5.514945119724219691e-02	-1.622098626341979184e+02
5.432217487502165376e+00	4.677422145073203552e+01	3.285560419725240544e-02	-1.634727606997820146e+02
5.437649811577258241e+00	4.746799533756428247e+01	-1.079358204216935291e-01	-1.657121363948347721e+02
5.443914404015878006e+00	4.817181413424300729e+01	-1.433472655259977468e-01	-1.682210658773298633e+02
5.450953501686320202e+00	4.960069227818875959e+01	-4.704974098902769963e-02	-1.733495780240092472e+02
5.457483690405861232e+00	5.004643673814776861e+01	-1.379230620338360858e-01	-1.748357050003138511e+02
5.462715250135157241e+00	4.995331674420291534e+01	4.113756484502568284e-02	-1.746568502688664069e+02
5.469033575551323523e+00	5.094749924328304047e+01	3.664848164220557009e-02	-1.781951326690707447e+02
5.476177730420278778e+00	5.250480955017398088e+01	-3.047114117686165052e-02	-1.835977024564732574e+02
5.482708935702562236e+00	5.033313303149210327e+01	3.782749345076227843e-02	-1.760968828450577348e+02
5.487722405008360838e+00	5.201162011730789914e+01	8.628859829556685679e-02	-1.819890396396199321e+02
5.494194284996126498e+00	5.382747759966792955e+01	1.286341455351978219e-02	-1.883142801114643134e+02
5.501391471009256406e+00	5.538741669454845606e+01	1.587888085999604806e-02	-1.937901843306011642e+02
5.507128202673079009e+00	5.389515908230681873e+01	-5.667411230419887314e-02	-1.885087362502835333e+02
5.512278020050448646e+00	5.308894367136769432e+01	7.735805271187266852e-02	-1.858306523588668995e+02
5.519395563377015534e+00	5.582769795204038132e+01	-6.336189301326362183e-03	-1.953426473207162246e+02
5.526598678609708770e+00	5.779528854903723101e+01	3.875205304152092023e-02	-2.022897208833315403e+02
5.532162682462509196e+00	5.667590337949305734e+01	-8.340456978562965640e-02	-1.982522996569184954e+02
5.537397124017139127e+00	6.239300172859247340e+01	-6.039392150438880474e-02	-2.182922042292429410e+02
5.544582756485218589e+00	5.560458328398676286e+01	-3.812107792168636239e-02	-1.945644277729106477e+02
5.551739327507637434e+00	7.117905798034681197e+01	3.408937534480111636e-02	-2.491509862959059376e+02
5.557493306674907707e+00	8.034497678950228305e+01	-1.389068496275552289e-01	-2.810614824866491972e+02
5.562281709102816940e+00	6.742520553331321764e+01	-3.136881930814513792e-03	-2.359823537714106294e+02
5.569272720323164449e+00	3.270752759447242397e+01	-1.640223816585665850e-01	-1.143114793306078383e+02
