8.899641224696953554e-03	1.234394167367046175e+05	1.246658157145187761e+04	-2.517913336077855201e+05
1.507912216506557788e-02	1.149998038117287942e+05	6.177834888857497572e+04	6.546910026917238611e+03
2.144790186456836667e-02	1.035555512045418727e+05	1.165804426252975463e+04	1.716171078814788052e+04
2.783660776489276650e-02	5.314436862216064765e+04	1.586145097091032039e+04	-1.619790032975210488e+04
3.435099785803411021e-02	3.113225831387343715e+04	1.799065517557288695e+04	1.942774769178544375e+04
4.047886761425745911e-02	2.510972033837766867e+04	1.209428002432568064e+04	1.239134786188828548e+04
4.676716683575679601e-02	1.675192457543986529e+04	4.132969738456326922e+03	-2.435027051251589910e+03
5.308225101765951665e-02	1.694914898152261594e+04	8.564196883585404066e+03	-5.582147397993805953e+02
5.945362440940590160e-02	1.707923737697402248e+04	6.667216857053627791e+03	4.348230150138878685e+02
6.576224814588792211e-02	1.609301071762384709e+04	8.677719908765155196e+03	5.693111250830414974e+03
7.196632906698736953e-02	1.285591207903066788e+04	6.454377836139175088e+03	5.508984696039608480e+02
7.827860915688347743e-02	1.081574439438740046e+04	4.784489236569414970e+03	1.778778349108751627e+03
8.470398945834539672e-02	8.405156947913261320e+03	3.906498816700629050e+03	1.074622412531177588e+03
9.096854620527369817e-02	6.468224474434141484e+03	3.744015512820982167e+03	3.033690172732621022e+02
9.720789776830213169e-02	5.943521795126215693e+03	2.923674598350870383e+03	3.170306778910053254e+02
1.034763038959366499e-01	5.456367108196444860e+03	2.272616815073399266e+03	-4.529920046442099419e+02
1.097576444254559219e-01	5.182861555455093367e+03	2.346038082224316440e+03	5.440411008827968544e+02
1.160543084780093354e-01	5.337209392320341976e+03	1.853353691341212652e+03	6.366171136278373410e+01
1.223669666537485351e-01	4.783281385343870170e+03	2.117728607712801931e+03	1.127741831334709843e+02
1.286817263090294094e-01	4.381796589296039201e+03	1.975145400327735160e+03	2.470256084950916531e+01
1.349500801664080818e-01	3.773244306569094988e+03	1.728088529488777567e+03	6.669213053380361771e+02
1.411949558842147678e-01	3.474537379650330877e+03	1.614141317110962291e+03	2.846272675436051713e+02
1.475133575747468451e-01	3.087852818605085304e+03	1.408571228153655966e+03	3.379738415631133535e+02
1.537865074252268427e-01	2.924366111359131992e+03	1.264774295790006136e+03	1.645560394087694647e+02
1.600657544051110326e-01	2.822193133092986955e+03	1.315584643169941046e+03	1.888584773001774977e+02
1.663991168687080635e-01	2.633922525294279694e+03	1.150183515028835700e+03	2.703913507510698651e+02
1.727195645776442856e-01	2.512589854974246919e+03	9.188115681280081617e+02	1.564022537082976498e+02
1.789765213377084718e-01	2.326435487910666779e+03	8.589047247641249214e+02	1.466937104156225757e+02
1.852353690647852158e-01	2.187285438681037249e+03	9.236580527962893257e+02	1.379224030230407436e+02
1.914806787341157279e-01	2.046866293089938154e+03	7.837368547425816132e+02	2.419195484507207823e+02
1.977889868651535599e-01	1.913741251290748096e+03	6.702933386325640868e+02	1.450675022010155146e+02
2.040937735447724277e-01	1.827315889609831856e+03	6.736567441636792637e+02	1.960461410868084045e+02
2.103939302609846018e-01	1.731493368906353680e+03	6.805132913898045217e+02	1.056971942109156117e+02
2.166909709822301688e-01	1.596719061556715360e+03	5.651465941106508808e+02	4.711139721950315362e+01
2.229700281216152047e-01	1.539349012275258019e+03	5.451815033628807896e+02	1.221430366063829496e+02
2.292620027086341994e-01	1.461134399404615579e+03	4.639424987935442459e+02	1.166353057525607966e+02
2.355141508366812297e-01	1.394950326276101350e+03	4.284019400839086416e+02	1.741297573805119328e+02
2.417910583817859116e-01	1.351084941206778694e+03	3.891333983084892338e+02	1.814240414495254186e+02
2.480856539439619257e-01	1.271865549270915380e+03	3.515193322857004432e+02	1.388334986599601564e+02
2.543492256872954549e-01	1.203936047886913002e+03	3.666166213299584342e+02	1.373482611921650687e+02
2.606334251884805386e-01	1.146510263233295973e+03	2.943659813065632989e+02	1.993504506626581474e+02
2.669257370896960802e-01	1.098557359305919363e+03	3.018851942476120485e+02	9.160782559888122023e+01
2.732423343141155980e-01	1.055676246275552103e+03	2.588681559534284133e+02	1.241216291875909974e+02
2.795529680084415936e-01	1.004845864799030551e+03	2.190727248739972595e+02	1.410486948369995162e+02
2.858366292314493129e-01	9.677117852073118911e+02	2.367846993525207608e+02	1.321336576838279200e+02
2.920876271394311496e-01	9.438998830682503467e+02	2.077712342375067180e+02	2.021499157275368077e+02
2.983449844439822751e-01	9.101257799581906056e+02	2.048058375733724006e+02	1.539599058308782844e+02
3.046382639407197446e-01	8.569499404039186174e+02	1.626726892504120201e+02	1.128609923284681145e+02
3.109279127003197196e-01	8.243351253206532192e+02	1.621072680880907626e+02	1.404513976351149438e+02
3.172168171618398036e-01	7.980130982409558555e+02	1.468890670809579149e+02	1.459260785100405258e+02
3.235187567944423082e-01	7.714957571867312254e+02	1.169154887499952054e+02	1.422963139997133908e+02
3.298168217550395687e-01	7.335666700951592247e+02	1.029579679641080645e+02	1.344454446569947379e+02
3.361176429457156667e-01	7.099461683312848663e+02	1.114530668061377696e+02	1.236096550762589885e+02
3.423700375709273769e-01	6.956308755674617714e+02	1.010523481752471184e+02	1.477277624479849294e+02
3.486478192666269682e-01	6.602518820835297220e+02	6.771562514744371697e+01	1.508662244624846380e+02
3.549411614411318028e-01	6.392892159980299311e+02	7.433791892744748964e+01	9.849094677822721167e+01
3.611916935421040642e-01	6.216317962298739985e+02	6.039905206945167038e+01	1.506965109441294430e+02
3.674767089563572564e-01	5.925842605690220353e+02	3.308159021925035859e+01	1.159044484693568080e+02
3.737647795277591056e-01	5.763825033606831312e+02	3.167190246505675333e+01	1.308496009820539712e+02
3.800654031475132477e-01	5.531062691915983578e+02	7.492509699768171494e+00	1.072878387033063206e+02
3.863539861259823738e-01	5.389726685452476431e+02	1.383732395994030462e+01	1.408463915180140305e+02
3.926140181364449755e-01	5.271810490518749930e+02	2.061284546512107951e+01	1.208289710223860283e+02
3.989264500321934581e-01	5.017967433315358221e+02	3.940352825115562396e+00	1.356295895221184935e+02
4.052073244576828714e-01	4.941424806545510364e+02	-1.266035481818867936e+00	1.390292652772814392e+02
4.114916477570477182e-01	4.780932775119505322e+02	-8.543658263575441225e+00	1.161866362710707961e+02
4.177814272116491257e-01	4.651208319453255626e+02	-8.577683044869822027e+00	1.342745468751001852e+02
4.240400648725131116e-01	4.505406733620408772e+02	-2.292190873951049923e+01	1.267091226128865600e+02
4.303425690270192283e-01	4.362462355695748784e+02	-1.401796092326619103e+01	1.098280074891756755e+02
4.366358560255625965e-01	4.263977231268700621e+02	-2.018835167511405260e+01	1.260795412216396016e+02
4.428996183220763605e-01	4.106995213974319086e+02	-3.366243809016873456e+01	1.264771827325480587e+02
4.491634418529859563e-01	3.973167888141185244e+02	-3.792979564701442996e+01	9.815898683330411245e+01
4.554414146254732731e-01	3.905954495248112721e+02	-3.641988947892217965e+01	1.193278856194395701e+02
4.617634470301058558e-01	3.835456240251051554e+02	-4.494961341420659551e+01	1.295458804459769908e+02
4.680644242023710433e-01	3.673934353367334893e+02	-5.228564116985290156e+01	1.189165166353232195e+02
4.743485242764365895e-01	3.583197828226723800e+02	-4.929262975468636654e+01	1.002449926657025259e+02
4.806356136815400082e-01	3.525417292120916954e+02	-5.744508435809463265e+01	1.235160872164174748e+02
4.869019258388697646e-01	3.419696008558812537e+02	-5.610261125426976747e+01	1.262649415847726715e+02
4.931697099599955947e-01	3.342685016429751954e+02	-6.615710156504805184e+01	1.157891931252877242e+02
4.994506747144535908e-01	3.245285629715087339e+02	-5.734683400550729004e+01	1.172780081146809863e+02
5.057159051335421429e-01	3.145978596623992303e+02	-6.383262170667891411e+01	1.117513079254348298e+02
5.119923996268095356e-01	3.073764973607938487e+02	-7.319395928306222743e+01	1.151902877512264212e+02
5.183126097768406826e-01	2.972574297329452406e+02	-6.372604796636331770e+01	1.084661479040344858e+02
5.246089638029100000e-01	2.910999977131389755e+02	-6.633796341740209357e+01	1.114217664039427120e+02
5.308757308483337267e-01	2.847462190842121572e+02	-7.706849397440116434e+01	1.114766899096421184e+02
5.371573527946726934e-01	2.781293679128011149e+02	-7.365893960514952710e+01	1.130779696621201680e+02
5.434579563783791256e-01	2.729171296138468961e+02	-7.891025241320903660e+01	1.149854991490411891e+02
5.497430652392217842e-01	2.659696400912065428e+02	-7.307448299171034023e+01	1.094651176994052264e+02
5.559937427501778773e-01	2.618621730236160943e+02	-8.221966228897974815e+01	1.130373613122503400e+02
5.622854676609657654e-01	2.541331678785068959e+02	-8.218989580870631073e+01	1.041864026132335539e+02
5.686011537227265711e-01	2.493064425562511133e+02	-8.026817345755769395e+01	1.119265544572007514e+02
5.748804589422079614e-01	2.421943008631629368e+02	-8.408883384137332939e+01	1.084248404140400623e+02
5.811550210340560296e-01	2.364525621370338513e+02	-8.375264644135208414e+01	1.088565341641636763e+02
5.874394496660968468e-01	2.304202756211328165e+02	-7.905997267252136851e+01	1.057252838030709228e+02
5.937176220296899176e-01	2.257541716375738758e+02	-8.397935337694524094e+01	1.019603002244399903e+02
5.999971954793682505e-01	2.224359229038030890e+02	-8.606848720684652676e+01	1.062922334671794147e+02
6.062679115124277596e-01	2.179315119642851926e+02	-8.182841746440023201e+01	1.064725425217473145e+02
6.125469576444534381e-01	2.125597174879880527e+02	-8.535434317156665429e+01	1.075140351009053603e+02
6.188477733041515272e-01	2.089734129146976613e+02	-8.701761700410945366e+01	1.098143033781838653e+02
6.251310567437898813e-01	2.053560219386525887e+02	-9.024089235427908307e+01	1.062393201414988653e+02
6.314027450383210560e-01	1.995346771555031751e+02	-8.496588112911119595e+01	1.075258772404975787e+02
6.377003562732055375e-01	1.958276747782749965e+02	-8.497600332732179140e+01	1.037193931248264818e+02
6.439857783314556494e-01	1.916056684127124186e+02	-8.929691972260550870e+01	1.068142114374332294e+02
6.502685417166111925e-01	1.866270240080511087e+02	-8.724070372487727809e+01	1.044118514306418177e+02
6.565586117699038216e-01	1.829416673972432648e+02	-8.881050919069951988e+01	1.002553778949787215e+02
6.628369282359254377e-01	1.792266303519151052e+02	-8.898430200431280923e+01	1.028529242164283488e+02
6.691185444962194362e-01	1.761863166947053969e+02	-9.039819938586124692e+01	9.967898974717098781e+01
6.754070198575605755e-01	1.732943050738351474e+02	-9.049612090715903889e+01	1.029662397262464850e+02
6.816835514593204692e-01	1.699316382672178349e+02	-8.884383544333572047e+01	1.042008876824388466e+02
6.879592533861698112e-01	1.667524370158442935e+02	-8.961132750071013220e+01	1.007838192192057534e+02
6.942344317039531587e-01	1.643442546226226852e+02	-9.050866348011922469e+01	9.893068927056835093e+01
7.005175402434737908e-01	1.599086617902707133e+02	-8.919560833791744869e+01	1.029424928149396692e+02
7.068124956608716758e-01	1.568354488065895396e+02	-8.835920961630866088e+01	9.742110690307556808e+01
7.131019009674921527e-01	1.549991642159127707e+02	-8.999057110236650203e+01	1.005813939269324067e+02
7.193918251171427247e-01	1.514256547189662285e+02	-8.869664464877423882e+01	9.771571920751668472e+01
7.256833807598113140e-01	1.487960693534492123e+02	-8.891861032622605876e+01	9.575064346796209236e+01
7.319652682709349989e-01	1.454303103334541163e+02	-8.717064144378743151e+01	9.288421430179577953e+01
7.382507990484923344e-01	1.430339910352341235e+02	-8.768988050382577626e+01	9.797863291825140664e+01
7.445265842115937893e-01	1.404092684168742551e+02	-8.730122313566504033e+01	9.474622856260614867e+01
7.507871101942712455e-01	1.387370113529942728e+02	-8.875457740143448859e+01	9.619527896300961345e+01
7.570758465316046459e-01	1.352540965192959561e+02	-8.631620270649867166e+01	8.950335407687477129e+01
7.633641233600957365e-01	1.340190794089220390e+02	-8.728042279520141733e+01	9.442696159335160644e+01
7.696462959862266917e-01	1.313470378250553381e+02	-8.546780169729727561e+01	9.203903927421902154e+01
7.759394865175414102e-01	1.288427717395989305e+02	-8.712842473933622500e+01	9.115568362833479910e+01
7.822329141989586843e-01	1.262849944566447249e+02	-8.459373668369639176e+01	9.072651168046857606e+01
7.885314936520240181e-01	1.244487703215838081e+02	-8.516696261156293701e+01	8.958766748775789779e+01
7.947896566979522071e-01	1.224206056435857732e+02	-8.642173708717176339e+01	9.021891938284584000e+01
8.010491096592354809e-01	1.203636694441349988e+02	-8.509329378925315268e+01	8.949770833983870943e+01
8.073364061727361651e-01	1.179976650862594312e+02	-8.432165963981185541e+01	8.941012081876283446e+01
8.136229488373866170e-01	1.161754553030618951e+02	-8.336152265561732122e+01	8.759645012015401733e+01
8.199152998961036776e-01	1.147829101415632920e+02	-8.453401361166815775e+01	8.955162991538445283e+01
8.261952636392789762e-01	1.128453553836629624e+02	-8.470498069268890617e+01	8.537722382319219605e+01
8.324897070080405914e-01	1.109549102442879729e+02	-8.254208898327702570e+01	8.693587074180037177e+01
8.387959309210778480e-01	1.088842422555979823e+02	-8.152390642837096379e+01	8.634682886649689237e+01
8.450634639703045181e-01	1.073818786148071638e+02	-8.289069007426522262e+01	8.627183855845069615e+01
8.513282867562648182e-01	1.056077298214865863e+02	-8.305920739928478724e+01	8.549466052545717787e+01
8.576198263902009566e-01	1.050408689729144811e+02	-8.335178690525707168e+01	8.797077903226413298e+01
8.639058477062415697e-01	1.020514668070056956e+02	-8.042420796301045982e+01	8.371609634041872994e+01
8.701838745487597837e-01	1.010626239272931031e+02	-8.095755565864170933e+01	8.338172383402796584e+01
8.764641096075268534e-01	9.966937575246605263e+01	-8.160658929569616760e+01	8.449196977858625246e+01
8.827503873399735745e-01	9.754139513792894434e+01	-7.856753931672994895e+01	8.168041253906368127e+01
8.890332768393869323e-01	9.706470281023267432e+01	-7.998792401953389231e+01	8.334009383885857858e+01
8.953084247113127780e-01	9.456175893711531444e+01	-7.749458416070480382e+01	7.962631435191835294e+01
9.015956521667095602e-01	9.370817833980505895e+01	-7.865015350136967243e+01	8.135670554919791186e+01
9.078833328094829680e-01	9.228549740333706097e+01	-7.871204618117764085e+01	8.166445566247779198e+01
9.141744106319863450e-01	9.089304948212856061e+01	-7.784201769623376777e+01	8.076459730488744526e+01
9.204630817717615043e-01	8.950966809762606147e+01	-7.649187699309615596e+01	7.888095722021144240e+01
9.267434415264711456e-01	8.820194995952432748e+01	-7.584645606930008910e+01	7.800495672519706147e+01
9.330324197354928906e-01	8.670037471608569035e+01	-7.557034411071602165e+01	7.748720274607227054e+01
9.393265785573878812e-01	8.631480602648976230e+01	-7.556601181329318706e+01	7.816323675084987599e+01
9.455974810398196650e-01	8.456383291194109120e+01	-7.528421012891067221e+01	7.869352577060301712e+01
9.518660018545171964e-01	8.308015239261200691e+01	-7.386186379419362424e+01	7.590065696677982032e+01
9.581413255531838757e-01	8.211560508700972605e+01	-7.364772169043015992e+01	7.515458720027248773e+01
9.644350945109106954e-01	8.075136436395854389e+01	-7.245362051418989324e+01	7.539837450346593073e+01
9.707355633568249820e-01	8.004883896608605198e+01	-7.308267958393203401e+01	7.565376582986561971e+01
9.770080768450029041e-01	7.917408724507556883e+01	-7.270805095951403985e+01	7.637401152657290027e+01
9.832823325363413414e-01	7.722252712722293211e+01	-7.162564280616234669e+01	7.326550088555154616e+01
9.895569691966674686e-01	7.670597184178967609e+01	-7.163175188671409899e+01	7.527217826649537358e+01
9.958456301921106979e-01	7.573811514010687063e+01	-7.046915978133519332e+01	7.362796584302317626e+01
1.002136210743837408e+00	7.476270944412314634e+01	-7.076032160682640892e+01	7.437995602045258181e+01
1.008404825335135424e+00	7.384139467691001357e+01	-7.028747603175260394e+01	7.273311223385789503e+01
1.014694149836243398e+00	7.292975393860947975e+01	-6.975382232755204370e+01	7.284406344866465588e+01
1.020992555437297167e+00	7.171735479169788618e+01	-6.888530285086979177e+01	7.217546769442064658e+01
1.027273980437394485e+00	7.090941035831502859e+01	-6.852662562078947417e+01	7.156799196823688192e+01
1.033559181896017254e+00	6.982465773569093415e+01	-6.847144208129672904e+01	7.112224306417627417e+01
1.039847557392594934e+00	6.921549863302679739e+01	-6.841778785807400709e+01	7.099357555600231251e+01
1.046126974943305088e+00	6.838220314241489461e+01	-6.764836440309996135e+01	7.061182093276966043e+01
1.052403436811028659e+00	6.758032166193041235e+01	-6.734053163994714453e+01	7.077103926265685629e+01
1.058680704651608684e+00	6.628638082702492795e+01	-6.612335236073475642e+01	6.897268256560245447e+01
1.064964333065789193e+00	6.570732341065202320e+01	-6.604971699893373227e+01	6.956626511024990123e+01
1.071256777440835473e+00	6.493155467326360508e+01	-6.576309914302041193e+01	6.867936081921492075e+01
1.077544048801078125e+00	6.427829279087926295e+01	-6.532860762065595850e+01	6.838737795778308737e+01
1.083824820188043603e+00	6.350069658170414044e+01	-6.486585815826531132e+01	6.787702739895458137e+01
1.090108023942816695e+00	6.254411077750390291e+01	-6.417529681240610273e+01	6.755935097458984728e+01
1.096389665956643222e+00	6.161660297428816335e+01	-6.320237675309533643e+01	6.687717690052878083e+01
1.102681132058841440e+00	6.105901015720520064e+01	-6.298270999141342230e+01	6.717288719661380014e+01
1.108963047594879958e+00	6.009011377499206930e+01	-6.277613868417138576e+01	6.582864422359347145e+01
1.115225428463759272e+00	5.952787301602055692e+01	-6.215564518702855423e+01	6.611914513907926505e+01
1.121502127614767863e+00	5.871116158390487527e+01	-6.145946185483276025e+01	6.503807102465222556e+01
1.127792573824792033e+00	5.822005394119162247e+01	-6.145767012005518382e+01	6.583445573851739141e+01
1.134089552668382961e+00	5.790952179520172649e+01	-6.144934852092542599e+01	6.515820046523215581e+01
1.140364049650405942e+00	5.681470643862672176e+01	-6.098045251100833752e+01	6.481389453010753243e+01
1.146639180320979445e+00	5.630085211911615062e+01	-6.044876165102355969e+01	6.485101271503663156e+01
1.152942412991649901e+00	5.574937734405509104e+01	-5.975042964859996175e+01	6.382576415199696385e+01
1.159228906751078814e+00	5.501064893547319912e+01	-5.928074890227032512e+01	6.352501269492734792e+01
1.165508721887268173e+00	5.428446888018932981e+01	-5.896557991723387460e+01	6.265034839355391227e+01
1.171793076256210320e+00	5.378832409771413126e+01	-5.853927153495833835e+01	6.286173195168849759e+01
1.178087436369658958e+00	5.318960772338814991e+01	-5.799633401414534006e+01	6.185714299585673359e+01
1.184367654251526902e+00	5.244990761587122563e+01	-5.729573934679998359e+01	6.142271108603904395e+01
1.190634642299266632e+00	5.203236742247206337e+01	-5.721982141311810466e+01	6.179222756205340517e+01
1.196912208834400859e+00	5.137429832385785744e+01	-5.642631940045755812e+01	6.082168855961688791e+01
1.203201577354146234e+00	5.106275758491893413e+01	-5.661956728365546354e+01	6.124476773028576559e+01
1.209486844441705733e+00	5.026347595062173212e+01	-5.524283438740655328e+01	6.015002070569322967e+01
1.215763902074809888e+00	4.981406082189911189e+01	-5.533545143248778686e+01	6.025402008077777083e+01
1.222049755171146668e+00	4.930653585236596825e+01	-5.516878107921066032e+01	6.003792531327520265e+01
1.228340616621486969e+00	4.891424903035500904e+01	-5.478820429864899921e+01	5.993769152300718162e+01
1.234632986576932767e+00	4.826340220755596988e+01	-5.427978963922962663e+01	5.955453057338233691e+01
1.240902247176856488e+00	4.782166410682200564e+01	-5.384343728325780631e+01	5.906624427440174685e+01
1.247174839144687519e+00	4.762838295880217743e+01	-5.392324447040854807e+01	5.917490847397646547e+01
1.253465459933442272e+00	4.676810894489468495e+01	-5.280926170438615230e+01	5.822403976761867028e+01
1.259749951892178421e+00	4.644286229341639682e+01	-5.305447144220378419e+01	5.850891014410554902e+01
1.266032143127253873e+00	4.596504827817521743e+01	-5.243598624311854195e+01	5.767408204742760347e+01
1.272316288472006507e+00	4.540217036511682380e+01	-5.148265885649981044e+01	5.694496377468615833e+01
1.278604155058621350e+00	4.524786431110550922e+01	-5.173942159942777863e+01	5.773901338540233752e+01
1.284886588933593865e+00	4.457705031637557624e+01	-5.112748257082202485e+01	5.704296817965736466e+01
1.291175420066583257e+00	4.396103401227002649e+01	-5.049279576243225875e+01	5.612161907208005118e+01
1.297465726373772332e+00	4.370006566836468664e+01	-5.034295363713795979e+01	5.621639088623199143e+01
1.303741827011944299e+00	4.319274124835908424e+01	-4.990841356072732538e+01	5.586282169377075491e+01
1.310017322922761851e+00	4.300068056163289043e+01	-4.999399804997706553e+01	5.622697688239510683e+01
1.316301447662886703e+00	4.246344865150918224e+01	-4.908322401494650933e+01	5.549122826925867713e+01
1.322586760363303249e+00	4.208475931086059774e+01	-4.913611087067539529e+01	5.518673803391469335e+01
1.328865492452874664e+00	4.157411878204260347e+01	-4.831159465272763498e+01	5.458737780656491623e+01
1.335144804954555564e+00	4.122687700351912099e+01	-4.811846692165274675e+01	5.442783286990096059e+01
1.341440516272275119e+00	4.097214818244603407e+01	-4.783923903347373852e+01	5.425468070876784310e+01
1.347730868417094552e+00	4.048335408424077286e+01	-4.716851782113144509e+01	5.381039807470297376e+01
1.354001589994877630e+00	4.021475784099776973e+01	-4.738095045511090575e+01	5.407287684695469210e+01
1.360282609297778444e+00	3.981428530932182497e+01	-4.685709189756642701e+01	5.305781383081810532e+01
1.366565686457597906e+00	3.925677647837489559e+01	-4.596755184810710659e+01	5.277860297048505345e+01
1.372851498482432708e+00	3.899793952897797311e+01	-4.592833809507686738e+01	5.280379768979884858e+01
1.379135372929401804e+00	3.865062839817738904e+01	-4.546805268821573520e+01	5.240564446155088518e+01
1.385409567149057164e+00	3.849282059535810419e+01	-4.537825282999405374e+01	5.246725466008265215e+01
1.391698641219299315e+00	3.794535112710052260e+01	-4.473703327429817733e+01	5.166137705179329487e+01
1.397984451439470810e+00	3.764669681185886674e+01	-4.451964982378249402e+01	5.188234578216775361e+01
1.404267883409181961e+00	3.748261872258242988e+01	-4.454881643008992853e+01	5.160996924186743939e+01
1.410554779484869181e+00	3.698887730613856206e+01	-4.383265392611117051e+01	5.103452043713005537e+01
1.416837833547465397e+00	3.678532613620201630e+01	-4.373821630086137446e+01	5.119909642403275996e+01
1.423118177187137068e+00	3.648784009504438330e+01	-4.339658021245884356e+01	5.088817923402351795e+01
1.429397801164240089e+00	3.610810170378164941e+01	-4.290257336811515643e+01	5.026137243082581563e+01
1.435686921822787232e+00	3.579612140046022262e+01	-4.246253974942948162e+01	5.002851096261092323e+01
1.441977121769299597e+00	3.553745698861527558e+01	-4.232760929552321727e+01	4.996411220590108826e+01
1.448253667853332427e+00	3.534674694669402584e+01	-4.216684125201356892e+01	4.999691152445001308e+01
1.454532348972172651e+00	3.498719343573042551e+01	-4.167574599125916279e+01	4.939436193323880531e+01
1.460819319151879903e+00	3.470984587754215767e+01	-4.147907645116210773e+01	4.928552515909681375e+01
1.467110364402026468e+00	3.441232423980653010e+01	-4.113271320447075396e+01	4.884974909782556551e+01
1.473392908948962132e+00	3.424224595159160600e+01	-4.096912201841171708e+01	4.902448871778052819e+01
1.479669965243598950e+00	3.395460532718953317e+01	-4.074529952248484932e+01	4.871221818806591841e+01
1.485956144602843532e+00	3.361101411747068823e+01	-4.029732610733493914e+01	4.827993665076483865e+01
1.492233610763115115e+00	3.335050268540907581e+01	-3.986944792507131297e+01	4.824172770857887826e+01
1.498502470379980078e+00	3.319925209655995957e+01	-3.994260370155444662e+01	4.816207486475020261e+01
1.504785752051182701e+00	3.290824774770644723e+01	-3.954380316196021994e+01	4.771240344597488559e+01
1.511075991894575976e+00	3.257860250057517959e+01	-3.904298244806821572e+01	4.732890661102180019e+01
1.517361634985162189e+00	3.241719094960552638e+01	-3.889991904180062221e+01	4.746224392243361478e+01
1.523648570969130533e+00	3.216896642226749492e+01	-3.862482242331785187e+01	4.729702593926269572e+01
1.529938035715892264e+00	3.203680175941133257e+01	-3.873962277903158480e+01	4.725541767105474378e+01
1.536230176913891965e+00	3.165495585100025977e+01	-3.809785191193182641e+01	4.659340006176326199e+01
1.542510718779388279e+00	3.147814619290549842e+01	-3.781086612273121261e+01	4.633991370021164613e+01
1.548783963082980275e+00	3.130178383753108307e+01	-3.775575879390277834e+01	4.621331959465732098e+01
1.555073069779651318e+00	3.112583224582449404e+01	-3.757061606671861398e+01	4.650924303195247944e+01
1.561357324927233892e+00	3.081682019809722917e+01	-3.703319282647184707e+01	4.586321199248647673e+01
1.567629121053141006e+00	3.061268963337626658e+01	-3.688837511315115592e+01	4.567057358478243145e+01
1.573913697404382583e+00	3.036747524126229436e+01	-3.658309707525808108e+01	4.540314664539254608e+01
1.580203545230874029e+00	3.019863900492059727e+01	-3.655849341218875281e+01	4.535882099817946056e+01
1.586485393434537983e+00	2.997755630411139904e+01	-3.621234212232663197e+01	4.511431131712442522e+01
1.592760014263005841e+00	2.983422895132362029e+01	-3.609122295562271177e+01	4.513651969806250719e+01
1.599046436394670812e+00	2.952855002362072057e+01	-3.560884034002596366e+01	4.444260161221690453e+01
1.605342136637478934e+00	2.941458843318424243e+01	-3.541278091960545993e+01	4.451930920730624308e+01
1.611619860919608627e+00	2.912175539487894227e+01	-3.520057811281876781e+01	4.413919591873474246e+01
1.617897597081673799e+00	2.892779545860305745e+01	-3.474484095631675018e+01	4.373520817597061949e+01
1.624183235481122756e+00	2.884643872745002824e+01	-3.484258618151368836e+01	4.391167280112901494e+01
1.630464598531913722e+00	2.871334696408603193e+01	-3.474136474499223226e+01	4.401964899850811719e+01
1.636748985747638274e+00	2.837871292225323927e+01	-3.431492706380947766e+01	4.326918711927240935e+01
1.643030923698886259e+00	2.825760186586018463e+01	-3.410464639012825216e+01	4.336744130930665619e+01
1.649309176648513064e+00	2.802681147750049817e+01	-3.385627292900515073e+01	4.291783154455242766e+01
1.655593633940351861e+00	2.790009875238962067e+01	-3.366469156685493402e+01	4.289532566864334484e+01
1.661879571405086464e+00	2.763794942842784508e+01	-3.321153647842461965e+01	4.228944349116777346e+01
1.668169361685170271e+00	2.749983077809852361e+01	-3.309378056637483922e+01	4.223962578653291189e+01
1.674450151530487485e+00	2.745219071845026804e+01	-3.314809297037082558e+01	4.231075309889802583e+01
1.680722718978495900e+00	2.724194991391604503e+01	-3.271679674578107466e+01	4.216308956676989084e+01
1.687013891340952476e+00	2.712560657885003579e+01	-3.278541353008333203e+01	4.207668953283383928e+01
1.693308984907921033e+00	2.698252558997712569e+01	-3.255768265037814757e+01	4.194529923678420147e+01
1.699582147428448486e+00	2.678592954084083999e+01	-3.228571153882214162e+01	4.146866609607319276e+01
1.705863747055134105e+00	2.663517908542116075e+01	-3.222783815210238600e+01	4.157005557716825450e+01
1.712154434283889470e+00	2.651795966910497881e+01	-3.199831932826120351e+01	4.142911862163262526e+01
1.718438381579399321e+00	2.642679765140233528e+01	-3.184560590935761937e+01	4.121530915257483230e+01
1.724721264464063930e+00	2.619356526985494327e+01	-3.148827200276292615e+01	4.095491874993349057e+01
1.730997441276920679e+00	2.606125125205954163e+01	-3.140922744604564798e+01	4.079596274571517966e+01
1.737287073528269499e+00	2.598999555895112579e+01	-3.120101867525067618e+01	4.061454846666840979e+01
1.743567991878527401e+00	2.585859619469370330e+01	-3.116424902368400396e+01	4.057576598731305495e+01
1.749840680212231048e+00	2.567599548643114815e+01	-3.077190842258095671e+01	4.016954849480912060e+01
1.756128549091961144e+00	2.551781185856890133e+01	-3.074530389375328099e+01	4.008669286655724306e+01
1.762413535324792502e+00	2.528000159029555860e+01	-3.035688383914515498e+01	3.956269644605951186e+01
1.768696187669963837e+00	2.514509753413189586e+01	-3.024234060743306429e+01	3.939646599508552782e+01
1.774979359379055266e+00	2.511317492127162154e+01	-3.011711471665304529e+01	3.942683066461066232e+01
1.781265555576432957e+00	2.496893370294544567e+01	-3.003383976911138475e+01	3.931757505618484316e+01
1.787549427830244619e+00	2.480381637935327177e+01	-2.968603843274808085e+01	3.910603465363758602e+01
1.793834120011633004e+00	2.473846138933202354e+01	-2.969271024626557676e+01	3.902927691471545302e+01
1.800115051552487300e+00	2.446569769187560794e+01	-2.914985154726268846e+01	3.851544562226476387e+01
1.806393904854530330e+00	2.446285974199300028e+01	-2.922193290990233550e+01	3.844060188403558698e+01
1.812674089667083432e+00	2.431736350513546796e+01	-2.917668692338684977e+01	3.838801757927005553e+01
1.818956920109354058e+00	2.419397998291402985e+01	-2.899340632150380515e+01	3.825613839552566731e+01
1.825244164118212220e+00	2.405692324041222818e+01	-2.876488714315056683e+01	3.796477168052847873e+01
1.831527256642196955e+00	2.397870750936204942e+01	-2.862694821162542524e+01	3.789019200984866131e+01
1.837811294935716599e+00	2.388736150310346318e+01	-2.855556549020443313e+01	3.775575518141322107e+01
1.844100717411196744e+00	2.380547068981141123e+01	-2.833519275500510659e+01	3.780713361036540476e+01
1.850384816792487230e+00	2.362579031192656487e+01	-2.814063963274466573e+01	3.736669834489574527e+01
1.856666059735203822e+00	2.344853235961705096e+01	-2.794008192431955706e+01	3.703419782390532333e+01
1.862947728675613979e+00	2.336782703592857757e+01	-2.775561237366157030e+01	3.698656271159884312e+01
1.869229324466858078e+00	2.329242563390389265e+01	-2.774224634732672712e+01	3.696629584765412346e+01
1.875517616802973686e+00	2.318736379460385777e+01	-2.752276829347012566e+01	3.666886235748847866e+01
1.881800769033795229e+00	2.295828454898236970e+01	-2.712318796347954830e+01	3.595772034959682628e+01
1.888078863416442710e+00	2.298751976537775832e+01	-2.725705083283695984e+01	3.627467680330083510e+01
1.894353975182237582e+00	2.280627269107835531e+01	-2.700001700373540103e+01	3.602248133427064403e+01
1.900642716154182565e+00	2.271632878943357170e+01	-2.688011405597345060e+01	3.582367091605159715e+01
1.906933494748685121e+00	2.261179269861799668e+01	-2.671254563788671987e+01	3.563755244233730224e+01
1.913207568676573933e+00	2.254917671741166885e+01	-2.662723696962562059e+01	3.547133988203368915e+01
1.919490884732178992e+00	2.255695010307044157e+01	-2.669486617919759297e+01	3.572936005398790371e+01
1.925776855684274480e+00	2.233599867547580686e+01	-2.635101937810154027e+01	3.516345012332327258e+01
1.932064452961978152e+00	2.222024513649436273e+01	-2.625774680313942611e+01	3.499220555495667639e+01
1.938342610030488800e+00	2.213449145477976643e+01	-2.601612556991815950e+01	3.488092091342952727e+01
1.944618341543410178e+00	2.205573428067988928e+01	-2.591012295453637648e+01	3.469676999905347969e+01
1.950906260203513876e+00	2.202497955656529882e+01	-2.604476060700523021e+01	3.473594306789176045e+01
1.957194556613796488e+00	2.185014437483047800e+01	-2.561990010145176910e+01	3.422662564365720073e+01
1.963479614559011432e+00	2.178083935890054690e+01	-2.563161347252093591e+01	3.424577348879330430e+01
1.969760361532916226e+00	2.166692398805313502e+01	-2.541813836060922327e+01	3.401078598138721532e+01
1.976048367034604736e+00	2.162677188349796253e+01	-2.537681280309326937e+01	3.384267766531817045e+01
1.982337990217652335e+00	2.158304079414704901e+01	-2.530753557996484560e+01	3.386799873673035677e+01
1.988617489259562721e+00	2.144345039286768184e+01	-2.510793923816641282e+01	3.356304451076339745e+01
1.994896320665194178e+00	2.139400595129686522e+01	-2.509070383293718365e+01	3.346699202132623441e+01
2.001179596222827151e+00	2.132211408625762772e+01	-2.502589468682280938e+01	3.325278848696942902e+01
2.007459756923499761e+00	2.118204227523002814e+01	-2.474687972363036792e+01	3.312067005685556609e+01
2.013737397779169935e+00	2.110183713258871663e+01	-2.461434390758329727e+01	3.301515781006457217e+01
2.020017234677497164e+00	2.100541233104093664e+01	-2.448868664119300220e+01	3.271478955343278017e+01
2.026310251015072783e+00	2.100238703618226310e+01	-2.440789023680507341e+01	3.277652423086590971e+01
2.032600542948020284e+00	2.082466971393901289e+01	-2.413321010032427694e+01	3.231850879841642410e+01
2.038873863192099289e+00	2.071926513330613417e+01	-2.397121708110370264e+01	3.209807995829604721e+01
2.045154087821675404e+00	2.071243530293146762e+01	-2.397559435717609588e+01	3.214086415998109203e+01
2.051444704514288730e+00	2.065026680780351143e+01	-2.393735934034300072e+01	3.212366290585852369e+01
2.057730430280644729e+00	2.057085005805884492e+01	-2.384530498576939905e+01	3.196131613207091249e+01
2.064013940455224461e+00	2.046148694621285458e+01	-2.370769709014378535e+01	3.173233644659510233e+01
2.070299891179459895e+00	2.035181666827916658e+01	-2.338223208969079536e+01	3.134770644310026100e+01
2.076589719964883951e+00	2.031444141068911691e+01	-2.337073923760951644e+01	3.135503644728583694e+01
2.082865483794470673e+00	2.026299569541849621e+01	-2.337004009975929009e+01	3.131241077737757905e+01
2.089134494859368640e+00	2.014845747297726675e+01	-2.312732877219433192e+01	3.103600742647198985e+01
2.095424211360070288e+00	2.019117786686082994e+01	-2.330202682087881527e+01	3.115521644508009302e+01
2.101707116664804254e+00	2.003900885379530905e+01	-2.298741159796000844e+01	3.081107882501282447e+01
2.107986473933564309e+00	2.000778887305544984e+01	-2.292759533264776195e+01	3.060757569080948315e+01
2.114271806543862375e+00	1.985173466317276336e+01	-2.264868499181661221e+01	3.026283253572197296e+01
2.120552717288892275e+00	1.983217822361148208e+01	-2.263904047234943562e+01	3.028944951996757595e+01
2.126836933207161717e+00	1.979181239536561421e+01	-2.257680582967216765e+01	3.015913027832414173e+01
2.133122044791171845e+00	1.975289417639956824e+01	-2.255740278729876991e+01	3.002747342771978367e+01
2.139411711910842673e+00	1.964406804700577425e+01	-2.232599096611512479e+01	2.991875170145188889e+01
2.145697076775292089e+00	1.956908807811141315e+01	-2.215921405650330911e+01	2.959977463139396647e+01
2.151973548606471276e+00	1.950348328640972184e+01	-2.202675977699249543e+01	2.952679488780807304e+01
2.158259913555724108e+00	1.943243831162180513e+01	-2.201673981128599777e+01	2.931260452233577141e+01
2.164545396699105506e+00	1.940739957529584458e+01	-2.199843288965545440e+01	2.933117401272000890e+01
2.170830700377734068e+00	1.928536027986429247e+01	-2.180969048326963744e+01	2.911366124796679600e+01
2.177114138849150393e+00	1.924571001509728774e+01	-2.173122155128780264e+01	2.900981190576911928e+01
2.183387647576827018e+00	1.917610901117962285e+01	-2.161999732710691546e+01	2.873297257454460407e+01
2.189670273687676971e+00	1.913397211498561390e+01	-2.156147157454104857e+01	2.878093786332579285e+01
2.195960147934207463e+00	1.904527612591773789e+01	-2.131657864234865585e+01	2.839089898307136295e+01
2.202242556317716371e+00	1.899272293008331758e+01	-2.128876646075207901e+01	2.833677487084644042e+01
2.208521655981037668e+00	1.894399187603917767e+01	-2.127686099411875986e+01	2.829316437672808959e+01
2.214804637081333016e+00	1.885353634711277593e+01	-2.106776145775884856e+01	2.794126928257759701e+01
2.221092583349425276e+00	1.876706596393346516e+01	-2.091089635124665591e+01	2.783335332703697773e+01
2.227372893591468728e+00	1.870213258193729899e+01	-2.070028017429529754e+01	2.747859372790694010e+01
2.233657161144248171e+00	1.872950223188575336e+01	-2.091317193380069384e+01	2.768708878394219397e+01
2.239943485394438660e+00	1.864479972179779566e+01	-2.065699879577027431e+01	2.744554073233054581e+01
2.246224175264620815e+00	1.867969148644184685e+01	-2.082970359964990692e+01	2.754351451438640908e+01
2.252506378421252009e+00	1.854131817739830979e+01	-2.049972123150806880e+01	2.715479316433392043e+01
2.258783417054270437e+00	1.854677886489940164e+01	-2.047900851491917606e+01	2.720352972271535208e+01
2.265069077371457684e+00	1.844590360393014805e+01	-2.039451848231920295e+01	2.701369140452434081e+01
2.271350377044131452e+00	1.836358708028704001e+01	-2.023402774626366707e+01	2.679958855452909816e+01
2.277633995145353918e+00	1.833081948838455233e+01	-2.013217950556942881e+01	2.666180235727752645e+01
2.283922419579920149e+00	1.829162404648483786e+01	-2.007951629305905783e+01	2.657391107853737466e+01
2.290202874392252674e+00	1.818828705517877609e+01	-1.986004222596082514e+01	2.631577281844752036e+01
2.296490779970905560e+00	1.817289509400471914e+01	-1.981949870818312931e+01	2.621726929194743150e+01
2.302771769934229162e+00	1.809594689772090703e+01	-1.972582834777965388e+01	2.612215582197162789e+01
2.309051364164305564e+00	1.810394679234836346e+01	-1.976516700870638488e+01	2.607484052173442990e+01
2.315338502539088239e+00	1.801818737082389887e+01	-1.961322672610583950e+01	2.579211053027275824e+01
2.321627336503874428e+00	1.794773759310742989e+01	-1.946553251690678366e+01	2.565250091888183803e+01
2.327911878297218795e+00	1.791338017675992944e+01	-1.935156909406341796e+01	2.555963592626219238e+01
2.334186238580297168e+00	1.785369719054752480e+01	-1.922493804737079159e+01	2.534150734555888818e+01
2.340467971862688401e+00	1.781132261491263691e+01	-1.926426374578542422e+01	2.528391003758403954e+01
2.346756940970738725e+00	1.772529476392551473e+01	-1.899007351269617416e+01	2.508303555804117835e+01
2.353044444556199988e+00	1.776753870985850980e+01	-1.914167467828463742e+01	2.515570483061693707e+01
2.359327653314069906e+00	1.770755418472670328e+01	-1.902359957126571643e+01	2.505882965412309815e+01
2.365603048789861607e+00	1.766193569783960982e+01	-1.890326259635747164e+01	2.486034505439348052e+01
2.371885911737665165e+00	1.762010558381242120e+01	-1.885223253448688752e+01	2.481636700940957851e+01
2.378173303594019572e+00	1.758519984641589673e+01	-1.883559983209882205e+01	2.471703086373155500e+01
2.384454016539381271e+00	1.751841471856409171e+01	-1.864094376399033948e+01	2.445367875152631498e+01
2.390736447344785187e+00	1.744672662053649859e+01	-1.849497529346660230e+01	2.427526724112537693e+01
2.397014133897952259e+00	1.739742526568128511e+01	-1.841174376948984204e+01	2.416102888941207283e+01
2.403295490074321972e+00	1.739759609536700680e+01	-1.838683869358458622e+01	2.414579941266342189e+01
2.409585049672506862e+00	1.731269482510941415e+01	-1.826165085058778459e+01	2.396787781860161459e+01
2.415871703165322071e+00	1.725248786759955166e+01	-1.809847187586887429e+01	2.369442633247010477e+01
2.422160652369088840e+00	1.721662243580459872e+01	-1.806221739188821829e+01	2.358976662040772609e+01
2.428440167222748691e+00	1.720751272301778201e+01	-1.806058828765709734e+01	2.368589981584493387e+01
2.434717472383889803e+00	1.710553596595716996e+01	-1.777448732976830925e+01	2.329883455341184373e+01
2.441002456202044257e+00	1.715807365379967919e+01	-1.784494088378440324e+01	2.342005024583940553e+01
2.447289980304530488e+00	1.707362822987359152e+01	-1.779030501056358915e+01	2.326684173664655120e+01
2.453571844729242279e+00	1.707306577252214552e+01	-1.769468625552107710e+01	2.318548529017821025e+01
2.459852705114058846e+00	1.700509072982151793e+01	-1.765820048553356614e+01	2.306850093287321357e+01
2.466139233225018934e+00	1.697522354035217873e+01	-1.753285954590652906e+01	2.300864278198460866e+01
2.472421963421291391e+00	1.693958950636088900e+01	-1.743999162833393868e+01	2.283823225733729956e+01
2.478698519174224568e+00	1.692735195181460739e+01	-1.744274260628966999e+01	2.281084580242936966e+01
2.484980841400355800e+00	1.686423075083770229e+01	-1.733812943181007427e+01	2.267842246791795091e+01
2.491269319409339822e+00	1.685117016986283645e+01	-1.728276633012995234e+01	2.263635807845937364e+01
2.497548505139029373e+00	1.681447836756736436e+01	-1.727740597433708203e+01	2.250982448600990793e+01
2.503831667172610853e+00	1.678224533825208908e+01	-1.718573606466202719e+01	2.243021885121590842e+01
2.510117938323931153e+00	1.677468727653617364e+01	-1.708748998194285207e+01	2.241931922335622929e+01
2.516400733681277480e+00	1.664520789798929101e+01	-1.691027959930509184e+01	2.207721224905023050e+01
2.522688226833368130e+00	1.662841214126498102e+01	-1.683312134359772116e+01	2.199727589749758039e+01
2.528971695852665569e+00	1.660535801770218001e+01	-1.678659500026675744e+01	2.197994159736302322e+01
2.535252039407670299e+00	1.666128132562448982e+01	-1.691460198328482534e+01	2.200682231915480713e+01
2.541537514142774512e+00	1.658503649401124846e+01	-1.665152725638540687e+01	2.183016150096797503e+01
2.547823008847572179e+00	1.651299108541116567e+01	-1.660555260963618451e+01	2.162732043468469456e+01
2.554100666580690238e+00	1.652735293222267998e+01	-1.660392399945461150e+01	2.170775961688684674e+01
2.560376788884177301e+00	1.647584476239088502e+01	-1.642099356802229337e+01	2.149709490431166259e+01
2.566667521601497359e+00	1.647756607893013836e+01	-1.647321457274430045e+01	2.150387570182156693e+01
2.572955062237090473e+00	1.640515655374777282e+01	-1.633975734680905845e+01	2.134931718429785263e+01
2.579233771797999175e+00	1.639379836848567251e+01	-1.632141753951134788e+01	2.126877883844437989e+01
2.585520164300948220e+00	1.640385644694746503e+01	-1.625596603962026165e+01	2.127825261282053759e+01
2.591805130332431872e+00	1.636382506005509896e+01	-1.616644907893747174e+01	2.114220854217656154e+01
2.598084074692260881e+00	1.637030932540232442e+01	-1.623492689077988516e+01	2.124460557907961089e+01
2.604360404197643586e+00	1.628176777577791512e+01	-1.597668753586545165e+01	2.097674879873757448e+01
2.610647185140439142e+00	1.629342927234602811e+01	-1.603138408701159179e+01	2.098618834362347130e+01
2.616931864059273138e+00	1.625610432981849485e+01	-1.598751645999550774e+01	2.088260890939406522e+01
2.623206107911065565e+00	1.622831066491426810e+01	-1.586112321257946078e+01	2.074627985209944470e+01
2.629491626543270844e+00	1.618324136876432817e+01	-1.573269597288467736e+01	2.057992999454926064e+01
2.635778507982642349e+00	1.621434579237003604e+01	-1.583678073230298367e+01	2.082395687018702546e+01
2.642061039325260818e+00	1.618782280201022061e+01	-1.576198192824752198e+01	2.057449612790777849e+01
2.648343840729305843e+00	1.612478222259947458e+01	-1.560253397889808369e+01	2.042896421246306815e+01
2.654631838974855551e+00	1.613991526146021727e+01	-1.564528370911331834e+01	2.045510164874806591e+01
2.660919001246303761e+00	1.613226223541066418e+01	-1.557009527594547116e+01	2.040139337310677803e+01
2.667198525130066056e+00	1.610478692302578452e+01	-1.548947047489399687e+01	2.034662236494823162e+01
2.673484307038032526e+00	1.606303786243872622e+01	-1.538576149258172343e+01	2.022183634693131538e+01
2.679773388053849459e+00	1.604811549764576739e+01	-1.540708897630949004e+01	2.026101144545573263e+01
2.686058217632288692e+00	1.598327562942150415e+01	-1.526105115411925972e+01	1.996019969865337984e+01
2.692338738200057868e+00	1.608831858368649392e+01	-1.541076692100146950e+01	2.024059152749629931e+01
2.698618022887226964e+00	1.596918782914160495e+01	-1.516660720340050617e+01	1.992881172485192209e+01
2.704895450708277860e+00	1.593654307878092169e+01	-1.504440331118776086e+01	1.980080772878297068e+01
2.711175674923682166e+00	1.593438292637411813e+01	-1.508271708904923791e+01	1.987743961200418497e+01
2.717459832966957922e+00	1.592241627701479878e+01	-1.504212624485781724e+01	1.975966936488306303e+01
2.723745731959044569e+00	1.594261104345681090e+01	-1.500155272403152473e+01	1.977534682348462525e+01
2.730038414850594730e+00	1.588310170917928055e+01	-1.493769445318993583e+01	1.963117642660174056e+01
2.736317989800789441e+00	1.591288587098971696e+01	-1.492186340604671990e+01	1.964025499311092915e+01
2.742591858549239703e+00	1.590982909036815585e+01	-1.491578544120616812e+01	1.967580677599611860e+01
2.748879749010778362e+00	1.587347569272587045e+01	-1.483926052914324067e+01	1.958822243589838763e+01
2.755163403825859447e+00	1.586164678260672112e+01	-1.479700480205059954e+01	1.952735999624410113e+01
2.761446955625852073e+00	1.585895100142056435e+01	-1.476269404943295527e+01	1.955129993474783845e+01
2.767732088935374701e+00	1.585832428824334528e+01	-1.469605290848979884e+01	1.946492217576698280e+01
2.774015452421743966e+00	1.583774581047089924e+01	-1.463616409066427160e+01	1.936575031937709213e+01
2.780298635700591436e+00	1.584960720790777700e+01	-1.467552489444269348e+01	1.942581953583492549e+01
2.786577474762241380e+00	1.582561716257257522e+01	-1.454871432672462639e+01	1.938770437150013848e+01
2.792857983210164541e+00	1.577536850558288783e+01	-1.443619351697093478e+01	1.917088494249853525e+01
2.799143790920211483e+00	1.579817563078447584e+01	-1.445854116769546671e+01	1.920748216616997439e+01
2.805430058399325244e+00	1.580071740710672756e+01	-1.445379363287877617e+01	1.927604341704266844e+01
2.811715058209780072e+00	1.578581498328152577e+01	-1.441735493933409984e+01	1.918338091826947434e+01
2.817989272498773623e+00	1.576362076461801642e+01	-1.432548663603806638e+01	1.910462273414104928e+01
2.824269171595737760e+00	1.577986296465114968e+01	-1.434593052563479354e+01	1.913139176849412593e+01
2.830563016441804081e+00	1.574416593010875509e+01	-1.422845810781656795e+01	1.904555615839599980e+01
2.836848750951622034e+00	1.578590316095238144e+01	-1.426099205274414672e+01	1.915273202603950864e+01
2.843130027866129783e+00	1.574144041788453130e+01	-1.414558093302508368e+01	1.896702244839353924e+01
2.849413896912404986e+00	1.573519808994031344e+01	-1.414723590061638880e+01	1.896940340560791682e+01
2.855697464522425566e+00	1.575121586978952593e+01	-1.413871616346132321e+01	1.904697618409503335e+01
2.861978799810683594e+00	1.574363602562368136e+01	-1.413014038429967201e+01	1.898586096530315004e+01
2.868262469415629567e+00	1.573246190144670109e+01	-1.403325400924095057e+01	1.894548630228508301e+01
2.874547359206753860e+00	1.572854712961868451e+01	-1.398636080282171967e+01	1.890727016807579020e+01
2.880831111471525041e+00	1.569564275247868146e+01	-1.385418475722939746e+01	1.885136507418601326e+01
2.887113216972382546e+00	1.574663930245042032e+01	-1.390393074655957406e+01	1.884500378428155543e+01
2.893394504725182781e+00	1.575071828772753335e+01	-1.392410636817567315e+01	1.886637059070655908e+01
2.899673662137033592e+00	1.572387918718572131e+01	-1.384612271719583454e+01	1.889655494633270294e+01
2.905953958587380814e+00	1.573875660112659070e+01	-1.386510894593597243e+01	1.890342924720798123e+01
2.912241118105161064e+00	1.572124127366882007e+01	-1.376812590842234130e+01	1.879972492015927088e+01
2.918525996366671205e+00	1.572574093116373106e+01	-1.375609865589096437e+01	1.881989415724936876e+01
2.924809035425688819e+00	1.574749887837145756e+01	-1.372397293288611664e+01	1.886291214768570867e+01
2.931095916293684933e+00	1.574830495425606891e+01	-1.371572706676816722e+01	1.888629272901515321e+01
2.937378182606774413e+00	1.575454018036231219e+01	-1.372752863915011368e+01	1.881826512958806319e+01
2.943659980254369923e+00	1.576467192285419117e+01	-1.367813647340504524e+01	1.881675720944805974e+01
2.949946454403890250e+00	1.579177125050806829e+01	-1.369790140945382717e+01	1.887306636371082291e+01
2.956227653702202307e+00	1.578953386419640026e+01	-1.361027792727739794e+01	1.885684622961268175e+01
2.962510478867462993e+00	1.580214941860825206e+01	-1.362618576407796134e+01	1.888406454024883629e+01
2.968796535179442309e+00	1.579932470643515074e+01	-1.362444094796302174e+01	1.886489302641033916e+01
2.975077657376874907e+00	1.584354092377318857e+01	-1.360256198824076179e+01	1.896005400642780003e+01
2.981359866759223376e+00	1.583392908014050526e+01	-1.355893379787597475e+01	1.889385810564119694e+01
2.987646761575656562e+00	1.585978672936490241e+01	-1.356655272753915220e+01	1.897226065272696971e+01
2.993929038370399365e+00	1.586555178478161388e+01	-1.357214580381626057e+01	1.895284819360486139e+01
3.000206214840962726e+00	1.588834275338234647e+01	-1.354973057714253848e+01	1.896156736875658666e+01
3.006486172402415669e+00	1.588837538156153251e+01	-1.349102288997400123e+01	1.887383035183911772e+01
3.012769812211594456e+00	1.589235338405399744e+01	-1.342181931098119563e+01	1.896836889779103075e+01
3.019053144326170113e+00	1.591531015191131182e+01	-1.344183194259956515e+01	1.901523526213587090e+01
3.025337405144251424e+00	1.590301674590668490e+01	-1.342932871554049612e+01	1.899306558685466584e+01
3.031623734799107961e+00	1.595853351635677875e+01	-1.340358611732570715e+01	1.908621680615096494e+01
3.037908962055872575e+00	1.596344349118394845e+01	-1.343817340175522013e+01	1.911017495004510636e+01
3.044195067146031608e+00	1.600733349812735185e+01	-1.346330121403644142e+01	1.924307007906722689e+01
3.050475543482170426e+00	1.602188933024195805e+01	-1.345864834378821051e+01	1.919543739959055983e+01
3.056754954538277502e+00	1.602841994834373196e+01	-1.341368155612203061e+01	1.921350890859850935e+01
3.063040539557494668e+00	1.605893417785473076e+01	-1.342782771872634306e+01	1.927850577747795668e+01
3.069323699454357346e+00	1.609599563941171496e+01	-1.345153711726581314e+01	1.936674718542432672e+01
3.075610692642898769e+00	1.609082429735667930e+01	-1.340587378952953124e+01	1.934970514912447825e+01
3.081893798009918584e+00	1.613796710683696389e+01	-1.343569030221587646e+01	1.944858510190540457e+01
3.088174549548037717e+00	1.613520650608138851e+01	-1.338968621461568809e+01	1.940569630343251362e+01
3.094458635632868493e+00	1.618553106801615016e+01	-1.339652304992373644e+01	1.947674389327326949e+01
3.100743982931558840e+00	1.622169588011035302e+01	-1.343700656152255846e+01	1.956524276144240559e+01
3.107028111748448396e+00	1.623702089291653650e+01	-1.341641592378686809e+01	1.964098236589329360e+01
3.113309299655494300e+00	1.629551945540497826e+01	-1.345355011363964337e+01	1.977772785245526421e+01
3.119590662867241626e+00	1.626761399670939312e+01	-1.333454160657218424e+01	1.971017258722435628e+01
3.125874006820172912e+00	1.633162225715611626e+01	-1.340032071000986136e+01	1.976898533220792942e+01
3.132159251154602586e+00	1.636996383748229178e+01	-1.344169557317574260e+01	1.991230506299895708e+01
3.138439172765940643e+00	1.643199013375285134e+01	-1.347881044763314939e+01	2.003911715420813522e+01
3.144723867719826593e+00	1.643706230942176560e+01	-1.343289713839611110e+01	1.998219606361540812e+01
3.151003951258561031e+00	1.647519577457910600e+01	-1.348182217351025081e+01	2.010539506963323220e+01
3.157283664131563139e+00	1.650710349232316787e+01	-1.348551033238659969e+01	2.013189092778934963e+01
3.163569317183839935e+00	1.651359842812570733e+01	-1.347613036158799282e+01	2.015518829617309038e+01
3.169851661717792091e+00	1.661421256198879348e+01	-1.352344652011781534e+01	2.038538626866466430e+01
3.176137704316093657e+00	1.664265365959539622e+01	-1.351110356414120872e+01	2.044839135818117981e+01
3.182420924828643916e+00	1.667904748306846940e+01	-1.353004059239895973e+01	2.056812076655613097e+01
3.188702811875577581e+00	1.676849273770550397e+01	-1.366565405697683921e+01	2.071482928462119588e+01
3.194990520008989865e+00	1.675387853804966909e+01	-1.356607554239238489e+01	2.069278042419848163e+01
3.201275324656983834e+00	1.682528692824229566e+01	-1.362524347965466731e+01	2.088985235596966916e+01
3.207551352179861759e+00	1.687105633956367967e+01	-1.361910709481895410e+01	2.096996942882481463e+01
3.213835216737041645e+00	1.688735279729392502e+01	-1.358675577504091514e+01	2.097608798810166419e+01
3.220122579819103770e+00	1.685313545369451305e+01	-1.344307204254807964e+01	2.057619801133773052e+01
3.226406606618656525e+00	1.662990917815832859e+01	-1.288426882918951932e+01	1.940696117111852104e+01
3.232687390085645429e+00	1.644084369110939292e+01	-1.246065808859793655e+01	1.833135275922292351e+01
3.238969121280456331e+00	1.633441860412783697e+01	-1.208111939795687562e+01	1.753885159596970666e+01
3.245254751548589667e+00	1.620042010931912912e+01	-1.179518856237311120e+01	1.672164552696446904e+01
3.251534499036136783e+00	1.610505094460036446e+01	-1.158217805568175862e+01	1.594482366170929666e+01
3.257817780791052442e+00	1.597536526190949857e+01	-1.127087518506450969e+01	1.521082845110007220e+01
3.264102164154097263e+00	1.590518701627206077e+01	-1.105313563876109484e+01	1.444704658489265547e+01
3.270384152138468892e+00	1.583357939145527027e+01	-1.087470466163044236e+01	1.389768917961688821e+01
3.276669427476867735e+00	1.573975962207921064e+01	-1.058316975573000285e+01	1.319483519995790566e+01
3.282954688864507808e+00	1.567876220243244489e+01	-1.041275128069343658e+01	1.261201486813928874e+01
3.289237200334947264e+00	1.558189797685622757e+01	-1.023993308035072403e+01	1.187009511622261293e+01
3.295519587088236779e+00	1.551930020257441534e+01	-1.001137832180083898e+01	1.130116596644447391e+01
3.301805977329951958e+00	1.548997393496495611e+01	-9.906227324031373627e+00	1.081376111654212480e+01
3.308087486222440088e+00	1.539588216991211489e+01	-9.758938480337919330e+00	1.017256385596909318e+01
3.314367630234227313e+00	1.536103448692204054e+01	-9.596800515628563844e+00	9.663532605864268987e+00
3.320651909732194262e+00	1.530354806173424009e+01	-9.450978271548487797e+00	9.193591692477799171e+00
3.326931260376857047e+00	1.523977397751938589e+01	-9.311287782704885885e+00	8.614984231478612031e+00
3.333216512447217728e+00	1.522263863679168772e+01	-9.201455391654823401e+00	8.207782848146687016e+00
3.339504489419978128e+00	1.517216421322580899e+01	-9.109146500280830949e+00	7.728577784749089297e+00
3.345786804809928405e+00	1.511566050030192443e+01	-8.998228061614671702e+00	7.181952766419835044e+00
3.352071130016277767e+00	1.508757021341104476e+01	-8.918861220951875168e+00	6.730231994075102087e+00
3.358351496304225581e+00	1.502531078374100737e+01	-8.717435202301544450e+00	6.225532848445642031e+00
3.364630591073392019e+00	1.500531639515562965e+01	-8.601296637218398544e+00	5.774661480362459187e+00
3.370916305215045483e+00	1.503075053879322454e+01	-8.587250156382301824e+00	5.502108815019393973e+00
3.377197952029413752e+00	1.495144087637080155e+01	-8.432949703831623012e+00	4.991843287463412437e+00
3.383483063818085501e+00	1.493737720096182642e+01	-8.364911267028999120e+00	4.595839624718716543e+00
3.389769992424469969e+00	1.489199699518981745e+01	-8.231907827991962634e+00	4.093687863919574177e+00
3.396051330885982100e+00	1.488907617503276448e+01	-8.210717118230006051e+00	3.742027924073512146e+00
3.402330879139463971e+00	1.486023398037862542e+01	-8.068371067966047860e+00	3.290342415118561625e+00
3.408610488352048495e+00	1.484788362207889989e+01	-8.050821941711328478e+00	2.964508277783400203e+00
3.414897837696641236e+00	1.482402418782942810e+01	-7.966490824847456409e+00	2.601058652129708104e+00
3.421180484052105619e+00	1.478410698871783424e+01	-7.824802865480005032e+00	2.157107088703650533e+00
3.427461639653846870e+00	1.474666389478405470e+01	-7.732469083132516907e+00	1.758136506320153947e+00
3.433749159643459059e+00	1.475347304984225971e+01	-7.770709339657845049e+00	1.469333907330798494e+00
3.440032646656798310e+00	1.474799069483566072e+01	-7.634757028539482349e+00	1.094621083559573993e+00
3.446313366033385339e+00	1.471888294615225057e+01	-7.584284007515750048e+00	7.138729134942733978e-01
3.452600135384134905e+00	1.468509073251620833e+01	-7.443811399885136737e+00	2.768623023287158369e-01
3.458883152815406703e+00	1.468909686339588205e+01	-7.496609662152781794e+00	2.089916680629926721e-02
3.465163834403715448e+00	1.467662594436100321e+01	-7.386470096729083501e+00	-3.124137397022355156e-01
3.471449329786229221e+00	1.467423046438604750e+01	-7.322171535589641955e+00	-6.910420661187097746e-01
3.477734476754053894e+00	1.464795717052250801e+01	-7.275571130048496649e+00	-1.015295741418690723e+00
3.484019652467224226e+00	1.463955897214399293e+01	-7.155315843488436300e+00	-1.406855600367552972e+00
3.490297019369712928e+00	1.466471746617067673e+01	-7.194084047718216191e+00	-1.621818606948637997e+00
3.496582486484379970e+00	1.462650095270090667e+01	-7.043672134776625349e+00	-2.058348146322405814e+00
3.502868048046865024e+00	1.459699998597623249e+01	-6.984591684991647398e+00	-2.391036341820760747e+00
3.509144649545451244e+00	1.461078338661905640e+01	-7.004548349198737256e+00	-2.649433659970439336e+00
3.515428082003116295e+00	1.460047518555105661e+01	-6.848819000189326545e+00	-3.002690723982857079e+00
3.521711031624695565e+00	1.461070564630198199e+01	-6.938541326351841398e+00	-3.166235115986531845e+00
3.527991850954735664e+00	1.459724684281467155e+01	-6.794611522020294281e+00	-3.666952737217764380e+00
3.534275545726699885e+00	1.456319011511913786e+01	-6.788704092182253014e+00	-3.902009229183455385e+00
3.540562632020772149e+00	1.457472822070713647e+01	-6.734988507301977734e+00	-4.148118906410870110e+00
3.546844410757220789e+00	1.458182605976745450e+01	-6.658329996736815026e+00	-4.542671443740951887e+00
3.553131386753758836e+00	1.459709116018927766e+01	-6.649741681496399437e+00	-4.745855025142390105e+00
3.559419203211965144e+00	1.457903142273939245e+01	-6.550479590472888525e+00	-5.142495853076397339e+00
3.565697971577579839e+00	1.455858485146616488e+01	-6.545306162870842215e+00	-5.385427077291275566e+00
3.571979559134798254e+00	1.458673151294991754e+01	-6.551320280702285892e+00	-5.550095932574282465e+00
3.578265774595833726e+00	1.457553253097625934e+01	-6.457789385768951007e+00	-5.943882849360545784e+00
3.584548309769353125e+00	1.457027330879114402e+01	-6.401022049196085639e+00	-6.222553553103513657e+00
3.590826843920031486e+00	1.457198738234297863e+01	-6.322110446251342886e+00	-6.509427172126162731e+00
3.597107306745233934e+00	1.459964504403787622e+01	-6.344574105727641467e+00	-6.749782147892299022e+00
3.603392831792229245e+00	1.458543456950182815e+01	-6.327626228762992966e+00	-6.980415563718437966e+00
3.609673209822572559e+00	1.458813477467294817e+01	-6.263245090053871422e+00	-7.326997209195624805e+00
3.615955412133016189e+00	1.460887894239763085e+01	-6.187717756792424417e+00	-7.632534460080483640e+00
3.622241607772384686e+00	1.458923543356301344e+01	-6.177277774038057778e+00	-7.879637500342584033e+00
3.628520252736676444e+00	1.460750829594223354e+01	-6.097523081187818050e+00	-8.170048721160297234e+00
3.634804827569451113e+00	1.460858301484234012e+01	-6.089937000096016462e+00	-8.410102978310403543e+00
3.641094981788862928e+00	1.461711525676787815e+01	-6.044712046848017550e+00	-8.687899630674566609e+00
3.647383514928639325e+00	1.462967342189461917e+01	-6.049875137662495739e+00	-8.882967540429708819e+00
3.653663283927725658e+00	1.463552974004547025e+01	-5.978693500692594753e+00	-9.168622469615531401e+00
3.659943504072155296e+00	1.464749666635096403e+01	-5.928552163739007064e+00	-9.486107696779029652e+00
3.666232000281138603e+00	1.466287501712276864e+01	-5.927409211881199624e+00	-9.683846004104774252e+00
3.672514211678317597e+00	1.467255523190806166e+01	-5.923218958002726353e+00	-9.956175083207545740e+00
3.678794154686042539e+00	1.466321945586185294e+01	-5.841271329501864784e+00	-1.019672376610320796e+01
3.685078621861909820e+00	1.468906436885433209e+01	-5.836632274753699612e+00	-1.044872653187449352e+01
3.691359210097977961e+00	1.466527218409937916e+01	-5.794198210948876770e+00	-1.072236356821738390e+01
3.697642368173791105e+00	1.467514315085601595e+01	-5.755896336742628350e+00	-1.094277504748791685e+01
3.703925796735277665e+00	1.471776190772722082e+01	-5.737535119452274124e+00	-1.116438606804590528e+01
3.710208240364660348e+00	1.469911455719891080e+01	-5.632305147614860452e+00	-1.150320461234331582e+01
3.716494593122387169e+00	1.473481635256842104e+01	-5.703092601003271866e+00	-1.165060999709610279e+01
3.722775386659595398e+00	1.473419397912280715e+01	-5.618936840136976585e+00	-1.194930707674807557e+01
3.729058392883481510e+00	1.475111926875509383e+01	-5.606745650030696915e+00	-1.216131314964549759e+01
3.735339748210807720e+00	1.475105949787822368e+01	-5.606678443410161528e+00	-1.235070146863586160e+01
3.741620776392969638e+00	1.477529677352205795e+01	-5.525524240716073621e+00	-1.264600147562010157e+01
3.747904795418762980e+00	1.481806853658004641e+01	-5.492926303536841637e+00	-1.294052328154833376e+01
3.754190633281219380e+00	1.479569353116278130e+01	-5.481628323466110508e+00	-1.314215400579387882e+01
3.760478208018912749e+00	1.480002183753704870e+01	-5.429074963392961806e+00	-1.337967389293050502e+01
3.766755538573464346e+00	1.486205799814801765e+01	-5.456350633650533410e+00	-1.361193912807436845e+01
3.773032090135151506e+00	1.486099345767647151e+01	-5.358479740123613055e+00	-1.394054092149050383e+01
3.779322553012896879e+00	1.486595381537855154e+01	-5.406644021621126228e+00	-1.401078523854634561e+01
3.785609109731308930e+00	1.487465520658741625e+01	-5.352625404307946866e+00	-1.429825610392880186e+01
3.791889825936295200e+00	1.491292834958430724e+01	-5.327485396783354865e+00	-1.452931507650790266e+01
3.798174822702435893e+00	1.491625360876029305e+01	-5.308099207397364516e+00	-1.472578771780402818e+01
3.804458658753491651e+00	1.491422503877559969e+01	-5.215653742423315364e+00	-1.505954169180187030e+01
3.810738438095723435e+00	1.496687872417380483e+01	-5.306898183683419923e+00	-1.509835568244362491e+01
3.817018850285747167e+00	1.497195849064236839e+01	-5.217902083293715521e+00	-1.544355944221149457e+01
3.823305314209427763e+00	1.497213528634129709e+01	-5.153584188443562475e+00	-1.571476832992706285e+01
3.829591295197792178e+00	1.503937914812092380e+01	-5.190950229475183697e+00	-1.587782219620515534e+01
3.835872296070849341e+00	1.501964618049938771e+01	-5.086907490006030486e+00	-1.623609838405420902e+01
3.842156279590906109e+00	1.507368051862419200e+01	-5.145174762044299577e+00	-1.627553723295629950e+01
3.848441511099312429e+00	1.509312177548967249e+01	-5.099413271859527974e+00	-1.661746595838259566e+01
3.854723334376886079e+00	1.511633249728228812e+01	-5.093129518316328763e+00	-1.676438394194311954e+01
3.861004740704794713e+00	1.512479229200230080e+01	-5.019315341139902742e+00	-1.705495520488431183e+01
3.867284336650660848e+00	1.515617326209317461e+01	-5.022610697919089873e+00	-1.730204614059910995e+01
3.873567367678779849e+00	1.518497472834599016e+01	-4.991036957880720770e+00	-1.748814396398048032e+01
3.879850662830422792e+00	1.517028619933193312e+01	-4.922774823671877797e+00	-1.774877034814241838e+01
3.886137063198143338e+00	1.524756106703400960e+01	-4.994813626689391661e+00	-1.790948562634080332e+01
3.892419463049126005e+00	1.526494694424506982e+01	-4.889004221376203496e+00	-1.825256173883522948e+01
3.898703740328622658e+00	1.530777228778576138e+01	-4.963305888047655934e+00	-1.829402434483682427e+01
3.904991458788179326e+00	1.530141089172821722e+01	-4.907612682211360600e+00	-1.859606306111699681e+01
3.911270842222104083e+00	1.535718920762867334e+01	-4.861839496188237852e+00	-1.886858808489883188e+01
3.917549806479573071e+00	1.538532952586753133e+01	-4.942641234473708955e+00	-1.889122513240345924e+01
3.923836006203090587e+00	1.539249702517314056e+01	-4.779057018417623759e+00	-1.933957171940350506e+01
3.930121452497870926e+00	1.542875661403625642e+01	-4.862715882832394421e+00	-1.942572423882040411e+01
3.936398172858230460e+00	1.548086206295726974e+01	-4.802142797183412526e+00	-1.975529257479026768e+01
3.942683040425962293e+00	1.547164683860426848e+01	-4.712210323442251436e+00	-1.997580939736619854e+01
3.948974759704379611e+00	1.554786421700574195e+01	-4.778819308354736783e+00	-2.013957876895340959e+01
3.955259227995065352e+00	1.554624439989214579e+01	-4.717033149375655654e+00	-2.040567632398012776e+01
3.961537174921395454e+00	1.561630935621785099e+01	-4.769079091539514259e+00	-2.055082697376763079e+01
3.967820217617139544e+00	1.560717015732329749e+01	-4.638126849674578445e+00	-2.093805831374485393e+01
3.974105559832568968e+00	1.566118866826061584e+01	-4.669189237596745201e+00	-2.104153670172297552e+01
3.980384727931198352e+00	1.565313374090555598e+01	-4.630661354628055726e+00	-2.126853366139822299e+01
3.986664590839849698e+00	1.570677442855348360e+01	-4.658433870886626416e+00	-2.145546884822918088e+01
3.992949619150675034e+00	1.577205439797781672e+01	-4.649388374436489890e+00	-2.165281985493690442e+01
3.999235075769965952e+00	1.579680512144051363e+01	-4.617473944715303702e+00	-2.196301895624698730e+01
4.005515715515433506e+00	1.584553282557715370e+01	-4.577964906416521984e+00	-2.219726327008413236e+01
4.011798434346478537e+00	1.587632049496735398e+01	-4.588008940449753936e+00	-2.234924782775168239e+01
4.018083716245132386e+00	1.592630161694190605e+01	-4.587101847512908392e+00	-2.261173591418884854e+01
4.024365700052603856e+00	1.599214873787216185e+01	-4.537493630645350606e+00	-2.285138505016307064e+01
4.030643960839860540e+00	1.597954811610747150e+01	-4.506787459681420138e+00	-2.308720147508061871e+01
4.036928708926215137e+00	1.603594178238260426e+01	-4.587104389985294794e+00	-2.317926672688953005e+01
4.043218157412017177e+00	1.607813218750035134e+01	-4.514615459872817205e+00	-2.350443664451880466e+01
4.049503019487663558e+00	1.611978596733685265e+01	-4.524224202257918215e+00	-2.368165115767467555e+01
4.055781898960511000e+00	1.614777842224041393e+01	-4.494937097932194092e+00	-2.388056565800890496e+01
4.062060795621602161e+00	1.615728556401609239e+01	-4.400089432853895310e+00	-2.428355214586490618e+01
4.068347865354716042e+00	1.625689062346503277e+01	-4.446118029294202856e+00	-2.437796149908358956e+01
4.074631027173265529e+00	1.627559990383091559e+01	-4.407720288529686670e+00	-2.464390604056188039e+01
4.080910837526078971e+00	1.634087789050616735e+01	-4.465026257498962536e+00	-2.483685906759466988e+01
4.087201203341442657e+00	1.635761857457249135e+01	-4.377876304469516811e+00	-2.508568490912040971e+01
4.093486818591942189e+00	1.636626540673111307e+01	-4.326270487231756334e+00	-2.540095031834561112e+01
4.099764387336505500e+00	1.648513330649592845e+01	-4.404531055229164771e+00	-2.548846185812331200e+01
4.106049166937662420e+00	1.649312166654448930e+01	-4.330838857767357553e+00	-2.583300424995973188e+01
4.112334559041358695e+00	1.653802734867349145e+01	-4.303700085327611724e+00	-2.605969616783225007e+01
4.118618926059533614e+00	1.660613042866253508e+01	-4.358648625543374067e+00	-2.620995849309261772e+01
4.124898942031112625e+00	1.665263179326197829e+01	-4.193416409448310844e+00	-2.671652716006018480e+01
4.131175432561665417e+00	1.669964869817106745e+01	-4.250385416194915500e+00	-2.682040203915531507e+01
4.137461563786142271e+00	1.671602462395723521e+01	-4.178844804191638396e+00	-2.716680178338764406e+01
4.143746006210170307e+00	1.682176199870929878e+01	-4.258070818506737076e+00	-2.724196039342780651e+01
4.150029800482964326e+00	1.682392313318914034e+01	-4.209235076592672264e+00	-2.752294193770120856e+01
4.156313390684649001e+00	1.689857500948523494e+01	-4.161951034298653873e+00	-2.787434318522787891e+01
4.162596105843763716e+00	1.693151831771045579e+01	-4.173183086354995019e+00	-2.802513502321628280e+01
4.168881843141768684e+00	1.695280851578544912e+01	-4.148820985334099376e+00	-2.828561079159448965e+01
4.175162111073220217e+00	1.703558228387576889e+01	-4.217411215994796514e+00	-2.836014630199124298e+01
4.181448573417560155e+00	1.706407858644317699e+01	-4.055593752622906223e+00	-2.892031048096187362e+01
4.187738782464171194e+00	1.716186036511439994e+01	-4.091963594746813371e+00	-2.908736115725362836e+01
4.194017437180169061e+00	1.720701372738375667e+01	-4.094704043637373836e+00	-2.931118842026297244e+01
4.200293572701767175e+00	1.720518352678023533e+01	-3.991276290790508163e+00	-2.968600656278593419e+01
4.206580195481546269e+00	1.733466366631001065e+01	-4.077680778716314514e+00	-2.982389785996499754e+01
4.212860644652220543e+00	1.733078673211287679e+01	-3.904753537068953673e+00	-3.036141780169435123e+01
4.219138153430114002e+00	1.746252749986950192e+01	-4.127027354344686039e+00	-3.022291245358754352e+01
4.225426162098283811e+00	1.747410455112496308e+01	-3.956743519070200499e+00	-3.079382630995822367e+01
4.231713506719782636e+00	1.757849176093984056e+01	-4.027776402189934046e+00	-3.094529811698919275e+01
4.237990056577191744e+00	1.759667952183061956e+01	-3.929359006414211652e+00	-3.126835137971251655e+01
4.244267783646744618e+00	1.760286015917748514e+01	-3.917963926110993977e+00	-3.152459999934538715e+01
4.250560660182562955e+00	1.776725634447464586e+01	-4.023952005027767953e+00	-3.169161984156350087e+01
4.256847734842668096e+00	1.773377686200755576e+01	-3.797412499300756750e+00	-3.224939782460894833e+01
4.263127100734456221e+00	1.786105269141772567e+01	-3.877437939298459479e+00	-3.243544460221328762e+01
4.269406860432507500e+00	1.793717575656451402e+01	-3.898326944760271751e+00	-3.272603990215749548e+01
4.275691671482192646e+00	1.789789702604726429e+01	-3.793935631939601816e+00	-3.300273351797064691e+01
4.281972414189518794e+00	1.798368347650797716e+01	-3.826545701361622864e+00	-3.319349317604377347e+01
4.288253516806755705e+00	1.805054526563423778e+01	-3.768348597201268912e+00	-3.361800527950525463e+01
4.294540520160492925e+00	1.811275485229894855e+01	-3.708350203941379597e+00	-3.395802031184743441e+01
4.300825742921731809e+00	1.818439345897382253e+01	-3.697034497327160274e+00	-3.429346690023809430e+01
4.307109835491901961e+00	1.824360265747592891e+01	-3.637767766139943681e+00	-3.467417977407524887e+01
4.313390926478413157e+00	1.828579338285021194e+01	-3.641577045212326169e+00	-3.485446794578847829e+01
4.319667979480563247e+00	1.830551062932075013e+01	-3.534198645127383909e+00	-3.534303699150245137e+01
4.325952598143786076e+00	1.842466290993061762e+01	-3.687503097809741170e+00	-3.532062271813229160e+01
4.332241647035422361e+00	1.837752829445139824e+01	-3.364997418804103635e+00	-3.605786536672685827e+01
4.338524445619096781e+00	1.852960162094258223e+01	-3.482273513387592168e+00	-3.630025348710158539e+01
4.344809348131129845e+00	1.855715598063364880e+01	-3.488784060264278342e+00	-3.647326110526955745e+01
4.351090699193166600e+00	1.859967229878666473e+01	-3.388785448654993093e+00	-3.698002128242900710e+01
4.357369710808320029e+00	1.873958749895767184e+01	-3.485933505441718427e+00	-3.715379020078020744e+01
4.363659348967174445e+00	1.869480475224746741e+01	-3.335669060385223261e+00	-3.762172068853764983e+01
4.369947418280990981e+00	1.886909032255766405e+01	-3.440764512467358927e+00	-3.791514683007161324e+01
4.376226569265827315e+00	1.893284454324534849e+01	-3.399067136713909143e+00	-3.828764358105825494e+01
4.382499356631129217e+00	1.888627896220236480e+01	-3.240494104749364723e+00	-3.871616445946040130e+01
4.388784975178015024e+00	1.900330988604394022e+01	-3.337037860587086069e+00	-3.890525129625144984e+01
4.395068696309480494e+00	1.895760727436096715e+01	-3.110438028490919216e+00	-3.957684827206213640e+01
4.401347962382031298e+00	1.911955805531632890e+01	-3.224998855421766564e+00	-3.968605184399792307e+01
4.407628405096517099e+00	1.914883119798415834e+01	-3.092259815788707122e+00	-4.028849926352995681e+01
4.413915862185140426e+00	1.916890879567555572e+01	-3.013216203387275804e+00	-4.068560654889225248e+01
4.420203163534264235e+00	1.927967911535556667e+01	-3.067824932950123262e+00	-4.097458801542951079e+01
4.426480311003382795e+00	1.922669073642210336e+01	-2.776280247292318482e+00	-4.181071362872448560e+01
4.432765973643649104e+00	1.946363809660806510e+01	-3.064530008340121014e+00	-4.173361020913992547e+01
4.439053392023870614e+00	1.930320886386454760e+01	-2.654275927516635658e+00	-4.260432583026319975e+01
4.445336141335588742e+00	1.944182529039792584e+01	-2.782791889206841951e+00	-4.271454380843596255e+01
4.451617241414883352e+00	1.941208048129928443e+01	-2.661425481337758026e+00	-4.325453374189613953e+01
4.457901500730311106e+00	1.945147840976913400e+01	-2.544396225145008739e+00	-4.386583644163892615e+01
4.464189501093017043e+00	1.954436350662072641e+01	-2.625220054765657007e+00	-4.404351980696675639e+01
4.470470197548729985e+00	1.941543686220078868e+01	-2.305836105925447299e+00	-4.481441688614746255e+01
4.476748044268524573e+00	1.963955661013199716e+01	-2.471276649084075849e+00	-4.502517661733670451e+01
4.483035990164653484e+00	1.949520853673873688e+01	-2.180590298623285239e+00	-4.573258679549767436e+01
4.489323331650528104e+00	1.948799340438102945e+01	-2.120569480122473482e+00	-4.604087775034695085e+01
4.495599111667934800e+00	1.962036893957489525e+01	-2.039191629806667017e+00	-4.688203109231670851e+01
4.501870922878794090e+00	1.952154618936286923e+01	-1.727489234508415850e+00	-4.760467851335026523e+01
4.508155162877705457e+00	1.956439072739948415e+01	-1.860585731540485011e+00	-4.767820902376565328e+01
4.514446451153479423e+00	1.947074742570322314e+01	-1.671313157987637465e+00	-4.830552364406982946e+01
4.520723894043856994e+00	1.956776498046336243e+01	-1.612713126135628228e+00	-4.889858310991764512e+01
4.527003782460155890e+00	1.941267990481527406e+01	-1.358437058579975210e+00	-4.960739787632019926e+01
4.533293086610313161e+00	1.942204905963746597e+01	-1.244699572001311427e+00	-5.016900654290677153e+01
4.539578989864040182e+00	1.939148457360909816e+01	-1.104258193682833511e+00	-5.076100429930961866e+01
4.545857164866476730e+00	1.932191572815153435e+01	-8.589383565600337000e-01	-5.158888722893354384e+01
4.552138955546025656e+00	1.928409726803624125e+01	-8.389069723028742542e-01	-5.204864705499620925e+01
4.558432046889146605e+00	1.925331595763600490e+01	-6.536409691658254806e-01	-5.269089509124486170e+01
4.564713463378488711e+00	1.923247752652421738e+01	-6.030958211634800392e-01	-5.306504001602625209e+01
4.570987274133244682e+00	1.917239304462655269e+01	-5.089950108376624094e-01	-5.343247677102943527e+01
4.577274818151045643e+00	1.923695352874329245e+01	-5.274340992674551032e-01	-5.384868773774432782e+01
4.583563263889338657e+00	1.923119220258385909e+01	-4.606027833135305505e-01	-5.426073838922846448e+01
4.589844917004465508e+00	1.930439359124143195e+01	-3.779771459706581793e-01	-5.485066947559392503e+01
4.596126259982004747e+00	1.937663243259219925e+01	-3.660129853644862319e-01	-5.541912355219407971e+01
4.602409075598298926e+00	1.935690684541651763e+01	-4.291994387671120292e-01	-5.555992814013255554e+01
4.608696634867644804e+00	1.940114484043902721e+01	-3.641454940799270235e-01	-5.598621934853093762e+01
4.614977646498861219e+00	1.945179512656054399e+01	-2.679394021879622501e-01	-5.656091928617828302e+01
4.621258953029527383e+00	1.947216215627767255e+01	-2.855326609745089117e-01	-5.688645816439242253e+01
4.627547993978874175e+00	1.958654688224276796e+01	-2.997625912020322470e-01	-5.739152409719881831e+01
4.633830152730579854e+00	1.957291806075248886e+01	-2.948263985116179597e-01	-5.760976990104312279e+01
4.640104005367354567e+00	1.966351246855254331e+01	-2.528623560680032245e-01	-5.813102879695983916e+01
4.646382060386754276e+00	1.973956071046692529e+01	-2.748927257804319457e-01	-5.861223615446128576e+01
4.652674213731970987e+00	1.977624148248285962e+01	-2.865225861155095144e-01	-5.893535286318583388e+01
4.658958291796220230e+00	1.979426286819044378e+01	-2.114441855597679332e-01	-5.924126332322927624e+01
4.665233615070169648e+00	1.984914690743070409e+01	-2.197672488746300334e-01	-5.966943418619886330e+01
4.671520675710307380e+00	1.998677048889106089e+01	-2.292433738093323237e-01	-6.022284406706447868e+01
4.677814351732177300e+00	2.003325113274079428e+01	-2.093897579417771659e-01	-6.060040144716447941e+01
4.684093699744638073e+00	2.014092713320939865e+01	-1.983272119229025632e-01	-6.114165312349167891e+01
4.690368661472568590e+00	2.011841651090687932e+01	-2.035381155968594147e-01	-6.126746243549019511e+01
4.696663270746453733e+00	2.021859855597028854e+01	-1.794674154194661475e-01	-6.179319884385962069e+01
4.702945459248681459e+00	2.029355672501728947e+01	-8.828533791308988687e-02	-6.237298137526312303e+01
4.709209170841929470e+00	2.031137838583816091e+01	-1.812764355301637043e-01	-6.247630226228581307e+01
4.715491634753063543e+00	2.039851826982107497e+01	-1.460739168612698313e-01	-6.296006635870634938e+01
4.721784316284933780e+00	2.048443303930914183e+01	-1.561258565977685642e-01	-6.337983168617212471e+01
4.728063062331094635e+00	2.059948549736233403e+01	-1.863861136488812464e-01	-6.388276142890471476e+01
4.734337423381671073e+00	2.070717657335446305e+01	-1.602835107115422875e-01	-6.439821961001801753e+01
4.740627024094544062e+00	2.067937187641116026e+01	-1.669659464916358749e-01	-6.453050558514131296e+01
4.746914995664547554e+00	2.081918624883311253e+01	-1.809738953830831443e-01	-6.510211801303023549e+01
4.753194740071086777e+00	2.098791159511543825e+01	-1.889743281127548580e-01	-6.577444853929326030e+01
4.759478891864783456e+00	2.099037297768733623e+01	-1.885397695430022502e-01	-6.593239053987690568e+01
4.765762396877359031e+00	2.106081453689669303e+01	-5.407285898841091704e-02	-6.651007023993746259e+01
4.772049481246195768e+00	2.111676124023407297e+01	-1.586848227798688948e-01	-6.669414926307774749e+01
4.778335091022592351e+00	2.124212475161923308e+01	-9.186835907038369553e-02	-6.729202367900839477e+01
4.784610831402393849e+00	2.131350607050871204e+01	-1.133670904991121997e-01	-6.768279863590045409e+01
4.790907306208476157e+00	2.138518803347074737e+01	-6.637607558587137191e-02	-6.815036211316318315e+01
4.797204047706418173e+00	2.149593498395959301e+01	-1.525024981918778055e-01	-6.848710481864426924e+01
4.803470827697504220e+00	2.169840581151875725e+01	-1.346876747068331270e-01	-6.932556591592606310e+01
4.809748850577324042e+00	2.173930592236546744e+01	-3.479910725221205259e-02	-6.973340841646572130e+01
4.816045316586602176e+00	2.188652347445773572e+01	-1.328375858345192673e-01	-7.023265256787897215e+01
4.822329240673497885e+00	2.195195188668549946e+01	-3.284015807051463703e-02	-7.067311496014166039e+01
4.828596758226470165e+00	2.203475510564937423e+01	-1.149468908787026622e-01	-7.098978104646390364e+01
4.834890332961369275e+00	2.219934506756035830e+01	-7.757787764323935409e-02	-7.171201274185683872e+01
4.841191655056394261e+00	2.232638168996886208e+01	-7.052668367839319552e-02	-7.226403575699517035e+01
4.847460407468000554e+00	2.224112527977922227e+01	-5.279264970511549776e-02	-7.214675353610373065e+01
4.853732128521334843e+00	2.250623879013516415e+01	-4.406842611519923986e-02	-7.314874395237569615e+01
4.860029138783373170e+00	2.262847142495622066e+01	-6.445352937955177441e-02	-7.368712285685576546e+01
4.866314601732018019e+00	2.264037698293665457e+01	-1.050857302500351337e-01	-7.379603107844168619e+01
4.872587026269203925e+00	2.278118654251698771e+01	-4.044522496800653094e-02	-7.441122891574968889e+01
4.878874221748241702e+00	2.292781873783100366e+01	-7.664936750632156404e-02	-7.500725760578018253e+01
4.885171078138658807e+00	2.291545924448478999e+01	-7.536237711764286196e-02	-7.511443483049077940e+01
4.891450629931857641e+00	2.304346228573236033e+01	-2.399241635026335209e-02	-7.568699372663390079e+01
4.897716482750221978e+00	2.335485928040667147e+01	-7.770583162501573660e-02	-7.676939531257251303e+01
4.904002834596266069e+00	2.345316797613629589e+01	-5.569601177391424879e-02	-7.724136987960426382e+01
4.910295858205786068e+00	2.354545008774207915e+01	-1.426920074380340527e-02	-7.770277027947160775e+01
4.916575188115905881e+00	2.374831897067814879e+01	-3.045110199566964868e-02	-7.843692863873451415e+01
4.922847946197084212e+00	2.377326797725592300e+01	2.894574528287011811e-03	-7.870906148607761565e+01
4.929131667457151700e+00	2.386823715710842819e+01	4.437943186505806208e-03	-7.915554513135317904e+01
4.935434460144239033e+00	2.401305681025183958e+01	-8.741018814882950405e-02	-7.959787183972838420e+01
4.941718513303545279e+00	2.420328254143771574e+01	1.066432298024546504e-02	-8.048053458357651380e+01
4.947978624761803168e+00	2.436831871364895008e+01	-1.170676921955788111e-02	-8.112288008631492175e+01
4.954274999209829389e+00	2.472201258989081296e+01	-9.598534175786228861e-02	-8.227742357471795742e+01
4.960571094729937514e+00	2.464269351611520520e+01	-3.691612381979497010e-02	-8.217046983948448258e+01
4.966823207626954506e+00	2.475785678484563945e+01	-8.724677449335704882e-02	-8.263623606965697377e+01
4.973097418390337587e+00	2.513868809172464580e+01	5.009231611139015189e-02	-8.417334244390276865e+01
4.979415129936382023e+00	2.519158908315559131e+01	2.450189058198220301e-03	-8.440290035483225495e+01
4.985702082330368157e+00	2.517390767758681136e+01	-2.839307602255706706e-02	-8.438835749052672952e+01
4.991949985828016523e+00	2.542357244853050346e+01	-2.443857196734038756e-02	-8.533685318312625157e+01
4.998241586316924057e+00	2.553951120169236333e+01	-1.490105043180724002e-02	-8.585488184226413466e+01
5.004556635606089543e+00	2.579331374697962431e+01	-3.001012048819492670e-02	-8.675917605882892758e+01
5.010828655701208945e+00	2.586258440453523022e+01	-2.192155635159608734e-02	-8.709753103069367342e+01
5.017077229702536556e+00	2.620486959525671011e+01	-8.710236125580063382e-02	-8.827643992668386375e+01
5.023374414758113637e+00	2.621179376249444459e+01	-1.019532185523733085e-02	-8.850744378619282315e+01
5.029688873569548413e+00	2.655898722945149615e+01	-3.827784118739097075e-02	-8.973075414241685621e+01
5.035958413584124216e+00	2.690516652933519737e+01	-5.167675527319823270e-02	-9.092647137437187155e+01
5.042232667658486989e+00	2.683830075356418732e+01	-7.670098355727519683e-03	-9.088799854469233708e+01
5.048528755870775875e+00	2.708048637900914457e+01	6.378121771366014603e-02	-9.188914457164094074e+01
5.054821121427484520e+00	2.723428242799051802e+01	-2.907646303421412837e-02	-9.234481498598344729e+01
5.061069509814582368e+00	2.747335268317512558e+01	1.733443659397369829e-02	-9.330909314107839236e+01
5.067347812754101177e+00	2.760643830865085846e+01	-3.589786753009117232e-02	-9.380024389829745246e+01
5.073675050630431116e+00	2.790031151767566797e+01	-3.735992892017657441e-02	-9.489894822023717325e+01
5.079945928388977627e+00	2.784804870992198644e+01	3.842055767604562327e-02	-9.487232572174318079e+01
5.086192992546071601e+00	2.826546210976275830e+01	-2.529088671183509981e-02	-9.627264625419772415e+01
5.092484128970163226e+00	2.842017681938388662e+01	-5.767044207679879186e-02	-9.690992847688015388e+01
5.098802924706086870e+00	2.864240710937702872e+01	-6.728772952235692606e-02	-9.768064490100310593e+01
5.105078217426394005e+00	2.886728317464624638e+01	-9.549163014812669936e-02	-9.849813797445509067e+01
5.111325076574067872e+00	2.916447765697434491e+01	-3.357792623551417860e-02	-9.967671019229678109e+01
5.117628358851224135e+00	2.923975540277461604e+01	9.194712332685803235e-03	-1.000642153879460210e+02
5.123935939383525984e+00	2.963509268097570626e+01	-3.471470217953379067e-02	-1.014420405715299154e+02
5.130199176325612065e+00	2.966489858867241836e+01	-3.201569338943765358e-02	-1.015809086900269733e+02
5.136469985878846956e+00	3.000661292656735668e+01	-6.220857065786431633e-02	-1.028257207473960051e+02
5.142797788696348071e+00	2.992941159382587912e+01	-6.773329159719046477e-02	-1.026226729794066443e+02
5.149090378043822192e+00	3.061325509452745663e+01	2.447541385907632885e-02	-1.051487873950621577e+02
5.155289879840074363e+00	3.103019261191246514e+01	2.939078079635331492e-02	-1.066303278717237077e+02
5.161564521234301317e+00	3.107199973191910303e+01	-3.948736965160215551e-02	-1.068149885776003600e+02
5.167916673496016244e+00	3.134423604064087954e+01	-1.334805719241581329e-03	-1.078363811366450733e+02
5.174205974602950064e+00	3.129677023090341592e+01	2.632732453671451228e-02	-1.077169982450800347e+02
5.180434820793812456e+00	3.191893264336312086e+01	-5.269644470127479892e-04	-1.099297624316315307e+02
5.186729096569634656e+00	3.236101535249635930e+01	1.898160003169594226e-02	-1.115635834085694569e+02
5.193058481037780894e+00	3.220852773732777763e+01	-7.890617948555929406e-02	-1.109846034069379641e+02
5.199319511444338460e+00	3.243680090982498143e+01	-8.820233159751351970e-02	-1.118124100438349728e+02
5.205574295584361799e+00	3.304399470074569223e+01	-1.409586879197510453e-02	-1.140527396584357263e+02
5.211894977074066126e+00	3.309248067278485905e+01	2.469416258530186120e-02	-1.143488286619642622e+02
5.218201708336958511e+00	3.333156687527620932e+01	-3.352787252379799826e-02	-1.151465208094646187e+02
5.224411911780083351e+00	3.349407657238054270e+01	1.859558176644798486e-02	-1.158146477899812510e+02
5.230677632666463239e+00	3.411568852271090435e+01	2.740965823463550194e-02	-1.180426547212655635e+02
5.237056729559757429e+00	3.407031748177989527e+01	5.956117433502886721e-03	-1.179434466859739956e+02
5.243336785035660697e+00	3.479586710246614700e+01	-2.103499118817648422e-02	-1.204300708904003585e+02
5.249493476178225038e+00	3.539493949192909383e+01	-3.055184201298616342e-02	-1.225469733759186965e+02
5.255787017738318134e+00	3.548636223420536595e+01	2.439117886062769011e-02	-1.230278839934875492e+02
5.262205327426889845e+00	3.582573658238414538e+01	4.548947899971769043e-02	-1.242659128184751864e+02
5.268477758348532269e+00	3.600963138274072151e+01	-4.993982493470135176e-02	-1.248468822528480189e+02
5.274632213654732560e+00	3.617111579442386216e+01	-1.271376633314686777e-03	-1.254968485990850979e+02
5.280950543314659740e+00	3.669464967329351879e+01	6.119702168708261031e-02	-1.274746483508354515e+02
5.287327645024750389e+00	3.695301975732892430e+01	-3.085335727455441185e-02	-1.283100656454529371e+02
5.293582359180156516e+00	3.729286316005715207e+01	-1.353484475640521351e-02	-1.295113521667964562e+02
5.299789992649893478e+00	3.743919767789432740e+01	-8.500656429716025447e-03	-1.301122236978294495e+02
5.306111460381987222e+00	3.822988176870979515e+01	4.457421273574822124e-02	-1.329706422000693919e+02
5.312452717892129250e+00	3.901853256901189582e+01	7.076021826012060534e-02	-1.357621658380649308e+02
5.318650122853046724e+00	3.950458392124571105e+01	5.802198762086664338e-03	-1.374191305755273618e+02
5.324923043129819789e+00	3.961028687544029481e+01	-2.760379525838466477e-02	-1.378442021069467671e+02
5.331330237158205421e+00	3.969978453687402009e+01	-3.554765926206376880e-02	-1.381684298827501038e+02
5.337586726886338617e+00	4.050144352805677528e+01	1.654341835518916351e-02	-1.410383514425293754e+02
5.343685192440848830e+00	4.065836621526913319e+01	-5.340322251282672399e-03	-1.415836475355170592e+02
5.350070659715249199e+00	4.052045880368946484e+01	-8.104914031847075540e-02	-1.411224454173879508e+02
5.356556762554878226e+00	4.190334128465016050e+01	-2.158524560124175026e-02	-1.460270195112090050e+02
5.362691868684501095e+00	4.149298468847535304e+01	6.016291728340551759e-02	-1.446896869031631923e+02
5.368769208912516966e+00	4.282708400800129311e+01	1.495382040645875377e-01	-1.494518985224109429e+02
5.375270137997677722e+00	4.200737314495074770e+01	-1.047261085084665033e-01	-1.464167801643410201e+02
5.381769983045385786e+00	4.312007684785834272e+01	-2.890743623611815704e-03	-1.504399235705592162e+02
5.387701030372958222e+00	4.381791721279469698e+01	-2.536310838802202303e-02	-1.528394859383866731e+02
5.393786668001271600e+00	4.414082441116779876e+01	2.047235906707931333e-02	-1.540675277981537761e+02
5.400446161099396569e+00	4.513491078253723288e+01	-4.722708451845220728e-02	-1.575372010503588740e+02
5.406957063684501463e+00	4.504588061759366013e+01	-7.964758233022524447e-02	-1.571946414131536756e+02
5.412655672453426270e+00	4.582514200428113327e+01	-1.579446445763899032e-02	-1.599678262595911633e+02
5.418821279260546575e+00	4.730505386148558244e+01	5.632232878201008652e-02	-1.652898659880940215e+02
5.425690594366304076e+00	4.713315012052528630e+01	-7.908399218339377812e-02	-1.646004140475721442e+02
5.432217487502165376e+00	4.648385472791592576e+01	7.333440684039591040e-02	-1.624945530181896913e+02
5.437649811577258241e+00	4.885565500794621130e+01	2.956433625249886565e-02	-1.706965308759305913e+02
5.443914404015878006e+00	4.943913182527912653e+01	7.681978482058260393e-02	-1.728754322093658971e+02
5.450953501686320202e+00	5.003166257695470875e+01	-5.951043503087933423e-02	-1.748474834007121785e+02
5.457483690405861232e+00	4.888062058302226376e+01	7.168539355949399977e-04	-1.709043577064650492e+02
5.462715250135157241e+00	5.231679411820432080e+01	-9.266297607598585062e-02	-1.827805385115311481e+02
5.469033575551323523e+00	5.014848510617515842e+01	-2.214427613755102012e-02	-1.753339533994227111e+02
5.476177730420278778e+00	5.430090525588744299e+01	5.534407215630816196e-02	-1.899701741977621055e+02
5.482708935702562236e+00	5.154091736408973645e+01	5.419311160058144089e-02	-1.803428432924658580e+02
5.487722405008360838e+00	5.374692280411380096e+01	-1.098668558564034059e-01	-1.878635720512396858e+02
5.494194284996126498e+00	5.201854306222370639e+01	2.159297603886014758e-02	-1.819915946301942142e+02
5.501391471009256406e+00	5.462721721971473698e+01	7.276411021051928420e-03	-1.911217595006046395e+02
5.507128202673079009e+00	5.789795494856296898e+01	-5.360702259573114914e-02	-2.025222037927970007e+02
5.512278020050448646e+00	5.243412209001284197e+01	-8.445215223913732361e-02	-1.833751820519266289e+02
5.519395563377015534e+00	5.846000790464785268e+01	9.480758060665284148e-02	-2.046572547120446188e+02
5.526598678609708770e+00	5.513173606474996546e+01	-2.727577459948491226e-02	-1.928999233248364931e+02
5.532162682462509196e+00	6.526453876333962967e+01	-2.751605358433890924e-02	-2.283675726447767431e+02
5.537397124017139127e+00	5.808548007561302740e+01	-3.023556477696107830e-02	-2.032487410542899227e+02
5.544582756485218589e+00	6.205924318812392215e+01	5.459407753064893926e-02	-2.172488077040793542e+02
5.551739327507637434e+00	5.334706048700279268e+01	-6.330594958701593611e-02	-1.866440147463401331e+02
5.557493306674907707e+00	5.917052344980395873e+01	-1.866304926691854382e-01	-2.069056033718781578e+02
5.562281709102816940e+00	5.974672656856213848e+01	-1.161986508163638104e-01	-2.089933311911652538e+02
5.569272720323164449e+00	5.471136184886328380e+01	2.611873749646544465e-02	-1.915156133455768952e+02
