8.899641224696953554e-03	5.342176911169743107e+04	5.380093543853901792e+04	-5.107649219401201844e+04
1.507912216506557788e-02	4.396622032147997379e+04	6.194104742689523846e+04	4.410173043376686110e+03
2.144790186456836667e-02	3.727141880157799460e+04	4.176166395526968699e+04	-2.199806464345306085e+04
2.783660776489276650e-02	2.594461292286858588e+04	2.014306512966347873e+04	1.548519760670816504e+04
3.435099785803411021e-02	2.156701540608941650e+04	1.176228215613670000e+04	-8.672420701467081017e+03
4.047886761425745911e-02	1.520827633076571146e+04	9.904381224727048902e+03	-2.550680017192531523e+03
4.676716683575679601e-02	1.320494054844913444e+04	9.760678283976527382e+03	-7.093158012770177265e+02
5.308225101765951665e-02	1.286069746031472096e+04	1.176788556253642855e+04	-1.125436928866455730e+02
5.945362440940590160e-02	1.174191907485672346e+04	8.144994913781025389e+03	1.143074830237618016e+03
6.576224814588792211e-02	1.053460618102173612e+04	9.847736216442985096e+03	2.514812136776206899e+03
7.196632906698736953e-02	9.612062785561214696e+03	7.358178677479247199e+03	1.618471315936028248e+02
7.827860915688347743e-02	8.139259899281942126e+03	6.037961168675538829e+03	-2.600051324779004972e+03
8.470398945834539672e-02	7.456582382375149791e+03	6.691723304054939945e+03	2.358942065128629110e+03
9.096854620527369817e-02	6.136792229175930515e+03	4.480633665080064929e+03	-3.542468479949771165e+01
9.720789776830213169e-02	5.319112418473800062e+03	4.405246512530714426e+03	4.217317579361984485e+02
1.034763038959366499e-01	4.881224489722665567e+03	4.356592386125724261e+03	1.477340612025331438e+03
1.097576444254559219e-01	4.463117420731029597e+03	3.345302271006541559e+03	5.555883061649415140e+02
1.160543084780093354e-01	3.942035409801496826e+03	3.103754580191312016e+03	9.433395063439226078e+02
1.223669666537485351e-01	3.764555154087162009e+03	2.783511137518662963e+03	-1.459996065810909727e+02
1.286817263090294094e-01	3.533054856469810147e+03	2.572760806844292347e+03	3.091852018939852655e+02
1.349500801664080818e-01	3.313487358154392496e+03	2.217686148728155786e+03	3.535665996802715654e+02
1.411949558842147678e-01	3.129998802134649850e+03	2.044034644277078996e+03	1.864105816313509649e+02
1.475133575747468451e-01	2.886375489135997213e+03	1.996557484862989440e+03	3.956212366109203913e+02
1.537865074252268427e-01	2.533464664496771547e+03	1.774306354100641784e+03	3.610966446437373065e+02
1.600657544051110326e-01	2.321068465012137949e+03	1.598601440344653838e+03	4.739954779819677810e+02
1.663991168687080635e-01	2.143533292399517904e+03	1.313940166220144647e+03	1.515228197650685331e+02
1.727195645776442856e-01	2.041773574805341696e+03	1.320271150432637114e+03	8.253177721036736614e+01
1.789765213377084718e-01	1.877256160614699866e+03	1.256884864309866771e+03	3.889964854551375879e+02
1.852353690647852158e-01	1.795041112257579016e+03	1.028581586615741799e+03	1.281267384021033706e+02
1.914806787341157279e-01	1.670041661155171823e+03	8.933417952082012334e+02	2.164368171715121605e+02
1.977889868651535599e-01	1.590347965890201522e+03	8.226323562187958487e+02	1.523818108840398367e+01
2.040937735447724277e-01	1.525992300006847699e+03	7.593793258699821536e+02	1.995311388849727621e+02
2.103939302609846018e-01	1.440381552792745651e+03	7.915100575287965512e+02	3.312996331097542679e+02
2.166909709822301688e-01	1.318631614429609499e+03	6.074580183568331222e+02	6.790228682030866025e+01
2.229700281216152047e-01	1.227604025825808776e+03	6.236006146360261937e+02	2.600049207866892402e+02
2.292620027086341994e-01	1.156019766825910892e+03	5.323444545180595924e+02	1.076235259686029906e+02
2.355141508366812297e-01	1.118237600982987487e+03	5.182728271587996005e+02	1.619682834210057081e+02
2.417910583817859116e-01	1.043276231561863824e+03	4.726230410177098520e+02	1.392227129574485218e+02
2.480856539439619257e-01	9.949232263192593564e+02	3.946658120396107279e+02	1.264704049530698029e+02
2.543492256872954549e-01	9.457886110086718645e+02	3.467488942607894842e+02	2.234300580905158142e+02
2.606334251884805386e-01	8.897559330935160915e+02	3.309769442889826792e+02	1.224816408768839864e+02
2.669257370896960802e-01	8.437333270928151023e+02	2.642620985955304604e+02	1.235960579459119373e+02
2.732423343141155980e-01	8.098643778804769227e+02	2.993181986366548131e+02	1.978728541330625319e+02
2.795529680084415936e-01	7.554556329669052275e+02	2.198981336531555542e+02	1.133507785138793196e+02
2.858366292314493129e-01	7.253584584267606488e+02	1.996839412296617127e+02	1.394849828531532410e+02
2.920876271394311496e-01	7.012403851103482566e+02	1.599755626456127686e+02	1.449541612814913094e+02
2.983449844439822751e-01	6.709260088511215372e+02	1.692164967872442958e+02	1.693079719700552914e+02
3.046382639407197446e-01	6.344364240514720450e+02	1.392976472662336676e+02	1.303045693392735984e+02
3.109279127003197196e-01	6.108386534388995415e+02	1.453143045826301432e+02	9.943400942386172403e+01
3.172168171618398036e-01	5.832001133695055159e+02	9.088517329165252079e+01	1.428212449554835359e+02
3.235187567944423082e-01	5.570420669533624505e+02	9.646340745269105810e+01	1.342834175957156333e+02
3.298168217550395687e-01	5.338463239245706973e+02	6.743715413408911274e+01	1.402975217210600363e+02
3.361176429457156667e-01	5.148287098621633504e+02	5.261956591911739878e+01	1.240376061544407520e+02
3.423700375709273769e-01	4.921709040403438848e+02	4.827037996880883242e+01	1.272709841583248789e+02
3.486478192666269682e-01	4.706608411716897535e+02	3.393424993597683681e+01	1.490203835616176491e+02
3.549411614411318028e-01	4.552861403985833135e+02	2.204598025535602801e+01	1.131330917289166536e+02
3.611916935421040642e-01	4.375099189082872613e+02	2.417605676139999105e+01	1.438263872073208063e+02
3.674767089563572564e-01	4.182608109872440423e+02	9.928877379710829842e+00	1.102902632863281127e+02
3.737647795277591056e-01	4.011271970289691353e+02	-1.563400913181708596e+01	1.225456455887801752e+02
3.800654031475132477e-01	3.848515213233512782e+02	-2.468906273359524395e+00	1.098247442710663933e+02
3.863539861259823738e-01	3.745189395946234185e+02	-1.717376946445775587e+01	1.163367978038272810e+02
3.926140181364449755e-01	3.614077339449797819e+02	-1.835208092736434793e+01	1.104136593497322423e+02
3.989264500321934581e-01	3.453441100630167853e+02	-3.551820405554526161e+01	1.187156158168711784e+02
4.052073244576828714e-01	3.335694630399500511e+02	-3.769328483222112425e+01	1.187623223482153350e+02
4.114916477570477182e-01	3.224146277487008661e+02	-3.494925777451372539e+01	1.107435181168282696e+02
4.177814272116491257e-01	3.080637159357391397e+02	-4.187147116571769345e+01	1.200116369348286867e+02
4.240400648725131116e-01	3.034614529502333085e+02	-5.429611732219866838e+01	1.145078846061446569e+02
4.303425690270192283e-01	2.859764343661107091e+02	-5.743674620381844420e+01	1.086427495124023608e+02
4.366358560255625965e-01	2.795595795471368774e+02	-5.183101080546188655e+01	1.094010410891869753e+02
4.428996183220763605e-01	2.720660032280252381e+02	-5.756472417764697980e+01	1.211635627870730616e+02
4.491634418529859563e-01	2.597120594005463659e+02	-5.755375008957864225e+01	1.009571724295451531e+02
4.554414146254732731e-01	2.523249546759662110e+02	-6.521771580603284235e+01	1.108113539284612870e+02
4.617634470301058558e-01	2.452823816356473401e+02	-6.440712061893455598e+01	1.068526006400137760e+02
4.680644242023710433e-01	2.363137223733831433e+02	-6.433295615098178644e+01	1.105294127227244587e+02
4.743485242764365895e-01	2.302593678588889929e+02	-7.211629916057731293e+01	1.086992138331359854e+02
4.806356136815400082e-01	2.239712703636951119e+02	-7.305208800247056899e+01	1.125323413980065794e+02
4.869019258388697646e-01	2.170952894643995421e+02	-7.011440482553197739e+01	1.084133022772995076e+02
4.931697099599955947e-01	2.073649801993183814e+02	-7.528796167134856887e+01	9.932571776356112991e+01
4.994506747144535908e-01	2.031813655677388795e+02	-7.942234947284282498e+01	1.012347238467974364e+02
5.057159051335421429e-01	1.980763672837709635e+02	-7.683199485515234528e+01	9.644625918248924279e+01
5.119923996268095356e-01	1.919287540264499228e+02	-8.140664273740505053e+01	1.058632560646382501e+02
5.183126097768406826e-01	1.856586495451727501e+02	-7.749522692134543433e+01	9.875276029801636923e+01
5.246089638029100000e-01	1.820330102175221043e+02	-8.444342595050430589e+01	1.072498796109022550e+02
5.308757308483337267e-01	1.757573095609212146e+02	-7.972896457061897024e+01	9.280200008941537249e+01
5.371573527946726934e-01	1.727312359147505845e+02	-8.152699012003584755e+01	1.000427739506270370e+02
5.434579563783791256e-01	1.661612538318420320e+02	-8.328045488755097381e+01	9.952398499151006206e+01
5.497430652392217842e-01	1.609120593798900245e+02	-8.135358562167733965e+01	9.744778171485413054e+01
5.559937427501778773e-01	1.570204496025349670e+02	-8.089544721528228877e+01	9.461258383664120686e+01
5.622854676609657654e-01	1.538056793406674672e+02	-8.219103647720956474e+01	9.542305122438028775e+01
5.686011537227265711e-01	1.496124981103420737e+02	-8.062926950576826357e+01	9.273362764968149463e+01
5.748804589422079614e-01	1.455730133193976883e+02	-8.116068842767914759e+01	9.310921148617235588e+01
5.811550210340560296e-01	1.425009317979305195e+02	-8.160016007003036975e+01	9.468564447277739760e+01
5.874394496660968468e-01	1.392139239172587111e+02	-8.400336553936433859e+01	9.161259254208540881e+01
5.937176220296899176e-01	1.344145296965656371e+02	-8.110579143054710016e+01	8.961392893314723551e+01
5.999971954793682505e-01	1.326646907758412226e+02	-8.240009721795573228e+01	9.148484986216563186e+01
6.062679115124277596e-01	1.288475744017987950e+02	-8.307459305459867949e+01	8.913628188522999096e+01
6.125469576444534381e-01	1.256830890265926115e+02	-8.282444633930788314e+01	8.901290394447380550e+01
6.188477733041515272e-01	1.227506186837878346e+02	-8.237526290758982839e+01	8.729543213193188933e+01
6.251310567437898813e-01	1.191140282634435579e+02	-7.948865712406583839e+01	8.831104474883653666e+01
6.314027450383210560e-01	1.170925820364358145e+02	-8.058128478600568201e+01	8.607822404794309534e+01
6.377003562732055375e-01	1.143911502810741609e+02	-8.085007399988185739e+01	8.761270381418563602e+01
6.439857783314556494e-01	1.114242441878189283e+02	-8.018230820953559146e+01	8.493717150373657887e+01
6.502685417166111925e-01	1.084059104652893240e+02	-7.882439927721233630e+01	8.340958578779951438e+01
6.565586117699038216e-01	1.066674498584576014e+02	-8.000386376438132174e+01	8.294429339726413275e+01
6.628369282359254377e-01	1.044274730775673987e+02	-7.858060225707903612e+01	8.284981402188972766e+01
6.691185444962194362e-01	1.016294585136958517e+02	-7.690128598245253499e+01	8.055759119097110954e+01
6.754070198575605755e-01	9.965052238227950454e+01	-7.716551847252058849e+01	8.108559831929403572e+01
6.816835514593204692e-01	9.805859368586342839e+01	-7.654231643833250587e+01	7.993535259624462697e+01
6.879592533861698112e-01	9.518213131432273144e+01	-7.597799182958890185e+01	7.872212397552023333e+01
6.942344317039531587e-01	9.380291683284251292e+01	-7.550684734874009507e+01	7.909363828930580098e+01
7.005175402434737908e-01	9.211908477236327997e+01	-7.615351320933018542e+01	8.012549862052152605e+01
7.068124956608716758e-01	9.017188686011935772e+01	-7.627528901889652957e+01	7.728864038985132368e+01
7.131019009674921527e-01	8.803830184356897348e+01	-7.454428501509232774e+01	7.734792607739991865e+01
7.193918251171427247e-01	8.640222739132246943e+01	-7.359778404643240890e+01	7.647317187060197341e+01
7.256833807598113140e-01	8.416896548170612391e+01	-7.330247218042160284e+01	7.624188889975944505e+01
7.319652682709349989e-01	8.265979242136073424e+01	-7.136206337199907068e+01	7.404930970483897568e+01
7.382507990484923344e-01	8.089806470082181988e+01	-7.078042748302149789e+01	7.289770397113773015e+01
7.445265842115937893e-01	7.925001036148168509e+01	-7.039545478321996086e+01	7.262712319750831114e+01
7.507871101942712455e-01	7.796545086252805845e+01	-7.111096412779910736e+01	7.365658919164181384e+01
7.570758465316046459e-01	7.627460285491621050e+01	-6.875573337220343717e+01	7.083191511844948707e+01
7.633641233600957365e-01	7.522009810514326489e+01	-6.930241176864875285e+01	7.204760512913476589e+01
7.696462959862266917e-01	7.381164856948447550e+01	-6.888109622116550668e+01	7.116294732420968217e+01
7.759394865175414102e-01	7.256496587287666955e+01	-6.865053818741615999e+01	7.201021742565258421e+01
7.822329141989586843e-01	7.100738407321689749e+01	-6.716573166882457713e+01	6.968775061890342215e+01
7.885314936520240181e-01	7.000224160175689292e+01	-6.757801412083578896e+01	7.025137515390049714e+01
7.947896566979522071e-01	6.873334258359722071e+01	-6.636750429634123805e+01	6.936042558546910186e+01
8.010491096592354809e-01	6.703068529594723657e+01	-6.542967031082916662e+01	6.829115223409492330e+01
8.073364061727361651e-01	6.594813175488016554e+01	-6.476688512856918578e+01	6.680394667403301412e+01
8.136229488373866170e-01	6.495865335642439220e+01	-6.440266702428949941e+01	6.727864486889829720e+01
8.199152998961036776e-01	6.413321929228638396e+01	-6.456830238202439887e+01	6.760471864971349021e+01
8.261952636392789762e-01	6.298024678222258643e+01	-6.389526368349484642e+01	6.577635618377689752e+01
8.324897070080405914e-01	6.183688553563370505e+01	-6.357371004379446333e+01	6.628746135597255318e+01
8.387959309210778480e-01	6.060059008425218963e+01	-6.224540052366903353e+01	6.474900613726421739e+01
8.450634639703045181e-01	5.967859140161149867e+01	-6.133733668547741757e+01	6.510616286986810053e+01
8.513282867562648182e-01	5.853423937985031955e+01	-6.153328327209143112e+01	6.420738477360741570e+01
8.576198263902009566e-01	5.768551783806248778e+01	-6.062428057364715528e+01	6.319361075349856804e+01
8.639058477062415697e-01	5.699087448812256440e+01	-6.076341824404064340e+01	6.431265158521262038e+01
8.701838745487597837e-01	5.586749792662259040e+01	-5.948189371518189006e+01	6.270111079999821868e+01
8.764641096075268534e-01	5.522781397801141168e+01	-5.936129647223103944e+01	6.232803747962574192e+01
8.827503873399735745e-01	5.403634993258871333e+01	-5.776803191137673821e+01	6.101249049171615013e+01
8.890332768393869323e-01	5.306193949608145743e+01	-5.742465854232789724e+01	6.101106352284300272e+01
8.953084247113127780e-01	5.245225396127685968e+01	-5.712105222731938881e+01	6.040138077714206588e+01
9.015956521667095602e-01	5.147904814222914638e+01	-5.598616925177647374e+01	5.940885946242354976e+01
9.078833328094829680e-01	5.067586141847631609e+01	-5.594199107849804875e+01	5.910594422179580221e+01
9.141744106319863450e-01	5.015750167333781206e+01	-5.602082946047794110e+01	5.938461098510062186e+01
9.204630817717615043e-01	4.931749074950767664e+01	-5.503101263176704805e+01	5.868458389262110586e+01
9.267434415264711456e-01	4.842099197415697631e+01	-5.415518473660934973e+01	5.776027527163727626e+01
9.330324197354928906e-01	4.805090806586207464e+01	-5.396519418837749527e+01	5.823745785543019338e+01
9.393265785573878812e-01	4.740629994799941471e+01	-5.325924743431681208e+01	5.760916598274019407e+01
9.455974810398196650e-01	4.654589320307366762e+01	-5.284315730952450707e+01	5.696662236350108088e+01
9.518660018545171964e-01	4.588835729295276877e+01	-5.222959831381086104e+01	5.619650970280495983e+01
9.581413255531838757e-01	4.521960635727168665e+01	-5.186055656071795283e+01	5.621855615966996567e+01
9.644350945109106954e-01	4.473966456398849090e+01	-5.186083245970068134e+01	5.619142758474961141e+01
9.707355633568249820e-01	4.381626055496012384e+01	-5.036234024796166864e+01	5.493877724797757622e+01
9.770080768450029041e-01	4.354700400496746937e+01	-5.039332370657631088e+01	5.523719582156795127e+01
9.832823325363413414e-01	4.301278911120832049e+01	-5.019948745970872750e+01	5.474216836984278700e+01
9.895569691966674686e-01	4.192539000791341408e+01	-4.870219157000875754e+01	5.339783692275391047e+01
9.958456301921106979e-01	4.138410725348035157e+01	-4.835049201365392690e+01	5.275114579545680726e+01
1.002136210743837408e+00	4.125705012677300942e+01	-4.856651464216928815e+01	5.360653252437025884e+01
1.008404825335135424e+00	4.038695338788299694e+01	-4.714311203389826943e+01	5.216696884164716863e+01
1.014694149836243398e+00	4.008335092322119664e+01	-4.728681484162721205e+01	5.254015673822084409e+01
1.020992555437297167e+00	3.933866239772372353e+01	-4.648405263139240162e+01	5.145512921729213929e+01
1.027273980437394485e+00	3.867788126262794890e+01	-4.580987110096496906e+01	5.115409486249484416e+01
1.033559181896017254e+00	3.840695042954276062e+01	-4.546146842181919112e+01	5.090329473225289547e+01
1.039847557392594934e+00	3.801416237528130182e+01	-4.522310840570211354e+01	5.060867047004055053e+01
1.046126974943305088e+00	3.751848932432834260e+01	-4.505301227965080813e+01	5.058334141523968697e+01
1.052403436811028659e+00	3.716242204054525189e+01	-4.483165503957031461e+01	5.026504504944055185e+01
1.058680704651608684e+00	3.633190945633764812e+01	-4.342947518778138516e+01	4.863101031760414372e+01
1.064964333065789193e+00	3.574321128365956213e+01	-4.246903241920304595e+01	4.821254830062289898e+01
1.071256777440835473e+00	3.546371779273314218e+01	-4.269509073484038453e+01	4.849246322049280167e+01
1.077544048801078125e+00	3.512324350354578684e+01	-4.206863807305981595e+01	4.772274391857598630e+01
1.083824820188043603e+00	3.474241794329643085e+01	-4.192163051533290030e+01	4.784504077163716573e+01
1.090108023942816695e+00	3.428331024227227886e+01	-4.140154743763873313e+01	4.740635420914875908e+01
1.096389665956643222e+00	3.384751322462508227e+01	-4.102505715956836951e+01	4.685657791052272358e+01
1.102681132058841440e+00	3.354363714498273197e+01	-4.072495116495122147e+01	4.694427911302676648e+01
1.108963047594879958e+00	3.308870023592626097e+01	-4.030051047679688025e+01	4.653927474017541499e+01
1.115225428463759272e+00	3.268711920688505757e+01	-3.959075882767953658e+01	4.574963645112866573e+01
1.121502127614767863e+00	3.241864975217816180e+01	-3.943566968538684847e+01	4.571289944971926644e+01
1.127792573824792033e+00	3.195552092839947989e+01	-3.892088823117001084e+01	4.522856510260479013e+01
1.134089552668382961e+00	3.172276754691533895e+01	-3.871175079800104157e+01	4.521319473320210847e+01
1.140364049650405942e+00	3.129628050239935533e+01	-3.823031132787362907e+01	4.453271638898184648e+01
1.146639180320979445e+00	3.089156636523405197e+01	-3.748765043683003739e+01	4.411464602040458516e+01
1.152942412991649901e+00	3.080445065691200313e+01	-3.781279098208365497e+01	4.455865328109084089e+01
1.159228906751078814e+00	3.032714599935466282e+01	-3.708826409794589551e+01	4.396842508267495475e+01
1.165508721887268173e+00	3.006670583332800817e+01	-3.673487592832856308e+01	4.356768077398790950e+01
1.171793076256210320e+00	2.978862227149019404e+01	-3.656845068518918396e+01	4.334259245399212546e+01
1.178087436369658958e+00	2.946076285094216374e+01	-3.615167419856208397e+01	4.323197580229292214e+01
1.184367654251526902e+00	2.919128208989948803e+01	-3.568595984132622334e+01	4.285044541189004974e+01
1.190634642299266632e+00	2.873166127133115921e+01	-3.518242599699197370e+01	4.216597779999592177e+01
1.196912208834400859e+00	2.852822293692285882e+01	-3.492696055101553299e+01	4.218000127229437624e+01
1.203201577354146234e+00	2.820063531451888750e+01	-3.449028467313326729e+01	4.163129738995928619e+01
1.209486844441705733e+00	2.795137758834976438e+01	-3.427462966598076832e+01	4.159477672825177308e+01
1.215763902074809888e+00	2.767648058345731243e+01	-3.380853209360781619e+01	4.089109705252683824e+01
1.222049755171146668e+00	2.739512910836145565e+01	-3.355970266187634365e+01	4.078233142594445582e+01
1.228340616621486969e+00	2.715465453872660007e+01	-3.330463300207431132e+01	4.059855662372333285e+01
1.234632986576932767e+00	2.692152484552891067e+01	-3.308787897558284641e+01	4.040625366981834077e+01
1.240902247176856488e+00	2.676259814919103874e+01	-3.297496674320043297e+01	4.049442674656852859e+01
1.247174839144687519e+00	2.644726858525310575e+01	-3.240510440238483625e+01	3.989046773697013748e+01
1.253465459933442272e+00	2.617742591935427754e+01	-3.214599316002038876e+01	3.953442224888372891e+01
1.259749951892178421e+00	2.594287924136036949e+01	-3.181371496904924712e+01	3.924887046058219653e+01
1.266032143127253873e+00	2.575465788917650656e+01	-3.150064157865002912e+01	3.911229511716404517e+01
1.272316288472006507e+00	2.534134843207245069e+01	-3.085686866591612088e+01	3.809827871198201876e+01
1.278604155058621350e+00	2.535605546496864804e+01	-3.103445539450913770e+01	3.866155729587902101e+01
1.284886588933593865e+00	2.504832659144539875e+01	-3.060372423621179294e+01	3.827623023596566298e+01
1.291175420066583257e+00	2.488720971287029116e+01	-3.054632820397831949e+01	3.811229818108837719e+01
1.297465726373772332e+00	2.455903634194348939e+01	-3.004298329392201339e+01	3.765436724134063695e+01
1.303741827011944299e+00	2.438286048193795352e+01	-2.980162415345646920e+01	3.741419236547783100e+01
1.310017322922761851e+00	2.423859917842187173e+01	-2.958580655985755214e+01	3.742940158430370445e+01
1.316301447662886703e+00	2.395603709994136921e+01	-2.918906529217120394e+01	3.677567569413721316e+01
1.322586760363303249e+00	2.377260033390349392e+01	-2.904425377647766737e+01	3.660815281998353043e+01
1.328865492452874664e+00	2.349756695527016603e+01	-2.842896121388451647e+01	3.626139489797572679e+01
1.335144804954555564e+00	2.350805033576244440e+01	-2.859375597268121538e+01	3.652290164091964186e+01
1.341440516272275119e+00	2.329448288747911988e+01	-2.835295914983943888e+01	3.622132812496780474e+01
1.347730868417094552e+00	2.287240331301956076e+01	-2.759214586121014889e+01	3.521205794755651652e+01
1.354001589994877630e+00	2.282668605024815278e+01	-2.761461412190329767e+01	3.551257040679158905e+01
1.360282609297778444e+00	2.268052502808830440e+01	-2.737796043906465115e+01	3.519886334228984026e+01
1.366565686457597906e+00	2.256220410062816484e+01	-2.734651786310739041e+01	3.520308772360032634e+01
1.372851498482432708e+00	2.233937023553752255e+01	-2.702023779340596832e+01	3.479465798857469139e+01
1.379135372929401804e+00	2.217751477902548984e+01	-2.680158135665475427e+01	3.465768466223972410e+01
1.385409567149057164e+00	2.190403080105682676e+01	-2.635607187615196167e+01	3.412617351159103407e+01
1.391698641219299315e+00	2.183989561331756590e+01	-2.621934534028840957e+01	3.399337993222086851e+01
1.397984451439470810e+00	2.173167752699377431e+01	-2.620654450458288309e+01	3.400327695198939892e+01
1.404267883409181961e+00	2.157419925140530026e+01	-2.588615085982106834e+01	3.382663466969857780e+01
1.410554779484869181e+00	2.134203933660734265e+01	-2.557420259480724312e+01	3.336148208627979272e+01
1.416837833547465397e+00	2.131324081584801888e+01	-2.566185485244862008e+01	3.357237605057277108e+01
1.423118177187137068e+00	2.112144658729978985e+01	-2.526397079378212851e+01	3.313270449644436866e+01
1.429397801164240089e+00	2.087645767385767925e+01	-2.497865325368950451e+01	3.266690845667578458e+01
1.435686921822787232e+00	2.083221297058195276e+01	-2.476055768316085448e+01	3.264960328040919535e+01
1.441977121769299597e+00	2.075729682480088201e+01	-2.483976807895023597e+01	3.276160577792693829e+01
1.448253667853332427e+00	2.046771365110348029e+01	-2.435596287578385954e+01	3.218081537507109147e+01
1.454532348972172651e+00	2.037873600225318071e+01	-2.413148449179344723e+01	3.196231067573199880e+01
1.460819319151879903e+00	2.025838858042047974e+01	-2.410486482235188177e+01	3.176168419369907880e+01
1.467110364402026468e+00	2.014476697030629992e+01	-2.392946611149325165e+01	3.180562624385670389e+01
1.473392908948962132e+00	2.005764280832287128e+01	-2.373906441996611250e+01	3.153399916993682339e+01
1.479669965243598950e+00	1.989765271607206643e+01	-2.352984191099658773e+01	3.138441132728103611e+01
1.485956144602843532e+00	1.969265525935895411e+01	-2.315380792572049273e+01	3.080163964106179364e+01
1.492233610763115115e+00	1.964379189775569046e+01	-2.316237336968764993e+01	3.095716342821297218e+01
1.498502470379980078e+00	1.945556296894099191e+01	-2.289319930629033095e+01	3.060308707434503361e+01
1.504785752051182701e+00	1.940136918708157765e+01	-2.285989822323733378e+01	3.051630541660285800e+01
1.511075991894575976e+00	1.922645796090725412e+01	-2.248590612367242514e+01	2.996077041532184637e+01
1.517361634985162189e+00	1.928649704565581047e+01	-2.264004605195839659e+01	3.039861143859760162e+01
1.523648570969130533e+00	1.901012941228648145e+01	-2.217568797504302935e+01	2.983783024449032695e+01
1.529938035715892264e+00	1.897150261658907411e+01	-2.215094858313458559e+01	2.967521226104126342e+01
1.536230176913891965e+00	1.883257120425561482e+01	-2.191174795927761920e+01	2.953959175889094979e+01
1.542510718779388279e+00	1.868384020512582211e+01	-2.160887330667286221e+01	2.921117469610891959e+01
1.548783963082980275e+00	1.868384341220427913e+01	-2.181767962832360652e+01	2.941687868069208633e+01
1.555073069779651318e+00	1.843771028520146160e+01	-2.127739126486209642e+01	2.870092658014603870e+01
1.561357324927233892e+00	1.843218753642084451e+01	-2.134178018067819238e+01	2.879278547497534291e+01
1.567629121053141006e+00	1.824228186858939793e+01	-2.094427959090755920e+01	2.840499175095175843e+01
1.573913697404382583e+00	1.822535313508918975e+01	-2.102776775728645120e+01	2.850117696745473239e+01
1.580203545230874029e+00	1.810930356487559578e+01	-2.078671994576604476e+01	2.820266735992743179e+01
1.586485393434537983e+00	1.805317455189939579e+01	-2.068812332303371093e+01	2.817362752660470093e+01
1.592760014263005841e+00	1.792245062347111784e+01	-2.040109324001488744e+01	2.787024231755392378e+01
1.599046436394670812e+00	1.792180738131020590e+01	-2.046728520108603888e+01	2.792457801751760371e+01
1.605342136637478934e+00	1.782802562839071925e+01	-2.039825956627617742e+01	2.780787985486287539e+01
1.611619860919608627e+00	1.771018484529270864e+01	-2.021520446877445210e+01	2.744795292091176009e+01
1.617897597081673799e+00	1.756827603464660470e+01	-1.987082374013499830e+01	2.709448202429146946e+01
1.624183235481122756e+00	1.755210329505283084e+01	-2.000108587146441863e+01	2.724722068005017306e+01
1.630464598531913722e+00	1.743935213100718329e+01	-1.980628435845640567e+01	2.711636051750025445e+01
1.636748985747638274e+00	1.738360603238641389e+01	-1.967512047614138382e+01	2.690085435724553520e+01
1.643030923698886259e+00	1.731861924904619343e+01	-1.961778740597615212e+01	2.679012623804743498e+01
1.649309176648513064e+00	1.715454880759209999e+01	-1.926697344286210978e+01	2.638869636726825973e+01
1.655593633940351861e+00	1.715138401106116461e+01	-1.931652212862199747e+01	2.634518939817639449e+01
1.661879571405086464e+00	1.704563071480388814e+01	-1.911622292361915854e+01	2.618623636618112727e+01
1.668169361685170271e+00	1.698521419395677157e+01	-1.914306881710752251e+01	2.609217284270941306e+01
1.674450151530487485e+00	1.689737048797195840e+01	-1.888305911995237807e+01	2.598233808465955974e+01
1.680722718978495900e+00	1.681758944901056907e+01	-1.872351448419338027e+01	2.573799061435234137e+01
1.687013891340952476e+00	1.683012128886964831e+01	-1.886693116601358611e+01	2.586530773612529188e+01
1.693308984907921033e+00	1.666015569806991081e+01	-1.849425368290945215e+01	2.541606851802513845e+01
1.699582147428448486e+00	1.656541438379456466e+01	-1.836189641269811901e+01	2.520733490258036369e+01
1.705863747055134105e+00	1.654011463701248630e+01	-1.832563602713222295e+01	2.519338088616244775e+01
1.712154434283889470e+00	1.645375118971110595e+01	-1.814404460700619381e+01	2.497787996093401475e+01
1.718438381579399321e+00	1.641675255087865537e+01	-1.813893243568253055e+01	2.489693309715405434e+01
1.724721264464063930e+00	1.633300378339936287e+01	-1.801256515736678310e+01	2.475414207227317576e+01
1.730997441276920679e+00	1.629960921130201612e+01	-1.792460636203497160e+01	2.469691397451133597e+01
1.737287073528269499e+00	1.617262220628531111e+01	-1.767753397327344089e+01	2.426419713902051711e+01
1.743567991878527401e+00	1.617046513719661505e+01	-1.777589420577429991e+01	2.447585281826428627e+01
1.749840680212231048e+00	1.602565960396199429e+01	-1.752713339793027458e+01	2.405706798443689465e+01
1.756128549091961144e+00	1.601818138817775150e+01	-1.748041861137554065e+01	2.401564317517228986e+01
1.762413535324792502e+00	1.594231058883115004e+01	-1.733906908155531923e+01	2.380475068075627831e+01
1.768696187669963837e+00	1.597443287562399483e+01	-1.745325504848045028e+01	2.397669878599173643e+01
1.774979359379055266e+00	1.582977997983382501e+01	-1.715409246646292729e+01	2.357173000181684586e+01
1.781265555576432957e+00	1.582630979253529802e+01	-1.716858950053893551e+01	2.364016818955135335e+01
1.787549427830244619e+00	1.572251774385824952e+01	-1.699113221861546563e+01	2.341133341499801901e+01
1.793834120011633004e+00	1.571200935428574930e+01	-1.697467841697651991e+01	2.337550798449116485e+01
1.800115051552487300e+00	1.567964640327523718e+01	-1.694641268897019160e+01	2.324777908403497051e+01
1.806393904854530330e+00	1.555306877793874776e+01	-1.662227064050153658e+01	2.288886179538665289e+01
1.812674089667083432e+00	1.557131778029832780e+01	-1.680629147145813462e+01	2.305745262342865942e+01
1.818956920109354058e+00	1.543742671709946102e+01	-1.643897169677131487e+01	2.265022640753834082e+01
1.825244164118212220e+00	1.543148181541458541e+01	-1.639420261586790062e+01	2.261378867769920475e+01
1.831527256642196955e+00	1.537566933071894049e+01	-1.630285244282093160e+01	2.247390350968593609e+01
1.837811294935716599e+00	1.536504778284651529e+01	-1.637506589688691960e+01	2.254238442935884734e+01
1.844100717411196744e+00	1.529807991611385276e+01	-1.618352494541575481e+01	2.229115861662067033e+01
1.850384816792487230e+00	1.525913962658366607e+01	-1.614558935230279957e+01	2.220069361631275839e+01
1.856666059735203822e+00	1.519325845978096012e+01	-1.601678802118392042e+01	2.197456242037590357e+01
1.862947728675613979e+00	1.516675185515232371e+01	-1.595851301715751624e+01	2.201148964187062518e+01
1.869229324466858078e+00	1.511475297208345303e+01	-1.580273795792249913e+01	2.183823410961296574e+01
1.875517616802973686e+00	1.499908038385396658e+01	-1.567018333470657332e+01	2.157282891590278595e+01
1.881800769033795229e+00	1.494796099059581351e+01	-1.555979528381972266e+01	2.143404853237936791e+01
1.888078863416442710e+00	1.492949631775367436e+01	-1.550582012678421862e+01	2.139154703403577074e+01
1.894353975182237582e+00	1.489265610393101547e+01	-1.550335063244781963e+01	2.122405072523267933e+01
1.900642716154182565e+00	1.487673969708184885e+01	-1.542784767721022732e+01	2.125524019491281891e+01
1.906933494748685121e+00	1.479560180871275143e+01	-1.530823706404279427e+01	2.091999566992466697e+01
1.913207568676573933e+00	1.477315953461337905e+01	-1.529505647554194603e+01	2.093439957846776167e+01
1.919490884732178992e+00	1.473027105994405694e+01	-1.515612919021302218e+01	2.081969749038633921e+01
1.925776855684274480e+00	1.467943609022910501e+01	-1.505448937564388956e+01	2.059679179432129104e+01
1.932064452961978152e+00	1.465084194107074467e+01	-1.503552255351653244e+01	2.061371129022698412e+01
1.938342610030488800e+00	1.463066620147459851e+01	-1.497111432020808586e+01	2.047911456797713470e+01
1.944618341543410178e+00	1.456019701949817069e+01	-1.479260506530826547e+01	2.031349284256882015e+01
1.950906260203513876e+00	1.447714758312423555e+01	-1.465108899200638959e+01	2.018439356963913767e+01
1.957194556613796488e+00	1.445296445322471968e+01	-1.465887636080606171e+01	2.004732384047346727e+01
1.963479614559011432e+00	1.445973813116355799e+01	-1.460332524794739939e+01	2.001961193342844680e+01
1.969760361532916226e+00	1.439390131415422402e+01	-1.450172361630997031e+01	1.990321220317022721e+01
1.976048367034604736e+00	1.437861694507378907e+01	-1.447006883107403574e+01	1.976988902755570621e+01
1.982337990217652335e+00	1.432936116063518384e+01	-1.437568386195304271e+01	1.968711429061930218e+01
1.988617489259562721e+00	1.435345373864282692e+01	-1.443195412998582938e+01	1.966453584349568473e+01
1.994896320665194178e+00	1.422053713591087387e+01	-1.413290265321884043e+01	1.939148956724076100e+01
2.001179596222827151e+00	1.423146522793279800e+01	-1.416525999063786756e+01	1.929916127639155476e+01
2.007459756923499761e+00	1.416784034990611829e+01	-1.400795585760703688e+01	1.916337961107903354e+01
2.013737397779169935e+00	1.416752479294902578e+01	-1.403474804871931170e+01	1.914877797196616882e+01
2.020017234677497164e+00	1.410882804769469168e+01	-1.398821875511735335e+01	1.910477747139101723e+01
2.026310251015072783e+00	1.407103149088564287e+01	-1.384646639541017699e+01	1.892307883418613557e+01
2.032600542948020284e+00	1.405194235968527749e+01	-1.371672768940059584e+01	1.880875164339291317e+01
2.038873863192099289e+00	1.403990981412805183e+01	-1.380794794637172629e+01	1.882652575859163235e+01
2.045154087821675404e+00	1.399654169585150498e+01	-1.374077085951213917e+01	1.864058248705248388e+01
2.051444704514288730e+00	1.397739977400009437e+01	-1.372012698899221483e+01	1.863735018411757949e+01
2.057730430280644729e+00	1.393292804919098593e+01	-1.358029626737810069e+01	1.851802019527105614e+01
2.064013940455224461e+00	1.386898865937769365e+01	-1.342862852090762082e+01	1.833307296864685654e+01
2.070299891179459895e+00	1.384697830557947995e+01	-1.337774444942069429e+01	1.817627858811962227e+01
2.076589719964883951e+00	1.378859652039955463e+01	-1.327956406078157414e+01	1.806271831563735475e+01
2.082865483794470673e+00	1.377256294274540949e+01	-1.318212412479988060e+01	1.799963669191302174e+01
2.089134494859368640e+00	1.372454628697915346e+01	-1.311430611321773831e+01	1.787097385020229368e+01
2.095424211360070288e+00	1.373999110038866256e+01	-1.312691276932800477e+01	1.782470518956010963e+01
2.101707116664804254e+00	1.366831748875730845e+01	-1.303326313378430790e+01	1.770638696137964274e+01
2.107986473933564309e+00	1.362915847080285658e+01	-1.294983295415109481e+01	1.763788749546318968e+01
2.114271806543862375e+00	1.361463721993278320e+01	-1.290551863939773192e+01	1.753203373968288403e+01
2.120552717288892275e+00	1.360940542797996144e+01	-1.285726477880839091e+01	1.746272955373525804e+01
2.126836933207161717e+00	1.356547483199069148e+01	-1.276999514699844518e+01	1.740787187070959874e+01
2.133122044791171845e+00	1.353089735611111699e+01	-1.262626497036227846e+01	1.728713552218784955e+01
2.139411711910842673e+00	1.353710582995031331e+01	-1.268907647303860919e+01	1.730118963573234581e+01
2.145697076775292089e+00	1.348983925773104353e+01	-1.252400329149810077e+01	1.703713357008181717e+01
2.151973548606471276e+00	1.342389109265210934e+01	-1.240167613762836574e+01	1.692520043887901693e+01
2.158259913555724108e+00	1.337292078827667474e+01	-1.229538895285632094e+01	1.676897289400375257e+01
2.164545396699105506e+00	1.342452840455607088e+01	-1.243435889082810419e+01	1.689837560038881392e+01
2.170830700377734068e+00	1.338162284807331837e+01	-1.236107852901637472e+01	1.677448028542790581e+01
2.177114138849150393e+00	1.338683241640106303e+01	-1.230925862523969450e+01	1.677889100043288195e+01
2.183387647576827018e+00	1.331553527098676426e+01	-1.220721836505986779e+01	1.651206225671600691e+01
2.189670273687676971e+00	1.328223108275982334e+01	-1.208783458023798119e+01	1.639700970174962791e+01
2.195960147934207463e+00	1.323434047337097574e+01	-1.202726586222338234e+01	1.633373480940065292e+01
2.202242556317716371e+00	1.321223991832247435e+01	-1.194499472433555631e+01	1.625876812707896946e+01
2.208521655981037668e+00	1.321262035194721562e+01	-1.187906818708673384e+01	1.615445521702242004e+01
2.214804637081333016e+00	1.322877764304034187e+01	-1.195281059562019088e+01	1.626617545524598896e+01
2.221092583349425276e+00	1.313551721915232129e+01	-1.183262009932063741e+01	1.599697441844243073e+01
2.227372893591468728e+00	1.312235230229385330e+01	-1.175396352247462062e+01	1.596054265197954258e+01
2.233657161144248171e+00	1.311303264002075863e+01	-1.171744820139515397e+01	1.592150709067599301e+01
2.239943485394438660e+00	1.309380622942507344e+01	-1.164295315204068260e+01	1.581132184822717868e+01
2.246224175264620815e+00	1.304702689410678573e+01	-1.156068178868939889e+01	1.571487024402685151e+01
2.252506378421252009e+00	1.297064866743622069e+01	-1.141681675407831698e+01	1.544462786958621514e+01
2.258783417054270437e+00	1.301320691554355768e+01	-1.146877977227726220e+01	1.558698302588397411e+01
2.265069077371457684e+00	1.297870265760770181e+01	-1.135517490461395873e+01	1.547558722727155534e+01
2.271350377044131452e+00	1.293361485684145684e+01	-1.127298805905325096e+01	1.535403332055572889e+01
2.277633995145353918e+00	1.297572618877087436e+01	-1.133179609727772608e+01	1.538744260299253064e+01
2.283922419579920149e+00	1.288356771349402230e+01	-1.114994662931947111e+01	1.513841396001621575e+01
2.290202874392252674e+00	1.290243491449415281e+01	-1.114836366122288780e+01	1.509173932480127256e+01
2.296490779970905560e+00	1.288341106982211848e+01	-1.110853284804732155e+01	1.505615986416288266e+01
2.302771769934229162e+00	1.284102319396800240e+01	-1.097718577640055138e+01	1.491576239226001199e+01
2.309051364164305564e+00	1.283237753358259425e+01	-1.098223346640751963e+01	1.497481250702171529e+01
2.315338502539088239e+00	1.279210203358559461e+01	-1.087878337661202366e+01	1.480715244706920330e+01
2.321627336503874428e+00	1.281584492276309462e+01	-1.088323157491928583e+01	1.478588956170225366e+01
2.327911878297218795e+00	1.276306206778906294e+01	-1.084616774257220229e+01	1.472341026121414842e+01
2.334186238580297168e+00	1.273595264495365953e+01	-1.075918421135802561e+01	1.457224851748958372e+01
2.340467971862688401e+00	1.270538242567340248e+01	-1.069884210418183557e+01	1.444172760229321639e+01
2.346756940970738725e+00	1.269394368573365917e+01	-1.061936443048091050e+01	1.443513715825554833e+01
2.353044444556199988e+00	1.267960292740982986e+01	-1.061953044561440862e+01	1.437128796947948572e+01
2.359327653314069906e+00	1.267259701410340256e+01	-1.054133463510645186e+01	1.437297137046565254e+01
2.365603048789861607e+00	1.260543211612705683e+01	-1.037129050828795407e+01	1.416572045695399318e+01
2.371885911737665165e+00	1.263092573883448644e+01	-1.041985280036267092e+01	1.418330016351655232e+01
2.378173303594019572e+00	1.260548521190426285e+01	-1.040696152823384679e+01	1.413785696283713200e+01
2.384454016539381271e+00	1.259063855867166382e+01	-1.027589545583438913e+01	1.400558110719291705e+01
2.390736447344785187e+00	1.256512142968892398e+01	-1.022421328225361847e+01	1.393239513829868947e+01
2.397014133897952259e+00	1.255614237238573594e+01	-1.025285778711766227e+01	1.398243467818697638e+01
2.403295490074321972e+00	1.252316778930975083e+01	-1.015941952998194431e+01	1.384011192573293236e+01
2.409585049672506862e+00	1.251686749815930177e+01	-1.009222526935199049e+01	1.386644392273840154e+01
2.415871703165322071e+00	1.247327391650014938e+01	-9.975726153917497285e+00	1.362421406475329810e+01
2.422160652369088840e+00	1.247045585069953333e+01	-9.992979821715552546e+00	1.359378195404889844e+01
2.428440167222748691e+00	1.248011471690929319e+01	-9.977922926696651373e+00	1.361435947655077072e+01
2.434717472383889803e+00	1.244785114047806474e+01	-9.837059996067337053e+00	1.348859603229356807e+01
2.441002456202044257e+00	1.242967750070230082e+01	-9.849905598408652097e+00	1.348079988084280600e+01
2.447289980304530488e+00	1.242084070375499749e+01	-9.828452234276127797e+00	1.346714114998704304e+01
2.453571844729242279e+00	1.241475169938610001e+01	-9.773378026314262002e+00	1.343722948404833062e+01
2.459852705114058846e+00	1.240964968196606399e+01	-9.728363564679426645e+00	1.331302359783280487e+01
2.466139233225018934e+00	1.236593869050451744e+01	-9.606997733801286188e+00	1.316212708467246806e+01
2.472421963421291391e+00	1.232984557312356166e+01	-9.578443665791400718e+00	1.310791750308815828e+01
2.478698519174224568e+00	1.234852615308814627e+01	-9.528498385369685408e+00	1.314545211569315697e+01
2.484980841400355800e+00	1.232674811541338400e+01	-9.502018887702977423e+00	1.312112034041166275e+01
2.491269319409339822e+00	1.228671964622906998e+01	-9.379097863764142673e+00	1.292162280941653307e+01
2.497548505139029373e+00	1.231038528218407002e+01	-9.389982900989558345e+00	1.302950812246709411e+01
2.503831667172610853e+00	1.228793230979295359e+01	-9.355130998147739518e+00	1.291863659113020546e+01
2.510117938323931153e+00	1.227453390612140716e+01	-9.270030584458590184e+00	1.280642878145750352e+01
2.516400733681277480e+00	1.224870610681960947e+01	-9.246074433390866432e+00	1.282652263710810914e+01
2.522688226833368130e+00	1.224359688492945075e+01	-9.188213874520236857e+00	1.272921625866652562e+01
2.528971695852665569e+00	1.222864483050737583e+01	-9.159342639997126057e+00	1.273983577414329282e+01
2.535252039407670299e+00	1.221823323919713822e+01	-9.126946760045976603e+00	1.262094832602735117e+01
2.541537514142774512e+00	1.220997685064427252e+01	-9.023069100961357947e+00	1.261722847450961815e+01
2.547823008847572179e+00	1.218512863845508321e+01	-8.949360823353563532e+00	1.250812233684423092e+01
2.554100666580690238e+00	1.217916699446725914e+01	-8.996197454069903898e+00	1.253598181195073735e+01
2.560376788884177301e+00	1.217366518119587226e+01	-8.935532338405577590e+00	1.244678619566062316e+01
2.566667521601497359e+00	1.218973897358983294e+01	-8.961075849490862666e+00	1.249101465857100379e+01
2.572955062237090473e+00	1.214045059558915085e+01	-8.833479840059444754e+00	1.237616890175338646e+01
2.579233771797999175e+00	1.213246870794262655e+01	-8.732026360882558791e+00	1.225760132174760209e+01
2.585520164300948220e+00	1.215200825896293324e+01	-8.841054692962602601e+00	1.233147292822027374e+01
2.591805130332431872e+00	1.210873269302990352e+01	-8.714680903568817527e+00	1.224099872469832384e+01
2.598084074692260881e+00	1.212737119700691757e+01	-8.738233456348634576e+00	1.224530655160368298e+01
2.604360404197643586e+00	1.212753424287642545e+01	-8.629769139216639573e+00	1.223019574749471872e+01
2.610647185140439142e+00	1.210306775092495712e+01	-8.611337275334909336e+00	1.210948211765810534e+01
2.616931864059273138e+00	1.211651752004358684e+01	-8.613460247337210163e+00	1.211711330964453204e+01
2.623206107911065565e+00	1.207897817292811382e+01	-8.541085991918162534e+00	1.209631254618519236e+01
2.629491626543270844e+00	1.210029243338728655e+01	-8.495423309142934087e+00	1.203788770741473968e+01
2.635778507982642349e+00	1.208936645104452445e+01	-8.475090156552663956e+00	1.200187857046292805e+01
2.642061039325260818e+00	1.208318315679536248e+01	-8.433948367749586339e+00	1.198032004361312097e+01
2.648343840729305843e+00	1.207916530306640546e+01	-8.408273351367865800e+00	1.193757087069453249e+01
2.654631838974855551e+00	1.206388208228760739e+01	-8.325755859866443842e+00	1.185058787546612358e+01
2.660919001246303761e+00	1.208527917939583851e+01	-8.328967577237886388e+00	1.195819647684861486e+01
2.667198525130066056e+00	1.204343744498875957e+01	-8.280210956777798614e+00	1.184976798601492831e+01
2.673484307038032526e+00	1.205356967381283440e+01	-8.265393402391609357e+00	1.183838731749992057e+01
2.679773388053849459e+00	1.204375811569525290e+01	-8.225243639397161743e+00	1.175831378340372169e+01
2.686058217632288692e+00	1.204203949338672253e+01	-8.155210587611412265e+00	1.169927042765366565e+01
2.692338738200057868e+00	1.204158853634070603e+01	-8.131995199336094160e+00	1.177638288082832396e+01
2.698618022887226964e+00	1.199892000886381282e+01	-8.038920889014557147e+00	1.162314757280221400e+01
2.704895450708277860e+00	1.204064494602592283e+01	-8.074848155164307428e+00	1.163100572366113461e+01
2.711175674923682166e+00	1.202305935112391921e+01	-8.017930964131132043e+00	1.162668185749264715e+01
2.717459832966957922e+00	1.203908046172778334e+01	-8.008746820355547413e+00	1.164193382566771540e+01
2.723745731959044569e+00	1.205250633544073224e+01	-7.997576494663626967e+00	1.170797503879393631e+01
2.730038414850594730e+00	1.200237321713743199e+01	-7.877737010122700667e+00	1.153187400733014911e+01
2.736317989800789441e+00	1.202765781516849941e+01	-7.922097254619242968e+00	1.157902377201130939e+01
2.742591858549239703e+00	1.200303157916399854e+01	-7.809676551744685113e+00	1.149639758535386491e+01
2.748879749010778362e+00	1.204032541748461149e+01	-7.912193855869671388e+00	1.153403674922079958e+01
2.755163403825859447e+00	1.201405968346219311e+01	-7.760185401612059941e+00	1.145395490501450908e+01
2.761446955625852073e+00	1.203686082863750428e+01	-7.799556774013409743e+00	1.148545715142221546e+01
2.767732088935374701e+00	1.203483227408670153e+01	-7.754643598295588802e+00	1.142734798580612754e+01
2.774015452421743966e+00	1.202664208229836262e+01	-7.724238249841638648e+00	1.142590728380882581e+01
2.780298635700591436e+00	1.205146519878022282e+01	-7.747312033787433272e+00	1.148198594026359132e+01
2.786577474762241380e+00	1.205608627815660761e+01	-7.704683990682556605e+00	1.144644191556433377e+01
2.792857983210164541e+00	1.204130072075773938e+01	-7.576176251927635441e+00	1.142690525786632705e+01
2.799143790920211483e+00	1.205363575711645829e+01	-7.623308309191111576e+00	1.139309624511273711e+01
2.805430058399325244e+00	1.202395240444448277e+01	-7.476837259042162565e+00	1.131707191224490039e+01
2.811715058209780072e+00	1.205947197922637848e+01	-7.610755783585040568e+00	1.142396309153226319e+01
2.817989272498773623e+00	1.208112957077769423e+01	-7.522162397741395168e+00	1.139582687224971025e+01
2.824269171595737760e+00	1.207361039696410820e+01	-7.554925386879846272e+00	1.133121429939803448e+01
2.830563016441804081e+00	1.206343028753898672e+01	-7.517180046147630357e+00	1.133426813269063871e+01
2.836848750951622034e+00	1.204902774645081109e+01	-7.376157387673029753e+00	1.125988195113012580e+01
2.843130027866129783e+00	1.209803716930469264e+01	-7.500946082487612188e+00	1.139555063233976995e+01
2.849413896912404986e+00	1.207389887497462944e+01	-7.383859424309306974e+00	1.132504558242746029e+01
2.855697464522425566e+00	1.211229569443976217e+01	-7.429081172375935793e+00	1.141190345694396768e+01
2.861978799810683594e+00	1.209263653417730211e+01	-7.325291694374503670e+00	1.131670091131275768e+01
2.868262469415629567e+00	1.210786590738596757e+01	-7.350614099574700688e+00	1.133688682235728606e+01
2.874547359206753860e+00	1.212684318540391892e+01	-7.325468807627173007e+00	1.137760982158403777e+01
2.880831111471525041e+00	1.214542524395456091e+01	-7.295812067978333815e+00	1.141901354016011894e+01
2.887113216972382546e+00	1.214368441859160619e+01	-7.310380588766151710e+00	1.137462531028197255e+01
2.893394504725182781e+00	1.214576997205363718e+01	-7.259790877598229386e+00	1.135736987487928040e+01
2.899673662137033592e+00	1.215102763238108174e+01	-7.214494201518592220e+00	1.136605528408193244e+01
2.905953958587380814e+00	1.216333106228807459e+01	-7.187971566783672550e+00	1.133552980200752103e+01
2.912241118105161064e+00	1.217635020894509879e+01	-7.184141683866204886e+00	1.134768412732161202e+01
2.918525996366671205e+00	1.219598049313664134e+01	-7.227728940433185478e+00	1.141700012275032527e+01
2.924809035425688819e+00	1.218157080016444915e+01	-7.092531873157043698e+00	1.132599131413958382e+01
2.931095916293684933e+00	1.225732377953246299e+01	-7.224310772075959619e+00	1.151025505164687068e+01
2.937378182606774413e+00	1.224479225025035944e+01	-7.155666774692395649e+00	1.143000032981522374e+01
2.943659980254369923e+00	1.223548299860234678e+01	-7.011666395227382331e+00	1.134874586187159906e+01
2.949946454403890250e+00	1.227269473283462098e+01	-7.079760631306499796e+00	1.150161246273433058e+01
2.956227653702202307e+00	1.226994624084364993e+01	-7.032600764056270215e+00	1.140800185309261394e+01
2.962510478867462993e+00	1.230083647836294070e+01	-7.070091017666864985e+00	1.146161236625618152e+01
2.968796535179442309e+00	1.230774858083263723e+01	-7.009674167992686833e+00	1.149477392939254550e+01
2.975077657376874907e+00	1.231378729595836319e+01	-7.038649409977686844e+00	1.150242271334795063e+01
2.981359866759223376e+00	1.234523729353016641e+01	-7.009780080217997700e+00	1.151162270222326889e+01
2.987646761575656562e+00	1.237768729922954059e+01	-7.008341705506524022e+00	1.157798214330238373e+01
2.993929038370399365e+00	1.238610324302595522e+01	-6.973280493260964441e+00	1.160507689036963441e+01
3.000206214840962726e+00	1.237035918675158896e+01	-6.871842611532332334e+00	1.148224073229748754e+01
3.006486172402415669e+00	1.243121964119780642e+01	-6.975526789696810503e+00	1.161018417708934081e+01
3.012769812211594456e+00	1.243254395096903586e+01	-6.946733424620683550e+00	1.168937971278864651e+01
3.019053144326170113e+00	1.244857987103872432e+01	-6.927196309911422212e+00	1.167063381076768458e+01
3.025337405144251424e+00	1.247260454366386995e+01	-6.907284980885250114e+00	1.167042657062714639e+01
3.031623734799107961e+00	1.249350611698838875e+01	-6.906095122084793481e+00	1.173991836704340841e+01
3.037908962055872575e+00	1.252457214019226228e+01	-6.900098042041707735e+00	1.177287387223680604e+01
3.044195067146031608e+00	1.253937816704724462e+01	-6.890569013229677964e+00	1.183482574148745314e+01
3.050475543482170426e+00	1.256071534331921491e+01	-6.883980731228499295e+00	1.178120263055652295e+01
3.056754954538277502e+00	1.257301403736387257e+01	-6.882764635627459882e+00	1.179385508419831652e+01
3.063040539557494668e+00	1.262428431925487793e+01	-6.855689858119511371e+00	1.192470618164707830e+01
3.069323699454357346e+00	1.266159160360933456e+01	-6.908170367114059296e+00	1.195630522700036025e+01
3.075610692642898769e+00	1.268165623409615961e+01	-6.869567526804015500e+00	1.201397308500442307e+01
3.081893798009918584e+00	1.270135921468848572e+01	-6.872388293191845854e+00	1.206903782628047850e+01
3.088174549548037717e+00	1.271315832206516738e+01	-6.799548145757750461e+00	1.203579095167746971e+01
3.094458635632868493e+00	1.274788067862587759e+01	-6.830196042036113191e+00	1.214538727244043059e+01
3.100743982931558840e+00	1.278964331398563559e+01	-6.866145474717323616e+00	1.218582208064648498e+01
3.107028111748448396e+00	1.282045201457696137e+01	-6.887438349528753001e+00	1.221137929213224815e+01
3.113309299655494300e+00	1.284679862471472767e+01	-6.852059506135121936e+00	1.232472287806174016e+01
3.119590662867241626e+00	1.288399201549895068e+01	-6.860635984742400773e+00	1.234215276432778907e+01
3.125874006820172912e+00	1.293087058596436911e+01	-6.862231035165487825e+00	1.244320439512039478e+01
3.132159251154602586e+00	1.295055479536869569e+01	-6.838203345201439021e+00	1.244972819005732312e+01
3.138439172765940643e+00	1.297433442365057310e+01	-6.846142684820865298e+00	1.252850470848770037e+01
3.144723867719826593e+00	1.302858800628282765e+01	-6.887292132925546539e+00	1.262760971028076540e+01
3.151003951258561031e+00	1.302622680565563407e+01	-6.855456257999211545e+00	1.257425507926916630e+01
3.157283664131563139e+00	1.311136141645742015e+01	-6.888932573969789530e+00	1.280666454723219161e+01
3.163569317183839935e+00	1.310224001176900543e+01	-6.811885402586492333e+00	1.271224908940900278e+01
3.169851661717792091e+00	1.317866833897139145e+01	-6.864861391915846767e+00	1.288417201619782837e+01
3.176137704316093657e+00	1.321411498685969299e+01	-6.921380841943213014e+00	1.301703609784056681e+01
3.182420924828643916e+00	1.323885954409885457e+01	-6.873675215170949926e+00	1.299679675370642329e+01
3.188702811875577581e+00	1.327924253465015347e+01	-6.889818903564138175e+00	1.301779768924856207e+01
3.194990520008989865e+00	1.333913447624822624e+01	-6.897289608696564045e+00	1.319243193192831853e+01
3.201275324656983834e+00	1.336328078366372729e+01	-6.902115548173971327e+00	1.319971795233647605e+01
3.207551352179861759e+00	1.339575853294629404e+01	-6.923518103811011848e+00	1.323745668728916591e+01
3.213835216737041645e+00	1.344675157966491241e+01	-6.904117750957441402e+00	1.332896242428216915e+01
3.220122579819103770e+00	1.341571942102357795e+01	-6.767346810532379742e+00	1.299977337417211842e+01
3.226406606618656525e+00	1.329543365173706704e+01	-6.412699851507467130e+00	1.220940608136110939e+01
3.232687390085645429e+00	1.318298235637996463e+01	-6.192595242737309214e+00	1.144066610804327766e+01
3.238969121280456331e+00	1.311538631457193738e+01	-5.976070371256990477e+00	1.074860121061758456e+01
3.245254751548589667e+00	1.306128559748647611e+01	-5.767446013668215521e+00	1.014307305579124652e+01
3.251534499036136783e+00	1.299894791351847978e+01	-5.619654266061573367e+00	9.547534146577920211e+00
3.257817780791052442e+00	1.292752547575659250e+01	-5.435495057066359159e+00	8.951124846355169140e+00
3.264102164154097263e+00	1.289701063981200235e+01	-5.306370419511194036e+00	8.445056272360814020e+00
3.270384152138468892e+00	1.284436912334459535e+01	-5.226087777267000689e+00	7.935731724202174320e+00
3.276669427476867735e+00	1.282110225844791529e+01	-5.112046208015495807e+00	7.440888319962187580e+00
3.282954688864507808e+00	1.277760895392562723e+01	-5.025677186459161838e+00	7.008393495975637322e+00
3.289237200334947264e+00	1.275932427961103954e+01	-4.868249501774536192e+00	6.489636841126938727e+00
3.295519587088236779e+00	1.273611796428272136e+01	-4.783745641449357322e+00	6.009541974378885598e+00
3.301805977329951958e+00	1.270249937510306104e+01	-4.695600478761458696e+00	5.546016719053739941e+00
3.308087486222440088e+00	1.269464281612316370e+01	-4.624568088144495270e+00	5.169060888372064788e+00
3.314367630234227313e+00	1.263852151993995676e+01	-4.540857245362208694e+00	4.643047467014117302e+00
3.320651909732194262e+00	1.262846699076715673e+01	-4.412419946863775699e+00	4.270689226974396568e+00
3.326931260376857047e+00	1.262185040618523502e+01	-4.397090774891531773e+00	3.850710039695866005e+00
3.333216512447217728e+00	1.262928825511354702e+01	-4.327003756417378000e+00	3.461140304292321890e+00
3.339504489419978128e+00	1.260433943632333254e+01	-4.245588247975188523e+00	3.083743067372274549e+00
3.345786804809928405e+00	1.256751687413592222e+01	-4.170923667319504702e+00	2.609836754486503096e+00
3.352071130016277767e+00	1.258441492960490393e+01	-4.183884723757180346e+00	2.324857168713503341e+00
3.358351496304225581e+00	1.255204274715479151e+01	-4.081871817516092626e+00	1.820874850048892712e+00
3.364630591073392019e+00	1.254359994454063099e+01	-4.030833314780979393e+00	1.469135481614274763e+00
3.370916305215045483e+00	1.255272937190002125e+01	-3.993763383988370830e+00	1.121108109982508427e+00
3.377197952029413752e+00	1.251388643960096836e+01	-3.916791762085908069e+00	7.515802683574271947e-01
3.383483063818085501e+00	1.253036002088285805e+01	-3.879243400144482212e+00	3.857390361434643311e-01
3.389769992424469969e+00	1.252818756403017098e+01	-3.842175122863948911e+00	6.394935662437614687e-02
3.396051330885982100e+00	1.252231319518564234e+01	-3.776554616950021703e+00	-2.825432742868073110e-01
3.402330879139463971e+00	1.252339036427025398e+01	-3.786534709893617734e+00	-6.445335879115267064e-01
3.408610488352048495e+00	1.251150546070287817e+01	-3.686906252563037611e+00	-9.865306071039428026e-01
3.414897837696641236e+00	1.251694488150531193e+01	-3.660637003187847682e+00	-1.333710383278660094e+00
3.421180484052105619e+00	1.250413849925458187e+01	-3.636457816456083236e+00	-1.613970331978598516e+00
3.427461639653846870e+00	1.250414528037453543e+01	-3.576363476677673514e+00	-2.022881628196747439e+00
3.433749159643459059e+00	1.249390446929890786e+01	-3.575163196920470909e+00	-2.298054607150630702e+00
3.440032646656798310e+00	1.250945539610806279e+01	-3.504099621020214883e+00	-2.614820658305118339e+00
3.446313366033385339e+00	1.249188225292348697e+01	-3.459402392191932130e+00	-2.956857693174719692e+00
3.452600135384134905e+00	1.248811738234606139e+01	-3.409270885423370423e+00	-3.259164573668681175e+00
3.458883152815406703e+00	1.251444842705328853e+01	-3.429729866006335115e+00	-3.591494607895064917e+00
3.465163834403715448e+00	1.253823874275516737e+01	-3.426435897374867423e+00	-3.858135679154464537e+00
3.471449329786229221e+00	1.251988672244339007e+01	-3.336352094053774753e+00	-4.185854533324515181e+00
3.477734476754053894e+00	1.253561068564839864e+01	-3.332757676527286161e+00	-4.439114255921106533e+00
3.484019652467224226e+00	1.252416680644780023e+01	-3.263364728985028052e+00	-4.813541378410244320e+00
3.490297019369712928e+00	1.254698230100672696e+01	-3.318206651961084663e+00	-5.035392981584704941e+00
3.496582486484379970e+00	1.253377421221969357e+01	-3.198373827426067795e+00	-5.415798768577262834e+00
3.502868048046865024e+00	1.253956958510479147e+01	-3.192759079297036173e+00	-5.664748112784072198e+00
3.509144649545451244e+00	1.253470103098587352e+01	-3.244315981583388186e+00	-5.911082089840426157e+00
3.515428082003116295e+00	1.256601234950042567e+01	-3.175665858723736079e+00	-6.190176715132300167e+00
3.521711031624695565e+00	1.257713405136159324e+01	-3.192085048500012956e+00	-6.423099627803774858e+00
3.527991850954735664e+00	1.258657143140468726e+01	-3.096798734999165248e+00	-6.868937581990260277e+00
3.534275545726699885e+00	1.257645552377766585e+01	-3.074946938733905455e+00	-7.086896734334653836e+00
3.540562632020772149e+00	1.258757336661091664e+01	-3.041949248168441589e+00	-7.340842061906834637e+00
3.546844410757220789e+00	1.260153328361109537e+01	-3.027413605357690329e+00	-7.647296132107168631e+00
3.553131386753758836e+00	1.262353397717231829e+01	-3.032233469291011563e+00	-7.906055584002493752e+00
3.559419203211965144e+00	1.262484450620516618e+01	-2.977097862430161168e+00	-8.165882681580594493e+00
3.565697971577579839e+00	1.264136298252956436e+01	-2.994450388008140340e+00	-8.415904211974790883e+00
3.571979559134798254e+00	1.266086716824400504e+01	-2.984290138264718006e+00	-8.641497612704721831e+00
3.578265774595833726e+00	1.265469488069991577e+01	-2.894719969666319059e+00	-8.998780187155221100e+00
3.584548309769353125e+00	1.266762663026158364e+01	-2.916376874178405743e+00	-9.166182434695267389e+00
3.590826843920031486e+00	1.268566531014030652e+01	-2.861968297277118989e+00	-9.519132180769215523e+00
3.597107306745233934e+00	1.270068063304143102e+01	-2.915320316346751373e+00	-9.608786348700181890e+00
3.603392831792229245e+00	1.270617828044201048e+01	-2.860320635699530545e+00	-9.901335354974383662e+00
3.609673209822572559e+00	1.273263051592751083e+01	-2.839535419299802577e+00	-1.025143040824566931e+01
3.615955412133016189e+00	1.274616886875761956e+01	-2.828852969270163165e+00	-1.042841371515397952e+01
3.622241607772384686e+00	1.273100588172194314e+01	-2.807536630143513623e+00	-1.070041484374985785e+01
3.628520252736676444e+00	1.277812521515798849e+01	-2.801230285684129129e+00	-1.093629921046187192e+01
3.634804827569451113e+00	1.278211143340233846e+01	-2.736631524732381582e+00	-1.122696304118964150e+01
3.641094981788862928e+00	1.280740129308036934e+01	-2.800314988215949707e+00	-1.137303615530342782e+01
3.647383514928639325e+00	1.281554549640190288e+01	-2.740791703310915928e+00	-1.167514773568172792e+01
3.653663283927725658e+00	1.281548551121090895e+01	-2.748566327994780956e+00	-1.188965656183238195e+01
3.659943504072155296e+00	1.283172805420031715e+01	-2.688913604320498418e+00	-1.214799502446080126e+01
3.666232000281138603e+00	1.287649741643606482e+01	-2.692311306695182704e+00	-1.240467442650577823e+01
3.672514211678317597e+00	1.287434651352289805e+01	-2.665921062770471028e+00	-1.260311135875773658e+01
3.678794154686042539e+00	1.289196225345320457e+01	-2.677626766280856607e+00	-1.282651903892688594e+01
3.685078621861909820e+00	1.292858555631561224e+01	-2.647850280714394433e+00	-1.308674231957983203e+01
3.691359210097977961e+00	1.292428428054573253e+01	-2.623457617420584587e+00	-1.331545396063372699e+01
3.697642368173791105e+00	1.293384775768000416e+01	-2.565964578267510898e+00	-1.359627659587967763e+01
3.703925796735277665e+00	1.299710367907310804e+01	-2.642867945562059617e+00	-1.368741712453989123e+01
3.710208240364660348e+00	1.297435655256551357e+01	-2.568928502334667741e+00	-1.406835744804154231e+01
3.716494593122387169e+00	1.300588086822300227e+01	-2.607303260419720381e+00	-1.424408989553080396e+01
3.722775386659595398e+00	1.302201028600603294e+01	-2.580523027407516601e+00	-1.439048615794401087e+01
3.729058392883481510e+00	1.304735677377503222e+01	-2.580283186808948859e+00	-1.467759213437842014e+01
3.735339748210807720e+00	1.307700555708096068e+01	-2.542244422731680498e+00	-1.489348165937718527e+01
3.741620776392969638e+00	1.306250214846816426e+01	-2.499311895508657067e+00	-1.514670182873476989e+01
3.747904795418762980e+00	1.312971121083651660e+01	-2.512042889930632406e+00	-1.538139682416287712e+01
3.754190633281219380e+00	1.312864712567012049e+01	-2.451645949110307754e+00	-1.561371617377458776e+01
3.760478208018912749e+00	1.318470283956882305e+01	-2.503742711762527495e+00	-1.581038967549733876e+01
3.766755538573464346e+00	1.320870464425095214e+01	-2.465454174904391227e+00	-1.603221004833814334e+01
3.773032090135151506e+00	1.320117537692152432e+01	-2.432418683262221659e+00	-1.628420617221231836e+01
3.779322553012896879e+00	1.326014472464716221e+01	-2.454474747026734960e+00	-1.646945045393312768e+01
3.785609109731308930e+00	1.323198972010892227e+01	-2.436684429347800940e+00	-1.671089054278770192e+01
3.791889825936295200e+00	1.329065936186368369e+01	-2.409704942262069771e+00	-1.689754047505987700e+01
3.798174822702435893e+00	1.331690334914175367e+01	-2.393377202309594054e+00	-1.711049690826375524e+01
3.804458658753491651e+00	1.331859232540767835e+01	-2.336547560124875300e+00	-1.742520805563784947e+01
3.810738438095723435e+00	1.337484725851539480e+01	-2.394656765834259460e+00	-1.755561169050039183e+01
3.817018850285747167e+00	1.338765598377991140e+01	-2.309637369695863640e+00	-1.789475476179540436e+01
3.823305314209427763e+00	1.342614684499596933e+01	-2.384646731040854117e+00	-1.793440501448770164e+01
3.829591295197792178e+00	1.343564308027856669e+01	-2.317521830633349822e+00	-1.825125288752181874e+01
3.835872296070849341e+00	1.346809404326612203e+01	-2.274330887793937883e+00	-1.856211666111540026e+01
3.842156279590906109e+00	1.351721049494142513e+01	-2.353677297253069067e+00	-1.858725624956874611e+01
3.848441511099312429e+00	1.352187055028301188e+01	-2.257210227690621185e+00	-1.891202891788439189e+01
3.854723334376886079e+00	1.355828120937458969e+01	-2.314756597459552090e+00	-1.902117072764622563e+01
3.861004740704794713e+00	1.359121084683774328e+01	-2.270062200059307589e+00	-1.930096705308521621e+01
3.867284336650660848e+00	1.358573017932919491e+01	-2.236779883019599069e+00	-1.955935090555846045e+01
3.873567367678779849e+00	1.365848877049084820e+01	-2.303886771677502221e+00	-1.963441289017770330e+01
3.879850662830422792e+00	1.364511599928363950e+01	-2.182274239217627088e+00	-1.998541809105480382e+01
3.886137063198143338e+00	1.372519981566269820e+01	-2.228973102262399753e+00	-2.016938345469082705e+01
3.892419463049126005e+00	1.375021275292103518e+01	-2.204233327272338894e+00	-2.037921191122170228e+01
3.898703740328622658e+00	1.378465945815411509e+01	-2.227876156532377028e+00	-2.052022566109451063e+01
3.904991458788179326e+00	1.382425153867888312e+01	-2.204674506195289929e+00	-2.076913874406277216e+01
3.911270842222104083e+00	1.381871806053928609e+01	-2.137010322977690890e+00	-2.105687165414710549e+01
3.917549806479573071e+00	1.387975467541206598e+01	-2.182346193332908246e+00	-2.118444294106841141e+01
3.923836006203090587e+00	1.389719641859927712e+01	-2.156590554716094843e+00	-2.144072206484482734e+01
3.930121452497870926e+00	1.395875832943207584e+01	-2.167185315677977897e+00	-2.163077224859192071e+01
3.936398172858230460e+00	1.398329209139315132e+01	-2.154623306172918973e+00	-2.178995360297458461e+01
3.942683040425962293e+00	1.398029403637182888e+01	-2.141670707523248396e+00	-2.201038878161737244e+01
3.948974759704379611e+00	1.409681509534871857e+01	-2.156693566417485552e+00	-2.224793407903530706e+01
3.955259227995065352e+00	1.409382889596764521e+01	-2.069084586784219137e+00	-2.259487310680908934e+01
3.961537174921395454e+00	1.415458337414589174e+01	-2.148686127934900103e+00	-2.261301142545628551e+01
3.967820217617139544e+00	1.415856294763831080e+01	-2.065435007901210707e+00	-2.297094376645996761e+01
3.974105559832568968e+00	1.419325033290185623e+01	-2.054663138123345778e+00	-2.314059216857456036e+01
3.980384727931198352e+00	1.425265071280342966e+01	-2.107567821475683889e+00	-2.333737910884969580e+01
3.986664590839849698e+00	1.427692267991905695e+01	-2.061917314156577863e+00	-2.355009787451539438e+01
3.992949619150675034e+00	1.434439441206511034e+01	-2.121453343783333167e+00	-2.369985296906282457e+01
3.999235075769965952e+00	1.433151602218504195e+01	-1.994829610485231441e+00	-2.401982324885076281e+01
4.005515715515433506e+00	1.440181707503111141e+01	-2.025172247292504224e+00	-2.423684996316265128e+01
4.011798434346478537e+00	1.443372526066477413e+01	-2.061035485412748169e+00	-2.435928366054655569e+01
4.018083716245132386e+00	1.448377065186159562e+01	-1.989151118346382363e+00	-2.472775140527905435e+01
4.024365700052603856e+00	1.453405324573117241e+01	-2.009011461094190043e+00	-2.484020302868788121e+01
4.030643960839860540e+00	1.456126921536076324e+01	-1.963748624236316687e+00	-2.513058922061113876e+01
4.036928708926215137e+00	1.462470747234102930e+01	-2.017902669431261398e+00	-2.524209049677700634e+01
4.043218157412017177e+00	1.468085550327012001e+01	-1.997836970751735608e+00	-2.553088202065676526e+01
4.049503019487663558e+00	1.469399042639783559e+01	-1.948393293902956236e+00	-2.577256708659158235e+01
4.055781898960511000e+00	1.475590176148928023e+01	-1.962997292939034910e+00	-2.593785960352039055e+01
4.062060795621602161e+00	1.478541361721275749e+01	-1.921157640489692398e+00	-2.625738506412182360e+01
4.068347865354716042e+00	1.485646726261617445e+01	-1.944794987156911015e+00	-2.638754046422714694e+01
4.074631027173265529e+00	1.488969904330613048e+01	-1.873334659500440313e+00	-2.671460281919620883e+01
4.080910837526078971e+00	1.496811936423048373e+01	-1.863598178724383825e+00	-2.703458518302374713e+01
4.087201203341442657e+00	1.500458221837430806e+01	-1.884782368464682278e+00	-2.712564798871252947e+01
4.093486818591942189e+00	1.500251668048464992e+01	-1.836139510125636143e+00	-2.735789591307120361e+01
4.099764387336505500e+00	1.510845992327419296e+01	-1.913065287719594831e+00	-2.752963903325892758e+01
4.106049166937662420e+00	1.510856399631151170e+01	-1.832740403920198435e+00	-2.782650765204061116e+01
4.112334559041358695e+00	1.520602759447455909e+01	-1.916956324304722958e+00	-2.797293219452865998e+01
4.118618926059533614e+00	1.525139156394056528e+01	-1.910173340818664522e+00	-2.820622030224765098e+01
4.124898942031112625e+00	1.528851061661525357e+01	-1.801507125572933798e+00	-2.855542448166853120e+01
4.131175432561665417e+00	1.531339517130108163e+01	-1.808239614094099945e+00	-2.875189666616192952e+01
4.137461563786142271e+00	1.535197082775344590e+01	-1.799329697167421971e+00	-2.895787857730482884e+01
4.143746006210170307e+00	1.547603896847210869e+01	-1.863393668287488536e+00	-2.913963984062342760e+01
4.150029800482964326e+00	1.547517513729963490e+01	-1.816427789265018911e+00	-2.943121260058140365e+01
4.156313390684649001e+00	1.556522835931495408e+01	-1.796766977956322897e+00	-2.970406516866408353e+01
4.162596105843763716e+00	1.560854517061515878e+01	-1.794624503427296958e+00	-2.990882595980076530e+01
4.168881843141768684e+00	1.564723256227955694e+01	-1.745427267770477853e+00	-3.021264057287679705e+01
4.175162111073220217e+00	1.572530222224713192e+01	-1.797778107098144895e+00	-3.036684624387676834e+01
4.181448573417560155e+00	1.577300426440212888e+01	-1.776330174193778477e+00	-3.070784333052622372e+01
4.187738782464171194e+00	1.585482874213961324e+01	-1.796051212601770031e+00	-3.090046879947048808e+01
4.194017437180169061e+00	1.592615171183503620e+01	-1.750349109597392872e+00	-3.120956985325190658e+01
4.200293572701767175e+00	1.593869042719155260e+01	-1.672218644180613500e+00	-3.153646126523186055e+01
4.206580195481546269e+00	1.601532452133866258e+01	-1.765741152319707297e+00	-3.160766329728902591e+01
4.212860644652220543e+00	1.604895895646460957e+01	-1.658328113172348184e+00	-3.207055722044585622e+01
4.219138153430114002e+00	1.618279432797100981e+01	-1.766688429174105623e+00	-3.214023425081645513e+01
4.225426162098283811e+00	1.620209285157205059e+01	-1.692591894184998447e+00	-3.251410669270037346e+01
4.231713506719782636e+00	1.627970377722029127e+01	-1.689449758290376469e+00	-3.282636302086413593e+01
4.237990056577191744e+00	1.631536074344983689e+01	-1.705502451646506490e+00	-3.297402590152054103e+01
4.244267783646744618e+00	1.632891762531371072e+01	-1.629347723992396579e+00	-3.327822203345918695e+01
4.250560660182562955e+00	1.647314624068532751e+01	-1.700704693520940891e+00	-3.348087425941052686e+01
4.256847734842668096e+00	1.648909718971208704e+01	-1.587846388324238411e+00	-3.393897336645605378e+01
4.263127100734456221e+00	1.657932187244387379e+01	-1.593814820339811034e+00	-3.418631226115695654e+01
4.269406860432507500e+00	1.665189834068367247e+01	-1.613584545360527311e+00	-3.446875461259072182e+01
4.275691671482192646e+00	1.667707179645213955e+01	-1.577613054628796529e+00	-3.474144674442363367e+01
4.281972414189518794e+00	1.683108524329683320e+01	-1.676166731537269472e+00	-3.489397645877249943e+01
4.288253516806755705e+00	1.681261634551440309e+01	-1.567469557171697225e+00	-3.527097077395850988e+01
4.294540520160492925e+00	1.693004717370804357e+01	-1.542685994066837818e+00	-3.565803002961020240e+01
4.300825742921731809e+00	1.695822593820206947e+01	-1.579044890995913386e+00	-3.582068211696079629e+01
4.307109835491901961e+00	1.706733222727036292e+01	-1.540625022109475717e+00	-3.625190916575065359e+01
4.313390926478413157e+00	1.711276662849224905e+01	-1.605294489635536115e+00	-3.631529120554397139e+01
4.319667979480563247e+00	1.711791629689036398e+01	-1.464539396990104159e+00	-3.686187127851691514e+01
4.325952598143786076e+00	1.727347418912189170e+01	-1.519346073755197812e+00	-3.704124606712670698e+01
4.332241647035422361e+00	1.732025996111244126e+01	-1.441907160154396683e+00	-3.757389860790375735e+01
4.338524445619096781e+00	1.734872009106651802e+01	-1.472845301560825382e+00	-3.765401447093709919e+01
4.344809348131129845e+00	1.739933404897302083e+01	-1.446168597482669238e+00	-3.798208251821692727e+01
4.351090699193166600e+00	1.741664013915657705e+01	-1.331247597092612533e+00	-3.846017987235927649e+01
4.357369710808320029e+00	1.758849635175278792e+01	-1.441777649237703018e+00	-3.861175671111894303e+01
4.363659348967174445e+00	1.757324841556064854e+01	-1.258345150504766918e+00	-3.921029284146006688e+01
4.369947418280990981e+00	1.767864717560182086e+01	-1.381051927068854379e+00	-3.931292164674785283e+01
4.376226569265827315e+00	1.772762302593984529e+01	-1.293837999099828773e+00	-3.975979865923019929e+01
4.382499356631129217e+00	1.781911570116924537e+01	-1.319413622523514018e+00	-4.014526757247757160e+01
4.388784975178015024e+00	1.790967185666982431e+01	-1.347330279686616672e+00	-4.037637282786524651e+01
4.395068696309480494e+00	1.789783872225724082e+01	-1.175620075103846585e+00	-4.096149165241113366e+01
4.401347962382031298e+00	1.803380762488914968e+01	-1.314391497593075053e+00	-4.102548330686060751e+01
4.407628405096517099e+00	1.807823352224228941e+01	-1.209813062468960032e+00	-4.162849592774139751e+01
4.413915862185140426e+00	1.810950298813760995e+01	-1.188290461480028481e+00	-4.192140547541458773e+01
4.420203163534264235e+00	1.818500733349200260e+01	-1.133890224881535236e+00	-4.226031203182924401e+01
4.426480311003382795e+00	1.818910860729429047e+01	-9.839071274406392398e-01	-4.298828802230547552e+01
4.432765973643649104e+00	1.830935807252802761e+01	-1.178333771473723424e+00	-4.282437067620625726e+01
4.439053392023870614e+00	1.830549730349013160e+01	-9.539040912308857090e-01	-4.368438492396694528e+01
4.445336141335588742e+00	1.837876626769691768e+01	-1.019884913023184403e+00	-4.379102591579616188e+01
4.451617241414883352e+00	1.842930807856822284e+01	-1.004037341649738124e+00	-4.421889716832783535e+01
4.457901500730311106e+00	1.848409580613401104e+01	-9.240928367227029261e-01	-4.480530820089286692e+01
4.464189501093017043e+00	1.855117886308623909e+01	-9.931674076207126500e-01	-4.493374496465477108e+01
4.470470197548729985e+00	1.848976224992680883e+01	-7.197148967498127048e-01	-4.572343735858630964e+01
4.476748044268524573e+00	1.866230807507610123e+01	-9.361198719947506630e-01	-4.575587484676638184e+01
4.483035990164653484e+00	1.860423222390143039e+01	-6.705459802236122258e-01	-4.659319100176116990e+01
4.489323331650528104e+00	1.870935668350600523e+01	-7.729004635996695738e-01	-4.686192086725302630e+01
4.495599111667934800e+00	1.865218845345447463e+01	-6.787705727910878784e-01	-4.719311097650071218e+01
4.501870922878794090e+00	1.867609682229031520e+01	-5.489528141540733763e-01	-4.792613032482681490e+01
4.508155162877705457e+00	1.875384245381821202e+01	-6.191002352763301797e-01	-4.812151960053216726e+01
4.514446451153479423e+00	1.869850552843859148e+01	-4.672725820972868926e-01	-4.877662423319300444e+01
4.520723894043856994e+00	1.878378343867354516e+01	-4.723095022381285646e-01	-4.919040495695326598e+01
4.527003782460155890e+00	1.868543107178327389e+01	-3.414045376411156685e-01	-4.967394239907757481e+01
4.533293086610313161e+00	1.869154647730573160e+01	-2.654570037221118950e-01	-5.015004912789480329e+01
4.539578989864040182e+00	1.876447606859751716e+01	-2.290762345525581278e-01	-5.088233771348592427e+01
4.545857164866476730e+00	1.873168884453204441e+01	-1.719149070418538872e-01	-5.131221803592705299e+01
4.552138955546025656e+00	1.875134035426291135e+01	-6.375994749918253990e-02	-5.198721525656977605e+01
4.558432046889146605e+00	1.865790091109192872e+01	-4.997335684717645748e-03	-5.222988459837610264e+01
4.564713463378488711e+00	1.874507877083230412e+01	1.517897031704601093e-02	-5.281424281510962970e+01
4.570987274133244682e+00	1.869652052533789544e+01	1.150667489687658140e-02	-5.303850908073155068e+01
4.577274818151045643e+00	1.878953357577426786e+01	5.871633790163109873e-04	-5.357929503933436877e+01
4.583563263889338657e+00	1.880298273330835457e+01	1.261461908504575395e-02	-5.395776259664622643e+01
4.589844917004465508e+00	1.884147619469423418e+01	5.919787856403834272e-03	-5.426091095166219702e+01
4.596126259982004747e+00	1.883997347247285958e+01	2.573787416923581026e-02	-5.462487174708707016e+01
4.602409075598298926e+00	1.894315425890395588e+01	5.523861787953990993e-02	-5.513153817418729830e+01
4.608696634867644804e+00	1.901215361323696484e+01	2.849729691324624434e-02	-5.548101849436167043e+01
4.614977646498861219e+00	1.898040232210425415e+01	7.200397572358739617e-02	-5.574316706087161322e+01
4.621258953029527383e+00	1.910488463976966855e+01	-9.703695193739366592e-03	-5.627443049927808971e+01
4.627547993978874175e+00	1.911999902029368315e+01	6.732322102571094979e-02	-5.664076408623050440e+01
4.633830152730579854e+00	1.920572658346267758e+01	9.268260468406720742e-02	-5.716414185640105217e+01
4.640104005367354567e+00	1.928740682804805218e+01	9.518816592257528519e-02	-5.758508188115998649e+01
4.646382060386754276e+00	1.930303621351908916e+01	1.625162109727871715e-02	-5.777203866975653312e+01
4.652674213731970987e+00	1.934092159868174576e+01	8.397874735428149939e-02	-5.819720606557163478e+01
4.658958291796220230e+00	1.947267651390771803e+01	5.475937425401902064e-02	-5.870692548785724085e+01
4.665233615070169648e+00	1.943705548988690168e+01	5.801854298167876539e-02	-5.885554488886819513e+01
4.671520675710307380e+00	1.956786936812320832e+01	1.397578386283372838e-02	-5.940051710740851121e+01
4.677814351732177300e+00	1.961998171955741554e+01	8.631199707301778767e-02	-5.980906041240348969e+01
4.684093699744638073e+00	1.969890592606454760e+01	-1.126057224061773445e-03	-6.011788263241910357e+01
4.690368661472568590e+00	1.978319085687958889e+01	4.239750456271259432e-02	-6.062408252821666110e+01
4.696663270746453733e+00	1.989911863812421089e+01	6.919393825714853508e-02	-6.119662587026604683e+01
4.702945459248681459e+00	1.993789649182590651e+01	1.516866354072229049e-02	-6.144699120855113250e+01
4.709209170841929470e+00	2.002193925158663035e+01	4.612325731545347668e-02	-6.186751366644158168e+01
4.715491634753063543e+00	2.006437622063497628e+01	2.962649718811116370e-02	-6.221776503612696274e+01
4.721784316284933780e+00	2.018968956476444632e+01	1.099702973015379524e-02	-6.276144432837698872e+01
4.728063062331094635e+00	2.031846296373094773e+01	6.827075471564864051e-02	-6.334157506243778357e+01
4.734337423381671073e+00	2.039738416089371853e+01	8.030375690322469340e-02	-6.378158174728593366e+01
4.740627024094544062e+00	2.039549708037591458e+01	-7.924606522010316234e-02	-6.377978200425729227e+01
4.746914995664547554e+00	2.057964812003459087e+01	2.867872043516762545e-02	-6.464622581477132712e+01
4.753194740071086777e+00	2.048045236307499906e+01	-1.692609978717496411e-02	-6.440354171224706192e+01
4.759478891864783456e+00	2.068148772586206974e+01	-6.342784177693963632e-02	-6.516202850153401016e+01
4.765762396877359031e+00	2.070090056554849056e+01	-3.083591437791810899e-02	-6.543587806402780416e+01
4.772049481246195768e+00	2.088728129451284943e+01	4.997982893018734080e-02	-6.626288814014611717e+01
4.778335091022592351e+00	2.094305790261964617e+01	1.058786156039782239e-01	-6.665349379238966776e+01
4.784610831402393849e+00	2.100131006423805147e+01	2.579559446625194832e-02	-6.693727390555284273e+01
4.790907306208476157e+00	2.108731228540654712e+01	5.645676970913594134e-02	-6.736945948881982815e+01
4.797204047706418173e+00	2.127716501805980442e+01	1.140152365224659202e-02	-6.802045275429500748e+01
4.803470827697504220e+00	2.125995882686630267e+01	9.047502844346906603e-02	-6.823768681081017462e+01
4.809748850577324042e+00	2.145207995444560822e+01	6.639729251444327629e-03	-6.889610793013966372e+01
4.816045316586602176e+00	2.148403667193494115e+01	6.500604258527897805e-02	-6.920617978818988547e+01
4.822329240673497885e+00	2.165091362513902595e+01	3.118565454172231299e-02	-6.983157512324112304e+01
4.828596758226470165e+00	2.171858168472045492e+01	-2.367487831860945469e-02	-7.009506735455561000e+01
4.834890332961369275e+00	2.178072398396669485e+01	1.194540226182009418e-02	-7.050806005343680738e+01
4.841191655056394261e+00	2.192275268946864486e+01	5.957508095201423381e-02	-7.113902386331847083e+01
4.847460407468000554e+00	2.193523532711560264e+01	4.615395122789783811e-02	-7.131330988024122064e+01
4.853732128521334843e+00	2.216004586592603331e+01	5.941415414351848556e-02	-7.216499549313289208e+01
4.860029138783373170e+00	2.227294012239008580e+01	5.342220842773395123e-02	-7.267497995004602274e+01
4.866314601732018019e+00	2.244529534481011268e+01	-2.519886020173703334e-02	-7.326163390536609654e+01
4.872587026269203925e+00	2.264297585042719874e+01	4.591291070108480254e-02	-7.407635032562203037e+01
4.878874221748241702e+00	2.280521111656421596e+01	3.732997710420193210e-02	-7.474170841487206474e+01
4.885171078138658807e+00	2.266402384484506882e+01	5.770724926927853216e-02	-7.446065117407043488e+01
4.891450629931857641e+00	2.284524566299257842e+01	4.595415229755608205e-02	-7.512268600713335331e+01
4.897716482750221978e+00	2.305942333296823676e+01	-4.674842481335459571e-03	-7.589159573468313624e+01
4.904002834596266069e+00	2.313402006274621669e+01	-1.810101601554654771e-02	-7.628971748863742164e+01
4.910295858205786068e+00	2.320944191986919947e+01	6.159632177607548198e-05	-7.664232248751362420e+01
4.916575188115905881e+00	2.333625474116986354e+01	-5.617335764371729316e-03	-7.713456458531429405e+01
4.922847946197084212e+00	2.352790007826986241e+01	1.748689060194181730e-02	-7.794407053989721135e+01
4.929131667457151700e+00	2.359825509857439840e+01	-4.024070398590180037e-02	-7.821952667841345885e+01
4.935434460144239033e+00	2.373883082126978294e+01	-2.404929483715513572e-02	-7.877758457002686043e+01
4.941718513303545279e+00	2.378710314050493579e+01	1.802689141700257545e-03	-7.910193381248994626e+01
4.947978624761803168e+00	2.408261857598709810e+01	1.091171299998823507e-02	-8.020208792683899901e+01
4.954274999209829389e+00	2.409921819842037749e+01	-1.732986877766070841e-02	-8.029897042966234721e+01
4.960571094729937514e+00	2.442010698237270461e+01	1.948306563343735892e-02	-8.152024062298876572e+01
4.966823207626954506e+00	2.466142000326762584e+01	3.021093569459721087e-02	-8.246954088945305728e+01
4.973097418390337587e+00	2.474744743736201613e+01	2.765936011103624359e-02	-8.283969857306597362e+01
4.979415129936382023e+00	2.487774936739387144e+01	3.458880348921929138e-02	-8.337632779170704111e+01
4.985702082330368157e+00	2.501482406419745530e+01	-3.326002863803365767e-02	-8.385325216179363395e+01
4.991949985828016523e+00	2.533922772999504502e+01	-2.395547174911727417e-02	-8.503472485815001392e+01
4.998241586316924057e+00	2.528074805570159711e+01	3.934761861720222770e-02	-8.506111120840070328e+01
5.004556635606089543e+00	2.543593664503879737e+01	2.901838901280477320e-02	-8.562882830194408257e+01
5.010828655701208945e+00	2.573164268024828516e+01	3.246592923599436742e-02	-8.675339070419705934e+01
5.017077229702536556e+00	2.602345070678969563e+01	1.209727580933569191e-01	-8.789034730796871031e+01
5.023374414758113637e+00	2.598106106517976599e+01	3.169237146822176387e-02	-8.777953949501936393e+01
5.029688873569548413e+00	2.612377524544130836e+01	-2.962016422276556385e-02	-8.826348044323846409e+01
5.035958413584124216e+00	2.638488024624261996e+01	-1.042031215570490485e-02	-8.923565385827657792e+01
5.042232667658486989e+00	2.652363350050695345e+01	-1.537210603704960640e-02	-8.981952801858558644e+01
5.048528755870775875e+00	2.660609909339036605e+01	1.974724943071894459e-02	-9.023436876496484160e+01
5.054821121427484520e+00	2.698599919616826881e+01	2.019744195301171122e-02	-9.156494219252488165e+01
5.061069509814582368e+00	2.723445965490872567e+01	1.994200141828692679e-03	-9.248512327928517607e+01
5.067347812754101177e+00	2.717867872736476187e+01	1.067021874435825080e-02	-9.240245821810727023e+01
5.073675050630431116e+00	2.745115506957822404e+01	-3.640396576755240005e-02	-9.334575363107045121e+01
5.079945928388977627e+00	2.756283153083227688e+01	1.474238791842465493e-02	-9.388262069549104183e+01
5.086192992546071601e+00	2.800088277292057271e+01	3.742731320367103515e-02	-9.544012818270137188e+01
5.092484128970163226e+00	2.796103671700056736e+01	-3.882446544876276551e-02	-9.537195835847759895e+01
5.098802924706086870e+00	2.813766385718708918e+01	-2.128846080626383211e-02	-9.603577453134217023e+01
5.105078217426394005e+00	2.871389604053782207e+01	-2.550485727050645288e-02	-9.804325078984197717e+01
5.111325076574067872e+00	2.872866212017340004e+01	-4.341051995866029162e-02	-9.816444834788975982e+01
5.117628358851224135e+00	2.892735966509341594e+01	3.850802469707402531e-02	-9.901439016498147794e+01
5.123935939383525984e+00	2.917166666704390821e+01	2.753860415214031201e-02	-9.991664409326396878e+01
5.130199176325612065e+00	2.939848298653347669e+01	-9.732098222018767744e-03	-1.006922497017084481e+02
5.136469985878846956e+00	2.978358131305671819e+01	-2.011818235310662561e-02	-1.021072372691905059e+02
5.142797788696348071e+00	3.002015528952266976e+01	-8.984192906779725485e-02	-1.029101613255545260e+02
5.149090378043822192e+00	3.012026727541342197e+01	-2.001348939693628481e-03	-1.034017451651023407e+02
5.155289879840074363e+00	3.050244577664101797e+01	-6.532754165667367836e-03	-1.047796028482991488e+02
5.161564521234301317e+00	3.061835075197326717e+01	4.381080175629512019e-02	-1.053335266994510562e+02
5.167916673496016244e+00	3.060903605801041394e+01	3.157271478103602230e-02	-1.053452594259302089e+02
5.174205974602950064e+00	3.118440048293047440e+01	-4.937475365867884797e-02	-1.072709145893746552e+02
5.180434820793812456e+00	3.140437800124665557e+01	-2.775819405003789736e-02	-1.081112926161322605e+02
5.186729096569634656e+00	3.151491613736777353e+01	-2.158269123193180469e-02	-1.086218972469809216e+02
5.193058481037780894e+00	3.217202371797396410e+01	-4.952331777606372443e-02	-1.108865021884172819e+02
5.199319511444338460e+00	3.219414609398706517e+01	5.286620921479407223e-03	-1.110702788087318567e+02
5.205574295584361799e+00	3.243221941539142250e+01	3.419220825603060815e-02	-1.119862927236138717e+02
5.211894977074066126e+00	3.264370538276925515e+01	1.495952465042237750e-02	-1.127946424214797361e+02
5.218201708336958511e+00	3.306858663587360780e+01	4.287039104206474133e-02	-1.143153339941336526e+02
5.224411911780083351e+00	3.340774927466466693e+01	8.839818179681550175e-03	-1.154830725382699370e+02
5.230677632666463239e+00	3.362175600877421289e+01	-2.787321194197795240e-02	-1.162674451845254850e+02
5.237056729559757429e+00	3.392145567110767246e+01	-1.850325958231185605e-02	-1.174083247760239601e+02
5.243336785035660697e+00	3.455321389173597169e+01	-2.099324012313907514e-02	-1.196154533199810999e+02
5.249493476178225038e+00	3.469901665666409940e+01	8.647304951808724993e-02	-1.202595721692666189e+02
5.255787017738318134e+00	3.441626492392813930e+01	1.104507483957855446e-02	-1.193128241165091481e+02
5.262205327426889845e+00	3.545170261470259021e+01	1.259494805914341013e-03	-1.229179775535953922e+02
5.268477758348532269e+00	3.550395675715673605e+01	5.010428273616887584e-02	-1.232083164039371042e+02
5.274632213654732560e+00	3.574410108279339227e+01	7.553043110299892393e-02	-1.240897200553493747e+02
5.280950543314659740e+00	3.629567694579571935e+01	1.486092196836580857e-02	-1.260338268852408561e+02
5.287327645024750389e+00	3.682352125347255623e+01	4.603673559907258545e-03	-1.278920914334325545e+02
5.293582359180156516e+00	3.720554335230816889e+01	2.232010388394386688e-02	-1.292510959925126883e+02
5.299789992649893478e+00	3.752846540462208225e+01	1.230860832901643637e-01	-1.305703640701559323e+02
5.306111460381987222e+00	3.769462193255708371e+01	-4.601498700069211675e-03	-1.310426967758702403e+02
5.312452717892129250e+00	3.874144119010221488e+01	-1.683391120321892087e-02	-1.347068272990378830e+02
5.318650122853046724e+00	3.851577699695759804e+01	6.019952123627748258e-02	-1.340296923236596172e+02
5.324923043129819789e+00	3.839247156134964456e+01	-7.991891630413984482e-02	-1.335481464242182881e+02
5.331330237158205421e+00	3.930680061745367482e+01	-5.635549376401385868e-02	-1.367844532656959871e+02
5.337586726886338617e+00	3.950585041669231146e+01	2.383857766919970228e-02	-1.375833114666748713e+02
5.343685192440848830e+00	4.037704216641144939e+01	4.958347681153971176e-02	-1.406599730006909112e+02
5.350070659715249199e+00	4.016507000859655818e+01	-1.051551086941927282e-01	-1.398633269228675715e+02
5.356556762554878226e+00	4.081205681024599130e+01	1.846148268888240726e-02	-1.422598150868861921e+02
5.362691868684501095e+00	4.117145546575309822e+01	5.673932820934839832e-02	-1.435610869112291823e+02
5.368769208912516966e+00	4.284729537779796971e+01	2.170131252529302820e-02	-1.494034545011494117e+02
5.375270137997677722e+00	4.177927247484061013e+01	-5.140013828403075004e-03	-1.457316336684874329e+02
5.381769983045385786e+00	4.303510137078743725e+01	8.229721640999672350e-02	-1.502284816816493844e+02
5.387701030372958222e+00	4.373304970383188817e+01	-2.084446380123277168e-02	-1.525501373085618297e+02
5.393786668001271600e+00	4.343364266466010548e+01	6.791085685882200518e-02	-1.516514467792749770e+02
5.400446161099396569e+00	4.429356235063545455e+01	-7.306788373533137405e-03	-1.546391607783218944e+02
5.406957063684501463e+00	4.457765803754357137e+01	-2.342367166118351426e-02	-1.556259881080492562e+02
5.412655672453426270e+00	4.554939886541922078e+01	8.363752610511337136e-04	-1.590226843589439341e+02
5.418821279260546575e+00	4.671102113508499798e+01	6.026340774759481218e-03	-1.631602227893333463e+02
5.425690594366304076e+00	4.655465803700437277e+01	-2.104430653583617972e-02	-1.626320580923604098e+02
5.432217487502165376e+00	4.599889339126269761e+01	-1.215167212144069170e-01	-1.606076832227263367e+02
5.437649811577258241e+00	4.705121692964640800e+01	-9.977095261989174513e-02	-1.642683097616632608e+02
5.443914404015878006e+00	4.771428430146195154e+01	1.106161357961135822e-01	-1.668832146911967129e+02
5.450953501686320202e+00	4.852146810322044246e+01	3.689599207638186856e-02	-1.696644913310163361e+02
5.457483690405861232e+00	4.971360592511423704e+01	-6.857508938729588166e-02	-1.737461097932065002e+02
5.462715250135157241e+00	5.035367992147617855e+01	4.399204576363348329e-02	-1.760634584719976772e+02
5.469033575551323523e+00	5.095576005365607841e+01	1.198447708513800392e-01	-1.783083890693363003e+02
5.476177730420278778e+00	5.137762360143447893e+01	-6.324587993070085457e-02	-1.796174362140255880e+02
5.482708935702562236e+00	5.269301610811069736e+01	-2.390152185600311757e-02	-1.842882681320635641e+02
5.487722405008360838e+00	5.168544670601033886e+01	6.262435375153807549e-03	-1.807659798761941659e+02
5.494194284996126498e+00	5.165338825033121850e+01	-1.301198075524557518e-01	-1.805657370171645653e+02
5.501391471009256406e+00	5.479832113468314247e+01	6.321029067428335368e-02	-1.917801215819709171e+02
5.507128202673079009e+00	5.903079635774243172e+01	7.128344099652141053e-02	-2.066151620991262234e+02
5.512278020050448646e+00	5.584396018834635811e+01	-1.611482232579977969e-01	-1.952246316037852978e+02
5.519395563377015534e+00	6.323733166376724313e+01	9.588203015120146458e-03	-2.212928417712444968e+02
5.526598678609708770e+00	5.578715304978074840e+01	-2.346162706575336682e-02	-1.951972160578471573e+02
5.532162682462509196e+00	5.520065021473082112e+01	2.496632334057550737e-02	-1.932000189370414489e+02
5.537397124017139127e+00	5.691562912611688319e+01	-2.306450127685803764e-02	-1.991609714840500942e+02
5.544582756485218589e+00	5.724559841859500153e+01	3.269349516285412205e-02	-2.003792288079697528e+02
5.551739327507637434e+00	6.392486911369370972e+01	-2.741583138283417223e-02	-2.237005746322404889e+02
5.557493306674907707e+00	8.608281412794461573e+01	-1.574377559177513389e-02	-3.012695683467493950e+02
5.562281709102816940e+00	5.009336963997836278e+01	7.651308965055040982e-03	-1.753326597812749981e+02
5.569272720323164449e+00	6.847442301140551635e+00	9.318879016274936658e-03	-2.397529525057643340e+01
