8.899641224696953554e-03	5.387364502304711095e+03	5.612106866861523486e+03	-3.515256797788454151e+03
1.507912216506557788e-02	5.266874070476319503e+03	6.257077163603325971e+03	-1.898517972539340917e+03
2.144790186456836667e-02	5.187384475063750870e+03	6.187293296800982716e+03	1.075017996380224531e+03
2.783660776489276650e-02	4.834615786227349417e+03	5.882748084472283153e+03	-3.433130762044062578e+01
3.435099785803411021e-02	5.140713869202686510e+03	3.309059769324285753e+03	1.683061017348821679e+03
4.047886761425745911e-02	4.397485626110782505e+03	4.563357666554054049e+03	1.200662878577155880e+03
4.676716683575679601e-02	4.227750876378083376e+03	3.921476715131308538e+03	2.137661883802197451e+02
5.308225101765951665e-02	4.907829384201110770e+03	5.600906936787492668e+03	9.402761759901145524e+02
5.945362440940590160e-02	3.806367394845215131e+03	3.480195396451435954e+03	4.763159201666960598e+02
6.576224814588792211e-02	3.712691142788930847e+03	3.677660355712730507e+03	4.813277193419030482e+02
7.196632906698736953e-02	3.724563671325038740e+03	3.256614292421553728e+03	2.166009674348599390e+02
7.827860915688347743e-02	3.219924971918757365e+03	2.448427557131883532e+03	8.614688902580367369e+01
8.470398945834539672e-02	3.133611902106624711e+03	3.011122430653787433e+03	1.148554280259087136e+03
9.096854620527369817e-02	2.806233164669721191e+03	2.375682800810432127e+03	5.681226080301494221e+02
9.720789776830213169e-02	2.587159194760364699e+03	2.245812223387657923e+03	1.772356553411914604e+02
1.034763038959366499e-01	2.278562630946867102e+03	1.870107064177064331e+03	1.960460866541373548e+02
1.097576444254559219e-01	2.239937862567561297e+03	1.988532401321922634e+03	3.453775217719686452e+02
1.160543084780093354e-01	2.067449666330006949e+03	1.705886763447242174e+03	1.638010208802077443e+02
1.223669666537485351e-01	1.978566219761765069e+03	1.812217229358143413e+03	3.051268519521997291e+02
1.286817263090294094e-01	1.806574107376150550e+03	1.463695316226416026e+03	7.995816882806967385e+01
1.349500801664080818e-01	1.724662215723739564e+03	1.384069371720523122e+03	2.947761268615650465e+02
1.411949558842147678e-01	1.666587857003253475e+03	1.312701476717587184e+03	1.382116506387253310e+02
1.475133575747468451e-01	1.582910743234149095e+03	1.253204567368773724e+03	5.699096521856590414e+01
1.537865074252268427e-01	1.441452314256438513e+03	1.070884077804013714e+03	5.933609577882196362e+01
1.600657544051110326e-01	1.375959519508908215e+03	1.024370841913420918e+03	9.309622962275017244e+01
1.663991168687080635e-01	1.247764148606012213e+03	8.560518285411201305e+02	1.719934657215064817e+02
1.727195645776442856e-01	1.236863507348322401e+03	9.368162485287509753e+02	-2.403003458034238804e+01
1.789765213377084718e-01	1.109574482366750544e+03	7.548102213182180549e+02	5.289425728916430813e+01
1.852353690647852158e-01	1.073111497818013504e+03	7.250180925898331452e+02	3.305921811652063269e+01
1.914806787341157279e-01	1.037956652029273528e+03	6.688144082050397401e+02	9.198099264911841999e+01
1.977889868651535599e-01	9.974747666367857164e+02	7.101788083265861360e+02	7.395323712752471579e+01
2.040937735447724277e-01	9.296022227076248328e+02	5.814613010879936610e+02	1.033377660706638466e+02
2.103939302609846018e-01	9.027318828762545309e+02	5.557000347002388025e+02	1.553610952164760874e+02
2.166909709822301688e-01	8.577839199386438622e+02	5.405303882287195165e+02	3.712060532464543172e+01
2.229700281216152047e-01	8.136451479289474946e+02	5.329560541624483676e+02	1.304280988137049917e+02
2.292620027086341994e-01	7.859443766516787946e+02	5.248471664656527764e+02	8.786724018276591153e+01
2.355141508366812297e-01	7.314676572359385318e+02	4.295927002318367158e+02	1.045964580445129712e+02
2.417910583817859116e-01	7.028097406906813376e+02	4.274489779248437458e+02	8.505405473949339523e+01
2.480856539439619257e-01	6.508808323353674723e+02	3.606048385682365733e+02	5.903656627827389514e+01
2.543492256872954549e-01	6.294660512118623501e+02	3.368958605356713747e+02	8.706858047873558348e+01
2.606334251884805386e-01	6.083367835254186957e+02	3.300410965786614383e+02	7.301302960226054495e+01
2.669257370896960802e-01	5.801978389922585393e+02	3.278691214784746535e+02	5.994395170831701591e+01
2.732423343141155980e-01	5.627991526401667670e+02	3.112071425698378562e+02	1.400758995414825563e+02
2.795529680084415936e-01	5.298337753822142986e+02	2.668904790349255904e+02	7.817573627871851727e+01
2.858366292314493129e-01	5.197115690927187188e+02	2.710335464133931396e+02	7.272426273663165830e+01
2.920876271394311496e-01	4.914757845329407360e+02	2.414223959975059302e+02	8.447339296992220170e+01
2.983449844439822751e-01	4.668752720814580925e+02	2.108612907442158644e+02	6.632875078972621452e+01
3.046382639407197446e-01	4.561414337713737837e+02	1.946328852651521117e+02	5.330592449847870284e+01
3.109279127003197196e-01	4.358027680303845273e+02	2.015788191555663218e+02	4.835071176109681801e+01
3.172168171618398036e-01	4.146132010930643901e+02	1.830293465470022909e+02	7.210108378058372125e+01
3.235187567944423082e-01	4.030979462814083831e+02	1.761321726411078430e+02	7.128863957934130724e+01
3.298168217550395687e-01	3.876257949415654025e+02	1.639638905888468230e+02	8.588395001023133091e+01
3.361176429457156667e-01	3.747644560804218372e+02	1.480888339517508712e+02	5.739643544688581756e+01
3.423700375709273769e-01	3.595918089165708693e+02	1.314499214413541779e+02	6.430828265138561051e+01
3.486478192666269682e-01	3.498770082153345129e+02	1.190025922193004106e+02	7.875413402606680791e+01
3.549411614411318028e-01	3.388104053557358952e+02	1.107288538276562093e+02	5.863322125202623880e+01
3.611916935421040642e-01	3.233320600829056275e+02	1.046784386993871436e+02	7.504251343182667711e+01
3.674767089563572564e-01	3.124185616594326120e+02	9.711108823817691871e+01	5.788081778529306831e+01
3.737647795277591056e-01	3.006865236748556072e+02	8.427427015184522929e+01	6.275617688561647611e+01
3.800654031475132477e-01	2.929900535029719890e+02	8.104073643777671521e+01	5.143968561508742710e+01
3.863539861259823738e-01	2.822965743018640410e+02	7.208639250152126010e+01	6.074152371280244722e+01
3.926140181364449755e-01	2.709219755997700076e+02	6.906102944567021495e+01	6.101824125037489210e+01
3.989264500321934581e-01	2.631154636932945436e+02	5.346485380324030245e+01	6.404586936857907631e+01
4.052073244576828714e-01	2.519138014015339024e+02	5.014273921630110920e+01	6.541849503650522024e+01
4.114916477570477182e-01	2.466967756965453873e+02	4.859934038383151034e+01	5.385191167160714798e+01
4.177814272116491257e-01	2.380103672500025880e+02	4.424357258812013072e+01	5.848472675559489886e+01
4.240400648725131116e-01	2.316003413302440777e+02	3.324587274392052905e+01	6.721396683414594975e+01
4.303425690270192283e-01	2.263610051842358928e+02	3.317820978520528996e+01	5.978412861463768024e+01
4.366358560255625965e-01	2.169665730805501482e+02	2.710456503375688442e+01	5.388581999460360805e+01
4.428996183220763605e-01	2.094062547985341212e+02	2.215795678675803160e+01	5.361605275475290711e+01
4.491634418529859563e-01	2.035598380876068632e+02	1.820213516024847067e+01	5.055993488228525479e+01
4.554414146254732731e-01	1.977738246779955773e+02	1.827577543674811622e+01	6.480635877003022927e+01
4.617634470301058558e-01	1.923354657021683636e+02	1.660579041807323009e+01	5.634639252165898426e+01
4.680644242023710433e-01	1.868552611209316581e+02	7.739596597240648634e+00	6.211932583063218516e+01
4.743485242764365895e-01	1.810720467259258157e+02	6.671027728115697997e+00	5.593176630882258848e+01
4.806356136815400082e-01	1.758338171994135735e+02	7.912665413777361101e-01	6.319295644316404292e+01
4.869019258388697646e-01	1.713161077356216424e+02	1.318546344006591209e+00	5.552078859656420917e+01
4.931697099599955947e-01	1.668933134833361578e+02	-4.059818928641650615e+00	5.517375257206403205e+01
4.994506747144535908e-01	1.631357700518369427e+02	-3.859358284021848551e+00	5.889409492409450309e+01
5.057159051335421429e-01	1.569735641908853836e+02	-5.197554720777390891e+00	5.464266410821715425e+01
5.119923996268095356e-01	1.521332794370514989e+02	-8.627976565244489748e+00	5.039088579334008244e+01
5.183126097768406826e-01	1.483893580582452500e+02	-9.325627313924726991e+00	5.515987883103109368e+01
5.246089638029100000e-01	1.449107386425861819e+02	-1.181737381377976348e+01	5.649700133221784171e+01
5.308757308483337267e-01	1.395229783552493927e+02	-1.454844588122991844e+01	5.229866140989670953e+01
5.371573527946726934e-01	1.369289708719015266e+02	-1.769263074752295495e+01	5.191287039509192169e+01
5.434579563783791256e-01	1.337260735215124612e+02	-1.701968417905093389e+01	5.328642863172492383e+01
5.497430652392217842e-01	1.307461028644618750e+02	-2.290138150501686098e+01	5.226045380902509407e+01
5.559937427501778773e-01	1.268057285805711274e+02	-2.079400408561140523e+01	5.210479983764152934e+01
5.622854676609657654e-01	1.232663793748536278e+02	-2.175759526299217228e+01	4.943912489321834869e+01
5.686011537227265711e-01	1.198863953982172603e+02	-2.440548922734770798e+01	4.675461124838042792e+01
5.748804589422079614e-01	1.176328049977598624e+02	-1.991469760681814805e+01	5.215593916656575146e+01
5.811550210340560296e-01	1.144957047807121739e+02	-2.370825224739438397e+01	5.143038068996357737e+01
5.874394496660968468e-01	1.119565164141718014e+02	-2.669580903382663450e+01	4.994120972761722044e+01
5.937176220296899176e-01	1.094347331199921456e+02	-2.675309443240146123e+01	5.129691258948199106e+01
5.999971954793682505e-01	1.072121917103867190e+02	-2.762633049727460133e+01	5.122914981631372910e+01
6.062679115124277596e-01	1.032369407133999175e+02	-2.913113751773962434e+01	4.712565443497404516e+01
6.125469576444534381e-01	1.015568763140822597e+02	-2.972683070962474261e+01	4.802310511817716332e+01
6.188477733041515272e-01	9.928811978401215299e+01	-2.945262034562025377e+01	4.913288170004457811e+01
6.251310567437898813e-01	9.748531374463716759e+01	-2.980209622466887609e+01	5.081363333543956884e+01
6.314027450383210560e-01	9.448973750592548981e+01	-3.183026185843631595e+01	4.689528291832747442e+01
6.377003562732055375e-01	9.270959189742693241e+01	-3.215030506286681344e+01	4.635928400516654335e+01
6.439857783314556494e-01	9.065719229218994712e+01	-3.327463425294159549e+01	4.735706645185275221e+01
6.502685417166111925e-01	8.849307155815513681e+01	-3.279987392681086078e+01	4.701468738199934450e+01
6.565586117699038216e-01	8.676397036713338196e+01	-3.164779122491783525e+01	4.543711941271286747e+01
6.628369282359254377e-01	8.533499527623459358e+01	-3.336387919904717592e+01	4.612918249586016373e+01
6.691185444962194362e-01	8.328536158741398765e+01	-3.452098720558350919e+01	4.635746908186921900e+01
6.754070198575605755e-01	8.125521879653621227e+01	-3.413100413328012905e+01	4.639379616165754072e+01
6.816835514593204692e-01	7.925773761315592481e+01	-3.317962151911746105e+01	4.555955877138578103e+01
6.879592533861698112e-01	7.794451916864730379e+01	-3.454804373609920276e+01	4.487785169806257102e+01
6.942344317039531587e-01	7.671045849575935449e+01	-3.510016228772365565e+01	4.597427896396938962e+01
7.005175402434737908e-01	7.437555555335453050e+01	-3.508356297729432782e+01	4.442896022612328011e+01
7.068124956608716758e-01	7.377638917117265294e+01	-3.491241258921560586e+01	4.409339570183247048e+01
7.131019009674921527e-01	7.158624480051275896e+01	-3.388859978346626889e+01	4.475718505614449327e+01
7.193918251171427247e-01	7.044333966484502696e+01	-3.541849680446591719e+01	4.504616961929600905e+01
7.256833807598113140e-01	6.839146562363731618e+01	-3.465736753751195920e+01	4.308919908458280901e+01
7.319652682709349989e-01	6.766511266959385296e+01	-3.553794066960314524e+01	4.282071940214933647e+01
7.382507990484923344e-01	6.630570686574475303e+01	-3.539619975302655064e+01	4.265277130551332618e+01
7.445265842115937893e-01	6.476246905574961943e+01	-3.501497095761848755e+01	4.250647230045569813e+01
7.507871101942712455e-01	6.349655492633337417e+01	-3.602987061410709657e+01	4.272413947337735607e+01
7.570758465316046459e-01	6.268911204389786462e+01	-3.552808937034977532e+01	4.125576591268806936e+01
7.633641233600957365e-01	6.179898010656626184e+01	-3.607264967732250938e+01	4.281814150480855830e+01
7.696462959862266917e-01	5.978834759336042737e+01	-3.466035322169261690e+01	4.146489637604044276e+01
7.759394865175414102e-01	5.928677606655958954e+01	-3.567577604706602301e+01	4.216564578680630149e+01
7.822329141989586843e-01	5.805154301126924565e+01	-3.569908932486436015e+01	4.206564833132844683e+01
7.885314936520240181e-01	5.689147563954480091e+01	-3.567049115919168401e+01	4.137694191815273825e+01
7.947896566979522071e-01	5.585268617485392895e+01	-3.575750108549343764e+01	4.180379640089871884e+01
8.010491096592354809e-01	5.496488348362468201e+01	-3.494421538413954664e+01	3.969548295360207391e+01
8.073364061727361651e-01	5.387509321082339397e+01	-3.430441171478175022e+01	3.957304479824408361e+01
8.136229488373866170e-01	5.247321408706012846e+01	-3.392224216464078523e+01	3.907012225469723177e+01
8.199152998961036776e-01	5.222800641611393502e+01	-3.462719584470897871e+01	4.076469371546457410e+01
8.261952636392789762e-01	5.115299826340964984e+01	-3.391533129896237853e+01	3.888198648944970159e+01
8.324897070080405914e-01	5.028979830077760482e+01	-3.391480136291154679e+01	3.886895249470595815e+01
8.387959309210778480e-01	4.964750479440444053e+01	-3.477016909645768550e+01	3.998935562853910142e+01
8.450634639703045181e-01	4.876907569021980748e+01	-3.428818282081886792e+01	3.844870974180965817e+01
8.513282867562648182e-01	4.770502443597091968e+01	-3.364976965340374448e+01	3.773000908639071582e+01
8.576198263902009566e-01	4.726130754618564822e+01	-3.410842042459851342e+01	3.868504796035093563e+01
8.639058477062415697e-01	4.636858702122484033e+01	-3.354778012837072509e+01	3.810375197893440458e+01
8.701838745487597837e-01	4.567468268781319551e+01	-3.351288793557821322e+01	3.775473798721706231e+01
8.764641096075268534e-01	4.487078317064357691e+01	-3.333955432127863361e+01	3.760672536221573381e+01
8.827503873399735745e-01	4.410863042687132918e+01	-3.285302429203482433e+01	3.689851976523106458e+01
8.890332768393869323e-01	4.360389613195955150e+01	-3.317883459130315060e+01	3.766191832879525947e+01
8.953084247113127780e-01	4.272339548199336434e+01	-3.236198398401379706e+01	3.687275934503499286e+01
9.015956521667095602e-01	4.229191990081539387e+01	-3.258452952491022359e+01	3.650973797278648192e+01
9.078833328094829680e-01	4.143838086351547645e+01	-3.185057633363888030e+01	3.582537177526177175e+01
9.141744106319863450e-01	4.077914885307719572e+01	-3.163536062055330333e+01	3.612333657530035680e+01
9.204630817717615043e-01	4.015558815256253666e+01	-3.158301521082141861e+01	3.583554794452877701e+01
9.267434415264711456e-01	3.973130824997016930e+01	-3.147393757337386333e+01	3.584129276845294498e+01
9.330324197354928906e-01	3.907206429724853791e+01	-3.112997699598841095e+01	3.529843645696296761e+01
9.393265785573878812e-01	3.829145673092651236e+01	-3.061291797755272626e+01	3.484372937166633477e+01
9.455974810398196650e-01	3.813373861415271193e+01	-3.122371706782683987e+01	3.551026973752237126e+01
9.518660018545171964e-01	3.747409705749384301e+01	-3.067639402168521201e+01	3.524703938479960641e+01
9.581413255531838757e-01	3.695326808233175342e+01	-3.073479728553712320e+01	3.474265906157246064e+01
9.644350945109106954e-01	3.630069613466125844e+01	-3.031184986254611857e+01	3.487506381244813980e+01
9.707355633568249820e-01	3.586056813556838563e+01	-3.008720688173751157e+01	3.451467716307807621e+01
9.770080768450029041e-01	3.539599989903965849e+01	-2.990370020139051732e+01	3.435580324295728616e+01
9.832823325363413414e-01	3.495652167498447227e+01	-2.945978308368217569e+01	3.394475356750337625e+01
9.895569691966674686e-01	3.446359361569775359e+01	-2.941432337342441272e+01	3.381231130627446646e+01
9.958456301921106979e-01	3.402231249722345297e+01	-2.922177722474505046e+01	3.364603462410756407e+01
1.002136210743837408e+00	3.357743794861930553e+01	-2.881351660256551384e+01	3.322026008469799763e+01
1.008404825335135424e+00	3.303514261051591916e+01	-2.862354775324092770e+01	3.278233985243194581e+01
1.014694149836243398e+00	3.274518139160188213e+01	-2.866886857734821348e+01	3.322863275131501126e+01
1.020992555437297167e+00	3.225294172345475374e+01	-2.843030296072756968e+01	3.303556647324407436e+01
1.027273980437394485e+00	3.174177748827027656e+01	-2.773503774734787797e+01	3.258614483679998841e+01
1.033559181896017254e+00	3.143000710015121868e+01	-2.771109328414354422e+01	3.240436584289145827e+01
1.039847557392594934e+00	3.104464913090322753e+01	-2.731473183977377772e+01	3.205456127933745591e+01
1.046126974943305088e+00	3.071874905901389852e+01	-2.736824723316128072e+01	3.217911238799998586e+01
1.052403436811028659e+00	3.013197369452390006e+01	-2.661268935200707020e+01	3.141774509707193985e+01
1.058680704651608684e+00	2.993266792672596566e+01	-2.696616336437682193e+01	3.175100120098529644e+01
1.064964333065789193e+00	2.949362711892408839e+01	-2.627306624189189677e+01	3.106553016758136820e+01
1.071256777440835473e+00	2.904809379770036060e+01	-2.607796513757255852e+01	3.106882478866979724e+01
1.077544048801078125e+00	2.891545350244446055e+01	-2.628198978668289243e+01	3.097481900455507642e+01
1.083824820188043603e+00	2.845113184932167627e+01	-2.607654314035418608e+01	3.087142982649118039e+01
1.090108023942816695e+00	2.837303481510310732e+01	-2.568867816590690722e+01	3.106166611099337516e+01
1.096389665956643222e+00	2.790123101430694774e+01	-2.550261565843988976e+01	3.083631461589850886e+01
1.102681132058841440e+00	2.757130788327794590e+01	-2.522698307892171243e+01	3.030248579395851394e+01
1.108963047594879958e+00	2.731400776800004593e+01	-2.523528472912008880e+01	3.028086008241955440e+01
1.115225428463759272e+00	2.690515374337150689e+01	-2.457498695123914700e+01	2.989709735317386219e+01
1.121502127614767863e+00	2.662836210084537214e+01	-2.467610897686121163e+01	2.979420780458780982e+01
1.127792573824792033e+00	2.630998086013211434e+01	-2.401365894166056236e+01	2.962402006500341045e+01
1.134089552668382961e+00	2.613743472725262507e+01	-2.413842358394541421e+01	2.962493009505744013e+01
1.140364049650405942e+00	2.590914636401884152e+01	-2.416066195657406013e+01	2.948547616801161908e+01
1.146639180320979445e+00	2.559996288599010583e+01	-2.384673466572878553e+01	2.942505605512591060e+01
1.152942412991649901e+00	2.525932780544894385e+01	-2.349398824578342015e+01	2.910487274122860768e+01
1.159228906751078814e+00	2.502975084521228410e+01	-2.348823831648003235e+01	2.897914115647801836e+01
1.165508721887268173e+00	2.470723905131449882e+01	-2.311459596414970008e+01	2.873950569149866752e+01
1.171793076256210320e+00	2.455966436531926789e+01	-2.312755308004442867e+01	2.893702994484286606e+01
1.178087436369658958e+00	2.419488948323552080e+01	-2.246515874569548643e+01	2.831584007811567716e+01
1.184367654251526902e+00	2.397367461547283796e+01	-2.242112585715472406e+01	2.828889420925827736e+01
1.190634642299266632e+00	2.378671679212951418e+01	-2.224738015790784829e+01	2.792949834390432429e+01
1.196912208834400859e+00	2.352655329871445034e+01	-2.213700237523075742e+01	2.781018210513595790e+01
1.203201577354146234e+00	2.337954478329009333e+01	-2.200286005154150004e+01	2.785587712972554542e+01
1.209486844441705733e+00	2.310077988724590270e+01	-2.181772896300508435e+01	2.753121343020805867e+01
1.215763902074809888e+00	2.294046949072336261e+01	-2.179946552916188551e+01	2.775364095476788506e+01
1.222049755171146668e+00	2.270524039200104838e+01	-2.130196664933567874e+01	2.742140837216968308e+01
1.228340616621486969e+00	2.251213507834430416e+01	-2.127667901455704680e+01	2.729144264302765066e+01
1.234632986576932767e+00	2.221990699442952888e+01	-2.108577801423126274e+01	2.679125434279485063e+01
1.240902247176856488e+00	2.200162874578479233e+01	-2.082238556338149849e+01	2.684084879394050560e+01
1.247174839144687519e+00	2.183710086961549024e+01	-2.060149928176350187e+01	2.661885746620766113e+01
1.253465459933442272e+00	2.175777576384890111e+01	-2.059534342060011980e+01	2.681671700687998339e+01
1.259749951892178421e+00	2.151573045272314744e+01	-2.040620761583100418e+01	2.655257776055808350e+01
1.266032143127253873e+00	2.135108485861728056e+01	-2.010012374157521364e+01	2.647181138556934599e+01
1.272316288472006507e+00	2.103239986613651880e+01	-1.974987530940790137e+01	2.587558412871338120e+01
1.278604155058621350e+00	2.096302627059544932e+01	-1.988202755188106963e+01	2.608308446450966400e+01
1.284886588933593865e+00	2.079759155819035499e+01	-1.961013661404521713e+01	2.611458302286719046e+01
1.291175420066583257e+00	2.061043174705993408e+01	-1.940642611070785151e+01	2.595737945963973914e+01
1.297465726373772332e+00	2.038908217393760580e+01	-1.923458780661676926e+01	2.570528311976790192e+01
1.303741827011944299e+00	2.013939834383645433e+01	-1.889792306920508835e+01	2.516366284110341311e+01
1.310017322922761851e+00	2.010037206731879067e+01	-1.902809012933794364e+01	2.554557664072708079e+01
1.316301447662886703e+00	1.987608699377024379e+01	-1.860060306106869632e+01	2.494935602265442398e+01
1.322586760363303249e+00	1.982430216917353150e+01	-1.871536850175777289e+01	2.521356618325686938e+01
1.328865492452874664e+00	1.968354834275117327e+01	-1.842759913662055382e+01	2.504562924690609904e+01
1.335144804954555564e+00	1.956367794004804139e+01	-1.852573661300346330e+01	2.513572215103420859e+01
1.341440516272275119e+00	1.938376242142600603e+01	-1.825796971693535298e+01	2.483860659215051570e+01
1.347730868417094552e+00	1.918197873387716612e+01	-1.782253223146516419e+01	2.427858231660407640e+01
1.354001589994877630e+00	1.905159522691911533e+01	-1.784386431574687037e+01	2.440041094768848851e+01
1.360282609297778444e+00	1.893698822504613943e+01	-1.772879626842987122e+01	2.437180303585296670e+01
1.366565686457597906e+00	1.890412447386886541e+01	-1.785987345174052976e+01	2.461945766274292779e+01
1.372851498482432708e+00	1.870013611512589691e+01	-1.760967337292226631e+01	2.422630563056949882e+01
1.379135372929401804e+00	1.857781873718797172e+01	-1.735819849829085015e+01	2.397145714499398395e+01
1.385409567149057164e+00	1.841644620252418463e+01	-1.719717073889274062e+01	2.380562389244823507e+01
1.391698641219299315e+00	1.829604970266931119e+01	-1.703344549543291109e+01	2.366236523347491882e+01
1.397984451439470810e+00	1.818884110392433584e+01	-1.692709090832557095e+01	2.380613387415827376e+01
1.404267883409181961e+00	1.800708462847650537e+01	-1.671242923409440095e+01	2.346460651074384174e+01
1.410554779484869181e+00	1.791224624864729265e+01	-1.663635856110867195e+01	2.339755819672821957e+01
1.416837833547465397e+00	1.780064854996313173e+01	-1.654618536629558889e+01	2.320484843666570640e+01
1.423118177187137068e+00	1.772529897791302389e+01	-1.657038152495604777e+01	2.331433113054235662e+01
1.429397801164240089e+00	1.760864679842392633e+01	-1.643480861427715922e+01	2.305923373698401591e+01
1.435686921822787232e+00	1.752981589009568353e+01	-1.630191972838022352e+01	2.313343688755008998e+01
1.441977121769299597e+00	1.740965899680434248e+01	-1.616432692703073570e+01	2.289705300138449573e+01
1.448253667853332427e+00	1.727027445827549101e+01	-1.596482232506719789e+01	2.270961122687693390e+01
1.454532348972172651e+00	1.718443624067005260e+01	-1.592116556693664897e+01	2.272248179233399057e+01
1.460819319151879903e+00	1.712513422675409913e+01	-1.594410253487914453e+01	2.266026308757857066e+01
1.467110364402026468e+00	1.701221871966690458e+01	-1.574665906423285655e+01	2.242569002812891554e+01
1.473392908948962132e+00	1.688382255479827876e+01	-1.559098794162352419e+01	2.225604145281400292e+01
1.479669965243598950e+00	1.681913684376366547e+01	-1.559703542854788161e+01	2.243282580172261476e+01
1.485956144602843532e+00	1.669997147563076112e+01	-1.539758722611546915e+01	2.198203846523388449e+01
1.492233610763115115e+00	1.666271387730149556e+01	-1.535424628256811808e+01	2.201311824362471015e+01
1.498502470379980078e+00	1.656670169055496800e+01	-1.531699971016350759e+01	2.199906345503760718e+01
1.504785752051182701e+00	1.651732546424666026e+01	-1.529687240621227851e+01	2.188101881267493454e+01
1.511075991894575976e+00	1.634960700139131973e+01	-1.504013543941145770e+01	2.145497855007008425e+01
1.517361634985162189e+00	1.625251808640786422e+01	-1.489813811430274626e+01	2.151835534556106921e+01
1.523648570969130533e+00	1.623165520177609267e+01	-1.476914248773477389e+01	2.143838973068577758e+01
1.529938035715892264e+00	1.609697628053573126e+01	-1.464287805906668538e+01	2.138893328305853458e+01
1.536230176913891965e+00	1.606874623933611446e+01	-1.465871446764541197e+01	2.140492549769023256e+01
1.542510718779388279e+00	1.602166102142874493e+01	-1.461977582607293868e+01	2.124058012850160893e+01
1.548783963082980275e+00	1.587961443514538473e+01	-1.450198864365725804e+01	2.097995081680476304e+01
1.555073069779651318e+00	1.581685687600936419e+01	-1.444475033497105798e+01	2.093781667495423804e+01
1.561357324927233892e+00	1.572580155359132448e+01	-1.422025681051572654e+01	2.067500168524163584e+01
1.567629121053141006e+00	1.568229612668373640e+01	-1.426202281718479448e+01	2.079518555311429751e+01
1.573913697404382583e+00	1.559674940839438051e+01	-1.415559089017746075e+01	2.063122715450512246e+01
1.580203545230874029e+00	1.560685049915936595e+01	-1.423134022152562750e+01	2.061876531094955212e+01
1.586485393434537983e+00	1.555045379689620511e+01	-1.415311933407616785e+01	2.069141310820208801e+01
1.592760014263005841e+00	1.539924498313090773e+01	-1.395951059142943329e+01	2.029200882921768212e+01
1.599046436394670812e+00	1.533409167571137210e+01	-1.389052521724410028e+01	2.023389641087252855e+01
1.605342136637478934e+00	1.531895824787186910e+01	-1.390239638265241773e+01	2.033979327069966914e+01
1.611619860919608627e+00	1.521486322121408996e+01	-1.367657755404409592e+01	2.007721251948957075e+01
1.617897597081673799e+00	1.513363699703179677e+01	-1.358927669941351724e+01	1.987964800333440607e+01
1.624183235481122756e+00	1.512130087529450329e+01	-1.361087509940116824e+01	1.983642741104545948e+01
1.630464598531913722e+00	1.505236904532900688e+01	-1.363165342866945373e+01	1.991644751545261727e+01
1.636748985747638274e+00	1.499714263254097446e+01	-1.339937681894141441e+01	1.974592881511006937e+01
1.643030923698886259e+00	1.494711085432255970e+01	-1.341668778743809121e+01	1.968723205566577406e+01
1.649309176648513064e+00	1.486853729624251130e+01	-1.332461574267784954e+01	1.951295299031301766e+01
1.655593633940351861e+00	1.483123258234158115e+01	-1.325710642180991172e+01	1.942013214494307505e+01
1.661879571405086464e+00	1.473418419420731773e+01	-1.307883286632872988e+01	1.929797885414072667e+01
1.668169361685170271e+00	1.474275290756983559e+01	-1.327403579869537609e+01	1.940276317495691671e+01
1.674450151530487485e+00	1.467368723799732066e+01	-1.304956943848398510e+01	1.922564301297593303e+01
1.680722718978495900e+00	1.454086669188109937e+01	-1.286411476656384423e+01	1.894731951337796971e+01
1.687013891340952476e+00	1.456773738132023510e+01	-1.298907244333367217e+01	1.908806298530529233e+01
1.693308984907921033e+00	1.449342397766893775e+01	-1.297061868281512531e+01	1.894070864793068765e+01
1.699582147428448486e+00	1.443154081255906540e+01	-1.275474345451016056e+01	1.878644517855164153e+01
1.705863747055134105e+00	1.437149464034753343e+01	-1.267387677908633314e+01	1.869287509386367674e+01
1.712154434283889470e+00	1.434117599826206657e+01	-1.276754085053103438e+01	1.873890613889302159e+01
1.718438381579399321e+00	1.428629483945690204e+01	-1.266027828815507661e+01	1.849237578967118978e+01
1.724721264464063930e+00	1.424345707672729233e+01	-1.250484869508208874e+01	1.849015530326427026e+01
1.730997441276920679e+00	1.422750721284554665e+01	-1.260034960432094664e+01	1.853696326236851277e+01
1.737287073528269499e+00	1.417479279194595065e+01	-1.252729072138770405e+01	1.827029512337388084e+01
1.743567991878527401e+00	1.414600762556321811e+01	-1.240464367471819962e+01	1.825868575676525296e+01
1.749840680212231048e+00	1.407361000718913679e+01	-1.239101196068264699e+01	1.819387577689283120e+01
1.756128549091961144e+00	1.407799238714800438e+01	-1.234403965818350635e+01	1.812698588154803758e+01
1.762413535324792502e+00	1.399735787068529547e+01	-1.230500261703120124e+01	1.801225589441932939e+01
1.768696187669963837e+00	1.396072816239935399e+01	-1.221436258928076235e+01	1.790687400850626432e+01
1.774979359379055266e+00	1.397204306811181063e+01	-1.225417711833128998e+01	1.796002581770781248e+01
1.781265555576432957e+00	1.391179060503646170e+01	-1.218374344953224941e+01	1.783856136172987306e+01
1.787549427830244619e+00	1.384746607350018799e+01	-1.204885285406591144e+01	1.764406523842311714e+01
1.793834120011633004e+00	1.382401814996344136e+01	-1.201840230500497242e+01	1.761604557835226359e+01
1.800115051552487300e+00	1.377118299467901785e+01	-1.203427617288326346e+01	1.741185528699456242e+01
1.806393904854530330e+00	1.370792451307031001e+01	-1.183620381197913396e+01	1.728202032284939804e+01
1.812674089667083432e+00	1.375804927147532553e+01	-1.198892341560710051e+01	1.753596628470845786e+01
1.818956920109354058e+00	1.365459169190328126e+01	-1.179688017823970370e+01	1.727664850274111075e+01
1.825244164118212220e+00	1.363443021115176990e+01	-1.181384363836828655e+01	1.728106879096445780e+01
1.831527256642196955e+00	1.358972396868265697e+01	-1.175903525916349146e+01	1.714291324001423433e+01
1.837811294935716599e+00	1.359699535650472235e+01	-1.176845951273391933e+01	1.723014316477812358e+01
1.844100717411196744e+00	1.354163175428616839e+01	-1.159960987416933875e+01	1.703626218146115434e+01
1.850384816792487230e+00	1.350750230682868391e+01	-1.159668204605256925e+01	1.699899669245249001e+01
1.856666059735203822e+00	1.349710618495716474e+01	-1.165635403725242547e+01	1.689838482312550383e+01
1.862947728675613979e+00	1.346515738974653154e+01	-1.155835531212877498e+01	1.687364254059033897e+01
1.869229324466858078e+00	1.340992662957926029e+01	-1.150611774499388318e+01	1.676248896901699226e+01
1.875517616802973686e+00	1.337753323198838551e+01	-1.148179949516130627e+01	1.665306910746763336e+01
1.881800769033795229e+00	1.337448270591669797e+01	-1.145981502218316805e+01	1.660375510157545165e+01
1.888078863416442710e+00	1.332511509884574075e+01	-1.136771660339433332e+01	1.653474686079470857e+01
1.894353975182237582e+00	1.329460074026403760e+01	-1.136136415540995870e+01	1.649930905937410941e+01
1.900642716154182565e+00	1.325248174298937620e+01	-1.119819883627744517e+01	1.627425598204532875e+01
1.906933494748685121e+00	1.323644369951748523e+01	-1.127611779382724855e+01	1.628907486262295379e+01
1.913207568676573933e+00	1.326135567412896243e+01	-1.127820318872969985e+01	1.638456579493324838e+01
1.919490884732178992e+00	1.319621229301503185e+01	-1.122603016218038974e+01	1.618505500086252269e+01
1.925776855684274480e+00	1.316556121337473861e+01	-1.113059295903214441e+01	1.607021448388067242e+01
1.932064452961978152e+00	1.316699541800801754e+01	-1.115178151274464646e+01	1.612048296556541871e+01
1.938342610030488800e+00	1.311891445214341445e+01	-1.110559788031817874e+01	1.603082688244790432e+01
1.944618341543410178e+00	1.313530919848956202e+01	-1.111056776202799767e+01	1.605614776488847895e+01
1.950906260203513876e+00	1.306144537437437592e+01	-1.096122205793288451e+01	1.580635822836026172e+01
1.957194556613796488e+00	1.305806939032715697e+01	-1.097817403740983089e+01	1.582016659151378057e+01
1.963479614559011432e+00	1.302643007845167489e+01	-1.091295750197174641e+01	1.569442664192083114e+01
1.969760361532916226e+00	1.299204814457087309e+01	-1.092829775719427765e+01	1.572037473923342787e+01
1.976048367034604736e+00	1.298533756782827808e+01	-1.078503213112472103e+01	1.563017385139795934e+01
1.982337990217652335e+00	1.294074880027512009e+01	-1.075023801498439013e+01	1.549027031253304010e+01
1.988617489259562721e+00	1.290863905821453628e+01	-1.074740882489467353e+01	1.544581760330408393e+01
1.994896320665194178e+00	1.290727239042208296e+01	-1.071313303373306702e+01	1.545166041792969835e+01
2.001179596222827151e+00	1.285372485390496600e+01	-1.068951251790530321e+01	1.522641388028434406e+01
2.007459756923499761e+00	1.285747991501214216e+01	-1.068395791049755772e+01	1.533207388687678296e+01
2.013737397779169935e+00	1.287601070650533863e+01	-1.074041100661419001e+01	1.529135238114218254e+01
2.020017234677497164e+00	1.277883288050742472e+01	-1.046873996095096615e+01	1.503462251716051945e+01
2.026310251015072783e+00	1.279280090833083428e+01	-1.058439507290125903e+01	1.515151436473352220e+01
2.032600542948020284e+00	1.276225657020845361e+01	-1.046499639207213761e+01	1.500154023392495262e+01
2.038873863192099289e+00	1.271953069117800439e+01	-1.044518232673594227e+01	1.484775240739820568e+01
2.045154087821675404e+00	1.270156226281090817e+01	-1.041934122642698135e+01	1.485342011742682722e+01
2.051444704514288730e+00	1.269900019945670877e+01	-1.040922175257386506e+01	1.486253729913253530e+01
2.057730430280644729e+00	1.269730977726811361e+01	-1.032780631093682899e+01	1.477726715026497928e+01
2.064013940455224461e+00	1.268603922661536210e+01	-1.035928632856451514e+01	1.470330981224764422e+01
2.070299891179459895e+00	1.260127641209046345e+01	-1.019540962646420823e+01	1.446183094298778293e+01
2.076589719964883951e+00	1.260570928135363644e+01	-1.020600120051018855e+01	1.455168252157111652e+01
2.082865483794470673e+00	1.259444329610741420e+01	-1.016762491894371223e+01	1.448483404630290927e+01
2.089134494859368640e+00	1.256634440162882882e+01	-1.014263326359479578e+01	1.438665356885623048e+01
2.095424211360070288e+00	1.258996705714664799e+01	-1.019680515548617272e+01	1.442028063437084739e+01
2.101707116664804254e+00	1.257213675311405510e+01	-1.012568631465335933e+01	1.435825103985839135e+01
2.107986473933564309e+00	1.252797739244993558e+01	-1.009223227966545977e+01	1.424628835662377924e+01
2.114271806543862375e+00	1.248846076890179368e+01	-9.989391855551435384e+00	1.419404193683510229e+01
2.120552717288892275e+00	1.246440529134547148e+01	-9.912044437703386279e+00	1.405487026228259140e+01
2.126836933207161717e+00	1.245366443697484016e+01	-9.923138651786574727e+00	1.402589840651707043e+01
2.133122044791171845e+00	1.244184594444871905e+01	-9.909815548868817103e+00	1.404134815586849605e+01
2.139411711910842673e+00	1.244653032292720773e+01	-9.885592984267441707e+00	1.392207984845490465e+01
2.145697076775292089e+00	1.242388564896121039e+01	-9.780264580187663981e+00	1.391524698214115752e+01
2.151973548606471276e+00	1.239408237381252675e+01	-9.722382733274278266e+00	1.378546486798826542e+01
2.158259913555724108e+00	1.234226801808866547e+01	-9.690162553147137814e+00	1.365790561545155768e+01
2.164545396699105506e+00	1.235840175072086033e+01	-9.655633415239428530e+00	1.362882714742935519e+01
2.170830700377734068e+00	1.234078698500821147e+01	-9.647193608117149211e+00	1.360234441128780247e+01
2.177114138849150393e+00	1.232524135354784001e+01	-9.652599701935093535e+00	1.358033870920861830e+01
2.183387647576827018e+00	1.230140019479985547e+01	-9.614918600632933021e+00	1.348110167390172087e+01
2.189670273687676971e+00	1.230406337783452919e+01	-9.570137138951768208e+00	1.349767737760836006e+01
2.195960147934207463e+00	1.227578607035822600e+01	-9.535679983856487851e+00	1.342988114275970091e+01
2.202242556317716371e+00	1.226578945895323258e+01	-9.511713845631973641e+00	1.336947463957421789e+01
2.208521655981037668e+00	1.227192927467157624e+01	-9.469296555324955733e+00	1.335218350732538894e+01
2.214804637081333016e+00	1.225373919118011123e+01	-9.394569513659927651e+00	1.328646878996346992e+01
2.221092583349425276e+00	1.222914673928826446e+01	-9.428809926035805589e+00	1.324735856159172442e+01
2.227372893591468728e+00	1.216545382374174622e+01	-9.257199727281655299e+00	1.310664783936928579e+01
2.233657161144248171e+00	1.219350525906073024e+01	-9.327458943638617939e+00	1.311959050896119372e+01
2.239943485394438660e+00	1.213295324975659639e+01	-9.165721970041701638e+00	1.290883183276980617e+01
2.246224175264620815e+00	1.216472989224200418e+01	-9.270669702286879144e+00	1.303835687420853695e+01
2.252506378421252009e+00	1.213145280622712185e+01	-9.145687009668938217e+00	1.291165587836982276e+01
2.258783417054270437e+00	1.212074601522096273e+01	-9.153838880834983982e+00	1.286094984461336921e+01
2.265069077371457684e+00	1.209630701205131764e+01	-9.081937574018114745e+00	1.272923027568100274e+01
2.271350377044131452e+00	1.210805554349507496e+01	-9.062331459158661673e+00	1.277274493310647152e+01
2.277633995145353918e+00	1.206078938639658915e+01	-8.958304662528076889e+00	1.259801668846580824e+01
2.283922419579920149e+00	1.206121463840454666e+01	-9.046507088055747658e+00	1.268159491416272111e+01
2.290202874392252674e+00	1.205098888156850734e+01	-8.933592272627434383e+00	1.256726755983907573e+01
2.296490779970905560e+00	1.201266692133705938e+01	-8.852312464133991199e+00	1.242731865260716440e+01
2.302771769934229162e+00	1.198205943209825541e+01	-8.777833813039464417e+00	1.238329011260583457e+01
2.309051364164305564e+00	1.201610073703974457e+01	-8.878433407268984112e+00	1.246345404293124837e+01
2.315338502539088239e+00	1.199956924074127329e+01	-8.836145024931937542e+00	1.236930795068098732e+01
2.321627336503874428e+00	1.199407898031424580e+01	-8.786821616723260675e+00	1.238265293529936706e+01
2.327911878297218795e+00	1.193683245205837018e+01	-8.670142638628760778e+00	1.226097944388295424e+01
2.334186238580297168e+00	1.191309128843226617e+01	-8.589506920499685449e+00	1.208169008234502151e+01
2.340467971862688401e+00	1.196131651714786948e+01	-8.649447015074365197e+00	1.219446842592245517e+01
2.346756940970738725e+00	1.194016753398944353e+01	-8.625645982831326108e+00	1.215607221668927451e+01
2.353044444556199988e+00	1.191741983517844616e+01	-8.577945919843013911e+00	1.205021538231751954e+01
2.359327653314069906e+00	1.192226888303346755e+01	-8.569827235379195329e+00	1.205120782397166224e+01
2.365603048789861607e+00	1.185989987569225690e+01	-8.493638827352357978e+00	1.195220120937375263e+01
2.371885911737665165e+00	1.188171682280757402e+01	-8.449180815912999520e+00	1.189728640646359636e+01
2.378173303594019572e+00	1.185240720991977170e+01	-8.426156717081289216e+00	1.189863836090965066e+01
2.384454016539381271e+00	1.184071504500643890e+01	-8.362751848760060724e+00	1.182182766273295904e+01
2.390736447344785187e+00	1.184540379161095380e+01	-8.314605560829424036e+00	1.171053912397476715e+01
2.397014133897952259e+00	1.182952389020003992e+01	-8.346822775597944499e+00	1.175405404700833323e+01
2.403295490074321972e+00	1.184250957516926839e+01	-8.342437874253825214e+00	1.174728976041962625e+01
2.409585049672506862e+00	1.183017168459751822e+01	-8.268458484823451471e+00	1.165095288151774966e+01
2.415871703165322071e+00	1.181677598131233609e+01	-8.239986446676340393e+00	1.161911808798184076e+01
2.422160652369088840e+00	1.179253568187574785e+01	-8.168077409896774554e+00	1.154687013223275471e+01
2.428440167222748691e+00	1.179729554862957741e+01	-8.195683089572156632e+00	1.158140295802668263e+01
2.434717472383889803e+00	1.178080075508567681e+01	-8.127987565635466538e+00	1.150023570684720831e+01
2.441002456202044257e+00	1.175118783565553393e+01	-8.055743616850312705e+00	1.138404027961517428e+01
2.447289980304530488e+00	1.172953659286767980e+01	-8.052918006493669623e+00	1.134315271247139911e+01
2.453571844729242279e+00	1.171804609681621656e+01	-7.953868962063479486e+00	1.135118871486984915e+01
2.459852705114058846e+00	1.174123107312500736e+01	-7.964723054842766103e+00	1.131627327475752409e+01
2.466139233225018934e+00	1.171973922557674541e+01	-7.915277831047182744e+00	1.121987660861134195e+01
2.472421963421291391e+00	1.170360869607688770e+01	-7.909413052182199699e+00	1.112374671459278375e+01
2.478698519174224568e+00	1.171933232069925168e+01	-7.896361708226046439e+00	1.120134727059304502e+01
2.484980841400355800e+00	1.170543863626695291e+01	-7.817849144536589634e+00	1.114797068150980053e+01
2.491269319409339822e+00	1.169935428843566072e+01	-7.825504623413867655e+00	1.114369788495258362e+01
2.497548505139029373e+00	1.167921264467678988e+01	-7.763959446677050735e+00	1.102902768459258276e+01
2.503831667172610853e+00	1.167693433881221488e+01	-7.725727452795098316e+00	1.102187595507918161e+01
2.510117938323931153e+00	1.169421514531316220e+01	-7.704739120479519698e+00	1.100047246186461791e+01
2.516400733681277480e+00	1.166710400114907209e+01	-7.686951499839401514e+00	1.102558672565301556e+01
2.522688226833368130e+00	1.167804513567228675e+01	-7.659348818621132260e+00	1.095088730517146658e+01
2.528971695852665569e+00	1.165196324630274916e+01	-7.634602479738919811e+00	1.090900008078972760e+01
2.535252039407670299e+00	1.162571378893817098e+01	-7.540077659075969052e+00	1.078961194700753623e+01
2.541537514142774512e+00	1.164804487932428856e+01	-7.573080799757129888e+00	1.082628148740578311e+01
2.547823008847572179e+00	1.163000860556800120e+01	-7.488752666355813936e+00	1.074720400310260082e+01
2.554100666580690238e+00	1.162894168461940758e+01	-7.498279284895237318e+00	1.077257175240578846e+01
2.560376788884177301e+00	1.159268680776394866e+01	-7.419741000468905057e+00	1.065243208962988319e+01
2.566667521601497359e+00	1.161235929494345243e+01	-7.451498804351787797e+00	1.070869689764013444e+01
2.572955062237090473e+00	1.160535438012225384e+01	-7.403893967771957740e+00	1.062149321485679998e+01
2.579233771797999175e+00	1.159928754492619696e+01	-7.331978448941401716e+00	1.065207576058456773e+01
2.585520164300948220e+00	1.161999082683110274e+01	-7.370979734130608030e+00	1.059354225305790642e+01
2.591805130332431872e+00	1.158676678743386468e+01	-7.254373310757477711e+00	1.052978264312514511e+01
2.598084074692260881e+00	1.157553318214400129e+01	-7.218553865085726606e+00	1.047045662460283566e+01
2.604360404197643586e+00	1.159409031295577464e+01	-7.320903771105180979e+00	1.056946328175147087e+01
2.610647185140439142e+00	1.158653085100497293e+01	-7.232036940915145706e+00	1.049539962492339917e+01
2.616931864059273138e+00	1.156661109091010253e+01	-7.177597736535416217e+00	1.041707006386604384e+01
2.623206107911065565e+00	1.155626947102106428e+01	-7.154127943137582157e+00	1.044964130512943257e+01
2.629491626543270844e+00	1.159648269430842404e+01	-7.191218573477478060e+00	1.041451535211697355e+01
2.635778507982642349e+00	1.157892248571743465e+01	-7.136222963975496825e+00	1.041311443151241534e+01
2.642061039325260818e+00	1.157386239638662850e+01	-7.115031718559952090e+00	1.040923830214778611e+01
2.648343840729305843e+00	1.157582205731191038e+01	-7.088731352311768319e+00	1.042426584219582608e+01
2.654631838974855551e+00	1.156964630608140432e+01	-7.016999580167716744e+00	1.031125876001208042e+01
2.660919001246303761e+00	1.156459043958271060e+01	-6.974926496792638986e+00	1.031033755320809675e+01
2.667198525130066056e+00	1.158864917897629176e+01	-6.974457407484548455e+00	1.033222667438048070e+01
2.673484307038032526e+00	1.156704115151951839e+01	-6.962180226048832132e+00	1.024098910306438270e+01
2.679773388053849459e+00	1.155786382538123824e+01	-6.872717940594746722e+00	1.021894559062833530e+01
2.686058217632288692e+00	1.154512641504456560e+01	-6.796161310234506203e+00	1.010980765919038404e+01
2.692338738200057868e+00	1.156891900791153738e+01	-6.914646496500102657e+00	1.026679460154870327e+01
2.698618022887226964e+00	1.156647884841766505e+01	-6.861495307468527649e+00	1.015470890542621163e+01
2.704895450708277860e+00	1.158603974404387138e+01	-6.794903396053959099e+00	1.019359117991169761e+01
2.711175674923682166e+00	1.156631275972890904e+01	-6.730625517200885533e+00	1.011605098614553633e+01
2.717459832966957922e+00	1.159097748786338755e+01	-6.815198961239773645e+00	1.022596958542222545e+01
2.723745731959044569e+00	1.154416890199522783e+01	-6.668258797226954471e+00	1.005568180723541971e+01
2.730038414850594730e+00	1.155249518652837004e+01	-6.658680911156711346e+00	1.004200725728557408e+01
2.736317989800789441e+00	1.158170751066135651e+01	-6.703702969638867692e+00	1.011416415660166379e+01
2.742591858549239703e+00	1.157547427164448273e+01	-6.633082411450126337e+00	1.008658840685041191e+01
2.748879749010778362e+00	1.158195395296726105e+01	-6.652390788540468058e+00	1.010525014028112700e+01
2.755163403825859447e+00	1.156875855734050340e+01	-6.597690731195076985e+00	1.002485767275464035e+01
2.761446955625852073e+00	1.159129422551527711e+01	-6.607046871549104416e+00	1.006935335685397881e+01
2.767732088935374701e+00	1.158296812414286237e+01	-6.516769175405799253e+00	9.963890043625458048e+00
2.774015452421743966e+00	1.160799374182640165e+01	-6.474816542805148956e+00	1.001760395337943699e+01
2.780298635700591436e+00	1.158746887862946195e+01	-6.511404128633421884e+00	1.001674938152497063e+01
2.786577474762241380e+00	1.161504843780442364e+01	-6.493414435295475684e+00	1.002386968639164166e+01
2.792857983210164541e+00	1.162968390550064157e+01	-6.538568560152782538e+00	1.006460496477119015e+01
2.799143790920211483e+00	1.162129328167717546e+01	-6.459458254877526784e+00	1.003654035852947857e+01
2.805430058399325244e+00	1.162659373780083172e+01	-6.435475135019137483e+00	1.000471258480966341e+01
2.811715058209780072e+00	1.163323599571744715e+01	-6.418417897001625683e+00	9.980883943030084637e+00
2.817989272498773623e+00	1.164707742220444331e+01	-6.422521770019722354e+00	1.000220062625008310e+01
2.824269171595737760e+00	1.167621672299125457e+01	-6.397072422241927292e+00	1.000812761936543183e+01
2.830563016441804081e+00	1.165466686814578345e+01	-6.354429526752217505e+00	9.998269082463661306e+00
2.836848750951622034e+00	1.170615888806606719e+01	-6.326579776384251730e+00	1.006054290952409858e+01
2.843130027866129783e+00	1.167704620242272817e+01	-6.348523843776794351e+00	9.979347268501154389e+00
2.849413896912404986e+00	1.169095694856556378e+01	-6.313559416726743478e+00	1.003482084626873849e+01
2.855697464522425566e+00	1.170416281603207409e+01	-6.298622548287024614e+00	1.008660730595951982e+01
2.861978799810683594e+00	1.169910903084986131e+01	-6.250859903742309598e+00	1.003472289718440358e+01
2.868262469415629567e+00	1.172388426423021457e+01	-6.236790277378315928e+00	9.993079855258082844e+00
2.874547359206753860e+00	1.174339863580266297e+01	-6.265997092693914361e+00	1.004824649542069892e+01
2.880831111471525041e+00	1.174931995117820982e+01	-6.209058444795306997e+00	1.005526189667878079e+01
2.887113216972382546e+00	1.174850595444289247e+01	-6.196121169681080509e+00	1.006679231063208668e+01
2.893394504725182781e+00	1.176783454803034701e+01	-6.150774947607453136e+00	1.006817484732107104e+01
2.899673662137033592e+00	1.178221209669578862e+01	-6.153350168644960760e+00	1.008721743969746321e+01
2.905953958587380814e+00	1.179300374573052146e+01	-6.139019671821306368e+00	1.003011094474778808e+01
2.912241118105161064e+00	1.181008125157784328e+01	-6.110294006705409231e+00	1.013550014814610201e+01
2.918525996366671205e+00	1.184369391535029159e+01	-6.126841473449800013e+00	1.015340392752102083e+01
2.924809035425688819e+00	1.183220672419552599e+01	-6.126259806309381162e+00	1.017622126289761297e+01
2.931095916293684933e+00	1.186104331325889660e+01	-6.146593770180080796e+00	1.014938715844966133e+01
2.937378182606774413e+00	1.189123723127082854e+01	-6.126048992372194135e+00	1.023642772618511643e+01
2.943659980254369923e+00	1.187090247904686535e+01	-6.050972685875680490e+00	1.016300399354711459e+01
2.949946454403890250e+00	1.188928134684599058e+01	-6.082000961994636690e+00	1.018487912305570831e+01
2.956227653702202307e+00	1.192140799211827229e+01	-6.040418568186500359e+00	1.028031771032042485e+01
2.962510478867462993e+00	1.195171979968277398e+01	-6.085806936129724676e+00	1.032808946048866083e+01
2.968796535179442309e+00	1.195972027548503469e+01	-6.074186750530225609e+00	1.029358281915325435e+01
2.975077657376874907e+00	1.196777292596978270e+01	-6.049109079844927628e+00	1.028751512906731769e+01
2.981359866759223376e+00	1.199753428752343254e+01	-6.083816096970533494e+00	1.032819480685588864e+01
2.987646761575656562e+00	1.201294198318071516e+01	-6.030276277153791220e+00	1.034052046657545709e+01
2.993929038370399365e+00	1.203901948598847049e+01	-6.055785023954216584e+00	1.040000325029826556e+01
3.000206214840962726e+00	1.203866962932629647e+01	-5.971390228165326164e+00	1.038039070472576064e+01
3.006486172402415669e+00	1.209791505832360414e+01	-6.044899190140696099e+00	1.048626673032888057e+01
3.012769812211594456e+00	1.208351888524635420e+01	-6.031121977063959250e+00	1.047371136548705373e+01
3.019053144326170113e+00	1.211933483404622436e+01	-5.984936818965756800e+00	1.054533801917359881e+01
3.025337405144251424e+00	1.214440093497497841e+01	-5.986386414240091547e+00	1.053471706012745379e+01
3.031623734799107961e+00	1.215665118189965099e+01	-5.963899877547344630e+00	1.059087030700183796e+01
3.037908962055872575e+00	1.220804000586140248e+01	-6.017995438353690218e+00	1.066494547910585489e+01
3.044195067146031608e+00	1.219664594807814950e+01	-5.931549911913423401e+00	1.065396811466833427e+01
3.050475543482170426e+00	1.226025007665398192e+01	-5.994917975703691226e+00	1.076776039794413187e+01
3.056754954538277502e+00	1.225201409796227736e+01	-5.930035934645035312e+00	1.072795150009900311e+01
3.063040539557494668e+00	1.231562000373501142e+01	-6.021079815713573424e+00	1.085149365897494000e+01
3.069323699454357346e+00	1.234380432627934887e+01	-5.946532241464003832e+00	1.094564286971477252e+01
3.075610692642898769e+00	1.235459674963905208e+01	-5.926464720808391817e+00	1.087862811743334213e+01
3.081893798009918584e+00	1.237885866318934269e+01	-5.997861447421101388e+00	1.096959452348637853e+01
3.088174549548037717e+00	1.241329852067780593e+01	-5.961931601876322873e+00	1.100474448440228237e+01
3.094458635632868493e+00	1.243874269697835366e+01	-5.947489431931998638e+00	1.101311294997696599e+01
3.100743982931558840e+00	1.246881950963971519e+01	-5.920892392128140891e+00	1.109998891424106304e+01
3.107028111748448396e+00	1.249803992135225883e+01	-5.880191108324441807e+00	1.110748489308764242e+01
3.113309299655494300e+00	1.253866800540623139e+01	-5.988121982346434002e+00	1.125684286351442864e+01
3.119590662867241626e+00	1.256805120586618862e+01	-5.955288128175581619e+00	1.128891749562789570e+01
3.125874006820172912e+00	1.260834359579439656e+01	-5.958110522964921607e+00	1.129387250604337112e+01
3.132159251154602586e+00	1.265089690914090426e+01	-6.020883653198893626e+00	1.142239133407229268e+01
3.138439172765940643e+00	1.265930152981295187e+01	-5.964212217706488239e+00	1.144067653611270430e+01
3.144723867719826593e+00	1.271206649457574933e+01	-5.978229583160322491e+00	1.151974725266052779e+01
3.151003951258561031e+00	1.272118770061936033e+01	-5.949127931192800034e+00	1.150139197033580096e+01
3.157283664131563139e+00	1.278450190173107082e+01	-5.965425272610973551e+00	1.160292033816139323e+01
3.163569317183839935e+00	1.282657616112869903e+01	-5.983031111181555950e+00	1.173531258403946076e+01
3.169851661717792091e+00	1.286173465782010972e+01	-5.977792410199698203e+00	1.180294883262091155e+01
3.176137704316093657e+00	1.287764023166047345e+01	-6.005675436025526004e+00	1.180168724605329089e+01
3.182420924828643916e+00	1.291729091326804912e+01	-5.968031016941989009e+00	1.192182797451140530e+01
3.188702811875577581e+00	1.297282661843193274e+01	-6.045361147148306635e+00	1.195693377168626270e+01
3.194990520008989865e+00	1.300279861789772440e+01	-6.008242478325542812e+00	1.202311796615278006e+01
3.201275324656983834e+00	1.304689409184382320e+01	-6.017410628568053532e+00	1.215018244963354732e+01
3.207551352179861759e+00	1.309770354745146825e+01	-6.029732833961716665e+00	1.218237259556217467e+01
3.213835216737041645e+00	1.312649330079275956e+01	-6.059288147025723603e+00	1.229245874153493645e+01
3.220122579819103770e+00	1.308636139212844363e+01	-5.890679508049387891e+00	1.190786334055240836e+01
3.226406606618656525e+00	1.302236899520857705e+01	-5.682397563669291607e+00	1.126298250624923192e+01
3.232687390085645429e+00	1.290702440199035550e+01	-5.394053744078130208e+00	1.047704027195493204e+01
3.238969121280456331e+00	1.285475218062169844e+01	-5.114770623919989490e+00	9.796513851127341965e+00
3.245254751548589667e+00	1.278651394612135128e+01	-5.003501225636938443e+00	9.219321950509460351e+00
3.251534499036136783e+00	1.274200842698571812e+01	-4.852684313723242049e+00	8.667535265637123842e+00
3.257817780791052442e+00	1.268305400986029774e+01	-4.738934751902375453e+00	8.096547256563225048e+00
3.264102164154097263e+00	1.265282560365979059e+01	-4.608622279829774904e+00	7.542723684813655183e+00
3.270384152138468892e+00	1.262257898531301592e+01	-4.505860281666732803e+00	7.133207822405375431e+00
3.276669427476867735e+00	1.256864997430206898e+01	-4.349802846434690728e+00	6.606296225915309961e+00
3.282954688864507808e+00	1.253730961408789568e+01	-4.252993956765464212e+00	6.065237782745539263e+00
3.289237200334947264e+00	1.252416886767849924e+01	-4.209067914313189718e+00	5.660108767066539315e+00
3.295519587088236779e+00	1.247742999729397262e+01	-4.070121693992034828e+00	5.098755655379524576e+00
3.301805977329951958e+00	1.247037049875385861e+01	-3.993023049873630548e+00	4.763332812557979246e+00
3.308087486222440088e+00	1.245081304210163964e+01	-3.993392784364774517e+00	4.300789640228886768e+00
3.314367630234227313e+00	1.243663597211418903e+01	-3.911111449952301644e+00	3.802943509898694785e+00
3.320651909732194262e+00	1.241176405804406713e+01	-3.788644375380274987e+00	3.505768396812646959e+00
3.326931260376857047e+00	1.239026844003074501e+01	-3.696196936485642848e+00	2.952814903321447026e+00
3.333216512447217728e+00	1.239087413695848561e+01	-3.643894294495268138e+00	2.628722479558825764e+00
3.339504489419978128e+00	1.237068596493616468e+01	-3.621033478320879517e+00	2.274774708089779107e+00
3.345786804809928405e+00	1.237159171828644233e+01	-3.540636653638057574e+00	1.842599741903838240e+00
3.352071130016277767e+00	1.234078986766838071e+01	-3.480254398097192059e+00	1.435164928023627606e+00
3.358351496304225581e+00	1.232481123543408330e+01	-3.419948563062492397e+00	1.151492271493261610e+00
3.364630591073392019e+00	1.230431063607772479e+01	-3.380253513088055772e+00	6.754698277805033513e-01
3.370916305215045483e+00	1.233917144812068578e+01	-3.333332735164326266e+00	3.957101600474778880e-01
3.377197952029413752e+00	1.232123392268936435e+01	-3.254165109301054404e+00	-1.890412387798346772e-03
3.383483063818085501e+00	1.232725647326126328e+01	-3.275258274727105512e+00	-3.549787537747293720e-01
3.389769992424469969e+00	1.233317520518719412e+01	-3.246259776398555452e+00	-7.147920830387144431e-01
3.396051330885982100e+00	1.231401092752967408e+01	-3.186231673999185166e+00	-1.015655839907919633e+00
3.402330879139463971e+00	1.230607342624463030e+01	-3.172681364758094258e+00	-1.342202932186127073e+00
3.408610488352048495e+00	1.231850349572759562e+01	-3.123891590896296311e+00	-1.705547944264419469e+00
3.414897837696641236e+00	1.232355959358381803e+01	-3.087194754602999414e+00	-2.019807402633136295e+00
3.421180484052105619e+00	1.229938965810338480e+01	-3.033940878113153605e+00	-2.352236152757003484e+00
3.427461639653846870e+00	1.229496150826454048e+01	-3.013188401473333222e+00	-2.737464030262958925e+00
3.433749159643459059e+00	1.229750352943906222e+01	-2.979896976606976722e+00	-2.967146804162025475e+00
3.440032646656798310e+00	1.228608001878222034e+01	-2.938859841540552686e+00	-3.281420239159695385e+00
3.446313366033385339e+00	1.231664373197511964e+01	-2.943722954983926776e+00	-3.648456633751049338e+00
3.452600135384134905e+00	1.232779481207931305e+01	-2.882944517988957234e+00	-3.959485940773231682e+00
3.458883152815406703e+00	1.232840567841916091e+01	-2.935864506741820534e+00	-4.219534398436002753e+00
3.465163834403715448e+00	1.231335677494327463e+01	-2.814030957174204595e+00	-4.550073347291220038e+00
3.471449329786229221e+00	1.236066166626953589e+01	-2.785029169500331303e+00	-4.871454346362274812e+00
3.477734476754053894e+00	1.236508781797616585e+01	-2.826747156827117635e+00	-5.115385054823213373e+00
3.484019652467224226e+00	1.234549882799755594e+01	-2.780388168234371182e+00	-5.466810664329386782e+00
3.490297019369712928e+00	1.238351374144520634e+01	-2.790478553076634949e+00	-5.741562377004616025e+00
3.496582486484379970e+00	1.237613896803120817e+01	-2.732987834672763849e+00	-5.979853246327326843e+00
3.502868048046865024e+00	1.236989349475977917e+01	-2.644912931161726544e+00	-6.311497080582535446e+00
3.509144649545451244e+00	1.238119165795909105e+01	-2.702451166784231695e+00	-6.560357183405310266e+00
3.515428082003116295e+00	1.237333649071748098e+01	-2.626556730393665884e+00	-6.848150742660226165e+00
3.521711031624695565e+00	1.240548186451362866e+01	-2.636195551024222983e+00	-7.142402083158656545e+00
3.527991850954735664e+00	1.241253451920404594e+01	-2.639204789188556610e+00	-7.415044436444521381e+00
3.534275545726699885e+00	1.241456523275810397e+01	-2.594528323727724128e+00	-7.702553486873698674e+00
3.540562632020772149e+00	1.243490994731458166e+01	-2.600132954371956018e+00	-7.923814614241871723e+00
3.546844410757220789e+00	1.242319760125801587e+01	-2.549583640776013738e+00	-8.234951516322297493e+00
3.553131386753758836e+00	1.246605603024616826e+01	-2.580437962000101670e+00	-8.367503429941772097e+00
3.559419203211965144e+00	1.244594179850575344e+01	-2.504881826679598245e+00	-8.773926665447513429e+00
3.565697971577579839e+00	1.248251209234363834e+01	-2.511249988016430734e+00	-8.983691730517696428e+00
3.571979559134798254e+00	1.249940473688325504e+01	-2.526835237542739421e+00	-9.228641574203081177e+00
3.578265774595833726e+00	1.250835441449137164e+01	-2.470739277930298794e+00	-9.523774913208637116e+00
3.584548309769353125e+00	1.252888426817860967e+01	-2.463858725223703416e+00	-9.693566386428294379e+00
3.590826843920031486e+00	1.251919021879163196e+01	-2.425987843974616975e+00	-1.007707304435856699e+01
3.597107306745233934e+00	1.255005010500169149e+01	-2.402985637670924657e+00	-1.031563164481305428e+01
3.603392831792229245e+00	1.255219738031118482e+01	-2.444629735193367015e+00	-1.047947802963231290e+01
3.609673209822572559e+00	1.255364252087512433e+01	-2.405686008233438145e+00	-1.069111108507885000e+01
3.615955412133016189e+00	1.259392227016182986e+01	-2.435893171330087981e+00	-1.094291246735373768e+01
3.622241607772384686e+00	1.260212813745267013e+01	-2.357074201440484185e+00	-1.128412146063489985e+01
3.628520252736676444e+00	1.261254231809587800e+01	-2.366728979773803143e+00	-1.146249200696343173e+01
3.634804827569451113e+00	1.263594433872443012e+01	-2.372376613665651668e+00	-1.170255476418519969e+01
3.641094981788862928e+00	1.265234956498712116e+01	-2.307247162700963639e+00	-1.200389217666609376e+01
3.647383514928639325e+00	1.269680629193287125e+01	-2.310752216493542566e+00	-1.221210208648996876e+01
3.653663283927725658e+00	1.270003376675099815e+01	-2.329290432006567269e+00	-1.239788256559839752e+01
3.659943504072155296e+00	1.269298839829153280e+01	-2.290340558709701213e+00	-1.264342384954084331e+01
3.666232000281138603e+00	1.271454496400221323e+01	-2.302605123070289750e+00	-1.288480488475423158e+01
3.672514211678317597e+00	1.275018116900170817e+01	-2.266682791192531798e+00	-1.318052919135013568e+01
3.678794154686042539e+00	1.276095819052094882e+01	-2.302878186840441543e+00	-1.330855332105268296e+01
3.685078621861909820e+00	1.277394469873092753e+01	-2.264616455885187563e+00	-1.358564484374179493e+01
3.691359210097977961e+00	1.279325305749164876e+01	-2.208587373660883646e+00	-1.381651540155622371e+01
3.697642368173791105e+00	1.281529343402178434e+01	-2.201845182858631844e+00	-1.407760693923349038e+01
3.703925796735277665e+00	1.283791079200714691e+01	-2.210036910227445528e+00	-1.426116568897655590e+01
3.710208240364660348e+00	1.285988983966276322e+01	-2.181110465195670756e+00	-1.452906584088204411e+01
3.716494593122387169e+00	1.286438059783536936e+01	-2.188000838021548766e+00	-1.472907849170863592e+01
3.722775386659595398e+00	1.291305691215528206e+01	-2.197237657779377074e+00	-1.492299515540694443e+01
3.729058392883481510e+00	1.295570775454248036e+01	-2.215432310292714924e+00	-1.517244184341138435e+01
3.735339748210807720e+00	1.296945907159145861e+01	-2.141485030763246478e+00	-1.543333915932760725e+01
3.741620776392969638e+00	1.297127990600735892e+01	-2.078051970545221394e+00	-1.570067663140143210e+01
3.747904795418762980e+00	1.299331582392515294e+01	-2.086407504692333603e+00	-1.587678825214349665e+01
3.754190633281219380e+00	1.301843276950597605e+01	-2.129901786123705065e+00	-1.604143372869465978e+01
3.760478208018912749e+00	1.304099654512207351e+01	-2.105066175486507429e+00	-1.628010085145530184e+01
3.766755538573464346e+00	1.305346362799538973e+01	-2.133959094162160230e+00	-1.643389041596955735e+01
3.773032090135151506e+00	1.308340416741027923e+01	-2.080864776402365557e+00	-1.677296269623714409e+01
3.779322553012896879e+00	1.312188107807264004e+01	-2.137393911290405235e+00	-1.687408457619606139e+01
3.785609109731308930e+00	1.313416407482739245e+01	-2.075246737358121596e+00	-1.714303006037107124e+01
3.791889825936295200e+00	1.317599057335680968e+01	-2.068923976356559002e+00	-1.734095622730245623e+01
3.798174822702435893e+00	1.319500919212452317e+01	-2.083595742677452289e+00	-1.753075482785263617e+01
3.804458658753491651e+00	1.319900681801468956e+01	-2.040358361550644428e+00	-1.779012729641058854e+01
3.810738438095723435e+00	1.324992268433868148e+01	-2.026803013255697117e+00	-1.801876250020443848e+01
3.817018850285747167e+00	1.326277279615955962e+01	-1.989585834888584648e+00	-1.822407979833086245e+01
3.823305314209427763e+00	1.330087657862301498e+01	-2.009574378524933813e+00	-1.839170485453307435e+01
3.829591295197792178e+00	1.334980504470923535e+01	-2.019379848620142859e+00	-1.864299013515799075e+01
3.835872296070849341e+00	1.335881988742027815e+01	-2.010644251503450608e+00	-1.883848434556489337e+01
3.842156279590906109e+00	1.338871478267487625e+01	-2.042582396728545913e+00	-1.892568811793033134e+01
3.848441511099312429e+00	1.340304041125886947e+01	-1.918788538075871353e+00	-1.931327000582432518e+01
3.854723334376886079e+00	1.346586459948453651e+01	-1.974784829048266577e+00	-1.954423356452153016e+01
3.861004740704794713e+00	1.348898614863536949e+01	-1.966531199086332560e+00	-1.970349132104135492e+01
3.867284336650660848e+00	1.350316981895280044e+01	-1.972100291147921292e+00	-1.987200379279796181e+01
3.873567367678779849e+00	1.353622002919290424e+01	-1.926281925560853203e+00	-2.009937418579617940e+01
3.879850662830422792e+00	1.356522826234786372e+01	-1.939955562352789986e+00	-2.030847973941489926e+01
3.886137063198143338e+00	1.363247994651566053e+01	-1.968461880939087472e+00	-2.054100010588881986e+01
3.892419463049126005e+00	1.362601473137913466e+01	-1.874691957384679419e+00	-2.075285209194578329e+01
3.898703740328622658e+00	1.367267076638861667e+01	-1.911864017584226971e+00	-2.093629088737647947e+01
3.904991458788179326e+00	1.368632644539427368e+01	-1.887736192583338468e+00	-2.114641872480987317e+01
3.911270842222104083e+00	1.371361944685356171e+01	-1.871502968845962123e+00	-2.140012475184266094e+01
3.917549806479573071e+00	1.378840241032333580e+01	-1.865915125466079294e+00	-2.162102243798489098e+01
3.923836006203090587e+00	1.380317898348895511e+01	-1.859513652052173338e+00	-2.179379022375444208e+01
3.930121452497870926e+00	1.387714311692698743e+01	-1.942574438503293699e+00	-2.193876895461908560e+01
3.936398172858230460e+00	1.389282871025275945e+01	-1.854980526425354048e+00	-2.220370474769379854e+01
3.942683040425962293e+00	1.392883131350376047e+01	-1.809228193858320566e+00	-2.250166039582705579e+01
3.948974759704379611e+00	1.398196415674867232e+01	-1.855946710316475068e+00	-2.264873232277189885e+01
3.955259227995065352e+00	1.399438502686443364e+01	-1.853729133072220980e+00	-2.285596671460754337e+01
3.961537174921395454e+00	1.406304008539488670e+01	-1.881138303086060226e+00	-2.296601701818390850e+01
3.967820217617139544e+00	1.407188720217086519e+01	-1.826666783833124752e+00	-2.324840095714398203e+01
3.974105559832568968e+00	1.412972727071120183e+01	-1.824293091064069561e+00	-2.347482727125826329e+01
3.980384727931198352e+00	1.416745706255287374e+01	-1.765287848736716514e+00	-2.379406759394232296e+01
3.986664590839849698e+00	1.418896285897801768e+01	-1.773308501321424702e+00	-2.396651827982950422e+01
3.992949619150675034e+00	1.424781466492446036e+01	-1.790235116300108897e+00	-2.411018896624851848e+01
3.999235075769965952e+00	1.429146842380341909e+01	-1.806170858259076528e+00	-2.431738302404817986e+01
4.005515715515433506e+00	1.431691676528645374e+01	-1.795062806257803345e+00	-2.449123433888738788e+01
4.011798434346478537e+00	1.434888831715438151e+01	-1.776892472763896169e+00	-2.470668063437764772e+01
4.018083716245132386e+00	1.440681556205357161e+01	-1.783522444001274465e+00	-2.493692521843918186e+01
4.024365700052603856e+00	1.447657166428160025e+01	-1.765819448504124756e+00	-2.517520278811058176e+01
4.030643960839860540e+00	1.448924998350851467e+01	-1.732265586621570375e+00	-2.543263880160444401e+01
4.036928708926215137e+00	1.457143940353554612e+01	-1.775579622123531376e+00	-2.560166052913095314e+01
4.043218157412017177e+00	1.458257439707756120e+01	-1.751368890497979613e+00	-2.583764690566896860e+01
4.049503019487663558e+00	1.463232802416408340e+01	-1.761126596296691327e+00	-2.599975866502968813e+01
4.055781898960511000e+00	1.465880719565730317e+01	-1.704812146472853840e+00	-2.624546574208113014e+01
4.062060795621602161e+00	1.471887761703812814e+01	-1.638914803882465687e+00	-2.667042798499369738e+01
4.068347865354716042e+00	1.477754416841860774e+01	-1.758670842975127435e+00	-2.663262224381650256e+01
4.074631027173265529e+00	1.480996703685362448e+01	-1.662459815712287625e+00	-2.698997369205555685e+01
4.080910837526078971e+00	1.485299268995304800e+01	-1.674799632960886964e+00	-2.719129359442932525e+01
4.087201203341442657e+00	1.489638141256848591e+01	-1.725485895419292648e+00	-2.729973948121855898e+01
4.093486818591942189e+00	1.494733383853347952e+01	-1.595630342713904248e+00	-2.775258738113910439e+01
4.099764387336505500e+00	1.501600250827628891e+01	-1.676951203768323850e+00	-2.782048268910095246e+01
4.106049166937662420e+00	1.503883206942315631e+01	-1.627675296167969243e+00	-2.814766847388974824e+01
4.112334559041358695e+00	1.512634100315724162e+01	-1.646028805523437777e+00	-2.832876048309435646e+01
4.118618926059533614e+00	1.514373872274450328e+01	-1.632263425300143789e+00	-2.850612815177392889e+01
4.124898942031112625e+00	1.521755299005982742e+01	-1.612064606675891243e+00	-2.881612728339751683e+01
4.131175432561665417e+00	1.527636489679339427e+01	-1.684166435199077494e+00	-2.892651477802654725e+01
4.137461563786142271e+00	1.529598091079868993e+01	-1.567070572349064772e+00	-2.928590036372583327e+01
4.143746006210170307e+00	1.536882839274641555e+01	-1.598967294491898228e+00	-2.944748513901578590e+01
4.150029800482964326e+00	1.542853085489020515e+01	-1.610944252230916085e+00	-2.977810887226718606e+01
4.156313390684649001e+00	1.547983244584643181e+01	-1.532062630670145698e+00	-3.004371352443699550e+01
4.162596105843763716e+00	1.553993316177232842e+01	-1.578164386750592563e+00	-3.019647822614227906e+01
4.168881843141768684e+00	1.559725921987591057e+01	-1.633717212999574286e+00	-3.039014150961385852e+01
4.175162111073220217e+00	1.568747093733450271e+01	-1.598346240458892620e+00	-3.073453206002702132e+01
4.181448573417560155e+00	1.569891158556545818e+01	-1.573831795917387977e+00	-3.092956285508133973e+01
4.187738782464171194e+00	1.578964744308625079e+01	-1.569443858223465105e+00	-3.118520636219306397e+01
4.194017437180169061e+00	1.584772738827202510e+01	-1.541231437195436094e+00	-3.152427555163395567e+01
4.200293572701767175e+00	1.586199444023007565e+01	-1.513294122565422395e+00	-3.169259376727082866e+01
4.206580195481546269e+00	1.594874797925382559e+01	-1.528835115153787116e+00	-3.196416911473217226e+01
4.212860644652220543e+00	1.597618200851302994e+01	-1.486228412706100510e+00	-3.225392787159719887e+01
4.219138153430114002e+00	1.605602477794822747e+01	-1.517303426773316088e+00	-3.240065255024003932e+01
4.225426162098283811e+00	1.613052200369891409e+01	-1.497973805697040639e+00	-3.280786132472299954e+01
4.231713506719782636e+00	1.622914454346066293e+01	-1.510223457765455413e+00	-3.304786595526909565e+01
4.237990056577191744e+00	1.627424856867552094e+01	-1.438182301992133150e+00	-3.335054769482250947e+01
4.244267783646744618e+00	1.631282484329021898e+01	-1.466036238773327227e+00	-3.361311766630745268e+01
4.250560660182562955e+00	1.641009763893896789e+01	-1.538255908081720413e+00	-3.373496725374318572e+01
4.256847734842668096e+00	1.641838039911146296e+01	-1.419545343064122278e+00	-3.414094250778381934e+01
4.263127100734456221e+00	1.655502952127216076e+01	-1.433433556576211076e+00	-3.446734110537893514e+01
4.269406860432507500e+00	1.656131490929983840e+01	-1.424274018570928835e+00	-3.460172452405274868e+01
4.275691671482192646e+00	1.660402432282141305e+01	-1.381281536274431287e+00	-3.494074500031958763e+01
4.281972414189518794e+00	1.666742161921460408e+01	-1.434178818857045457e+00	-3.505084030254904803e+01
4.288253516806755705e+00	1.673604649631904806e+01	-1.320507775778269055e+00	-3.560604870007377087e+01
4.294540520160492925e+00	1.686612480908343414e+01	-1.432506950041618987e+00	-3.580081315751986892e+01
4.300825742921731809e+00	1.686414748959740351e+01	-1.336132765468948325e+00	-3.612918380055417344e+01
4.307109835491901961e+00	1.694631921537947861e+01	-1.317912102684274389e+00	-3.650359926862315518e+01
4.313390926478413157e+00	1.703729834077140026e+01	-1.379354742005656442e+00	-3.660244908852516232e+01
4.319667979480563247e+00	1.704774102422191007e+01	-1.249454308642539591e+00	-3.712632024025663924e+01
4.325952598143786076e+00	1.719784551040174136e+01	-1.390000775623694063e+00	-3.721268764929991590e+01
4.332241647035422361e+00	1.718450362902245132e+01	-1.226922746319808244e+00	-3.770920516752107687e+01
4.338524445619096781e+00	1.725368526443145711e+01	-1.332421268518830137e+00	-3.776314763547237163e+01
4.344809348131129845e+00	1.740056641373536195e+01	-1.247771803541939839e+00	-3.839181796925796419e+01
4.351090699193166600e+00	1.737967233768528885e+01	-1.188077761490849982e+00	-3.866605238945765421e+01
4.357369710808320029e+00	1.748659313439164009e+01	-1.254115366326314263e+00	-3.881994741839397278e+01
4.363659348967174445e+00	1.750933093841346988e+01	-1.211395146569310910e+00	-3.922192173475445998e+01
4.369947418280990981e+00	1.758720949344568396e+01	-1.210302958425000686e+00	-3.951812917074632026e+01
4.376226569265827315e+00	1.767544690484924175e+01	-1.202168618180728732e+00	-3.983923773465114948e+01
4.382499356631129217e+00	1.771586060201927637e+01	-1.075944935199541153e+00	-4.035061962878221919e+01
4.388784975178015024e+00	1.784138933771550128e+01	-1.130391295971904242e+00	-4.065431714579707290e+01
4.395068696309480494e+00	1.785261269931936567e+01	-1.052930816825687454e+00	-4.114472963553438944e+01
4.401347962382031298e+00	1.796560049329790942e+01	-1.161698517654652818e+00	-4.121939508722056189e+01
4.407628405096517099e+00	1.800887070144515079e+01	-1.080978796284994381e+00	-4.172595701593037631e+01
4.413915862185140426e+00	1.803126664510400445e+01	-1.108896026038642457e+00	-4.195163333740486422e+01
4.420203163534264235e+00	1.814425146216564499e+01	-1.078973611419071110e+00	-4.231477344528695284e+01
4.426480311003382795e+00	1.809445849509976512e+01	-9.232884004512788012e-01	-4.290244804075940976e+01
4.432765973643649104e+00	1.829712230667798778e+01	-1.091049841336037218e+00	-4.291638184844018866e+01
4.439053392023870614e+00	1.819958235353421117e+01	-8.870513840674169037e-01	-4.357328790280813990e+01
4.445336141335588742e+00	1.837352485787573997e+01	-9.309382400117484080e-01	-4.396327598398615066e+01
4.451617241414883352e+00	1.834073322740852774e+01	-8.507810894823982784e-01	-4.437464422535602182e+01
4.457901500730311106e+00	1.837230324216165300e+01	-7.775009256984680706e-01	-4.482277945787999585e+01
4.464189501093017043e+00	1.852174353573489896e+01	-8.339151339449871747e-01	-4.516633087006592007e+01
4.470470197548729985e+00	1.851146601762510358e+01	-7.196119380417043132e-01	-4.584167014805237272e+01
4.476748044268524573e+00	1.865650766894097501e+01	-7.945482062140883928e-01	-4.599713130243512182e+01
4.483035990164653484e+00	1.859224179306704983e+01	-6.850023475150596175e-01	-4.655639035248868396e+01
4.489323331650528104e+00	1.863680349141536752e+01	-6.418621302905924697e-01	-4.694698089621711290e+01
4.495599111667934800e+00	1.867003927382563333e+01	-5.775851786743807503e-01	-4.748252566994649726e+01
4.501870922878794090e+00	1.868749027521840134e+01	-4.773213886046331345e-01	-4.804243528587031165e+01
4.508155162877705457e+00	1.875709826959662863e+01	-5.120961121850390318e-01	-4.833664053080705258e+01
4.514446451153479423e+00	1.871685793611633031e+01	-4.097241184586540297e-01	-4.898114419710000078e+01
4.520723894043856994e+00	1.873882744506672537e+01	-3.822899670361861735e-01	-4.923445244421729683e+01
4.527003782460155890e+00	1.874953645071058972e+01	-2.960066729667361618e-01	-4.996569426395114277e+01
4.533293086610313161e+00	1.863745931238367248e+01	-2.506749049944049790e-01	-5.009934454265090409e+01
4.539578989864040182e+00	1.873874719647960418e+01	-2.047365176740236770e-01	-5.083920857533500737e+01
4.545857164866476730e+00	1.867978573935020137e+01	-1.417199774859342898e-01	-5.124540837783678882e+01
4.552138955546025656e+00	1.866199891138250067e+01	-3.141980512712245349e-02	-5.183549266743875705e+01
4.558432046889146605e+00	1.868425255983507682e+01	2.706193340885008902e-02	-5.237404639903124348e+01
4.564713463378488711e+00	1.867817534811439373e+01	1.740163724084479308e-02	-5.265452676306931323e+01
4.570987274133244682e+00	1.872812769330292326e+01	9.598680895291695006e-03	-5.312080095023755177e+01
4.577274818151045643e+00	1.876436002842787332e+01	-7.684820976312468563e-03	-5.345040870955303802e+01
4.583563263889338657e+00	1.879305523388884325e+01	4.761869987919151864e-02	-5.397102368597577993e+01
4.589844917004465508e+00	1.883468823528329139e+01	3.845309613693481676e-02	-5.427128987985129527e+01
4.596126259982004747e+00	1.891861382395924807e+01	1.247513396275586467e-01	-5.494273364472751098e+01
4.602409075598298926e+00	1.894127680751379827e+01	3.241411854290057563e-03	-5.511732437088458880e+01
4.608696634867644804e+00	1.893145762868767434e+01	5.882483286983257453e-02	-5.535428738631460988e+01
4.614977646498861219e+00	1.903013537305954728e+01	2.506921260596658985e-02	-5.589874826537694474e+01
4.621258953029527383e+00	1.910939594083412629e+01	7.539152798215911777e-02	-5.642394289167505406e+01
4.627547993978874175e+00	1.907630381023182053e+01	3.828674409255063138e-02	-5.648774328074583906e+01
4.633830152730579854e+00	1.924826816239508531e+01	-3.474530567394829017e-02	-5.711756118455366504e+01
4.640104005367354567e+00	1.919817051594637647e+01	4.929226939572761701e-02	-5.724922934615058523e+01
4.646382060386754276e+00	1.924495050114545691e+01	1.012907461168317674e-01	-5.773579924206162417e+01
4.652674213731970987e+00	1.937893145453937294e+01	8.781908266991324263e-02	-5.834522633860991903e+01
4.658958291796220230e+00	1.941038750118098122e+01	4.342858321389555382e-02	-5.850613182897704689e+01
4.665233615070169648e+00	1.953146431434071673e+01	1.377993673553283560e-01	-5.921797964820439830e+01
4.671520675710307380e+00	1.958806364116705723e+01	5.408689386753773309e-02	-5.948565696075461773e+01
4.677814351732177300e+00	1.964309511026636201e+01	3.386920604237458193e-02	-5.981733457255851505e+01
4.684093699744638073e+00	1.967951421074946694e+01	3.665590018645312198e-02	-6.011699111157459896e+01
4.690368661472568590e+00	1.980347381035683441e+01	9.421696172290917881e-02	-6.075944965186932478e+01
4.696663270746453733e+00	1.991090959327467047e+01	5.874061888052160146e-02	-6.123481363143167044e+01
4.702945459248681459e+00	1.989226290157435884e+01	2.729461350715818233e-02	-6.130342199798477765e+01
4.709209170841929470e+00	2.003796238447581857e+01	5.394300352735562076e-02	-6.195835845563983213e+01
4.715491634753063543e+00	2.002747677878890187e+01	4.138589342925431958e-02	-6.208330638761464826e+01
4.721784316284933780e+00	2.017283720134302172e+01	5.329640105379211679e-02	-6.272899354248960435e+01
4.728063062331094635e+00	2.023448128955136838e+01	6.741969908724185223e-02	-6.309023897759405486e+01
4.734337423381671073e+00	2.027228567766413647e+01	9.345393823291972546e-02	-6.341807680053616281e+01
4.740627024094544062e+00	2.033942670197298597e+01	8.583533468475672279e-02	-6.381701434577084342e+01
4.746914995664547554e+00	2.048968977095988109e+01	3.634709366238522005e-02	-6.435592299049052656e+01
4.753194740071086777e+00	2.062649329054427838e+01	2.072944485233161813e-02	-6.494634181460183697e+01
4.759478891864783456e+00	2.068489578029092968e+01	3.113031639656242688e-02	-6.528262142789114364e+01
4.765762396877359031e+00	2.069573104629433402e+01	2.794585515360449232e-02	-6.548258061050725587e+01
4.772049481246195768e+00	2.086161114616821877e+01	-5.791130801722385590e-02	-6.604731714786638008e+01
4.778335091022592351e+00	2.096237492094063271e+01	3.142316082240699526e-02	-6.662754755238606208e+01
4.784610831402393849e+00	2.100145359932531264e+01	3.878486027526348995e-02	-6.691576351594061123e+01
4.790907306208476157e+00	2.101438137859868505e+01	4.634861245023813581e-02	-6.713742568628967433e+01
4.797204047706418173e+00	2.118162450082240511e+01	5.821308166124861821e-02	-6.775293704597069677e+01
4.803470827697504220e+00	2.133913603967631190e+01	5.745447795975273247e-02	-6.845401950544278691e+01
4.809748850577324042e+00	2.137494491360570947e+01	5.745152115732950204e-02	-6.870953093983786175e+01
4.816045316586602176e+00	2.157207465806090951e+01	5.934482450064935272e-02	-6.947854712415150402e+01
4.822329240673497885e+00	2.161334605002885922e+01	2.933798098147082783e-02	-6.971175815375163154e+01
4.828596758226470165e+00	2.171401007712676190e+01	5.719674713980062858e-02	-7.017049304692005762e+01
4.834890332961369275e+00	2.183153579761503593e+01	6.996292928095759756e-02	-7.072372631927611053e+01
4.841191655056394261e+00	2.191908998031454558e+01	3.775618906424035338e-03	-7.107056553796572018e+01
4.847460407468000554e+00	2.200731868112718814e+01	4.648620504742641268e-02	-7.154296001361299773e+01
4.853732128521334843e+00	2.217351695340263262e+01	2.422273184696255299e-02	-7.215721953692151658e+01
4.860029138783373170e+00	2.221310986152390754e+01	3.199818392553174795e-02	-7.248528535633280967e+01
4.866314601732018019e+00	2.231998910574944261e+01	1.039462953924186542e-02	-7.291272431834306644e+01
4.872587026269203925e+00	2.253172859794711513e+01	5.840085546655796045e-02	-7.374283744641566329e+01
4.878874221748241702e+00	2.257323371213811924e+01	3.433567203111911187e-02	-7.400240999302717171e+01
4.885171078138658807e+00	2.272038511721582310e+01	5.465724221399795996e-02	-7.463015485938289828e+01
4.891450629931857641e+00	2.289842816993758490e+01	-8.272315237770201668e-03	-7.523158544246450674e+01
4.897716482750221978e+00	2.299755376017307285e+01	4.227702814399200010e-02	-7.571325135338668133e+01
4.904002834596266069e+00	2.308091313770592024e+01	2.654706909157395628e-02	-7.615025471447519578e+01
4.910295858205786068e+00	2.325749747823192237e+01	4.094496852170158990e-02	-7.684788330516752808e+01
4.916575188115905881e+00	2.344531639684914381e+01	1.026464227691612753e-05	-7.749816999789997851e+01
4.922847946197084212e+00	2.353986739099511993e+01	5.561056670186435152e-02	-7.803278347030865802e+01
4.929131667457151700e+00	2.370799955102658885e+01	-3.589372475297743920e-02	-7.857464963422091841e+01
4.935434460144239033e+00	2.379113222299997332e+01	8.990239854630132851e-03	-7.899439298010621258e+01
4.941718513303545279e+00	2.386874404544721884e+01	2.670261371553974555e-02	-7.938583308671360328e+01
4.947978624761803168e+00	2.393913607103122487e+01	4.543776952110073486e-02	-7.977701375865126465e+01
4.954274999209829389e+00	2.413757752296369219e+01	6.487100325399100531e-02	-8.053917554151389879e+01
4.960571094729937514e+00	2.452843505418573855e+01	3.112174992435259510e-02	-8.191971894753558558e+01
4.966823207626954506e+00	2.466246394895251015e+01	-8.875104482972505371e-02	-8.232449570737252031e+01
4.973097418390337587e+00	2.472274885280304701e+01	2.625976479523131971e-02	-8.276638714875595326e+01
4.979415129936382023e+00	2.489306749689928466e+01	-3.225539282020037368e-02	-8.334212557557982848e+01
4.985702082330368157e+00	2.492051276796642156e+01	-3.220974925415409813e-03	-8.358445952916456179e+01
4.991949985828016523e+00	2.518283108343699084e+01	2.327169550553903621e-02	-8.457495350646649968e+01
4.998241586316924057e+00	2.533184926613113674e+01	4.180676120590179345e-02	-8.521853451498537879e+01
5.004556635606089543e+00	2.542564812799165708e+01	-1.419031856831688004e-02	-8.557235150629533393e+01
5.010828655701208945e+00	2.559332037631196144e+01	9.022867357793210377e-03	-8.624004594536351931e+01
5.017077229702536556e+00	2.583210751867631316e+01	-1.272009527757143703e-02	-8.710428027632656267e+01
5.023374414758113637e+00	2.585635723815288500e+01	6.034285865867113595e-03	-8.730992313301393892e+01
5.029688873569548413e+00	2.616469887919216220e+01	-5.169170754372376386e-02	-8.839615833969651248e+01
5.035958413584124216e+00	2.622421109043678555e+01	1.063248412420321476e-02	-8.870926481297162525e+01
5.042232667658486989e+00	2.664996424562182042e+01	-7.725814193780176919e-02	-9.018374662492588811e+01
5.048528755870775875e+00	2.667210700225574627e+01	5.185603821027014171e-02	-9.049467111778162121e+01
5.054821121427484520e+00	2.694563550367113081e+01	-1.296761216135927826e-02	-9.142043319022562287e+01
5.061069509814582368e+00	2.722817583890452653e+01	2.462373954039558804e-02	-9.249311467308147883e+01
5.067347812754101177e+00	2.712909473496360135e+01	-3.453016175383573166e-04	-9.220362290098250924e+01
5.073675050630431116e+00	2.750259365924872412e+01	3.924248105652913127e-02	-9.362762894835897498e+01
5.079945928388977627e+00	2.769756958651560552e+01	5.096565137079709512e-03	-9.429991002291011171e+01
5.086192992546071601e+00	2.805152553397417847e+01	-1.104216587924981320e-02	-9.555915456567510091e+01
5.092484128970163226e+00	2.826285542278317209e+01	7.255974567726221347e-02	-9.650922052647810290e+01
5.098802924706086870e+00	2.824615537590783632e+01	-3.636927879372563871e-02	-9.638274789725517167e+01
5.105078217426394005e+00	2.860240124496685254e+01	2.761664685815604439e-02	-9.771871055291961738e+01
5.111325076574067872e+00	2.865639642649430741e+01	3.330252876216725083e-02	-9.800364943494271586e+01
5.117628358851224135e+00	2.894243483654834037e+01	5.438593537738417409e-03	-9.903482349646917271e+01
5.123935939383525984e+00	2.940148968414094810e+01	4.702975134442360233e-02	-1.007242867207945665e+02
5.130199176325612065e+00	2.966294324601806309e+01	-6.170528909333152651e-02	-1.015535266619450283e+02
5.136469985878846956e+00	2.974138040196175936e+01	1.917248319870811998e-02	-1.020057942205513939e+02
5.142797788696348071e+00	3.012022321826376370e+01	5.508496912220155195e-02	-1.034115174870009355e+02
5.149090378043822192e+00	3.038181721397550206e+01	-6.396970001877676226e-02	-1.042485630600206150e+02
5.155289879840074363e+00	3.072584732344608938e+01	4.519067780407256055e-03	-1.055442206039561057e+02
5.161564521234301317e+00	3.069234136710682748e+01	-3.446612944918684557e-02	-1.054943665010580105e+02
5.167916673496016244e+00	3.097022706657060453e+01	-1.366934730190340515e-02	-1.065419654741150595e+02
5.174205974602950064e+00	3.117641833535735074e+01	3.113622735747792469e-03	-1.073156304248042261e+02
5.180434820793812456e+00	3.124325448547949335e+01	2.791509325678085546e-02	-1.076337745738896103e+02
5.186729096569634656e+00	3.168876836655719842e+01	-1.811236278115080421e-04	-1.092185824314048546e+02
5.193058481037780894e+00	3.206061940161159640e+01	-7.757943554152885168e-02	-1.104704160625391580e+02
5.199319511444338460e+00	3.220778659565927171e+01	4.917261848797438439e-02	-1.111604813656972226e+02
5.205574295584361799e+00	3.286521865529598330e+01	5.017723658182234731e-02	-1.135144367334649189e+02
5.211894977074066126e+00	3.265064277337550180e+01	-7.175569945052366790e-03	-1.127950560074665987e+02
5.218201708336958511e+00	3.316316757664083781e+01	2.752326536460705970e-03	-1.146046181558989332e+02
5.224411911780083351e+00	3.368346186392846420e+01	5.058377942779210962e-02	-1.165038917359342179e+02
5.230677632666463239e+00	3.361794279241044592e+01	1.060065306057861589e-01	-1.164224113108237049e+02
5.237056729559757429e+00	3.430094808586422772e+01	-2.215922280057143479e-02	-1.186999434333875882e+02
5.243336785035660697e+00	3.424571308240861356e+01	2.510297110033914494e-02	-1.186061391138373722e+02
5.249493476178225038e+00	3.481856192400510253e+01	2.477414253656549242e-02	-1.206278135801882598e+02
5.255787017738318134e+00	3.521196581782870538e+01	3.202327629934154356e-03	-1.220705604630889525e+02
5.262205327426889845e+00	3.549784217498261540e+01	5.780494854395304243e-03	-1.230978915523451604e+02
5.268477758348532269e+00	3.587700760088211638e+01	-5.522541291784989481e-02	-1.243844467812478598e+02
5.274632213654732560e+00	3.635257082835105535e+01	2.798043941502306037e-02	-1.261615232058767617e+02
5.280950543314659740e+00	3.626750913562433709e+01	3.636902568794340984e-02	-1.259582679429856995e+02
5.287327645024750389e+00	3.654713742516079122e+01	-5.252016769940350688e-02	-1.268620155821777473e+02
5.293582359180156516e+00	3.738835849302468972e+01	5.606078659203654613e-02	-1.299093536918214795e+02
5.299789992649893478e+00	3.762281864079017168e+01	-1.617358788779184320e-02	-1.307229066545123715e+02
5.306111460381987222e+00	3.716581704968438515e+01	3.154461468224145637e-02	-1.292583402726447162e+02
5.312452717892129250e+00	3.889160444929267868e+01	-3.391358176661582458e-02	-1.352208615875711359e+02
5.318650122853046724e+00	3.848127785795107769e+01	2.362061528689432532e-02	-1.338736974570156519e+02
5.324923043129819789e+00	3.902772962237315113e+01	-1.032187229438165932e-01	-1.357305537153146702e+02
5.331330237158205421e+00	3.986632188417091527e+01	-2.516726466169615442e-02	-1.387649429914965253e+02
5.337586726886338617e+00	3.943860671973762067e+01	-1.153688858055320655e-02	-1.373052841642474391e+02
5.343685192440848830e+00	4.005737940211933079e+01	-4.832691777499242836e-02	-1.394376740888836537e+02
5.350070659715249199e+00	4.077934238574304970e+01	-1.355621054960800057e-02	-1.420976357819190810e+02
5.356556762554878226e+00	4.115396076376576673e+01	8.293351893261963204e-02	-1.435187943161079147e+02
5.362691868684501095e+00	4.171554699947808587e+01	-7.752768326745357319e-02	-1.453158574350795220e+02
5.368769208912516966e+00	4.214918492345422152e+01	-5.054770503492407585e-03	-1.469384972837471821e+02
5.375270137997677722e+00	4.263195651691400911e+01	-2.976376186709310187e-02	-1.486951774217438071e+02
5.381769983045385786e+00	4.289891435245382212e+01	3.531340790154297721e-02	-1.497029393169900686e+02
5.387701030372958222e+00	4.388288243808904809e+01	-8.179093026873693328e-02	-1.530097345499396511e+02
5.393786668001271600e+00	4.416098163959786405e+01	-8.269537042923721937e-02	-1.540203625518160209e+02
5.400446161099396569e+00	4.345350031143643577e+01	-4.852581192944147026e-02	-1.516714503614481657e+02
5.406957063684501463e+00	4.415293851805918024e+01	-1.449457183005866540e-02	-1.541598850812876549e+02
5.412655672453426270e+00	4.553056362048666017e+01	-4.627041655899989669e-02	-1.589027330302860435e+02
5.418821279260546575e+00	4.530633298767472894e+01	-6.645225095891446609e-02	-1.581741992910532417e+02
5.425690594366304076e+00	4.634477291025682888e+01	-5.676402816261590101e-02	-1.618601553982765324e+02
5.432217487502165376e+00	4.715756882238882497e+01	1.036080545923520439e-02	-1.647863499393406812e+02
5.437649811577258241e+00	4.775776488909485806e+01	7.743251750196392461e-03	-1.668486311447501862e+02
5.443914404015878006e+00	4.861887237587846045e+01	1.367346647263963447e-02	-1.699476006026601738e+02
5.450953501686320202e+00	4.703770112144973581e+01	-3.733529923049076077e-02	-1.644007061955480822e+02
5.457483690405861232e+00	4.972350792476292014e+01	1.787426784169086208e-02	-1.738617882257721874e+02
5.462715250135157241e+00	4.853631151529800292e+01	-5.949802089137830319e-02	-1.696054026359916236e+02
5.469033575551323523e+00	4.990062542042632288e+01	-9.767516936867717478e-03	-1.744851231129379983e+02
5.476177730420278778e+00	5.101871405954328509e+01	-5.395314214923965096e-02	-1.783764053479327742e+02
5.482708935702562236e+00	5.278765948702994848e+01	1.637384408610417785e-02	-1.846651415444676445e+02
5.487722405008360838e+00	5.028227348490043624e+01	5.303963924247561551e-02	-1.759128933382610001e+02
5.494194284996126498e+00	5.390653060831665044e+01	1.396773083805436140e-02	-1.885938438905056103e+02
5.501391471009256406e+00	5.172948300970305269e+01	-2.483871452206808800e-02	-1.809525727248354201e+02
5.507128202673079009e+00	5.353972210124705100e+01	1.062076027118841366e-02	-1.873364327361429105e+02
5.512278020050448646e+00	5.594960923425571764e+01	8.709082166983671269e-02	-1.958490620439970371e+02
5.519395563377015534e+00	4.959712627391846951e+01	-5.130051641495976533e-02	-1.734984097716555027e+02
5.526598678609708770e+00	5.364988633275223151e+01	-2.172726526986157227e-03	-1.877428218908238478e+02
5.532162682462509196e+00	5.774634006897488092e+01	2.541594513634337638e-02	-2.021120590783161504e+02
5.537397124017139127e+00	5.800848257803953345e+01	1.723526661738819868e-02	-2.030268173457765783e+02
5.544582756485218589e+00	5.361916303141658346e+01	7.817372042205147529e-04	-1.876556523796214151e+02
5.551739327507637434e+00	5.522121125211493364e+01	8.486123149762815621e-02	-1.933515317404749112e+02
5.557493306674907707e+00	7.158192918277082128e+01	3.737412925477991144e-02	-2.505678214687514469e+02
5.562281709102816940e+00	5.660332154435921836e+01	1.764746283461202103e-02	-1.981274753839796290e+02
5.569272720323164449e+00	7.434503483543971925e+01	-3.508065620641641347e-02	-2.601721803614282180e+02
